Please hold the phone in your left hand and type with your left thumb
t	1647016	(584, 263)	[(36, 702, 792), (36, 684, 792), (36, 684, 810), (54, 684, 810), (36, 684, 792), (36, 684, 810), (36, 702, 828), (36, 702, 792), (36, 684, 792), (36, 684, 810), (18, 666, 810), (36, 684, 792), (54, 684, 810), (54, 684, 828), (36, 684, 846), (54, 684, 828), (54, 702, 846), (54, 666, 828), (126, 702, 720), (72, 684, 756), (36, 720, 738), (0, 738, 810), (18, 702, 810), (36, 666, 810), (72, 702, 792)]	(9494, 11561, 9581, 10883, 11843, 13475, 4748, 7939, 5069, 7096, 6224, 6460, 4559, 8474, 7342, 9777, 12025, 19837, 14702, 9296, 16702, 14011, 12005, 1972)
h	1647885	(673, 180)	[(36, 720, 846), (54, 702, 792), (90, 684, 756), (90, 666, 792), (54, 702, 810), (36, 720, 828), (54, 684, 810), (54, 684, 792), (72, 684, 792), (54, 684, 810), (54, 684, 792), (18, 702, 810), (18, 684, 828), (54, 684, 774), (72, 666, 810), (72, 666, 828), (72, 684, 810), (72, 684, 864), (90, 702, 828), (54, 684, 774), (72, 702, 774), (36, 720, 774), (36, 702, 756), (18, 702, 810), (72, 666, 810)]	(9496, 11613, 9605, 10968, 11848, 13604, 4778, 8475, 5174, 7114, 6171, 6463, 4584, 8494, 7336, 9881, 12123, 19898, 14840, 9362, 16981, 14148, 12034, 1974)
e	1648502	(607, 343)	[(72, 666, 810), (108, 630, 792), (90, 666, 918), (90, 630, 864), (-18, 684, 900), (-54, 738, 846), (-36, 702, 810), (-54, 702, 756), (-54, 702, 684), (-36, 720, 684), (-36, 738, 702), (-36, 720, 792), (36, 684, 846), (54, 666, 828), (90, 648, 828), (54, 648, 846), (54, 684, 864), (36, 666, 846), (18, 720, 792), (36, 702, 702), (36, 702, 756), (18, 702, 738), (36, 666, 792), (36, 702, 864), (54, 684, 864)]	(9482, 11529, 9564, 10852, 11801, 13272, 4697, 8047, 4976, 7070, 6122, 6413, 4562, 8499, 7335, 9785, 12040, 19836, 14712, 9309, 16724, 14000, 12020, 1978)
n	1649621	(776, 143)	[(36, 684, 810), (36, 666, 864), (54, 666, 828), (54, 666, 756), (72, 684, 774), (72, 666, 810), (54, 684, 846), (54, 666, 828), (36, 702, 846), (54, 666, 810), (54, 648, 756), (36, 684, 792), (36, 684, 810), (36, 684, 828), (54, 666, 810), (54, 648, 864), (108, 666, 792), (90, 648, 774), (-36, 738, 810), (-36, 738, 900), (36, 684, 846), (72, 666, 738), (90, 666, 738), (72, 684, 810), (36, 702, 918)]	(9500, 11577, 9593, 10960, 11895, 13816, 4762, 8009, 5031, 7105, 6166, 6431, 4532, 8561, 7331, 9500, 12155, 19895, 14834, 9349, 17069, 14205, 12038, 1965)
 	1650232	(853, 228)	[(72, 684, 810), (36, 702, 918), (54, 684, 900), (54, 684, 810), (54, 702, 810), (54, 684, 792), (72, 684, 756), (54, 648, 810), (54, 666, 882), (36, 684, 828), (72, 684, 810), (72, 666, 792), (54, 666, 792), (54, 666, 774), (18, 666, 828), (36, 684, 828), (36, 684, 846), (72, 648, 828), (54, 666, 828), (72, 648, 846), (54, 666, 774), (54, 666, 756), (36, 648, 792), (18, 702, 936), (36, 684, 864)]	(9489, 11510, 9564, 10835, 11842, 13432, 4627, 7718, 4827, 7071, 5992, 6325, 4489, 8540, 7313, 9274, 12102, 19849, 14718, 9323, 16962, 14140, 12018, 1976)
t	1650899	(583, 278)	[(54, 684, 792), (36, 684, 846), (54, 666, 864), (90, 648, 846), (72, 630, 864), (72, 648, 846), (72, 684, 846), (54, 684, 846), (72, 684, 774), (90, 684, 756), (72, 666, 810), (36, 666, 828), (72, 684, 846), (72, 684, 864), (54, 684, 810), (108, 648, 774), (72, 648, 792), (90, 666, 810), (36, 720, 792), (18, 702, 900), (72, 666, 774), (72, 648, 828), (72, 648, 828), (72, 684, 846), (90, 684, 774)]	(9500, 11541, 9593, 10849, 11915, 13785, 4785, 7942, 4928, 7132, 6253, 6513, 4541, 8792, 7344, 9512, 12170, 19838, 14746, 9305, 16787, 14059, 12015, 1977)
h	1651261	(690, 169)	[(72, 684, 846), (72, 684, 864), (54, 684, 810), (108, 648, 774), (72, 648, 792), (90, 666, 810), (36, 720, 792), (18, 702, 900), (72, 666, 774), (72, 648, 828), (72, 648, 828), (72, 684, 846), (90, 684, 774), (72, 648, 846), (18, 684, 864), (36, 684, 864), (90, 666, 774), (54, 666, 792), (72, 702, 828), (54, 684, 810), (54, 666, 846), (36, 666, 810), (72, 666, 756), (54, 666, 810), (54, 666, 828)]	(9501, 11576, 9590, 10897, 11881, 13716, 4712, 8119, 4876, 7109, 6097, 6427, 4507, 8695, 7332, 9430, 12190, 19859, 14803, 9330, 16971, 14139, 12022, 1974)
e	1651808	(588, 360)	[(54, 666, 846), (36, 666, 810), (72, 666, 756), (54, 666, 810), (54, 666, 828), (54, 684, 828), (36, 666, 792), (36, 684, 774), (36, 684, 846), (36, 684, 882), (36, 666, 828), (54, 666, 810), (54, 684, 756), (54, 666, 774), (36, 666, 846), (36, 666, 900), (54, 666, 846), (72, 684, 756), (72, 666, 756), (54, 684, 810), (36, 702, 828), (54, 684, 810), (54, 666, 828), (36, 666, 774), (36, 684, 792)]	(9497, 11523, 9595, 10859, 11921, 13895, 4836, 8014, 4974, 7148, 6289, 6538, 4547, 8883, 7347, 9641, 12190, 19844, 14791, 9303, 16763, 14031, 12011, 1966)
r	1652173	(601, 274)	[(54, 666, 810), (54, 684, 756), (54, 666, 774), (36, 666, 846), (36, 666, 900), (54, 666, 846), (72, 684, 756), (72, 666, 756), (54, 684, 810), (36, 702, 828), (54, 684, 810), (54, 666, 828), (36, 666, 774), (36, 684, 792), (36, 684, 792), (72, 666, 882), (72, 648, 828), (72, 666, 792), (54, 684, 792), (18, 702, 792), (36, 684, 810), (36, 684, 828), (54, 666, 864), (90, 648, 810), (54, 666, 774)]	(9495, 11551, 9595, 10901, 11900, 13841, 4766, 8057, 4952, 7133, 6201, 6487, 4566, 8891, 7355, 9657, 12237, 19864, 14826, 9340, 16885, 14089, 12013, 1981)
e	1652519	(591, 335)	[(54, 666, 828), (36, 666, 774), (36, 684, 792), (36, 684, 792), (72, 666, 882), (72, 648, 828), (72, 666, 792), (54, 684, 792), (18, 702, 792), (36, 684, 810), (36, 684, 828), (54, 666, 864), (90, 648, 810), (54, 666, 774), (54, 666, 810), (36, 648, 792), (18, 684, 864), (72, 684, 828), (18, 666, 828), (54, 666, 792), (54, 666, 792), (18, 684, 810), (36, 666, 846), (54, 684, 774), (54, 648, 828)]	(9497, 11490, 9567, 10832, 11869, 13658, 4709, 7730, 4787, 7100, 6104, 6404, 4526, 8760, 7335, 9510, 12140, 19819, 14751, 9298, 16751, 14032, 12004, 1980)
 	1653182	(853, 250)	[(36, 666, 810), (36, 684, 846), (36, 684, 774), (36, 666, 774), (54, 666, 810), (36, 666, 846), (18, 702, 846), (36, 684, 864), (36, 648, 846), (36, 666, 828), (54, 666, 864), (36, 666, 828), (54, 684, 792), (54, 684, 720), (18, 702, 756), (54, 684, 792), (36, 666, 792), (36, 684, 864), (54, 666, 864), (90, 666, 810), (36, 684, 828), (54, 648, 828), (90, 630, 810), (54, 648, 864), (18, 702, 864)]	(9503, 11505, 9604, 10883, 11931, 13917, 4714, 7871, 4837, 7131, 6119, 6407, 4505, 8854, 7335, 9258, 12205, 19862, 14753, 9325, 16989, 14133, 12026, 1977)
i	1653844	(602, 137)	[(54, 702, 756), (54, 684, 846), (18, 684, 828), (54, 702, 792), (36, 684, 846), (90, 684, 810), (72, 684, 774), (54, 702, 810), (90, 684, 828), (72, 684, 720), (54, 702, 774), (54, 720, 810), (36, 720, 864), (54, 702, 828), (90, 684, 756), (90, 702, 756), (90, 702, 810), (90, 684, 810), (72, 684, 792), (36, 720, 828), (54, 720, 828), (54, 720, 756), (72, 684, 720), (36, 684, 810), (54, 738, 792)]	(9508, 11598, 9605, 10976, 11890, 13538, 4682, 8742, 4891, 7123, 6065, 6458, 4554, 9143, 7370, 9370, 12455, 19893, 15222, 9359, 17061, 14186, 12035, 1977)
s	1655129	(671, 401)	[(18, 630, 846), (36, 630, 792), (18, 648, 810), (18, 648, 864), (36, 612, 882), (18, 648, 846), (0, 630, 882), (36, 630, 846), (54, 630, 828), (36, 630, 828), (18, 648, 828), (18, 648, 864), (54, 630, 846), (18, 612, 792), (18, 648, 882), (72, 630, 864), (36, 630, 882), (18, 648, 864), (54, 612, 864), (18, 630, 828), (54, 648, 810), (36, 630, 846), (0, 630, 900), (18, 648, 846), (18, 648, 828)]	(9500, 11454, 9614, 10736, 11879, 13782, 4744, 8220, 4809, 7118, 6190, 6446, 4524, 8734, 7339, 9664, 12094, 19821, 14721, 9305, 16726, 14017, 12002, 1975)
 	1656096	(852, 249)	[(18, 630, 900), (36, 630, 828), (36, 630, 846), (18, 648, 828), (54, 630, 882), (54, 612, 900), (54, 630, 882), (36, 630, 846), (36, 648, 810), (36, 630, 774), (18, 630, 828), (-36, 648, 882), (36, 630, 846), (36, 648, 810), (36, 630, 810), (54, 612, 882), (54, 648, 864), (-36, 630, 900), (72, 630, 828), (36, 630, 738), (18, 648, 828), (-36, 666, 810), (36, 648, 846), (54, 630, 900), (72, 612, 864)]	(9499, 11486, 9612, 10836, 11883, 13672, 4646, 8261, 4752, 7105, 6050, 6358, 4529, 8846, 7345, 9414, 12248, 19865, 14768, 9345, 16994, 14135, 12027, 1975)
a	1657681	(658, 453)	[(72, 558, 900), (72, 576, 846), (36, 576, 846), (0, 594, 882), (-36, 594, 864), (-36, 612, 864), (-36, 612, 864), (18, 612, 882), (36, 612, 918), (0, 558, 918), (36, 594, 846), (0, 594, 882), (0, 594, 864), (-36, 612, 846), (0, 630, 864), (-18, 612, 900), (18, 594, 864), (36, 576, 828), (-18, 612, 936), (18, 612, 900), (18, 594, 882), (18, 594, 828), (0, 612, 828), (0, 594, 900), (-18, 612, 864)]	(9500, 11456, 9574, 10775, 11814, 13143, 4631, 8684, 4703, 7078, 6027, 6384, 4532, 8875, 7350, 9657, 12217, 19833, 14720, 9326, 16761, 14050, 12001, 1966)
d	1658291	(675, 317)	[(0, 594, 900), (-18, 612, 864), (-36, 594, 882), (-36, 612, 864), (18, 594, 900), (0, 612, 882), (36, 594, 864), (18, 594, 810), (-18, 630, 864), (0, 630, 846), (0, 630, 882), (18, 594, 900), (18, 612, 846), (18, 594, 846), (0, 612, 900), (36, 612, 882), (18, 630, 918), (36, 648, 864), (18, 612, 792), (36, 630, 810), (36, 630, 846), (18, 630, 864), (18, 612, 882), (0, 630, 882), (18, 612, 864)]	(9501, 11504, 9598, 10865, 11878, 13603, 4687, 8763, 4820, 7104, 6087, 6427, 4526, 8858, 7357, 9535, 12271, 19872, 14875, 9345, 16933, 14111, 12010, 1978)
o	1659055	(589, 81)	[(36, 648, 738), (18, 702, 792), (-18, 702, 846), (18, 684, 792), (18, 666, 828), (36, 666, 774), (54, 666, 810), (54, 666, 810), (72, 666, 828), (90, 648, 846), (90, 630, 846), (54, 630, 846), (36, 684, 882), (108, 648, 810), (36, 630, 864), (36, 666, 864), (18, 666, 900), (36, 666, 828), (36, 648, 828), (54, 666, 792), (36, 666, 792), (18, 648, 846), (0, 684, 846), (18, 648, 864), (72, 630, 810)]	(9506, 11683, 9582, 11205, 11864, 13168, 4693, 8197, 4927, 7096, 5960, 6388, 4541, 9097, 7364, 9365, 12535, 19917, 15850, 9380, 17183, 14218, 12035, 1972)
p	1660345	(582, 17)	[(72, 648, 846), (90, 630, 810), (72, 630, 846), (72, 648, 828), (72, 648, 846), (90, 648, 846), (90, 648, 846), (72, 684, 828), (90, 666, 828), (90, 666, 828), (90, 684, 792), (108, 684, 756), (72, 684, 792), (54, 684, 828), (108, 684, 774), (108, 684, 792), (90, 684, 810), (126, 666, 864), (126, 684, 810), (90, 684, 774), (54, 738, 756), (72, 720, 792), (72, 720, 756), (54, 720, 702), (72, 702, 738)]	(9509, 11876, 9599, 11399, 11819, 12741, 4714, 8262, 5025, 7081, 5896, 6363, 4558, 8816, 7350, 9343, 12543, 19964, 16689, 9386, 17265, 14215, 12040, 1977)
t	1661160	(594, 266)	[(54, 666, 810), (72, 630, 864), (126, 594, 846), (90, 594, 864), (90, 612, 882), (90, 576, 882), (0, 738, 756), (18, 738, 882), (54, 648, 936), (72, 648, 774), (72, 630, 720), (54, 648, 774), (36, 684, 828), (54, 666, 846), (72, 630, 864), (72, 630, 846), (90, 648, 792), (54, 666, 900), (36, 648, 864), (36, 666, 828), (72, 648, 828), (72, 648, 828), (72, 612, 828), (36, 666, 864), (36, 630, 900)]	(9510, 11671, 9661, 11163, 12003, 13809, 4915, 7947, 5263, 7170, 6295, 6543, 4584, 9267, 7378, 9526, 12470, 19903, 15205, 9362, 17003, 14117, 12029, 1988)
i	1661773	(591, 116)	[(36, 666, 864), (36, 630, 900), (72, 648, 828), (18, 684, 846), (36, 666, 882), (90, 666, 828), (72, 630, 810), (72, 648, 810), (90, 666, 792), (54, 684, 828), (72, 648, 900), (72, 648, 828), (90, 648, 774), (36, 648, 828), (72, 666, 864), (90, 648, 828), (108, 630, 810), (36, 684, 846), (90, 666, 828), (90, 648, 846), (54, 648, 846), (54, 684, 828), (90, 630, 828), (90, 648, 774), (72, 648, 828)]	(9508, 11725, 9638, 11272, 11950, 13534, 4730, 7869, 4996, 7126, 6073, 6409, 4537, 9132, 7361, 9233, 12555, 19919, 15724, 9372, 17170, 14185, 12032, 1956)
o	1662117	(578, 55)	[(90, 648, 774), (36, 648, 828), (72, 666, 864), (90, 648, 828), (108, 630, 810), (36, 684, 846), (90, 666, 828), (90, 648, 846), (54, 648, 846), (54, 684, 828), (90, 630, 828), (90, 648, 774), (72, 648, 828), (90, 648, 864), (54, 684, 846), (90, 630, 810), (54, 684, 864), (18, 684, 864), (108, 666, 756), (126, 648, 774), (72, 684, 792), (54, 702, 828), (72, 684, 810), (72, 684, 774), (108, 666, 810)]	(9510, 11776, 9615, 11376, 11889, 13235, 4711, 7919, 4988, 7102, 5995, 6382, 4550, 9194, 7376, 9267, 12715, 19951, 16430, 9396, 17247, 14226, 12041, 1982)
n	1663082	(737, 146)	[(54, 630, 810), (36, 648, 936), (18, 648, 936), (0, 666, 846), (90, 648, 756), (54, 648, 756), (90, 630, 846), (90, 612, 900), (72, 630, 882), (126, 612, 846), (90, 630, 864), (72, 648, 810), (54, 666, 810), (54, 648, 828), (90, 630, 828), (90, 648, 792), (90, 648, 864), (108, 666, 864), (108, 648, 774), (72, 648, 810), (54, 666, 810), (72, 684, 756), (54, 666, 774), (90, 666, 774), (90, 630, 882)]	(9498, 11511, 9621, 11062, 11945, 13501, 4674, 7582, 4835, 7117, 6047, 6370, 4485, 9007, 7345, 8974, 12463, 19874, 14888, 9341, 17058, 14162, 12029, 1976)
 	1663917	(853, 247)	[(72, 594, 846), (18, 630, 864), (54, 630, 864), (36, 648, 828), (36, 612, 846), (54, 612, 882), (72, 612, 864), (72, 612, 864), (54, 612, 882), (90, 594, 846), (72, 612, 864), (36, 612, 864), (36, 630, 846), (54, 612, 882), (72, 612, 864), (54, 612, 846), (72, 594, 810), (90, 648, 810), (36, 630, 864), (54, 612, 936), (90, 612, 828), (108, 594, 810), (90, 594, 792), (54, 612, 864), (72, 630, 864)]	(9501, 11518, 9632, 10959, 11982, 13683, 4740, 7532, 4838, 7123, 6167, 6399, 4486, 9015, 7356, 9020, 12412, 19850, 14735, 9334, 16986, 14126, 12021, 1962)
s	1664682	(666, 382)	[(18, 594, 900), (90, 558, 900), (54, 594, 882), (54, 594, 900), (54, 594, 900), (72, 576, 846), (108, 594, 810), (90, 576, 828), (90, 594, 882), (72, 576, 882), (36, 612, 918), (72, 612, 846), (90, 576, 846), (72, 594, 846), (72, 594, 900), (72, 594, 918), (90, 594, 864), (72, 612, 828), (90, 594, 810), (72, 612, 828), (90, 594, 864), (72, 576, 864), (36, 630, 900), (36, 612, 882), (72, 594, 828)]	(9500, 11383, 9620, 10864, 12005, 13680, 4848, 7750, 4996, 7165, 6269, 6483, 4521, 9304, 7366, 9174, 12463, 19819, 14659, 9289, 16694, 14005, 12012, 1976)
t	1665176	(603, 235)	[(90, 594, 810), (72, 612, 828), (90, 594, 864), (72, 576, 864), (36, 630, 900), (36, 612, 882), (72, 594, 828), (54, 612, 864), (54, 594, 846), (54, 594, 846), (54, 612, 846), (54, 630, 900), (72, 612, 882), (90, 576, 918), (90, 576, 846), (108, 594, 828), (72, 648, 828), (72, 612, 882), (72, 612, 846), (54, 594, 846), (90, 576, 864), (36, 576, 936), (72, 612, 918), (54, 594, 918), (126, 594, 792)]	(9515, 11621, 9694, 11307, 12092, 14082, 4969, 7920, 5147, 7223, 6338, 6558, 4566, 9479, 7388, 9304, 12644, 19899, 15165, 9374, 17059, 14153, 12038, 1980)
u	1666313	(586, 151)	[(90, 612, 828), (90, 612, 810), (72, 612, 882), (72, 630, 936), (108, 612, 846), (108, 594, 828), (54, 612, 828), (72, 648, 810), (54, 630, 900), (90, 612, 918), (126, 612, 846), (108, 630, 810), (54, 612, 828), (72, 630, 864), (90, 630, 864), (90, 612, 900), (90, 612, 846), (126, 648, 756), (72, 612, 828), (90, 630, 864), (90, 630, 846), (36, 630, 918), (72, 630, 900), (108, 594, 846), (90, 630, 810)]	(9504, 11689, 9654, 11331, 11985, 13760, 4772, 7768, 4874, 7142, 6133, 6416, 4505, 9202, 7365, 9143, 12553, 19900, 15528, 9365, 17153, 14168, 12032, 1973)
f	1667401	(672, 284)	[(108, 594, 792), (108, 594, 828), (126, 594, 846), (90, 612, 918), (108, 594, 882), (108, 612, 846), (108, 612, 810), (90, 594, 900), (90, 576, 864), (90, 612, 900), (108, 576, 900), (108, 576, 900), (108, 594, 810), (90, 612, 846), (108, 576, 846), (72, 630, 846), (72, 630, 864), (126, 576, 900), (108, 612, 882), (126, 594, 846), (108, 576, 864), (90, 594, 846), (72, 630, 846), (54, 630, 882), (90, 594, 864)]	(9513, 11592, 9649, 11268, 11978, 13605, 4805, 7921, 4950, 7166, 6195, 6488, 4542, 9514, 7391, 9248, 12659, 19882, 15079, 9363, 17029, 14135, 12033, 1971)
f	1667645	(666, 272)	[(90, 594, 900), (90, 576, 864), (90, 612, 900), (108, 576, 900), (108, 576, 900), (108, 594, 810), (90, 612, 846), (108, 576, 846), (72, 630, 846), (72, 630, 864), (126, 576, 900), (108, 612, 882), (126, 594, 846), (108, 576, 864), (90, 594, 846), (72, 630, 846), (54, 630, 882), (90, 594, 864), (126, 576, 864), (108, 576, 882), (72, 612, 846), (108, 594, 810), (54, 612, 918), (54, 630, 972), (126, 594, 900)]	(9514, 11607, 9649, 11297, 11974, 13650, 4819, 8075, 4965, 7162, 6181, 6473, 4580, 9566, 7400, 9418, 12709, 19900, 15187, 9396, 17122, 14178, 12017, 1979)
 	1669090	(852, 255)	[(90, 612, 864), (108, 612, 828), (90, 612, 882), (90, 594, 864), (108, 630, 792), (90, 612, 792), (72, 612, 846), (90, 576, 954), (72, 612, 918), (90, 612, 900), (90, 594, 864), (90, 576, 828), (108, 576, 828), (54, 630, 918), (90, 594, 864), (108, 594, 846), (108, 594, 846), (108, 576, 846), (54, 630, 918), (162, 576, 918), (108, 594, 864), (108, 594, 792), (90, 612, 738), (72, 630, 774), (36, 630, 864)]	(9512, 11575, 9621, 11207, 11946, 13581, 4692, 7693, 4769, 7129, 6062, 6370, 4502, 9253, 7368, 9071, 12574, 19895, 14848, 9376, 17107, 14203, 12047, 1984)
a	1669905	(657, 440)	[(-108, 684, 630), (-90, 702, 666), (-36, 702, 756), (-72, 684, 900), (-54, 630, 972), (54, 576, 954), (72, 558, 918), (54, 558, 900), (54, 594, 828), (18, 594, 864), (-36, 612, 936), (-54, 630, 882), (-36, 630, 846), (0, 612, 846), (36, 594, 828), (18, 594, 918), (18, 612, 918), (0, 630, 900), (72, 612, 828), (54, 612, 846), (18, 612, 846), (72, 594, 810), (36, 612, 846), (0, 612, 918), (18, 576, 900)]	(9498, 11490, 9586, 10963, 11943, 13457, 4703, 7580, 4771, 7135, 6167, 6410, 4502, 9140, 7351, 9168, 12377, 19835, 14747, 9323, 16798, 14045, 12010, 1977)
n	1672444	(748, 152)	[(72, 612, 846), (54, 630, 864), (72, 612, 882), (72, 630, 882), (72, 630, 864), (72, 630, 810), (72, 648, 846), (72, 612, 846), (72, 630, 810), (54, 630, 864), (72, 630, 900), (72, 630, 882), (90, 612, 828), (90, 630, 774), (54, 630, 774), (36, 666, 900), (72, 630, 936), (90, 630, 846), (72, 648, 756), (72, 630, 756), (90, 612, 810), (54, 648, 828), (54, 666, 810), (36, 612, 918), (18, 648, 936)]	(9493, 11622, 9585, 11204, 11904, 12995, 4584, 7647, 4650, 7098, 5883, 6247, 4486, 9221, 7348, 9035, 12630, 19868, 14906, 9363, 17069, 14176, 12025, 1976)
d	1673058	(667, 342)	[(36, 612, 918), (18, 648, 936), (108, 576, 864), (36, 630, 918), (72, 612, 846), (72, 558, 810), (90, 576, 810), (54, 594, 864), (36, 612, 918), (36, 612, 954), (54, 612, 900), (54, 576, 882), (108, 594, 792), (54, 612, 828), (54, 594, 918), (72, 612, 936), (54, 630, 882), (108, 594, 792), (72, 576, 756), (54, 612, 846), (36, 630, 936), (54, 630, 972), (54, 612, 882), (90, 576, 756), (72, 576, 756)]	(9512, 11556, 9607, 11208, 12026, 13488, 4785, 7434, 4874, 7180, 6216, 6455, 4510, 9555, 7381, 9119, 12661, 19856, 14921, 9337, 16915, 14092, 12024, 1974)
 	1673519	(838, 241)	[(72, 612, 936), (54, 630, 882), (108, 594, 792), (72, 576, 756), (54, 612, 846), (36, 630, 936), (54, 630, 972), (54, 612, 882), (90, 576, 756), (72, 576, 756), (54, 576, 954), (36, 630, 864), (54, 612, 918), (72, 576, 882), (90, 558, 846), (54, 594, 864), (72, 594, 864), (72, 576, 900), (18, 612, 972), (54, 612, 846), (54, 594, 774), (90, 576, 828), (54, 594, 846), (54, 630, 828), (36, 594, 900)]	(9501, 11600, 9615, 11216, 11969, 13269, 4658, 7471, 4773, 7146, 6046, 6373, 4506, 9556, 7387, 9030, 12760, 19873, 14838, 9364, 17076, 14174, 12029, 1981)
t	1674234	(587, 303)	[(54, 612, 936), (72, 594, 900), (36, 612, 828), (36, 576, 882), (90, 594, 864), (108, 612, 846), (72, 612, 864), (54, 594, 864), (36, 594, 882), (54, 630, 846), (90, 612, 810), (54, 594, 810), (72, 594, 864), (54, 612, 846), (54, 630, 918), (72, 612, 918), (72, 594, 900), (90, 594, 828), (72, 594, 846), (54, 594, 900), (54, 612, 900), (72, 594, 882), (72, 594, 810), (54, 612, 828), (72, 612, 864)]	(9511, 11595, 9635, 11182, 12054, 13531, 4841, 7720, 4994, 7196, 6247, 6511, 4543, 9750, 7404, 9142, 12776, 19878, 15145, 9351, 16983, 14123, 12025, 1976)
h	1675571	(675, 182)	[(126, 612, 828), (90, 576, 864), (90, 612, 792), (54, 630, 954), (72, 630, 900), (108, 594, 810), (54, 612, 882), (90, 594, 828), (108, 594, 828), (90, 612, 900), (108, 594, 864), (90, 594, 846), (72, 612, 864), (90, 630, 864), (72, 612, 900), (90, 594, 828), (126, 630, 792), (72, 612, 828), (90, 630, 882), (72, 630, 846), (72, 612, 864), (90, 612, 810), (108, 594, 738), (54, 594, 1008), (72, 594, 936)]	(9508, 11580, 9591, 11153, 11952, 13215, 4655, 7653, 4716, 7137, 5998, 6334, 4522, 9608, 7390, 9117, 12722, 19858, 14998, 9343, 16976, 14108, 12022, 1973)
e	1676135	(580, 355)	[(90, 612, 810), (108, 594, 738), (54, 594, 1008), (72, 594, 936), (90, 594, 756), (90, 612, 936), (90, 594, 900), (72, 576, 864), (90, 558, 828), (72, 594, 846), (36, 612, 900), (72, 612, 900), (72, 612, 882), (90, 576, 846), (72, 594, 882), (72, 594, 846), (90, 612, 864), (72, 594, 918), (90, 594, 846), (72, 594, 846), (90, 594, 882), (72, 594, 882), (72, 630, 792), (90, 576, 810), (90, 594, 900)]	(9500, 11542, 9611, 11157, 12020, 13445, 4769, 7498, 4848, 7171, 6164, 6441, 4535, 9678, 7391, 9123, 12729, 19835, 14963, 9324, 16887, 14064, 12017, 1963)
n	1676631	(750, 152)	[(90, 594, 846), (72, 594, 846), (90, 594, 882), (72, 594, 882), (72, 630, 792), (90, 576, 810), (90, 594, 900), (54, 630, 882), (72, 630, 846), (90, 612, 900), (90, 594, 864), (90, 576, 864), (72, 594, 864), (72, 630, 864), (90, 612, 864), (54, 612, 864), (72, 630, 846), (54, 612, 828), (72, 612, 828), (72, 630, 810), (54, 612, 828), (72, 612, 810), (90, 612, 810), (18, 612, 990), (72, 630, 972)]	(9502, 11580, 9599, 11195, 11931, 13156, 4635, 7593, 4714, 7115, 5963, 6315, 4507, 9533, 7377, 9047, 12748, 19866, 14994, 9365, 17085, 14169, 12032, 1971)
 	1677095	(838, 211)	[(54, 612, 864), (72, 630, 846), (54, 612, 828), (72, 612, 828), (72, 630, 810), (54, 612, 828), (72, 612, 810), (90, 612, 810), (18, 612, 990), (72, 630, 972), (72, 576, 738), (18, 648, 954), (72, 594, 900), (90, 576, 846), (108, 558, 810), (90, 576, 864), (90, 576, 900), (72, 594, 846), (36, 594, 864), (54, 612, 828), (54, 612, 846), (72, 630, 900), (54, 612, 936), (90, 594, 882), (72, 576, 828)]	(9491, 11572, 9598, 11157, 11971, 13233, 4652, 7391, 4738, 7131, 6034, 6335, 4502, 9502, 7379, 8983, 12715, 19861, 14877, 9345, 17074, 14159, 12026, 1948)
t	1679151	(588, 252)	[(90, 612, 846), (90, 594, 846), (90, 594, 810), (72, 612, 864), (54, 630, 846), (54, 612, 900), (90, 612, 846), (90, 594, 828), (72, 612, 864), (72, 612, 846), (36, 630, 882), (72, 612, 864), (72, 594, 864), (108, 612, 864), (36, 612, 918), (108, 594, 864), (90, 594, 828), (72, 612, 846), (72, 612, 846), (54, 630, 846), (72, 612, 882), (54, 630, 900), (72, 612, 864), (54, 630, 864), (90, 630, 846)]	(9510, 11657, 9648, 11211, 12051, 13623, 4856, 8010, 5007, 7193, 6238, 6508, 4544, 9733, 7403, 9161, 12765, 19877, 15215, 9345, 17004, 14130, 12029, 1981)
h	1680232	(676, 172)	[(90, 648, 864), (90, 612, 846), (90, 612, 864), (90, 594, 828), (72, 630, 900), (72, 612, 882), (108, 630, 828), (72, 630, 828), (90, 630, 846), (90, 612, 864), (72, 630, 882), (108, 612, 828), (90, 594, 828), (72, 612, 846), (72, 630, 864), (72, 630, 936), (108, 594, 846), (54, 630, 774), (72, 612, 882), (90, 648, 900), (72, 612, 810), (36, 630, 828), (54, 630, 846), (72, 648, 882), (90, 630, 828)]	(9523, 11667, 9643, 11226, 12030, 13541, 4803, 8013, 4933, 7167, 6190, 6485, 4536, 9716, 7404, 9127, 12808, 19892, 15231, 9359, 17062, 14171, 12030, 1977)
e	1680781	(595, 362)	[(72, 612, 810), (36, 630, 828), (54, 630, 846), (72, 648, 882), (90, 630, 828), (36, 612, 882), (72, 576, 900), (72, 576, 864), (72, 612, 900), (72, 594, 918), (90, 576, 846), (72, 594, 828), (54, 594, 846), (36, 612, 900), (72, 594, 936), (90, 576, 900), (90, 576, 918), (90, 558, 846), (90, 594, 828), (54, 594, 864), (54, 594, 918), (72, 594, 900), (72, 576, 864), (90, 576, 846), (90, 594, 810)]	(9489, 11581, 9611, 11133, 11995, 13347, 4770, 7616, 4879, 7166, 6187, 6457, 4556, 9756, 7405, 9142, 12773, 19851, 15066, 9329, 16911, 14071, 12020, 1975)
r	1681193	(585, 277)	[(36, 612, 900), (72, 594, 936), (90, 576, 900), (90, 576, 918), (90, 558, 846), (90, 594, 828), (54, 594, 864), (54, 594, 918), (72, 594, 900), (72, 576, 864), (90, 576, 846), (90, 594, 810), (72, 576, 918), (108, 576, 828), (72, 576, 828), (72, 594, 864), (72, 630, 810), (36, 630, 936), (90, 594, 846), (54, 576, 828), (72, 594, 918), (54, 612, 918), (54, 612, 900), (108, 594, 828), (54, 576, 828)]	(9511, 11640, 9618, 11230, 11996, 13399, 4740, 7790, 4858, 7162, 6130, 6442, 4517, 9703, 7395, 9166, 12771, 19871, 15223, 9352, 17014, 14126, 12032, 1966)
e	1681590	(581, 341)	[(108, 576, 828), (72, 576, 828), (72, 594, 864), (72, 630, 810), (36, 630, 936), (90, 594, 846), (54, 576, 828), (72, 594, 918), (54, 612, 918), (54, 612, 900), (108, 594, 828), (54, 576, 828), (90, 612, 864), (36, 612, 1008), (72, 594, 972), (90, 558, 918), (90, 540, 864), (72, 594, 828), (54, 576, 882), (36, 594, 864), (36, 612, 918), (72, 576, 882), (72, 576, 864), (90, 558, 864), (90, 576, 828)]	(9504, 11611, 9622, 11188, 11985, 13354, 4751, 7690, 4861, 7154, 6138, 6442, 4535, 9658, 7398, 9175, 12715, 19855, 15102, 9346, 16967, 14112, 12018, 1974)
 	1682051	(836, 235)	[(90, 540, 864), (72, 594, 828), (54, 576, 882), (36, 594, 864), (36, 612, 918), (72, 576, 882), (72, 576, 864), (90, 558, 864), (90, 576, 828), (54, 594, 900), (72, 594, 846), (18, 594, 918), (36, 576, 936), (72, 576, 810), (72, 576, 792), (72, 594, 864), (90, 576, 972), (72, 594, 900), (72, 612, 864), (90, 594, 846), (72, 594, 846), (54, 594, 846), (72, 612, 846), (54, 594, 1008), (72, 630, 882)]	(9506, 11634, 9617, 11218, 11963, 13302, 4699, 7700, 4793, 7127, 6025, 6376, 4512, 9518, 7377, 9088, 12679, 19868, 14929, 9363, 17107, 14168, 12033, 1981)
i	1682914	(598, 132)	[(18, 630, 846), (72, 666, 864), (90, 630, 936), (54, 612, 882), (90, 594, 792), (54, 612, 810), (90, 630, 810), (54, 630, 900), (90, 612, 900), (72, 594, 846), (90, 612, 828), (90, 612, 900), (90, 594, 882), (90, 594, 846), (72, 630, 810), (108, 612, 846), (90, 630, 936), (72, 612, 900), (90, 630, 810), (90, 594, 774), (18, 666, 882), (36, 684, 900), (72, 612, 864), (108, 612, 792), (108, 612, 792)]	(9516, 11690, 9619, 11284, 11942, 13229, 4727, 8242, 4824, 7141, 6053, 6412, 4538, 9594, 7395, 9223, 12785, 19900, 15819, 9373, 17133, 14180, 12031, 1973)
s	1684454	(671, 374)	[(54, 558, 882), (72, 558, 882), (54, 576, 900), (90, 558, 846), (72, 558, 864), (54, 558, 918), (54, 576, 882), (72, 558, 882), (72, 558, 864), (54, 558, 882), (72, 558, 900), (72, 576, 918), (72, 558, 882), (72, 558, 864), (54, 558, 882), (72, 576, 882), (72, 540, 918), (72, 576, 954), (72, 558, 900), (108, 558, 846), (72, 594, 864), (72, 576, 864), (90, 558, 936), (54, 612, 900), (90, 558, 810)]	(9511, 11612, 9607, 11128, 11936, 13085, 4751, 7910, 4859, 7151, 6115, 6457, 4562, 9691, 7405, 9268, 12769, 19864, 15147, 9356, 16954, 14110, 12016, 1980)
 	1684915	(829, 231)	[(72, 540, 918), (72, 576, 954), (72, 558, 900), (108, 558, 846), (72, 594, 864), (72, 576, 864), (90, 558, 936), (54, 612, 900), (90, 558, 810), (72, 558, 954), (18, 576, 828), (54, 594, 846), (36, 576, 900), (72, 576, 882), (90, 558, 900), (72, 558, 882), (90, 558, 882), (90, 558, 882), (90, 558, 864), (54, 594, 882), (54, 594, 846), (54, 594, 900), (54, 576, 864), (72, 576, 918), (72, 558, 918)]	(9508, 11643, 9606, 11203, 11897, 13043, 4649, 7866, 4772, 7119, 5949, 6331, 4525, 9555, 7384, 9170, 12810, 19907, 15048, 9400, 17204, 14225, 12047, 1979)
w	1685832	(581, 391)	[(90, 594, 810), (36, 594, 846), (18, 576, 954), (18, 576, 1026), (90, 558, 972), (126, 522, 900), (108, 540, 846), (90, 558, 882), (90, 558, 864), (72, 558, 846), (54, 594, 882), (36, 576, 900), (72, 558, 900), (108, 558, 846), (72, 576, 864), (72, 558, 990), (90, 576, 900), (126, 558, 810), (90, 540, 774), (72, 594, 846), (90, 612, 918), (72, 594, 972), (108, 576, 900), (90, 558, 882), (108, 558, 828)]	(9513, 11623, 9626, 11175, 11992, 13295, 4858, 7935, 5018, 7192, 6263, 6545, 4573, 9826, 7420, 9283, 12843, 19864, 15336, 9341, 16935, 14083, 12018, 1989)
o	1686599	(600, 77)	[(108, 558, 828), (90, 576, 900), (72, 594, 882), (54, 594, 882), (54, 576, 900), (108, 540, 882), (108, 522, 864), (72, 522, 936), (18, 612, 882), (72, 684, 738), (36, 684, 846), (0, 630, 990), (72, 630, 774), (126, 612, 756), (90, 612, 846), (162, 630, 828), (126, 630, 918), (126, 612, 864), (180, 576, 882), (126, 576, 936), (126, 612, 864), (108, 648, 846), (108, 648, 792), (72, 612, 828)]	(9517, 11791, 9645, 11496, 11928, 13064, 4739, 8416, 4925, 7162, 6023, 6439, 4596, 9823, 7423, 9361, 13109, 19994, 16675, 9440, 17348, 14283, 12063, 1974)
r	1687950	(582, 300)	[(90, 594, 846), (90, 594, 792), (36, 612, 918), (54, 630, 918), (90, 612, 828), (90, 594, 846), (90, 612, 864), (72, 612, 882), (72, 612, 882), (90, 612, 846), (90, 594, 864), (108, 594, 882), (36, 630, 864), (72, 612, 882), (90, 594, 828), (108, 612, 828), (72, 612, 864), (72, 630, 882), (90, 612, 900), (72, 612, 918), (90, 576, 846), (72, 594, 864), (72, 612, 828), (72, 612, 882), (90, 594, 810)]	(9505, 11652, 9623, 11318, 11940, 13053, 4742, 7640, 4840, 7140, 6060, 6414, 4552, 9742, 7408, 9166, 12919, 19889, 15906, 9363, 17053, 14124, 12025, 1976)
l	1688445	(692, 35)	[(90, 612, 900), (72, 612, 918), (90, 576, 846), (72, 594, 864), (72, 612, 828), (72, 612, 882), (90, 594, 810), (36, 630, 900), (90, 594, 810), (90, 612, 828), (54, 630, 828), (72, 666, 882), (90, 648, 918), (72, 630, 846), (126, 612, 792), (108, 648, 810), (90, 630, 810), (126, 648, 864), (72, 648, 828), (90, 630, 846), (126, 630, 774), (90, 702, 702), (108, 648, 630), (36, 630, 774), (-90, 612, 1152)]	(9502, 11691, 9555, 11285, 11818, 11653, 4494, 7752, 4662, 7035, 5694, 6175, 4451, 8271, 7328, 9048, 12470, 19925, 15412, 9410, 17302, 14231, 12049, 1978)
d	1689109	(654, 320)	[(72, 612, 990), (72, 612, 828), (54, 612, 846), (18, 594, 900), (0, 594, 882), (72, 594, 810), (54, 594, 846), (72, 594, 882), (54, 576, 954), (90, 558, 864), (90, 558, 882), (54, 594, 900), (36, 594, 882), (90, 558, 882), (90, 558, 900), (54, 594, 918), (90, 612, 810), (90, 558, 828), (90, 576, 882), (54, 594, 918), (54, 576, 954), (108, 558, 882), (108, 576, 864), (72, 558, 864), (72, 558, 864)]	(9511, 11687, 9625, 11235, 11917, 12805, 4685, 7579, 4818, 7115, 5972, 6331, 4525, 9288, 7369, 9210, 12690, 19890, 15408, 9376, 17100, 14129, 12040, 1979)
 	1689724	(818, 232)	[(72, 558, 864), (72, 558, 864), (72, 558, 900), (54, 558, 918), (90, 558, 882), (72, 540, 882), (90, 540, 918), (90, 540, 864), (18, 594, 882), (54, 594, 864), (90, 594, 846), (36, 558, 918), (90, 558, 900), (54, 576, 900), (108, 558, 900), (108, 558, 918), (72, 558, 846), (90, 576, 846), (72, 594, 900), (54, 594, 864), (90, 576, 882), (72, 576, 900), (90, 576, 918), (90, 558, 900), (108, 576, 810)]	(9515, 11660, 9611, 11218, 11932, 12822, 4663, 7440, 4789, 7101, 5939, 6299, 4483, 9286, 7368, 9048, 12721, 19882, 15040, 9379, 17155, 14168, 12035, 1978)
n	1690437	(748, 147)	[(90, 594, 864), (90, 558, 846), (54, 594, 882), (72, 576, 864), (90, 594, 900), (72, 594, 900), (90, 576, 900), (108, 576, 864), (72, 594, 828), (108, 576, 846), (90, 594, 900), (72, 594, 900), (90, 576, 846), (108, 594, 846), (108, 576, 846), (54, 576, 972), (72, 612, 918), (108, 594, 864), (108, 576, 864), (72, 594, 792), (90, 594, 864), (54, 612, 882), (72, 612, 846), (72, 558, 882), (108, 576, 864)]	(9514, 11746, 9646, 11355, 11933, 12969, 4702, 7928, 4855, 7120, 5940, 6351, 4503, 9255, 7373, 9120, 12827, 19956, 15562, 9440, 17379, 14283, 12053, 1983)
e	1691103	(583, 358)	[(72, 576, 954), (126, 558, 828), (108, 558, 864), (108, 540, 900), (72, 576, 828), (18, 594, 900), (72, 576, 936), (90, 558, 918), (72, 558, 864), (108, 576, 828), (90, 558, 828), (72, 576, 900), (72, 576, 918), (90, 558, 900), (90, 558, 882), (72, 558, 882), (108, 558, 882), (90, 576, 882), (126, 594, 846), (90, 558, 900), (72, 576, 882), (90, 558, 900), (108, 576, 900), (90, 576, 846), (90, 558, 900)]	(9505, 11678, 9610, 11247, 11933, 12837, 4700, 7599, 4788, 7125, 6021, 6362, 4519, 9441, 7385, 9185, 12740, 19876, 15475, 9350, 17026, 14112, 12018, 1978)
w	1691499	(578, 416)	[(90, 558, 900), (90, 558, 882), (72, 558, 882), (108, 558, 882), (90, 576, 882), (126, 594, 846), (90, 558, 900), (72, 576, 882), (90, 558, 900), (108, 576, 900), (90, 576, 846), (90, 558, 900), (90, 540, 846), (72, 558, 990), (90, 576, 936), (126, 540, 900), (108, 540, 882), (54, 576, 900), (108, 576, 846), (108, 576, 882), (72, 558, 882), (108, 558, 900), (162, 540, 900), (144, 540, 882), (90, 558, 846)]	(9509, 11663, 9625, 11251, 11952, 12948, 4785, 7685, 4893, 7145, 6105, 6450, 4548, 9519, 7390, 9254, 12752, 19868, 15494, 9352, 16981, 14102, 12023, 1978)
s	1692114	(668, 387)	[(144, 540, 882), (90, 558, 846), (72, 576, 918), (108, 540, 882), (108, 540, 900), (108, 558, 882), (90, 576, 882), (90, 558, 882), (54, 576, 864), (90, 576, 864), (90, 558, 918), (108, 558, 936), (108, 558, 882), (108, 540, 900), (108, 558, 864), (90, 558, 900), (90, 576, 936), (90, 558, 846), (108, 558, 828), (108, 558, 882), (144, 558, 918), (126, 540, 900), (108, 540, 900), (90, 576, 864), (72, 576, 900)]	(9509, 11683, 9620, 11275, 11955, 12919, 4794, 7706, 4934, 7165, 6111, 6457, 4556, 9642, 7410, 9297, 12873, 19896, 15750, 9370, 17027, 14102, 12028, 1979)
a	1694502	(662, 447)	[(-18, 612, 936), (36, 594, 882), (36, 576, 864), (36, 576, 828), (36, 576, 792), (18, 594, 810), (54, 594, 882), (54, 594, 900), (36, 594, 918), (36, 594, 864), (36, 594, 828), (18, 630, 810), (18, 630, 810), (0, 630, 900), (18, 612, 846), (18, 612, 864), (54, 576, 864), (54, 594, 882), (36, 594, 846), (36, 612, 900), (54, 594, 882), (72, 594, 846), (18, 594, 828), (18, 612, 936), (0, 630, 882)]	(9503, 11614, 9585, 11190, 11853, 12625, 4715, 7604, 4744, 7089, 5971, 6323, 4530, 9355, 7356, 9145, 12739, 19869, 15007, 9353, 16937, 14137, 12026, 1975)
r	1695093	(612, 291)	[(18, 594, 828), (18, 612, 936), (0, 630, 882), (36, 576, 846), (36, 594, 882), (36, 594, 918), (0, 612, 846), (36, 594, 828), (18, 612, 864), (36, 594, 900), (72, 612, 846), (72, 594, 846), (36, 612, 882), (54, 612, 864), (72, 594, 864), (18, 612, 846), (54, 630, 864), (36, 612, 846), (72, 612, 864), (72, 594, 864), (72, 594, 864), (72, 594, 900), (54, 612, 918), (72, 630, 864), (72, 612, 846)]	(9499, 11655, 9599, 11278, 11933, 13070, 4777, 7565, 4844, 7124, 6076, 6392, 4515, 9521, 7386, 9051, 12839, 19874, 15245, 9355, 17037, 14148, 12033, 1975)
e	1695552	(566, 356)	[(36, 612, 846), (72, 612, 864), (72, 594, 864), (72, 594, 864), (72, 594, 900), (54, 612, 918), (72, 630, 864), (72, 612, 846), (54, 612, 846), (54, 630, 828), (72, 612, 864), (54, 612, 900), (54, 594, 810), (36, 612, 846), (72, 594, 864), (18, 612, 864), (36, 612, 900), (90, 612, 882), (72, 594, 846), (54, 612, 828), (54, 612, 810), (72, 630, 864), (36, 630, 864), (54, 630, 846), (54, 594, 810)]	(9504, 11656, 9624, 11276, 11963, 13250, 4832, 7568, 4908, 7143, 6166, 6440, 4519, 9538, 7380, 9083, 12815, 19874, 15433, 9355, 17013, 14128, 12026, 1978)
 	1696211	(841, 230)	[(54, 612, 864), (72, 594, 846), (108, 594, 846), (72, 594, 846), (72, 576, 900), (90, 594, 864), (54, 630, 864), (54, 612, 900), (54, 594, 864), (72, 576, 864), (90, 576, 828), (90, 594, 846), (90, 594, 846), (72, 594, 846), (90, 558, 846), (36, 594, 954), (90, 594, 882), (90, 594, 882), (72, 594, 810), (90, 576, 810), (54, 576, 954), (90, 594, 918), (72, 594, 918), (72, 576, 864), (90, 594, 864)]	(9497, 11681, 9613, 11297, 11892, 12888, 4688, 7565, 4736, 7093, 5930, 6310, 4484, 9438, 7378, 8978, 12864, 19905, 15104, 9409, 17235, 14233, 12044, 1973)
y	1697126	(597, 221)	[(90, 612, 810), (108, 648, 792), (108, 630, 864), (126, 576, 846), (90, 612, 864), (90, 630, 828), (90, 648, 828), (90, 630, 882), (72, 612, 828), (90, 594, 846), (90, 594, 900), (90, 612, 882), (90, 612, 882), (108, 612, 846), (90, 576, 828), (36, 612, 918), (90, 630, 864), (108, 612, 810), (72, 612, 900), (108, 576, 828), (90, 612, 846), (72, 630, 846), (72, 612, 882), (54, 630, 918), (108, 612, 828)]	(9507, 11736, 9635, 11369, 11869, 12877, 4737, 8155, 4853, 7102, 5968, 6382, 4560, 9550, 7392, 9268, 12954, 19973, 16240, 9438, 17322, 14246, 12052, 1976)
o	1697787	(606, 78)	[(90, 594, 828), (90, 612, 864), (108, 612, 828), (90, 630, 864), (36, 630, 846), (72, 666, 828), (90, 648, 828), (108, 630, 792), (72, 630, 846), (72, 648, 864), (90, 684, 864), (108, 648, 864), (108, 612, 810), (90, 648, 774), (108, 666, 846), (90, 666, 882), (126, 648, 774), (72, 648, 828), (90, 666, 810), (90, 684, 810), (72, 648, 828), (72, 648, 846), (108, 648, 864), (108, 648, 828), (90, 630, 810)]	(9509, 11778, 9634, 11617, 11867, 12838, 4693, 8037, 4741, 7100, 5901, 6337, 4524, 9335, 7375, 9129, 12869, 19958, 16860, 9412, 17334, 14245, 12028, 1981)
u	1698300	(586, 168)	[(90, 666, 810), (90, 684, 810), (72, 648, 828), (72, 648, 846), (108, 648, 864), (108, 648, 828), (90, 630, 810), (108, 648, 792), (90, 630, 846), (54, 648, 882), (90, 630, 846), (108, 630, 810), (108, 630, 864), (108, 630, 846), (72, 630, 918), (72, 648, 828), (90, 648, 828), (126, 612, 864), (90, 648, 846), (108, 648, 846), (90, 630, 864), (90, 648, 864), (72, 648, 846), (72, 648, 828), (108, 630, 774)]	(9513, 11746, 9622, 11576, 11858, 12786, 4665, 7865, 4709, 7079, 5899, 6310, 4506, 9286, 7360, 9132, 12811, 19945, 16776, 9407, 17292, 14210, 12031, 1978)
 	1699265	(847, 241)	[(90, 630, 882), (126, 576, 864), (72, 612, 792), (72, 630, 864), (54, 630, 810), (90, 648, 774), (54, 630, 846), (36, 594, 954), (90, 594, 918), (108, 576, 846), (72, 630, 882), (126, 612, 828), (90, 594, 810), (54, 630, 846), (72, 630, 864), (108, 630, 936), (90, 612, 882), (72, 630, 792), (90, 612, 792), (90, 594, 828), (108, 612, 846), (36, 612, 936), (90, 630, 882), (108, 612, 864), (90, 594, 846)]	(9494, 11692, 9628, 11405, 11888, 13055, 4686, 7541, 4705, 7107, 5890, 6293, 4467, 8815, 7343, 8962, 12641, 19915, 15101, 9412, 17284, 14249, 12049, 1975)
g	1700699	(667, 225)	[(90, 648, 882), (90, 648, 900), (108, 612, 846), (108, 612, 792), (108, 594, 810), (108, 630, 810), (90, 630, 864), (90, 612, 918), (108, 612, 846), (90, 612, 846), (108, 612, 810), (90, 612, 846), (90, 612, 882), (90, 612, 864), (108, 612, 846), (144, 576, 918), (126, 576, 864), (90, 648, 864), (108, 612, 882), (126, 648, 810), (54, 612, 828), (54, 630, 828), (72, 648, 864), (90, 612, 846), (108, 612, 882)]	(9514, 11743, 9653, 11416, 11958, 13387, 4817, 7901, 4914, 7162, 6134, 6457, 4548, 9570, 7390, 9180, 12884, 19946, 15804, 9414, 17245, 14240, 12054, 1978)
o	1701478	(592, 70)	[(72, 720, 918), (126, 684, 936), (126, 612, 864), (144, 594, 828), (144, 612, 810), (108, 630, 792), (90, 648, 828), (126, 648, 828), (90, 648, 810), (72, 666, 810), (108, 666, 810), (108, 648, 792), (108, 630, 846), (108, 612, 900), (108, 684, 792), (108, 702, 846), (108, 666, 918), (90, 666, 846), (90, 630, 810), (108, 648, 810), (108, 648, 846), (108, 648, 828), (108, 648, 864), (126, 630, 774), (72, 648, 774)]	(9503, 11800, 9630, 11663, 11856, 12521, 4667, 8180, 4701, 7083, 5852, 6306, 4502, 9170, 7367, 9105, 12854, 19970, 17124, 9414, 17330, 14236, 12034, 1970)
i	1701767	(585, 120)	[(90, 648, 810), (72, 666, 810), (108, 666, 810), (108, 648, 792), (108, 630, 846), (108, 612, 900), (108, 684, 792), (108, 702, 846), (108, 666, 918), (90, 666, 846), (90, 630, 810), (108, 648, 810), (108, 648, 846), (108, 648, 828), (108, 648, 864), (126, 630, 774), (72, 648, 774), (90, 648, 864), (126, 648, 810), (72, 666, 846), (90, 648, 828), (72, 648, 846), (90, 648, 864), (108, 666, 810), (126, 648, 810)]	(9515, 11820, 9644, 11686, 11851, 12618, 4669, 8123, 4708, 7082, 5844, 6339, 4512, 9179, 7363, 9117, 12858, 19973, 17000, 9423, 17366, 14249, 12055, 1976)
n	1702479	(752, 154)	[(90, 612, 792), (126, 630, 846), (126, 630, 864), (54, 612, 936), (90, 630, 882), (108, 648, 774), (90, 630, 810), (90, 630, 810), (144, 612, 828), (126, 612, 900), (126, 612, 900), (108, 630, 882), (108, 612, 828), (108, 612, 810), (90, 648, 846), (72, 648, 846), (90, 648, 846), (90, 630, 864), (144, 630, 846), (126, 612, 846), (108, 630, 846), (126, 630, 810), (108, 648, 828), (108, 648, 774), (90, 648, 828)]	(9509, 11755, 9652, 11528, 11945, 13251, 4781, 7905, 4834, 7150, 6039, 6425, 4539, 9523, 7394, 9070, 12940, 19949, 15944, 9419, 17333, 14255, 12059, 1980)
g	1702969	(675, 242)	[(144, 630, 846), (126, 612, 846), (108, 630, 846), (126, 630, 810), (108, 648, 828), (108, 648, 774), (90, 648, 828), (72, 648, 846), (144, 594, 846), (108, 612, 864), (108, 648, 846), (108, 630, 864), (90, 648, 900), (144, 594, 846), (108, 612, 828), (108, 612, 864), (144, 630, 846), (108, 630, 828), (108, 630, 774), (108, 630, 828), (90, 630, 882), (108, 630, 864), (144, 630, 828), (144, 594, 792), (126, 612, 864)]	(9504, 11677, 9621, 11431, 11910, 13052, 4734, 7590, 4719, 7113, 5988, 6363, 4517, 9479, 7385, 9008, 12856, 19902, 15741, 9377, 17168, 14159, 12030, 1975)
 	1703384	(814, 209)	[(108, 612, 828), (108, 612, 864), (144, 630, 846), (108, 630, 828), (108, 630, 774), (108, 630, 828), (90, 630, 882), (108, 630, 864), (144, 630, 828), (144, 594, 792), (126, 612, 864), (126, 612, 810), (90, 630, 882), (90, 666, 900), (108, 630, 864), (126, 612, 792), (108, 594, 864), (144, 594, 882), (108, 648, 810), (108, 648, 882), (108, 612, 846), (108, 612, 792), (126, 594, 810), (108, 612, 864), (108, 612, 972)]	(9510, 11711, 9605, 11395, 11874, 12788, 4675, 7748, 4691, 7094, 5872, 6307, 4497, 9380, 7380, 8953, 12888, 19918, 15400, 9405, 17270, 14223, 12045, 1981)
t	1703892	(588, 261)	[(108, 648, 810), (108, 648, 882), (108, 612, 846), (108, 612, 792), (126, 594, 810), (108, 612, 864), (108, 612, 972), (126, 612, 792), (90, 630, 864), (90, 648, 882), (162, 612, 846), (126, 630, 828), (126, 594, 846), (54, 630, 882), (126, 612, 828), (180, 612, 846), (54, 630, 918), (108, 630, 864), (108, 630, 792), (90, 630, 828), (144, 612, 810), (108, 612, 864), (108, 612, 846), (72, 630, 864), (108, 630, 864)]	(9507, 11725, 9645, 11471, 11969, 13331, 4860, 7981, 4922, 7157, 6168, 6497, 4550, 9664, 7402, 9233, 12935, 19954, 16547, 9401, 17204, 14179, 12041, 1966)
o	1704483	(575, 76)	[(108, 612, 846), (72, 630, 864), (108, 630, 864), (108, 630, 882), (108, 612, 828), (108, 630, 810), (90, 630, 810), (90, 594, 864), (108, 630, 846), (90, 648, 792), (90, 666, 810), (90, 648, 918), (144, 594, 936), (144, 594, 828), (90, 630, 774), (90, 648, 828), (108, 648, 882), (72, 648, 846), (108, 666, 666), (108, 666, 810), (108, 648, 846), (126, 630, 900), (126, 648, 846), (144, 630, 810), (162, 648, 756)]	(9525, 11842, 9637, 11697, 11837, 11897, 4642, 8669, 4844, 7065, 5809, 6349, 4544, 9284, 7355, 9208, 13176, 20060, 17562, 9474, 17551, 14360, 12071, 1971)
 	1705043	(833, 261)	[(126, 630, 900), (126, 648, 846), (144, 630, 810), (162, 648, 756), (90, 594, 1116), (162, 522, 666), (108, 540, 810), (0, 558, 990), (36, 612, 972), (72, 612, 900), (54, 594, 900), (72, 576, 756), (72, 558, 774), (90, 594, 918), (108, 576, 972), (90, 558, 1008), (126, 558, 918), (90, 576, 810), (90, 576, 792), (90, 612, 792), (54, 612, 864), (54, 576, 918), (90, 558, 864), (90, 558, 810), (54, 522, 810)]	(9497, 11695, 9638, 11414, 11969, 12894, 4667, 7227, 4758, 7140, 5975, 6330, 4480, 9260, 7373, 8961, 12768, 19880, 14904, 9386, 17113, 14166, 12038, 1981)
a	1705605	(669, 441)	[(54, 576, 918), (90, 558, 864), (90, 558, 810), (54, 522, 810), (36, 450, 1008), (36, 504, 972), (18, 504, 918), (54, 522, 810), (0, 558, 828), (-36, 576, 810), (72, 540, 810), (18, 540, 954), (72, 522, 936), (90, 504, 990), (54, 504, 936), (90, 522, 864), (36, 540, 828), (54, 558, 882), (54, 540, 900), (72, 522, 900), (126, 522, 900), (108, 504, 918), (54, 522, 1026), (36, 522, 972), (-36, 558, 828)]	(9491, 11632, 9596, 11323, 11855, 12958, 4637, 7441, 4609, 7071, 5874, 6256, 4401, 7905, 7299, 8909, 12189, 19913, 15075, 9402, 17180, 14202, 12043, 1987)
p	1706315	(588, 37)	[(36, 612, 900), (90, 594, 900), (36, 594, 810), (18, 594, 810), (0, 684, 738), (0, 720, 900), (72, 630, 918), (90, 594, 774), (54, 648, 756), (126, 666, 828), (90, 666, 846), (54, 666, 864), (72, 648, 846), (54, 666, 810), (54, 684, 792), (54, 684, 774), (54, 648, 810), (108, 684, 810), (72, 684, 828), (72, 702, 810), (90, 684, 828), (90, 666, 738), (54, 666, 774), (54, 684, 918), (72, 684, 882)]	(9522, 12050, 9675, 11746, 11830, 12582, 4622, 7707, 4720, 7044, 5755, 6219, 4455, 7897, 7306, 9093, 12487, 20070, 17611, 9485, 17654, 14407, 12075, 1980)
p	1706877	(608, 35)	[(90, 666, 738), (54, 666, 774), (54, 684, 918), (72, 684, 882), (90, 648, 792), (18, 702, 864), (90, 666, 828), (90, 648, 810), (108, 648, 756), (90, 666, 810), (90, 666, 792), (36, 666, 972), (54, 648, 864), (54, 702, 810), (72, 648, 846), (90, 648, 864), (90, 648, 756), (54, 684, 756), (72, 684, 792), (90, 666, 792), (72, 684, 756), (54, 666, 828), (54, 684, 918), (72, 666, 846), (54, 666, 900)]	(9521, 11957, 9661, 11645, 11849, 12698, 4657, 7506, 4744, 5770, 6228, 0, 4440, 7875, 7299, 9014, 12403, 20032, 17145, 9457, 17575, 14347, 12066, 1981)
l	1707590	(678, 44)	[(72, 666, 810), (72, 666, 864), (108, 648, 828), (54, 630, 882), (36, 684, 846), (72, 684, 846), (72, 648, 828), (90, 630, 792), (36, 666, 792), (72, 666, 846), (90, 648, 900), (108, 648, 828), (72, 648, 792), (72, 648, 792), (72, 684, 792), (54, 702, 792), (126, 684, 810), (72, 684, 756), (54, 666, 756), (18, 702, 828), (36, 702, 882), (72, 666, 918), (108, 648, 846), (72, 630, 810), (54, 666, 846)]	(9508, 11854, 9648, 11516, 11910, 13246, 4753, 7230, 4751, 7090, 5928, 6271, 4421, 7678, 7295, 8982, 12156, 19972, 15921, 9435, 17442, 14270, 12049, 1973)
y	1708187	(584, 204)	[(108, 648, 846), (72, 630, 810), (54, 666, 846), (90, 648, 774), (18, 666, 828), (18, 648, 846), (72, 648, 810), (126, 648, 846), (72, 648, 900), (72, 630, 828), (72, 612, 774), (18, 666, 792), (36, 684, 828), (90, 648, 846), (72, 630, 900), (90, 612, 846), (72, 648, 774), (90, 666, 864), (54, 630, 882), (90, 666, 828), (36, 612, 828), (36, 666, 900), (36, 666, 864), (90, 666, 810), (90, 630, 756)]	(9511, 11930, 9705, 11638, 11963, 13502, 4857, 7400, 4857, 7114, 6041, 6352, 4456, 8239, 7317, 9212, 12345, 20001, 16724, 9442, 17416, 14250, 12047, 1973)
