Please hold the phone in both hands. At each letter you will be instructed which thumb to use
right	n	116517	(741, 140)	[(18, 738, 738), (18, 756, 756), (0, 756, 738), (18, 756, 738), (0, 756, 738), (18, 774, 720), (18, 774, 720), (18, 774, 756), (18, 756, 738), (18, 756, 720), (18, 774, 720), (36, 756, 774), (-18, 774, 738), (36, 774, 738), (36, 756, 720), (18, 774, 738), (0, 774, 738), (36, 756, 720), (0, 756, 702), (-36, 756, 792), (0, 774, 792), (18, 774, 738), (18, 738, 774), (18, 774, 684), (0, 756, 720)]	(9438, 12354, 10866, 11204, 11603, 9795, 8233, 6248, 4155, 6899, 6204, 10095, 4880, 6052, 7169, 7877, 11250, 20005, 17144, 9289, 17755, 14191, 12001, 1977)
right	q	120159	(576, 433)	[(-90, 756, 756), (-90, 756, 774), (-72, 756, 738), (-108, 756, 738), (-126, 756, 756), (-108, 756, 738), (-90, 756, 756), (-72, 756, 738), (-108, 756, 702), (-90, 756, 684), (-108, 774, 756), (-126, 774, 810), (-108, 756, 738), (-108, 756, 738), (-126, 756, 738), (-126, 756, 738), (-108, 756, 774), (-126, 774, 684), (-126, 738, 702), (-126, 756, 684), (-108, 756, 792), (-108, 756, 828), (-126, 756, 774), (-108, 756, 756), (-126, 774, 648)]	(9473, 12340, 10836, 11534, 11605, 9736, 6795, 5864, 3949, 6825, 5806, 10390, 4695, 6084, 7178, 8960, 11239, 19937, 16497, 9299, 17591, 14201, 11992, 1983)
right	j	122583	(668, 132)	[(-36, 756, 738), (-54, 756, 720), (-54, 756, 738), (-54, 756, 738), (-54, 756, 756), (-54, 756, 756), (-54, 756, 720), (-54, 756, 756), (-36, 756, 738), (-54, 756, 738), (-54, 738, 738), (-36, 756, 756), (-54, 774, 738), (-54, 756, 720), (-36, 756, 720), (-54, 756, 756), (-72, 756, 738), (-54, 756, 720), (-54, 756, 756), (-54, 774, 810), (-54, 756, 738), (-36, 738, 756), (-54, 756, 702), (-54, 774, 720), (-54, 756, 738)]	(9437, 12063, 10643, 11306, 11587, 9803, 8196, 6107, 4189, 6933, 6380, 9705, 4706, 6055, 7170, 8395, 11268, 19990, 17002, 9288, 17741, 14208, 12007, 1978)
right	b	125545	(747, 188)	[(-18, 756, 756), (-18, 774, 738), (-36, 756, 756), (18, 756, 702), (-36, 756, 738), (-54, 756, 756), (-36, 774, 738), (0, 756, 756), (-36, 756, 738), (-36, 756, 756), (0, 756, 720), (-18, 774, 756), (-36, 756, 720), (-54, 756, 738), (-36, 756, 720), (-54, 756, 720), (-36, 756, 738), (-36, 756, 720), (-72, 774, 720), (-36, 774, 738), (0, 756, 756), (-36, 756, 774), (-36, 756, 756), (-18, 756, 756), (-54, 774, 702)]	(9439, 12211, 10787, 11355, 11610, 9785, 8515, 6326, 4399, 6945, 6369, 9612, 4744, 6072, 7175, 8332, 11286, 20037, 17319, 9325, 17886, 14276, 12023, 1977)
right	p	127180	(591, 26)	[(0, 756, 738), (-54, 774, 738), (-54, 774, 756), (-18, 774, 720), (-36, 774, 738), (-36, 774, 702), (-54, 774, 756), (-36, 756, 756), (-18, 774, 720), (-54, 792, 774), (-36, 774, 756), (-54, 756, 738), (-36, 738, 738), (-36, 756, 702), (-36, 756, 702), (-18, 756, 720), (-54, 756, 684), (-54, 774, 738), (-54, 756, 774), (-54, 756, 756), (-54, 756, 792), (-36, 756, 774), (-54, 774, 720), (-36, 756, 684), (-36, 774, 720)]	(9428, 11762, 10270, 10972, 11592, 9879, 8780, 6446, 4414, 6924, 6575, 9837, 4729, 6073, 7175, 8275, 11265, 20013, 17030, 9274, 17739, 14193, 12000, 1972)
right	m	128718	(754, 99)	[(0, 756, 720), (-36, 756, 720), (-18, 756, 702), (-36, 774, 756), (-36, 774, 774), (-18, 756, 738), (0, 756, 720), (-54, 756, 738), (-36, 756, 738), (-36, 756, 756), (-36, 774, 756), (-36, 756, 702), (-36, 774, 738), (-36, 774, 738), (-36, 756, 738), (-36, 756, 720), (-18, 756, 738), (-36, 756, 720), (-54, 756, 720), (-54, 756, 774), (-36, 774, 774), (-54, 756, 756), (-36, 738, 738), (-36, 756, 738), (0, 756, 738)]	(9436, 11901, 10467, 10940, 11599, 9766, 8715, 6267, 4395, 6940, 6589, 9595, 4750, 6061, 7163, 8234, 11266, 20016, 17145, 9273, 17713, 14179, 11996, 1978)
right	e	131764	(579, 362)	[(-36, 774, 738), (-36, 774, 720), (-54, 774, 702), (-72, 774, 738), (-72, 792, 720), (-54, 774, 774), (-54, 774, 738), (-72, 756, 720), (-54, 756, 720), (-54, 774, 702), (-36, 756, 720), (-72, 792, 738), (-72, 774, 738), (-36, 774, 738), (-54, 756, 738), (-54, 774, 702), (-72, 774, 738), (-54, 774, 738), (-54, 774, 738), (-72, 774, 684), (-54, 756, 756), (-54, 774, 774), (-72, 774, 774), (-72, 774, 756), (-54, 774, 702)]	(9450, 12169, 10707, 11389, 11614, 9848, 8062, 6070, 4145, 6954, 6175, 9871, 4754, 6061, 7159, 8425, 11263, 19995, 16716, 9340, 17852, 14332, 12005, 1966)
left	n	135068	(743, 176)	[(36, 774, 720), (36, 774, 702), (36, 774, 684), (54, 774, 720), (54, 774, 702), (36, 774, 720), (18, 774, 702), (54, 774, 720), (36, 774, 738), (36, 792, 720), (36, 756, 720), (54, 774, 702), (36, 792, 720), (36, 774, 720), (36, 792, 684), (36, 774, 720), (36, 792, 720), (54, 792, 684), (36, 774, 702), (36, 774, 738), (18, 810, 720), (36, 792, 720), (36, 774, 720), (36, 774, 702), (36, 792, 738)]	(9460, 12587, 11218, 11427, 11641, 9918, 8557, 5930, 4189, 6937, 6396, 8544, 4699, 6043, 7154, 7862, 11309, 20114, 17979, 9404, 18327, 14494, 12030, 1976)
left	i	137999	(583, 134)	[(72, 792, 720), (54, 792, 702), (54, 792, 720), (36, 792, 720), (54, 810, 666), (72, 792, 720), (72, 792, 720), (54, 792, 720), (54, 792, 684), (36, 792, 702), (72, 792, 702), (90, 810, 648), (72, 810, 684), (54, 810, 666), (72, 792, 702), (72, 810, 648), (90, 792, 666), (90, 810, 684), (54, 828, 720), (54, 828, 702), (54, 810, 666), (54, 810, 648), (36, 810, 666), (72, 810, 648), (72, 810, 684)]	(9487, 13507, 11955, 11437, 11674, 9880, 8069, 5806, 3780, 6860, 6098, 6713, 4579, 6016, 7128, 7392, 11360, 20200, 19365, 9461, 18653, 14682, 12044, 1983)
left	r	139687	(592, 302)	[(36, 792, 738), (54, 792, 684), (72, 810, 720), (36, 792, 702), (54, 792, 684), (36, 792, 666), (54, 792, 684), (72, 810, 702), (54, 810, 702), (54, 810, 666), (54, 792, 684), (36, 792, 684), (54, 810, 702), (54, 810, 702), (54, 810, 666), (54, 810, 666), (54, 792, 684), (54, 810, 666), (54, 810, 684), (36, 810, 702), (36, 792, 666), (36, 810, 684), (54, 792, 702), (36, 792, 648), (54, 810, 684)]	(9480, 12991, 11483, 11163, 11632, 9895, 8259, 5766, 4047, 6883, 6492, 7436, 4674, 6029, 7140, 7723, 11335, 20128, 18672, 9441, 18377, 14591, 12037, 1974)
right	v	141739	(747, 241)	[(36, 756, 720), (54, 792, 684), (36, 774, 738), (36, 792, 720), (54, 774, 720), (54, 774, 720), (36, 792, 684), (36, 774, 738), (36, 756, 738), (36, 774, 702), (36, 792, 702), (18, 792, 738), (54, 774, 702), (36, 774, 702), (54, 792, 720), (36, 774, 756), (36, 774, 738), (54, 792, 702), (-18, 774, 684), (36, 756, 738), (54, 792, 774), (36, 792, 702), (36, 792, 702), (18, 774, 738), (18, 774, 684)]	(9458, 12835, 11294, 11285, 11632, 9950, 8533, 5837, 4150, 6894, 6575, 8748, 4659, 6057, 7161, 7881, 11323, 20091, 18671, 9314, 18050, 14213, 12005, 1977)
right	z	143901	(749, 405)	[(54, 774, 720), (0, 792, 702), (18, 738, 702), (36, 756, 720), (18, 756, 666), (18, 756, 774), (0, 756, 774), (18, 756, 774), (-36, 756, 756), (0, 738, 738), (54, 756, 756), (18, 756, 684), (18, 774, 756), (0, 756, 756), (0, 756, 720), (36, 756, 738), (18, 738, 702), (0, 756, 702), (-36, 756, 756), (18, 756, 756), (18, 756, 756), (36, 756, 756), (18, 756, 756), (18, 774, 720), (0, 756, 720)]	(9452, 12658, 11200, 11401, 11633, 9969, 8138, 5782, 4053, 6971, 6538, 9677, 4625, 6065, 7176, 8326, 11310, 20030, 18207, 9244, 17840, 14075, 12002, 1974)
left	e	146239	(584, 350)	[(54, 792, 702), (54, 792, 738), (72, 792, 702), (72, 792, 720), (54, 792, 684), (72, 792, 684), (54, 792, 720), (72, 792, 684), (90, 810, 720), (54, 792, 702), (54, 792, 684), (54, 792, 666), (72, 792, 666), (54, 810, 702), (72, 810, 738), (72, 810, 702), (54, 792, 684), (54, 792, 684), (54, 792, 684), (72, 792, 702), (72, 810, 720), (72, 810, 738), (54, 810, 666), (72, 792, 666), (90, 774, 684)]	(9449, 12489, 11090, 11013, 11641, 9953, 8749, 5914, 4254, 6950, 7140, 9392, 4692, 6064, 7175, 7918, 11332, 20119, 18552, 9384, 18229, 14504, 12028, 1975)
left	v	149334	(732, 244)	[(54, 792, 702), (54, 774, 702), (72, 792, 720), (36, 792, 666), (72, 774, 666), (72, 792, 738), (54, 810, 738), (54, 792, 720), (54, 792, 702), (72, 774, 702), (54, 774, 684), (54, 792, 666), (54, 810, 720), (54, 792, 720), (54, 792, 702), (54, 792, 702), (36, 774, 720), (72, 774, 630), (36, 774, 720), (36, 792, 702), (54, 792, 702), (36, 810, 738), (54, 792, 720), (72, 774, 684), (54, 774, 684)]	(9444, 12455, 11106, 11121, 11631, 9840, 8752, 5989, 4313, 6913, 7173, 9062, 4665, 6069, 7177, 8064, 11340, 20131, 18187, 9415, 18314, 14543, 12025, 1976)
right	o	151022	(590, 67)	[(0, 792, 756), (36, 792, 756), (72, 756, 738), (18, 774, 720), (36, 792, 702), (72, 792, 720), (18, 792, 720), (36, 792, 756), (54, 792, 720), (18, 792, 738), (54, 792, 738), (18, 792, 738), (0, 792, 720), (36, 792, 684), (54, 774, 684), (18, 774, 702), (18, 792, 720), (36, 792, 666), (18, 792, 684), (18, 792, 738), (18, 792, 702), (18, 774, 720), (36, 792, 720), (36, 774, 738), (18, 792, 666)]	(9431, 12236, 10896, 11555, 11635, 10028, 9083, 6310, 4433, 7003, 7324, 9979, 4697, 6078, 7190, 8284, 11324, 20098, 17796, 9356, 18090, 14398, 12024, 1964)
left	t	153590	(589, 263)	[(54, 792, 648), (90, 828, 702), (90, 810, 756), (72, 810, 738), (54, 792, 666), (72, 810, 648), (72, 792, 648), (72, 792, 720), (54, 810, 684), (54, 810, 702), (54, 792, 684), (54, 810, 702), (72, 810, 702), (72, 792, 684), (72, 810, 666), (72, 810, 666), (72, 792, 630), (54, 810, 648), (72, 810, 702), (90, 810, 738), (36, 810, 720), (54, 810, 684), (54, 810, 666), (108, 792, 684), (72, 810, 684)]	(9450, 12511, 11126, 11157, 11643, 9926, 8849, 6026, 4385, 6962, 7210, 9524, 4700, 6060, 7165, 7934, 11354, 20139, 18525, 9406, 18349, 14585, 12021, 1979)
left	k	156108	(669, 114)	[(54, 810, 684), (54, 810, 684), (54, 810, 648), (72, 810, 666), (72, 810, 720), (72, 828, 702), (54, 810, 720), (54, 792, 630), (72, 810, 684), (72, 810, 666), (72, 810, 666), (54, 810, 684), (72, 810, 738), (72, 810, 702), (72, 810, 666), (72, 792, 684), (72, 810, 666), (72, 810, 648), (54, 810, 684), (72, 810, 684), (54, 810, 702), (36, 810, 702), (54, 810, 684), (54, 810, 666), (72, 810, 684)]	(9438, 12389, 11025, 11040, 11635, 9924, 8944, 6292, 4458, 7012, 7316, 9008, 4708, 6071, 7169, 7865, 11328, 20145, 18343, 9415, 18382, 14578, 12033, 1980)
right	y	160294	(590, 289)	[(-36, 792, 738), (36, 792, 720), (36, 792, 684), (36, 774, 648), (-36, 810, 684), (0, 792, 720), (18, 792, 720), (0, 792, 702), (18, 792, 702), (18, 792, 684), (0, 810, 702), (0, 810, 702), (18, 774, 684), (18, 792, 702), (18, 810, 702), (-36, 792, 720), (18, 810, 702), (0, 792, 702), (0, 774, 702), (36, 792, 702), (0, 792, 702), (0, 810, 756), (18, 810, 738), (0, 810, 684), (36, 774, 702)]	(9447, 12550, 11129, 11620, 11605, 9891, 8003, 6004, 4028, 6840, 6728, 9809, 4708, 6076, 7185, 8435, 11315, 20046, 17357, 9337, 17917, 14385, 12015, 1971)
left	c	164943	(746, 287)	[(54, 810, 702), (54, 792, 702), (54, 810, 666), (36, 774, 702), (36, 792, 666), (54, 792, 720), (36, 792, 684), (54, 810, 702), (72, 792, 720), (54, 792, 720), (54, 810, 702), (54, 792, 684), (36, 792, 702), (36, 792, 702), (54, 810, 702), (54, 774, 702), (36, 792, 720), (54, 792, 702), (72, 792, 720), (54, 810, 666), (36, 792, 702), (54, 792, 666), (54, 810, 720), (54, 810, 720), (72, 792, 666)]	(9434, 12346, 11014, 11252, 11603, 9920, 8651, 6085, 4525, 6994, 7308, 9657, 4669, 6071, 7170, 8096, 11355, 20117, 18071, 9380, 18165, 14438, 12035, 1979)
right	e	170800	(589, 351)	[(-54, 792, 738), (-54, 774, 738), (-54, 774, 720), (-36, 774, 702), (-72, 774, 720), (-36, 774, 720), (-36, 774, 702), (-36, 774, 720), (-54, 774, 720), (-54, 774, 702), (-36, 774, 702), (-54, 774, 720), (-72, 792, 738), (-54, 774, 702), (-36, 792, 702), (-54, 774, 720), (-36, 792, 702), (-36, 774, 702), (-72, 774, 738), (-36, 792, 738), (-54, 792, 702), (-36, 774, 720), (0, 792, 738), (-54, 774, 702), (-72, 792, 702)]	(9448, 12508, 11170, 11760, 11608, 9845, 7546, 5985, 3969, 6932, 6771, 10393, 4725, 6121, 7199, 9027, 11290, 19982, 16879, 9292, 17608, 14248, 12001, 1978)
right	k	172911	(669, 96)	[(36, 774, 702), (18, 774, 738), (18, 810, 684), (36, 774, 720), (0, 792, 702), (36, 792, 702), (0, 774, 702), (36, 774, 720), (18, 792, 720), (0, 792, 702), (18, 792, 684), (18, 774, 702), (18, 792, 720), (18, 792, 702), (18, 792, 702), (18, 774, 702), (36, 792, 702), (-36, 792, 738), (0, 774, 666), (0, 792, 720), (0, 792, 756), (18, 792, 720), (18, 792, 702), (18, 774, 738), (0, 792, 666)]	(9425, 12268, 10984, 11601, 11628, 9973, 8497, 6446, 4505, 6982, 7220, 9901, 4724, 6090, 7205, 8528, 11300, 20054, 17549, 9326, 17918, 14337, 12003, 1978)
right	u	174594	(571, 180)	[(18, 792, 702), (18, 774, 720), (0, 774, 720), (18, 774, 702), (-18, 810, 738), (-36, 792, 684), (18, 792, 702), (18, 792, 720), (18, 792, 684), (0, 792, 702), (-18, 810, 720), (-18, 792, 684), (-36, 792, 738), (18, 792, 702), (0, 810, 720), (-36, 792, 702), (18, 792, 684), (-36, 792, 738), (-18, 792, 738), (0, 792, 720), (-18, 810, 756), (18, 792, 720), (18, 792, 684), (-36, 774, 666), (0, 774, 666)]	(9434, 12384, 11074, 11691, 11624, 9808, 8244, 6039, 4300, 6955, 7024, 10124, 4670, 6095, 7206, 8602, 11303, 20053, 17469, 9323, 17907, 14318, 12028, 1980)
left	r	176710	(590, 307)	[(36, 810, 702), (36, 792, 648), (36, 810, 612), (108, 810, 612), (90, 810, 666), (18, 810, 684), (54, 792, 702), (90, 828, 702), (90, 810, 702), (36, 810, 720), (54, 792, 684), (72, 810, 666), (54, 810, 630), (36, 810, 648), (72, 828, 720), (72, 810, 738), (36, 810, 702), (72, 810, 612), (54, 792, 666), (54, 810, 702), (54, 828, 666), (54, 810, 738), (36, 828, 684), (18, 828, 648), (54, 792, 684)]	(9445, 12561, 11138, 11070, 11629, 9903, 8676, 5990, 4295, 6960, 7050, 9264, 4703, 6071, 7172, 8171, 11348, 20145, 18169, 9449, 18353, 14670, 12035, 1983)
right	k	178813	(666, 95)	[(54, 792, 738), (72, 792, 720), (36, 774, 702), (36, 774, 702), (72, 792, 684), (36, 792, 738), (36, 792, 702), (36, 774, 720), (36, 774, 702), (18, 792, 684), (72, 792, 702), (36, 792, 702), (36, 792, 756), (54, 792, 702), (54, 792, 684), (54, 792, 702), (36, 792, 702), (36, 792, 702), (36, 792, 684), (36, 792, 684), (54, 792, 756), (54, 792, 720), (36, 792, 702), (54, 792, 702), (54, 792, 702)]	(9426, 12396, 11044, 11489, 11634, 10020, 8864, 6333, 4592, 6943, 7344, 9725, 4687, 6090, 7164, 8124, 11349, 20136, 18114, 9334, 18153, 14360, 12034, 1963)
right	l	181315	(669, 53)	[(54, 774, 702), (36, 792, 684), (54, 792, 720), (36, 792, 720), (54, 792, 702), (54, 792, 684), (54, 774, 702), (36, 792, 720), (54, 810, 684), (54, 792, 702), (72, 792, 702), (36, 792, 720), (72, 792, 702), (54, 792, 684), (72, 792, 702), (54, 792, 702), (72, 774, 720), (36, 774, 648), (18, 810, 720), (72, 792, 756), (18, 828, 702), (18, 792, 720), (72, 792, 720), (18, 810, 702), (36, 810, 666)]	(9428, 12100, 10731, 11173, 11627, 9983, 9105, 6224, 4719, 6945, 7560, 9693, 4625, 6083, 7194, 7975, 11325, 20103, 17904, 9282, 18006, 14291, 12012, 1975)
left	w	183492	(592, 384)	[(18, 810, 720), (36, 792, 648), (54, 792, 648), (72, 810, 666), (54, 792, 720), (72, 828, 702), (54, 828, 702), (18, 810, 702), (54, 810, 630), (72, 792, 612), (36, 792, 684), (36, 810, 666), (54, 828, 666), (54, 828, 684), (54, 828, 684), (72, 810, 666), (72, 810, 666), (54, 828, 666), (90, 810, 684), (54, 828, 666), (36, 810, 684), (36, 828, 720), (72, 810, 666), (54, 810, 630), (36, 792, 702)]	(9436, 12497, 11131, 11334, 11623, 9905, 8676, 6138, 4394, 6989, 7205, 9387, 4663, 6025, 7179, 8199, 11311, 20131, 17877, 9432, 18320, 14628, 12029, 1977)
right	b	186259	(742, 208)	[(36, 810, 684), (54, 810, 702), (54, 792, 702), (54, 810, 684), (36, 792, 684), (36, 810, 720), (54, 810, 684), (54, 792, 684), (54, 810, 684), (54, 792, 684), (54, 810, 684), (54, 810, 684), (54, 810, 684), (54, 792, 684), (54, 810, 666), (54, 792, 684), (54, 810, 684), (54, 792, 702), (18, 810, 666), (54, 810, 720), (54, 828, 684), (36, 810, 684), (54, 810, 702), (18, 792, 666), (54, 792, 684)]	(9428, 12453, 10999, 11178, 11620, 9850, 8478, 5976, 4333, 6965, 7129, 9794, 4681, 6097, 7185, 8265, 11321, 20096, 17955, 9351, 18135, 14412, 12033, 1975)
right	n	190112	(751, 147)	[(36, 810, 720), (54, 792, 684), (36, 810, 684), (36, 810, 702), (36, 792, 702), (54, 810, 684), (54, 810, 684), (54, 810, 684), (54, 792, 684), (54, 810, 684), (72, 810, 684), (36, 810, 684), (36, 810, 702), (36, 810, 684), (54, 792, 720), (54, 810, 684), (54, 810, 684), (36, 810, 684), (54, 792, 702), (36, 810, 720), (54, 810, 684), (72, 810, 666), (36, 810, 684), (54, 810, 666), (54, 792, 702)]	(9421, 12369, 10944, 11125, 11623, 9927, 8541, 6127, 4372, 7014, 7396, 9795, 4681, 6093, 7188, 8243, 11335, 20126, 18110, 9360, 18193, 14425, 12024, 1977)
left	u	192695	(592, 168)	[(72, 828, 702), (90, 792, 648), (72, 810, 648), (72, 828, 666), (90, 828, 720), (54, 828, 720), (54, 810, 684), (90, 810, 630), (90, 810, 666), (90, 828, 666), (108, 828, 648), (72, 828, 648), (72, 828, 648), (90, 828, 666), (72, 828, 648), (54, 828, 612), (108, 810, 576), (108, 846, 738), (108, 846, 738), (72, 846, 630), (54, 828, 648), (72, 828, 666), (90, 828, 594), (54, 828, 648), (108, 810, 648)]	(9448, 12713, 11160, 10760, 11638, 9919, 8975, 6189, 4432, 6997, 6905, 8517, 4615, 6047, 7150, 7790, 11399, 20210, 19204, 9446, 18513, 14590, 12054, 1959)
left	o	194912	(591, 75)	[(108, 828, 648), (108, 828, 648), (108, 810, 648), (108, 810, 630), (108, 828, 630), (108, 810, 666), (108, 828, 684), (108, 828, 612), (108, 846, 666), (108, 828, 666), (108, 846, 630), (90, 828, 648), (108, 828, 648), (108, 828, 648), (108, 828, 630), (126, 810, 612), (90, 846, 630), (108, 846, 648), (108, 828, 630), (108, 828, 648), (108, 846, 648), (108, 846, 612), (90, 828, 684), (126, 828, 648), (108, 828, 630)]	(9442, 12666, 11155, 10696, 11640, 9933, 8859, 5960, 4473, 6947, 7372, 7457, 4469, 6067, 7170, 7406, 11409, 20217, 19957, 9391, 18502, 14431, 12032, 1967)
left	f	198318	(664, 277)	[(36, 810, 720), (54, 792, 720), (54, 792, 702), (54, 810, 702), (36, 792, 702), (54, 792, 720), (54, 792, 684), (54, 792, 702), (54, 792, 720), (72, 792, 702), (72, 792, 702), (54, 810, 702), (54, 792, 666), (54, 792, 702), (54, 792, 666), (72, 810, 720), (72, 810, 612), (36, 810, 702), (72, 810, 756), (36, 792, 666), (54, 810, 720), (54, 810, 666), (72, 810, 684), (72, 792, 684), (54, 810, 702)]	(9432, 12484, 11036, 10965, 11607, 9909, 8724, 6104, 4485, 7034, 7442, 9533, 4688, 6094, 7194, 8032, 11353, 20129, 18665, 9372, 18225, 14422, 12007, 1972)
left	a	200704	(659, 431)	[(54, 792, 702), (54, 792, 720), (36, 792, 738), (36, 792, 702), (36, 792, 666), (36, 792, 684), (90, 774, 738), (36, 810, 738), (36, 810, 684), (54, 774, 684), (54, 774, 702), (54, 810, 720), (54, 792, 702), (54, 792, 702), (72, 792, 684), (36, 792, 702), (54, 792, 684), (54, 792, 684), (54, 774, 720), (72, 792, 738), (54, 792, 702), (54, 792, 702), (54, 792, 702), (72, 792, 684), (54, 810, 684)]	(9428, 12274, 10837, 10814, 11600, 9891, 8744, 6353, 4686, 6971, 7498, 10165, 4742, 6138, 7220, 8367, 11327, 20064, 17978, 9320, 17819, 14334, 12014, 1970)
left	l	202675	(675, 36)	[(72, 792, 666), (54, 792, 666), (90, 828, 684), (72, 792, 684), (54, 810, 648), (90, 810, 666), (90, 828, 702), (54, 810, 702), (72, 792, 666), (90, 810, 648), (90, 828, 648), (90, 828, 666), (90, 810, 666), (72, 828, 666), (90, 828, 648), (108, 828, 630), (90, 828, 684), (90, 828, 666), (72, 810, 648), (72, 810, 630), (72, 828, 684), (54, 828, 666), (72, 828, 702), (108, 828, 702), (90, 810, 666)]	(9453, 12836, 11496, 11066, 11624, 9901, 8655, 6115, 4339, 6919, 7456, 8135, 4559, 6070, 7166, 7856, 11367, 20203, 19018, 9475, 18677, 14727, 12028, 1975)
left	b	205288	(751, 190)	[(72, 774, 720), (54, 792, 702), (54, 810, 684), (72, 810, 666), (72, 792, 684), (54, 792, 720), (72, 792, 720), (90, 792, 684), (54, 792, 684), (54, 792, 720), (72, 792, 666), (72, 810, 684), (72, 792, 684), (72, 774, 684), (54, 792, 702), (72, 810, 720), (108, 810, 720), (72, 792, 738), (54, 792, 684), (54, 792, 666), (54, 792, 684), (72, 792, 702), (72, 810, 720), (72, 792, 684), (72, 792, 720)]	(9430, 12447, 11024, 10942, 11610, 9893, 8773, 6300, 4589, 6893, 7499, 9418, 4639, 6073, 7180, 8216, 11352, 20107, 18107, 9390, 18222, 14524, 12020, 1967)
left	g	207345	(676, 234)	[(90, 792, 720), (72, 810, 684), (72, 792, 702), (72, 792, 702), (72, 792, 684), (72, 792, 702), (72, 792, 702), (72, 792, 702), (54, 792, 702), (72, 792, 702), (72, 810, 720), (90, 792, 666), (72, 792, 666), (72, 792, 702), (72, 810, 684), (72, 810, 720), (90, 792, 630), (72, 792, 648), (72, 810, 702), (72, 810, 702), (72, 810, 738), (54, 792, 720), (54, 792, 666), (72, 792, 666), (72, 810, 684)]	(9442, 12461, 11032, 10890, 11617, 9882, 8779, 6372, 4476, 7044, 7456, 9726, 4650, 6107, 7196, 8238, 11357, 20131, 18186, 9410, 18221, 14569, 12034, 1970)
right	g	209630	(688, 239)	[(54, 792, 702), (36, 792, 702), (54, 792, 702), (54, 792, 702), (54, 792, 684), (54, 792, 702), (54, 774, 666), (54, 774, 702), (90, 792, 702), (72, 774, 702), (54, 792, 684), (36, 792, 720), (54, 810, 738), (36, 792, 720), (54, 792, 702), (36, 792, 666), (36, 792, 684), (18, 792, 666), (36, 792, 702), (72, 792, 702), (54, 792, 720), (54, 792, 684), (36, 810, 684), (36, 810, 666), (54, 792, 720)]	(9414, 12445, 10997, 11110, 11585, 9786, 8521, 6419, 4821, 6959, 7480, 9752, 4663, 6106, 7185, 8487, 11355, 20105, 17600, 9385, 18139, 14445, 12034, 1979)
right	h	212190	(659, 170)	[(36, 810, 684), (36, 792, 702), (36, 792, 684), (36, 810, 702), (36, 792, 720), (54, 792, 684), (54, 792, 666), (36, 810, 702), (54, 792, 720), (54, 792, 702), (54, 792, 684), (36, 792, 684), (72, 810, 702), (54, 810, 702), (54, 792, 684), (36, 810, 702), (54, 810, 684), (54, 792, 684), (36, 810, 702), (54, 792, 702), (72, 792, 684), (36, 810, 702), (36, 792, 702), (72, 810, 666), (54, 810, 684)]	(9425, 12569, 11179, 11326, 11607, 9884, 8721, 6422, 4742, 7004, 7559, 10005, 4672, 6099, 7219, 8529, 11360, 20133, 17704, 9413, 18231, 14504, 12035, 1985)
right	x	214517	(768, 348)	[(54, 810, 684), (54, 792, 702), (54, 792, 774), (36, 792, 720), (54, 810, 684), (54, 774, 720), (36, 792, 702), (36, 792, 684), (54, 792, 738), (36, 792, 702), (72, 792, 684), (18, 792, 756), (54, 792, 684), (18, 774, 702), (54, 792, 720), (18, 792, 756), (18, 792, 720), (54, 792, 702), (72, 774, 684), (54, 792, 684), (54, 792, 684), (54, 810, 702), (36, 792, 720), (36, 774, 738), (54, 792, 684)]	(9416, 12409, 10998, 11110, 11618, 9869, 8735, 6430, 4718, 7008, 7475, 10098, 4719, 6120, 7200, 8424, 11321, 20063, 17590, 9309, 17934, 14239, 12012, 1981)
left	d	216808	(662, 323)	[(72, 810, 666), (72, 810, 648), (72, 792, 774), (54, 810, 738), (54, 792, 666), (72, 792, 702), (72, 792, 702), (54, 792, 702), (72, 810, 684), (54, 774, 702), (90, 792, 702), (72, 792, 702), (54, 792, 702), (54, 792, 666), (72, 792, 702), (54, 810, 702), (72, 774, 666), (72, 792, 702), (54, 792, 684), (72, 810, 720), (36, 810, 720), (72, 810, 684), (54, 792, 720), (72, 792, 702), (72, 792, 648)]	(9417, 12260, 10938, 11005, 11617, 9884, 8817, 6581, 4783, 7042, 8030, 10189, 4694, 6105, 7210, 8367, 11364, 20116, 17984, 9368, 18125, 14479, 12015, 1969)
right	d	219177	(682, 329)	[(0, 810, 702), (36, 774, 774), (36, 756, 702), (18, 774, 648), (54, 792, 648), (36, 792, 738), (54, 774, 720), (36, 792, 720), (72, 792, 702), (18, 810, 720), (36, 810, 702), (18, 810, 702), (36, 774, 702), (54, 792, 684), (0, 792, 720), (54, 792, 738), (36, 810, 702), (36, 792, 684), (18, 792, 702), (36, 810, 702), (54, 792, 702), (36, 810, 702), (18, 792, 702), (36, 792, 648), (36, 792, 666)]	(9412, 12214, 10908, 11315, 11604, 9838, 8614, 6307, 4575, 7015, 7655, 10067, 4680, 6144, 7227, 8652, 11324, 20070, 17114, 9327, 17967, 14368, 12013, 1982)
left	q	222114	(584, 447)	[(54, 810, 684), (54, 828, 666), (54, 810, 702), (54, 810, 702), (54, 810, 702), (54, 792, 684), (54, 810, 684), (54, 810, 666), (18, 810, 702), (36, 792, 684), (54, 828, 666), (54, 810, 666), (54, 810, 702), (36, 810, 684), (54, 810, 684), (36, 810, 684), (54, 810, 684), (54, 810, 666), (54, 792, 720), (54, 810, 648), (36, 810, 666), (54, 810, 684), (36, 810, 684), (54, 828, 702), (54, 810, 648)]	(9406, 12167, 10798, 10898, 11582, 9885, 8411, 6630, 4755, 7030, 7834, 11084, 4692, 6167, 7206, 8843, 11342, 20092, 17481, 9379, 17929, 14532, 12015, 1956)
left	x	224348	(746, 341)	[(36, 810, 702), (54, 792, 666), (36, 774, 720), (72, 792, 756), (72, 792, 702), (54, 792, 684), (54, 810, 702), (54, 792, 684), (36, 810, 684), (54, 792, 720), (36, 792, 684), (54, 792, 666), (36, 810, 684), (36, 810, 684), (54, 792, 666), (54, 792, 702), (36, 810, 684), (54, 810, 720), (72, 810, 702), (54, 792, 684), (54, 810, 666), (36, 810, 666), (36, 810, 702), (54, 792, 720), (54, 810, 684)]	(9399, 12199, 10864, 11011, 11581, 9872, 8504, 6510, 4750, 6988, 7592, 10782, 4705, 6140, 7220, 8689, 11352, 20109, 17376, 9364, 18030, 14489, 12036, 1975)
left	j	226920	(657, 151)	[(36, 810, 666), (72, 810, 630), (90, 828, 666), (90, 828, 648), (54, 810, 594), (36, 810, 612), (0, 828, 720), (108, 828, 684), (90, 846, 810), (18, 810, 720), (54, 810, 630), (108, 810, 594), (90, 810, 648), (54, 792, 648), (90, 828, 648), (72, 810, 666), (90, 828, 612), (72, 828, 666), (108, 828, 702), (54, 828, 684), (54, 828, 648), (72, 828, 648), (90, 828, 648), (72, 828, 648), (72, 810, 666)]	(9420, 12353, 11042, 10983, 11601, 9808, 8675, 6611, 4858, 7045, 7858, 9908, 4659, 6117, 7195, 8232, 11384, 20185, 18061, 9433, 18440, 14664, 12046, 1971)
right	w	229598	(573, 387)	[(0, 810, 702), (-54, 810, 684), (-18, 792, 702), (18, 792, 702), (0, 810, 684), (-18, 792, 684), (-36, 792, 684), (18, 792, 702), (18, 810, 684), (0, 792, 702), (0, 792, 666), (18, 810, 666), (-18, 810, 738), (0, 810, 738), (0, 810, 702), (-36, 810, 666), (0, 792, 666), (18, 792, 666), (0, 792, 702), (0, 792, 648), (-18, 774, 684), (18, 810, 738), (0, 828, 738), (-36, 810, 720), (18, 792, 702)]	(9420, 12128, 10838, 11417, 11582, 9825, 8454, 6476, 4734, 7024, 7491, 10835, 4744, 6151, 7218, 9039, 11340, 20055, 16716, 9384, 17980, 14472, 12014, 1981)
left	y	231896	(590, 212)	[(54, 810, 666), (54, 810, 684), (90, 810, 702), (54, 810, 648), (72, 810, 648), (72, 810, 666), (144, 828, 666), (144, 828, 738), (90, 828, 720), (54, 810, 666), (90, 792, 666), (108, 810, 648), (90, 810, 666), (72, 810, 612), (54, 792, 702), (108, 810, 720), (90, 828, 702), (90, 828, 666), (108, 810, 648), (108, 792, 630), (72, 810, 702), (90, 810, 684), (90, 828, 684), (72, 810, 684), (90, 828, 684)]	(9429, 12163, 10876, 10881, 11593, 9948, 8820, 6543, 4947, 7045, 8132, 9860, 4702, 6098, 7192, 7883, 11380, 20164, 18744, 9343, 18190, 14425, 12030, 1977)
right	g	234630	(679, 242)	[(54, 774, 756), (36, 792, 684), (36, 792, 720), (18, 792, 684), (36, 810, 720), (54, 792, 720), (36, 774, 720), (36, 792, 684), (36, 792, 684), (36, 792, 684), (36, 774, 720), (36, 774, 720), (36, 792, 702), (36, 792, 702), (18, 792, 720), (36, 774, 738), (54, 792, 702), (36, 774, 702), (36, 774, 720), (36, 792, 720), (-36, 792, 666), (54, 792, 702), (54, 792, 774), (36, 810, 720), (36, 774, 702)]	(9419, 12326, 10890, 11046, 11591, 9959, 8691, 6315, 4813, 7019, 7598, 10327, 4744, 6152, 7235, 8457, 11338, 20070, 17252, 9336, 17987, 14400, 12009, 1980)
left	j	237038	(664, 148)	[(72, 828, 666), (90, 828, 702), (72, 810, 648), (54, 810, 666), (72, 828, 684), (54, 792, 684), (72, 828, 666), (36, 810, 666), (54, 810, 684), (54, 810, 684), (72, 828, 666), (54, 828, 684), (72, 810, 666), (72, 828, 648), (72, 828, 666), (72, 828, 648), (90, 828, 630), (54, 828, 666), (18, 810, 684), (54, 810, 684), (54, 810, 720), (54, 810, 666), (72, 810, 666), (72, 828, 666), (54, 810, 648)]	(9441, 12769, 11625, 11103, 11595, 9793, 7648, 5724, 3979, 6861, 7360, 9095, 4611, 6082, 7171, 8126, 11343, 20096, 18411, 9399, 18239, 14473, 12005, 1974)
left	k	239321	(676, 98)	[(36, 810, 666), (90, 810, 630), (108, 810, 666), (54, 810, 702), (72, 828, 684), (90, 810, 702), (90, 828, 702), (54, 810, 648), (54, 810, 648), (72, 810, 666), (72, 828, 666), (72, 810, 648), (36, 828, 666), (54, 810, 666), (72, 810, 648), (72, 810, 666), (72, 810, 630), (72, 810, 648), (54, 810, 720), (54, 828, 720), (72, 828, 684), (72, 828, 666), (54, 810, 630), (72, 810, 666), (72, 828, 630)]	(9426, 12354, 11118, 10855, 11577, 9822, 7664, 5829, 4271, 6900, 7990, 9247, 4708, 6088, 7194, 8167, 11346, 20080, 18134, 9387, 18156, 14496, 12029, 1978)
left	e	241114	(591, 339)	[(54, 810, 684), (36, 792, 702), (54, 792, 666), (54, 810, 684), (54, 810, 684), (54, 810, 720), (54, 810, 702), (36, 810, 684), (36, 792, 684), (36, 810, 684), (54, 810, 666), (54, 810, 684), (54, 792, 684), (54, 810, 702), (54, 810, 702), (90, 828, 612), (72, 828, 702), (36, 828, 666), (54, 810, 666), (54, 810, 684), (72, 810, 684), (54, 828, 684), (36, 810, 720), (54, 810, 648), (54, 810, 666)]	(9434, 12453, 11128, 10987, 11582, 9908, 8292, 6153, 4430, 6958, 8220, 10136, 4724, 6119, 7226, 8355, 11370, 20110, 18194, 9405, 18171, 14535, 12039, 1974)
left	l	243317	(664, 46)	[(54, 810, 702), (54, 810, 702), (72, 810, 684), (54, 810, 702), (54, 810, 684), (72, 810, 666), (54, 810, 684), (54, 810, 666), (72, 792, 684), (36, 810, 666), (54, 810, 684), (72, 828, 720), (54, 810, 684), (54, 810, 666), (54, 810, 666), (54, 810, 684), (54, 792, 666), (36, 810, 684), (54, 828, 684), (36, 828, 684), (36, 828, 684), (36, 828, 684), (18, 828, 684), (72, 810, 684), (36, 810, 666)]	(9400, 11963, 10592, 10683, 11569, 9840, 8840, 6693, 4855, 7061, 8701, 10567, 4785, 6128, 7218, 8420, 11349, 20100, 17590, 9294, 17855, 14367, 12034, 1965)
left	z	245305	(735, 389)	[(54, 792, 684), (54, 810, 702), (54, 828, 702), (54, 810, 684), (54, 792, 684), (72, 792, 684), (36, 810, 666), (54, 810, 684), (54, 792, 720), (36, 792, 702), (54, 792, 666), (36, 810, 702), (72, 792, 666), (54, 792, 666), (54, 810, 702), (72, 792, 720), (36, 810, 684), (54, 792, 738), (72, 792, 666), (36, 792, 684), (72, 810, 666), (72, 810, 666), (36, 810, 684), (54, 810, 720), (72, 810, 684)]	(9408, 11939, 10545, 10575, 11572, 9875, 8422, 6268, 4719, 7059, 8810, 10483, 4764, 6138, 7234, 8485, 11319, 20033, 17342, 9251, 17651, 14257, 12002, 1974)
right	p	248239	(579, 20)	[(54, 792, 702), (36, 810, 702), (36, 792, 684), (54, 810, 684), (36, 792, 702), (36, 810, 720), (36, 810, 702), (54, 792, 666), (72, 792, 684), (54, 810, 684), (54, 810, 684), (54, 810, 720), (54, 810, 684), (54, 792, 684), (54, 792, 684), (54, 792, 666), (54, 810, 702), (54, 810, 684), (54, 810, 666), (54, 792, 702), (72, 810, 684), (54, 792, 684), (54, 810, 684), (72, 810, 684), (54, 810, 684)]	(9401, 11759, 10422, 10562, 11568, 9896, 8399, 6494, 4746, 7031, 8414, 9955, 4711, 6151, 7245, 8460, 11327, 20033, 17061, 9211, 17610, 14215, 11992, 1973)
left	z	250573	(739, 390)	[(54, 792, 684), (54, 792, 684), (54, 792, 702), (54, 792, 684), (54, 810, 702), (72, 810, 684), (54, 792, 702), (36, 810, 666), (72, 792, 666), (54, 792, 702), (54, 792, 702), (72, 810, 702), (72, 792, 684), (36, 792, 684), (54, 792, 684), (72, 810, 684), (72, 810, 720), (72, 810, 702), (54, 810, 684), (54, 792, 702), (54, 810, 648), (72, 810, 720), (72, 810, 666), (72, 810, 684), (54, 810, 702)]	(9393, 11778, 10415, 10541, 11575, 9870, 8286, 6190, 4521, 6961, 8608, 9987, 4702, 6153, 7226, 8445, 11310, 20023, 17151, 9211, 17599, 14199, 11993, 1971)
right	i	252796	(588, 105)	[(54, 810, 702), (72, 792, 720), (18, 810, 684), (0, 810, 684), (0, 810, 648), (54, 792, 612), (108, 810, 684), (36, 810, 702), (18, 810, 720), (72, 810, 720), (72, 810, 684), (54, 792, 666), (54, 792, 666), (36, 810, 702), (36, 810, 702), (54, 810, 684), (18, 810, 702), (54, 810, 684), (18, 810, 720), (54, 810, 774), (36, 810, 738), (18, 792, 702), (36, 792, 648), (54, 792, 630), (54, 810, 720)]	(9409, 12143, 10776, 11172, 11591, 9872, 8726, 6325, 4788, 7032, 8317, 10345, 4713, 6147, 7229, 8503, 11328, 20060, 17221, 9252, 17762, 14288, 12014, 1970)
left	g	255097	(665, 231)	[(90, 810, 666), (90, 810, 702), (54, 828, 684), (54, 828, 648), (90, 810, 648), (90, 810, 630), (54, 828, 702), (54, 828, 684), (72, 828, 666), (72, 846, 648), (72, 828, 666), (54, 828, 684), (72, 828, 666), (72, 828, 666), (54, 810, 666), (90, 810, 666), (90, 810, 666), (72, 828, 684), (72, 810, 666), (54, 828, 666), (54, 828, 684), (72, 828, 666), (72, 810, 666), (72, 810, 648), (90, 828, 666)]	(9422, 12190, 10823, 10841, 11581, 9891, 8631, 6368, 4639, 7091, 8796, 10146, 4715, 6121, 7208, 8366, 11352, 20094, 17673, 9366, 18083, 14491, 12030, 1972)
left	w	257825	(593, 391)	[(72, 810, 684), (72, 810, 702), (54, 810, 702), (36, 810, 684), (72, 810, 666), (90, 810, 684), (54, 792, 684), (72, 810, 684), (72, 810, 702), (54, 792, 702), (72, 792, 684), (72, 810, 666), (54, 792, 666), (72, 810, 702), (72, 810, 666), (72, 792, 720), (72, 810, 666), (54, 810, 666), (72, 810, 666), (90, 828, 684), (72, 810, 702), (54, 810, 702), (72, 828, 666), (72, 810, 684), (72, 810, 666)]	(9414, 12081, 10652, 10688, 11588, 9898, 8441, 6447, 4890, 6979, 8814, 10544, 4794, 6141, 7234, 8542, 11338, 20069, 17500, 9315, 17844, 14424, 12009, 1986)
left	o	260035	(596, 86)	[(126, 864, 648), (108, 846, 702), (90, 846, 702), (90, 846, 648), (126, 828, 594), (90, 828, 612), (108, 846, 648), (126, 846, 630), (108, 828, 612), (90, 846, 666), (90, 846, 630), (108, 864, 612), (108, 846, 630), (90, 828, 666), (108, 864, 648), (126, 846, 612), (90, 828, 648), (72, 846, 630), (108, 846, 612), (90, 846, 630), (90, 846, 684), (90, 846, 648), (108, 828, 666), (90, 828, 648), (90, 846, 612)]	(9423, 12443, 10982, 10744, 11578, 9866, 8243, 6036, 4229, 6987, 8209, 8185, 4650, 6078, 7179, 7797, 11366, 20158, 18274, 9434, 18513, 14735, 12045, 1980)
left	v	264315	(752, 248)	[(90, 828, 702), (90, 810, 666), (72, 792, 666), (72, 792, 666), (90, 828, 702), (90, 810, 720), (72, 810, 684), (72, 810, 684), (72, 810, 666), (90, 810, 648), (72, 810, 684), (72, 810, 684), (90, 810, 720), (72, 810, 720), (90, 810, 684), (72, 810, 684), (72, 810, 666), (90, 810, 648), (90, 810, 702), (90, 828, 684), (72, 810, 702), (54, 810, 684), (72, 810, 666), (72, 792, 684), (72, 810, 666)]	(9411, 12195, 10764, 10673, 11593, 9899, 8449, 6329, 4748, 7017, 8716, 9806, 4751, 6123, 7200, 8404, 11357, 20105, 17344, 9353, 18048, 14510, 12030, 1956)
left	b	267981	(748, 197)	[(72, 810, 702), (90, 810, 684), (72, 810, 666), (90, 810, 666), (72, 810, 684), (54, 810, 702), (72, 810, 702), (90, 810, 702), (72, 810, 702), (72, 774, 648), (90, 792, 684), (90, 792, 702), (72, 828, 666), (90, 810, 666), (72, 810, 684), (72, 810, 684), (54, 810, 702), (90, 810, 666), (72, 828, 702), (90, 828, 720), (72, 828, 666), (72, 792, 684), (72, 810, 684), (72, 810, 684), (90, 828, 684)]	(9401, 12249, 10839, 10714, 11578, 9890, 8327, 6237, 4364, 6976, 8399, 9755, 4714, 6117, 7221, 8375, 11336, 20097, 17441, 9366, 18083, 14510, 12025, 1967)
right	f	270142	(687, 278)	[(90, 774, 720), (-72, 828, 756), (36, 810, 738), (72, 756, 702), (72, 756, 648), (-36, 792, 630), (36, 792, 738), (72, 810, 702), (90, 774, 702), (72, 774, 756), (18, 810, 666), (36, 792, 648), (18, 810, 702), (36, 810, 738), (36, 810, 702), (54, 810, 702), (90, 792, 720), (-54, 828, 612), (90, 792, 612), (72, 810, 756), (18, 810, 774), (36, 810, 720), (36, 792, 702), (36, 792, 648), (36, 792, 666)]	(9419, 12407, 11032, 11049, 11573, 9900, 8274, 6200, 4635, 6954, 8334, 10159, 4738, 6152, 7220, 8625, 11327, 20073, 17124, 9370, 18044, 14458, 12024, 1970)
left	q	272962	(588, 444)	[(54, 810, 666), (72, 828, 684), (54, 810, 720), (54, 828, 666), (54, 810, 666), (54, 810, 666), (72, 810, 666), (54, 828, 684), (54, 810, 666), (54, 810, 666), (54, 810, 648), (72, 810, 666), (72, 828, 684), (72, 810, 666), (54, 810, 684), (54, 828, 666), (72, 828, 666), (36, 828, 648), (54, 810, 666), (72, 810, 684), (72, 828, 666), (54, 828, 666), (72, 828, 666), (72, 828, 630), (54, 810, 684)]	(9405, 12044, 10650, 10572, 11525, 9732, 7884, 6210, 4520, 6978, 8359, 10388, 4812, 6161, 7234, 8744, 11300, 20025, 16913, 9345, 17729, 14477, 12016, 1969)
right	o	275912	(588, 68)	[(54, 810, 666), (54, 792, 648), (36, 792, 666), (54, 828, 720), (54, 828, 720), (54, 828, 702), (36, 792, 684), (36, 810, 648), (54, 810, 684), (36, 810, 702), (54, 810, 666), (72, 792, 684), (54, 810, 666), (54, 810, 702), (54, 828, 720), (36, 810, 702), (36, 810, 666), (72, 792, 666), (36, 810, 630), (-18, 846, 684), (36, 810, 756), (54, 810, 684), (54, 810, 756), (36, 810, 702), (54, 810, 630)]	(9415, 12107, 10791, 10989, 11564, 9815, 8210, 6494, 4781, 7035, 8457, 10745, 4794, 6147, 7238, 8790, 11306, 20035, 16611, 9344, 17810, 14462, 12019, 1970)
right	q	278023	(585, 470)	[(72, 792, 612), (54, 774, 702), (-18, 792, 684), (36, 774, 720), (72, 792, 648), (18, 774, 756), (-72, 792, 738), (-36, 810, 792), (36, 792, 738), (-36, 810, 684), (0, 810, 720), (0, 810, 720), (-18, 774, 720), (-18, 792, 648), (-18, 810, 666), (18, 792, 702), (-72, 792, 666), (-90, 810, 702), (-72, 792, 720), (0, 810, 684), (18, 810, 702), (18, 810, 702), (-72, 810, 702), (-54, 828, 684), (-18, 810, 774)]	(9439, 12370, 11056, 11560, 11576, 9834, 7181, 6070, 4103, 6893, 6987, 10805, 4739, 6150, 7216, 9190, 11274, 19963, 16007, 9345, 17730, 14401, 12013, 1976)
left	a	280181	(661, 432)	[(36, 774, 720), (54, 792, 774), (18, 792, 702), (54, 774, 720), (36, 756, 684), (36, 774, 702), (36, 792, 720), (36, 774, 720), (36, 774, 720), (36, 792, 720), (54, 792, 702), (54, 774, 738), (54, 774, 720), (36, 792, 702), (36, 774, 720), (72, 774, 738), (36, 774, 702), (54, 792, 720), (36, 792, 684), (72, 792, 684), (54, 792, 702), (54, 792, 720), (18, 792, 684), (54, 792, 702), (54, 774, 702)]	(9419, 12070, 10720, 10755, 11565, 9893, 8133, 6283, 4667, 7018, 8295, 10990, 4793, 6154, 7233, 8715, 11327, 20029, 16960, 9297, 17784, 14373, 12003, 1970)
right	d	282249	(661, 328)	[(36, 792, 720), (36, 774, 720), (18, 792, 702), (18, 792, 720), (36, 792, 702), (36, 774, 684), (36, 774, 684), (36, 774, 666), (0, 792, 738), (-54, 810, 720), (18, 810, 738), (36, 810, 756), (18, 792, 702), (18, 792, 702), (36, 774, 720), (18, 792, 720), (-36, 810, 648), (0, 792, 720), (0, 810, 738), (-18, 792, 720), (-36, 810, 684), (36, 774, 720), (18, 774, 720), (0, 792, 666), (18, 792, 720)]	(9416, 12200, 10881, 10998, 11557, 9714, 7727, 6071, 4440, 6955, 7740, 10779, 4785, 6139, 7260, 9075, 11324, 19978, 16293, 9313, 17603, 14351, 11998, 1971)
left	m	284654	(753, 81)	[(72, 792, 684), (54, 810, 684), (54, 792, 702), (18, 792, 702), (54, 810, 702), (72, 810, 702), (72, 810, 684), (54, 792, 684), (72, 810, 666), (72, 810, 666), (54, 810, 702), (54, 810, 684), (72, 828, 684), (54, 810, 702), (72, 810, 648), (72, 810, 666), (54, 810, 684), (72, 810, 684), (72, 810, 684), (72, 810, 666), (72, 810, 648), (72, 810, 684), (36, 810, 684), (72, 810, 702), (72, 810, 684)]	(9418, 12026, 10764, 10716, 11559, 9840, 8198, 6267, 4820, 6959, 9191, 10025, 4746, 6140, 7222, 8448, 11335, 20091, 17162, 9361, 18017, 14513, 12030, 1977)
left	c	287856	(755, 294)	[(72, 792, 702), (72, 810, 702), (54, 792, 702), (54, 792, 702), (54, 810, 720), (72, 792, 720), (72, 810, 684), (54, 792, 738), (54, 810, 684), (72, 792, 702), (72, 792, 684), (54, 792, 702), (72, 792, 702), (72, 792, 684), (36, 792, 720), (54, 810, 684), (54, 792, 666), (72, 774, 666), (54, 810, 738), (54, 792, 720), (54, 792, 702), (72, 774, 720), (54, 792, 684), (54, 810, 720), (54, 792, 720)]	(9412, 11931, 10640, 10679, 11560, 9899, 8182, 6460, 4904, 7038, 9265, 10347, 4758, 6149, 7227, 8616, 11347, 20069, 17150, 9307, 17857, 14418, 12014, 1968)
right	r	289862	(576, 305)	[(18, 846, 702), (54, 810, 594), (54, 810, 594), (54, 792, 612), (54, 792, 648), (36, 828, 630), (18, 828, 684), (54, 810, 738), (-54, 846, 648), (-36, 846, 720), (54, 828, 666), (36, 810, 576), (-18, 828, 630), (36, 846, 666), (18, 846, 702), (18, 828, 702), (18, 846, 702), (36, 846, 612), (18, 828, 576), (-36, 828, 630), (0, 846, 576), (0, 846, 666), (54, 882, 738), (18, 864, 648), (0, 828, 594)]	(9426, 12266, 10847, 11372, 11601, 9986, 8535, 6355, 4667, 7069, 8244, 10686, 4774, 6152, 7232, 8985, 11336, 20085, 16338, 9407, 18116, 14649, 12035, 1970)
right	z	291919	(756, 389)	[(36, 792, 720), (18, 810, 702), (0, 792, 720), (54, 774, 666), (36, 756, 702), (0, 774, 720), (18, 792, 702), (0, 792, 792), (36, 792, 738), (36, 774, 684), (18, 774, 666), (36, 792, 702), (18, 792, 702), (18, 792, 756), (18, 792, 702), (18, 792, 702), (36, 792, 702), (0, 792, 720), (-36, 828, 684), (54, 792, 738), (54, 792, 720), (18, 792, 702), (18, 792, 702), (18, 792, 720), (18, 810, 684)]	(9405, 12094, 10715, 10770, 11556, 9819, 8019, 6042, 4444, 6993, 8274, 10740, 4720, 6160, 7223, 8986, 11318, 20009, 16303, 9273, 17732, 14358, 12016, 1982)
left	s	293656	(671, 367)	[(54, 810, 648), (36, 792, 684), (36, 774, 720), (36, 792, 738), (54, 792, 738), (54, 792, 720), (36, 792, 666), (36, 774, 666), (36, 810, 756), (36, 792, 702), (54, 792, 684), (54, 792, 666), (36, 792, 684), (54, 792, 720), (36, 810, 738), (36, 810, 702), (54, 792, 684), (54, 792, 684), (54, 792, 666), (36, 810, 738), (36, 810, 738), (54, 810, 702), (36, 810, 684), (18, 792, 666), (36, 810, 666)]	(9412, 12117, 10773, 10744, 11564, 9853, 8255, 6313, 4837, 7027, 8812, 11189, 4819, 6132, 7226, 9034, 11334, 20044, 16592, 9364, 17823, 14526, 12020, 1951)
right	i	295414	(568, 113)	[(36, 792, 702), (54, 792, 684), (18, 792, 720), (18, 810, 738), (90, 792, 666), (54, 792, 666), (36, 792, 702), (54, 810, 702), (54, 792, 720), (36, 810, 720), (36, 792, 648), (36, 810, 684), (36, 792, 702), (54, 810, 702), (18, 792, 720), (36, 810, 702), (36, 792, 702), (18, 810, 666), (18, 792, 702), (54, 792, 702), (36, 792, 738), (36, 810, 738), (36, 792, 720), (54, 810, 756), (36, 792, 684)]	(9414, 12282, 10989, 11163, 11575, 9893, 8166, 6229, 4548, 6935, 8431, 10849, 4834, 6150, 7247, 9049, 11326, 20050, 16497, 9377, 17887, 14530, 12033, 1982)
right	x	297054	(750, 342)	[(54, 810, 684), (36, 810, 684), (36, 792, 702), (36, 810, 702), (18, 810, 666), (54, 792, 702), (36, 774, 648), (36, 810, 702), (36, 774, 720), (18, 810, 738), (54, 792, 738), (36, 792, 738), (18, 774, 702), (36, 792, 702), (72, 792, 720), (54, 792, 702), (36, 792, 720), (18, 792, 702), (36, 774, 702), (0, 792, 666), (54, 792, 720), (72, 810, 684), (18, 810, 720), (18, 792, 720), (54, 792, 702)]	(9413, 12257, 10879, 10837, 11567, 9850, 8070, 6151, 4446, 6936, 8082, 10664, 4745, 6153, 7236, 8840, 11311, 20035, 16641, 9310, 17886, 14399, 12006, 1974)
right	a	299003	(669, 447)	[(54, 792, 684), (54, 792, 702), (54, 792, 720), (54, 756, 666), (72, 774, 630), (0, 810, 792), (18, 828, 792), (36, 792, 810), (0, 756, 756), (18, 774, 648), (18, 792, 648), (36, 774, 756), (36, 792, 738), (-36, 792, 702), (0, 792, 684), (36, 774, 720), (18, 774, 756), (18, 792, 684), (18, 774, 666), (-36, 774, 738), (18, 774, 666), (72, 792, 756), (0, 792, 648), (-36, 810, 720), (18, 792, 720)]	(9435, 12573, 11266, 11524, 11588, 9871, 7782, 5866, 4222, 7001, 7437, 10797, 4713, 6159, 7237, 9199, 11303, 20005, 16109, 9357, 17849, 14467, 12015, 1967)
right	y	300907	(585, 211)	[(36, 792, 702), (36, 792, 702), (36, 792, 720), (36, 810, 720), (36, 792, 702), (36, 792, 684), (18, 792, 738), (36, 792, 720), (54, 774, 702), (18, 774, 702), (18, 774, 702), (54, 792, 702), (36, 792, 720), (36, 774, 720), (36, 792, 684), (-36, 792, 720), (18, 792, 720), (18, 792, 720), (18, 792, 738), (18, 774, 720), (54, 792, 666), (18, 792, 738), (36, 792, 720), (18, 792, 702), (36, 792, 720)]	(9422, 12299, 11090, 11493, 11580, 9882, 7970, 6148, 4325, 6981, 8311, 10886, 4801, 6166, 7232, 9146, 11315, 20014, 16256, 9345, 17821, 14444, 12013, 1964)
right	h	302820	(671, 190)	[(36, 792, 756), (18, 792, 702), (36, 792, 720), (54, 774, 684), (36, 792, 684), (36, 792, 684), (36, 810, 702), (54, 810, 702), (36, 792, 720), (36, 792, 702), (54, 792, 666), (18, 810, 702), (36, 792, 684), (54, 792, 720), (36, 792, 684), (36, 792, 702), (54, 792, 684), (36, 792, 684), (18, 792, 720), (54, 792, 702), (36, 810, 720), (54, 792, 738), (36, 810, 720), (36, 792, 702), (36, 774, 702)]	(9414, 12249, 11047, 11309, 11575, 9882, 8210, 6451, 4677, 7041, 8584, 11037, 4804, 6127, 7243, 9044, 11318, 20048, 16491, 9350, 17921, 14467, 12019, 1974)
left	d	304659	(665, 324)	[(54, 792, 666), (54, 792, 702), (54, 810, 720), (54, 792, 684), (54, 792, 648), (36, 810, 684), (54, 810, 702), (72, 792, 738), (36, 810, 684), (54, 774, 702), (54, 792, 702), (72, 792, 720), (72, 810, 702), (36, 792, 684), (54, 810, 702), (54, 792, 666), (72, 792, 702), (36, 792, 684), (36, 810, 666), (54, 810, 756), (36, 810, 756), (54, 846, 702), (36, 810, 684), (54, 792, 666), (54, 792, 648)]	(9411, 12129, 10965, 11024, 11571, 9845, 8007, 6359, 4600, 6942, 8919, 10968, 4846, 6167, 7240, 8877, 11316, 20059, 16780, 9370, 17952, 14504, 12024, 1970)
right	u	306463	(594, 166)	[(36, 792, 720), (36, 810, 702), (54, 774, 684), (36, 792, 684), (36, 792, 684), (54, 792, 738), (54, 810, 684), (36, 792, 684), (36, 810, 720), (36, 810, 738), (36, 810, 738), (36, 792, 702), (54, 792, 666), (18, 792, 684), (18, 792, 684), (54, 792, 720), (-54, 828, 684), (18, 792, 720), (0, 792, 576), (0, 810, 720), (36, 810, 756), (18, 810, 756), (18, 810, 720), (18, 774, 666), (18, 792, 630)]	(9416, 12244, 11052, 11470, 11577, 9822, 7999, 6133, 4641, 7023, 8619, 10869, 4834, 6125, 7213, 9079, 11338, 20021, 16273, 9375, 17874, 14494, 12027, 1963)
right	t	308508	(585, 256)	[(54, 792, 702), (36, 792, 666), (-36, 810, 702), (18, 810, 756), (36, 810, 702), (18, 792, 684), (18, 792, 756), (0, 828, 684), (-18, 810, 648), (36, 792, 684), (36, 792, 648), (0, 810, 684), (-36, 828, 702), (18, 810, 756), (36, 810, 702), (18, 792, 666), (18, 792, 666), (18, 810, 666), (-36, 810, 738), (0, 810, 702), (0, 792, 702), (36, 792, 756), (36, 810, 720), (0, 810, 666), (0, 792, 684)]	(9432, 12337, 11132, 11563, 11581, 9886, 7762, 6067, 4510, 6928, 8266, 11030, 4850, 6148, 7227, 9186, 11305, 20027, 16154, 9393, 17882, 14544, 12024, 1975)
left	i	310514	(587, 118)	[(90, 810, 648), (72, 810, 648), (72, 846, 684), (72, 846, 702), (72, 864, 666), (108, 828, 630), (72, 810, 612), (90, 810, 630), (90, 828, 666), (90, 846, 702), (108, 846, 684), (90, 846, 630), (90, 828, 648), (72, 828, 666), (90, 828, 630), (90, 828, 666), (108, 846, 648), (72, 846, 648), (108, 828, 630), (72, 846, 702), (72, 828, 648), (72, 828, 648), (90, 828, 612), (90, 828, 648), (54, 828, 666)]	(9437, 12446, 11086, 10658, 11565, 9723, 8040, 5857, 4287, 6913, 7987, 8998, 4736, 6091, 7175, 7943, 11369, 20150, 18792, 9390, 18285, 14530, 12035, 1976)
right	t	312924	(582, 229)	[(36, 774, 684), (18, 756, 702), (-54, 792, 684), (0, 792, 666), (36, 792, 756), (0, 792, 756), (-36, 792, 738), (-36, 792, 738), (36, 774, 684), (18, 774, 720), (0, 792, 666), (-36, 792, 756), (18, 774, 666), (-36, 774, 702), (0, 774, 720), (0, 774, 720), (0, 792, 756), (0, 792, 720), (0, 792, 702), (-36, 774, 666), (36, 774, 720), (18, 792, 720), (-18, 792, 792), (0, 792, 756), (18, 774, 738)]	(9423, 12480, 11206, 11668, 11565, 9779, 7594, 6043, 4287, 6862, 7433, 10457, 4779, 6145, 7213, 8963, 11332, 20032, 16322, 9399, 17995, 14549, 12033, 1970)
right	s	314780	(675, 368)	[(18, 774, 702), (18, 792, 702), (-18, 792, 702), (18, 810, 720), (18, 792, 738), (18, 792, 666), (18, 792, 702), (18, 792, 702), (0, 792, 720), (18, 792, 720), (36, 774, 684), (18, 774, 666), (-36, 810, 756), (18, 810, 720), (18, 792, 684), (18, 792, 702), (-36, 774, 756), (18, 792, 702), (18, 792, 720), (-18, 810, 738), (0, 792, 738), (18, 792, 702), (0, 792, 684), (0, 774, 702), (0, 810, 684)]	(9423, 12340, 11100, 11340, 11555, 9808, 7505, 5945, 4214, 6994, 7806, 10517, 4793, 6158, 7240, 9069, 11310, 19990, 16091, 9357, 17815, 14459, 12018, 1975)
right	r	317087	(579, 314)	[(18, 792, 684), (-36, 774, 720), (0, 810, 702), (0, 810, 702), (18, 792, 702), (-36, 792, 684), (-36, 792, 720), (0, 792, 720), (18, 774, 702), (0, 792, 684), (0, 792, 684), (0, 774, 720), (0, 810, 738), (0, 792, 738), (0, 774, 720), (-36, 774, 702), (0, 792, 720), (-36, 792, 720), (0, 792, 720), (-36, 774, 720), (36, 774, 756), (0, 792, 738), (-36, 810, 720), (18, 774, 702), (0, 792, 630)]	(9419, 12275, 11070, 11573, 11573, 9835, 7822, 6227, 4409, 6969, 7988, 10913, 4853, 6166, 7239, 9195, 11308, 19999, 16039, 9348, 17722, 14429, 12019, 1985)
right	l	319100	(669, 39)	[(36, 792, 720), (36, 792, 666), (18, 792, 684), (36, 792, 702), (36, 792, 702), (36, 792, 720), (36, 810, 702), (18, 792, 684), (36, 792, 702), (54, 810, 702), (36, 792, 720), (36, 792, 702), (18, 792, 684), (36, 792, 720), (36, 792, 702), (36, 810, 702), (18, 792, 684), (36, 792, 666), (36, 792, 720), (0, 810, 720), (-36, 810, 720), (18, 810, 720), (18, 792, 702), (36, 810, 666), (36, 792, 666)]	(9393, 11601, 10523, 11067, 11544, 9820, 8141, 6413, 4877, 7020, 9080, 10437, 4786, 6155, 7237, 8731, 11305, 20008, 16164, 9256, 17604, 14295, 12009, 1976)
left	p	321108	(594, 15)	[(54, 846, 864), (54, 810, 684), (108, 792, 576), (54, 810, 558), (72, 810, 612), (108, 828, 684), (144, 846, 612), (126, 846, 648), (108, 846, 666), (108, 846, 666), (108, 828, 594), (126, 846, 576), (90, 828, 630), (108, 846, 666), (108, 846, 648), (90, 828, 594), (108, 846, 684), (144, 846, 612), (126, 846, 594), (144, 828, 648), (90, 846, 630), (90, 828, 666), (108, 846, 612), (126, 846, 648), (126, 864, 666)]	(9437, 12632, 11238, 10733, 11603, 9974, 8603, 6090, 4615, 7037, 8833, 8019, 4657, 6094, 7205, 7612, 11424, 20231, 19705, 9345, 18406, 14427, 12034, 1966)
right	c	323963	(750, 292)	[(36, 792, 702), (54, 792, 684), (36, 774, 738), (54, 792, 720), (36, 810, 684), (54, 774, 792), (54, 792, 702), (54, 774, 702), (36, 792, 666), (18, 792, 666), (36, 774, 756), (54, 774, 774), (18, 792, 720), (36, 792, 666), (54, 774, 702), (18, 774, 702), (36, 792, 702), (36, 792, 720), (36, 792, 702), (36, 792, 720), (18, 792, 648), (72, 792, 720), (54, 810, 720), (54, 792, 684), (36, 810, 720)]	(9419, 12295, 10926, 10897, 11590, 9874, 8294, 6393, 4672, 6997, 9035, 10422, 4796, 6172, 7238, 8634, 11351, 20071, 17165, 9306, 17911, 14306, 12017, 1973)
right	v	325939	(760, 255)	[(36, 792, 702), (54, 810, 684), (54, 774, 702), (54, 792, 666), (54, 792, 702), (54, 810, 702), (54, 792, 702), (36, 792, 702), (54, 774, 720), (36, 792, 720), (36, 792, 702), (54, 792, 720), (36, 792, 738), (36, 792, 738), (54, 792, 684), (54, 792, 702), (36, 792, 684), (36, 792, 738), (36, 792, 666), (-36, 810, 666), (90, 792, 702), (72, 792, 720), (36, 792, 720), (36, 774, 720), (18, 774, 684)]	(9412, 12230, 10874, 10876, 11576, 9885, 8299, 6467, 4772, 6975, 9118, 10402, 4811, 6170, 7247, 8607, 11334, 20051, 17120, 9286, 17811, 14255, 12005, 1976)
left	m	327837	(766, 87)	[(72, 810, 774), (36, 810, 720), (54, 810, 666), (108, 810, 630), (90, 792, 666), (54, 810, 666), (72, 810, 684), (72, 810, 720), (72, 792, 666), (90, 828, 648), (90, 810, 720), (54, 810, 702), (72, 792, 666), (72, 810, 666), (72, 828, 666), (72, 810, 666), (36, 810, 684), (72, 810, 684), (90, 828, 684), (72, 828, 702), (54, 828, 666), (36, 792, 684), (72, 810, 702), (72, 810, 684), (72, 810, 702)]	(9415, 12233, 11006, 10828, 11567, 9886, 7813, 6231, 4540, 6983, 9247, 9938, 4757, 6122, 7226, 8292, 11344, 20097, 17748, 9371, 18163, 14454, 12019, 1973)
left	s	331799	(647, 375)	[(54, 792, 702), (72, 792, 720), (72, 774, 702), (72, 792, 702), (54, 792, 702), (72, 792, 702), (90, 792, 702), (72, 792, 720), (54, 792, 684), (72, 792, 702), (72, 792, 720), (72, 810, 720), (90, 792, 684), (90, 792, 684), (72, 792, 702), (72, 792, 702), (90, 792, 648), (72, 810, 684), (54, 792, 684), (72, 792, 720), (54, 792, 684), (54, 792, 702), (72, 792, 702), (72, 774, 720), (72, 792, 684)]	(9410, 12283, 10945, 10647, 11588, 9846, 8051, 6119, 4476, 6942, 9111, 10543, 4853, 6133, 7236, 8459, 11368, 20082, 17963, 9320, 17905, 14317, 12015, 1980)
left	p	334305	(595, 21)	[(108, 810, 630), (90, 792, 648), (90, 792, 684), (108, 810, 648), (90, 810, 666), (108, 810, 648), (144, 810, 684), (108, 810, 738), (90, 810, 720), (126, 828, 648), (162, 828, 594), (108, 828, 612), (108, 810, 720), (144, 810, 648), (126, 810, 666), (108, 810, 702), (108, 810, 684), (144, 828, 630), (108, 810, 666), (90, 810, 720), (90, 810, 702), (108, 810, 684), (108, 810, 630), (126, 810, 702), (126, 810, 666)]	(9440, 12937, 11570, 10808, 11627, 9907, 8476, 6005, 4350, 6918, 8928, 8787, 4737, 6090, 7201, 7707, 11422, 20217, 19896, 9374, 18517, 14452, 12025, 1958)
left	y	336660	(591, 207)	[(144, 810, 702), (90, 810, 702), (108, 810, 720), (108, 792, 648), (108, 792, 666), (108, 810, 684), (108, 810, 648), (90, 810, 720), (108, 810, 720), (126, 810, 702), (108, 810, 648), (108, 828, 648), (90, 810, 684), (108, 828, 666), (126, 828, 702), (108, 828, 666), (108, 810, 648), (90, 810, 630), (126, 828, 648), (108, 810, 684), (90, 810, 684), (90, 810, 684), (108, 828, 702), (108, 810, 666), (108, 810, 630)]	(9434, 12486, 11068, 10643, 11620, 10010, 8582, 6334, 4614, 7054, 9150, 9881, 4798, 6113, 7219, 8020, 11402, 20199, 18753, 9429, 18507, 14609, 12037, 1977)
right	w	339268	(598, 400)	[(0, 810, 684), (-18, 810, 720), (0, 792, 738), (0, 810, 702), (0, 810, 720), (18, 810, 684), (0, 792, 702), (0, 792, 702), (0, 810, 702), (0, 792, 702), (18, 792, 684), (-18, 810, 738), (-36, 792, 702), (-36, 792, 720), (-36, 792, 702), (-36, 810, 720), (0, 792, 684), (0, 792, 684), (-72, 792, 612), (0, 828, 756), (18, 810, 702), (-36, 810, 702), (0, 792, 720), (-18, 810, 648), (-36, 810, 666)]	(9434, 12310, 11152, 11696, 11593, 9839, 7670, 6226, 4367, 7030, 8216, 10689, 4806, 6154, 7240, 9293, 11322, 20008, 16104, 9368, 17829, 14474, 12023, 1975)
left	t	341707	(596, 248)	[(72, 828, 648), (72, 828, 666), (90, 828, 666), (90, 828, 630), (90, 846, 666), (90, 846, 666), (72, 846, 666), (108, 792, 648), (90, 828, 630), (90, 828, 666), (72, 828, 702), (90, 828, 666), (90, 828, 630), (72, 828, 666), (72, 828, 666), (72, 828, 648), (90, 810, 666), (90, 828, 666), (90, 828, 630), (54, 828, 666), (54, 828, 666), (90, 828, 666), (72, 828, 666), (72, 846, 630), (90, 828, 666)]	(9449, 12685, 11230, 10712, 11596, 9881, 8274, 5965, 4157, 7013, 8163, 9457, 4712, 6110, 7194, 8016, 11402, 20191, 18928, 9448, 18543, 14667, 12044, 1975)
right	j	347020	(671, 145)	[(18, 810, 666), (36, 810, 684), (36, 810, 720), (36, 810, 720), (18, 810, 684), (36, 792, 684), (54, 792, 702), (36, 810, 684), (36, 810, 702), (36, 810, 702), (36, 792, 684), (36, 792, 702), (36, 810, 702), (18, 810, 684), (36, 792, 702), (36, 792, 702), (36, 810, 702), (36, 810, 702), (36, 792, 702), (36, 792, 720), (36, 810, 666), (36, 810, 684), (36, 792, 702), (36, 810, 684), (36, 810, 684)]	(9444, 12775, 11333, 11089, 11572, 9857, 7484, 5920, 4170, 6875, 6925, 10101, 4717, 6105, 7206, 8526, 11332, 20049, 17525, 9386, 18110, 14518, 12015, 1966)
right	a	349222	(676, 456)	[(36, 792, 702), (54, 792, 666), (36, 792, 684), (54, 792, 648), (-36, 792, 630), (18, 774, 774), (18, 774, 774), (18, 774, 756), (-36, 774, 738), (18, 792, 720), (-36, 756, 774), (-18, 792, 738), (18, 774, 702), (54, 792, 702), (-54, 792, 774), (-36, 774, 702), (-18, 774, 720), (-54, 792, 666), (-36, 792, 756), (0, 792, 720), (-90, 774, 846), (18, 774, 702), (18, 792, 792), (-36, 792, 720), (-54, 792, 738)]	(9459, 12797, 11432, 11310, 11606, 9878, 6780, 5796, 4171, 6925, 6627, 10955, 4772, 6168, 7234, 9119, 11304, 19966, 16715, 9279, 17581, 14268, 11992, 1978)
left	h	351339	(681, 175)	[(0, 792, 612), (36, 792, 648), (72, 810, 576), (108, 810, 630), (90, 828, 720), (36, 810, 684), (36, 828, 702), (90, 810, 756), (90, 810, 648), (72, 828, 684), (54, 810, 684), (54, 810, 666), (90, 810, 666), (54, 810, 684), (54, 810, 648), (90, 828, 702), (72, 810, 738), (72, 828, 648), (72, 828, 666), (36, 810, 684), (54, 828, 666), (36, 792, 720), (72, 846, 720), (72, 828, 648), (54, 810, 666)]	(9443, 12609, 11278, 10954, 11592, 9942, 8005, 5939, 4432, 6895, 8105, 10208, 4760, 6111, 7216, 8287, 11363, 20116, 18260, 9406, 18277, 14526, 12017, 1967)
left	n	353281	(751, 160)	[(54, 828, 738), (54, 810, 720), (72, 792, 666), (54, 828, 702), (54, 810, 666), (72, 810, 630), (54, 828, 648), (36, 810, 666), (72, 810, 684), (72, 828, 702), (54, 828, 720), (54, 828, 666), (72, 810, 648), (54, 810, 666), (54, 810, 684), (54, 828, 684), (36, 810, 648), (54, 810, 666), (72, 810, 666), (72, 828, 738), (54, 792, 684), (54, 810, 720), (72, 792, 684), (72, 810, 630), (54, 810, 630)]	(9432, 12526, 11290, 10945, 11564, 9795, 7670, 5857, 4257, 7003, 8080, 9957, 4733, 6118, 7205, 8440, 11349, 20097, 17814, 9416, 18284, 14556, 12028, 1942)
right	c	354966	(755, 305)	[(36, 792, 738), (54, 810, 630), (54, 792, 702), (18, 774, 720), (54, 792, 702), (36, 792, 684), (54, 810, 666), (36, 792, 720), (18, 810, 684), (54, 810, 702), (54, 792, 702), (36, 792, 684), (36, 792, 702), (36, 810, 720), (72, 810, 684), (36, 792, 684), (18, 792, 684), (54, 810, 774), (54, 792, 648), (72, 810, 702), (54, 810, 684), (54, 792, 684), (54, 792, 666), (54, 792, 684), (54, 810, 702)]	(9415, 12472, 11180, 11059, 11589, 9948, 8082, 6407, 4633, 7004, 8582, 10420, 4749, 6144, 7232, 8471, 11355, 20096, 17600, 9349, 18149, 14329, 12015, 1976)
right	m	357374	(749, 96)	[(54, 810, 738), (54, 810, 702), (54, 810, 702), (72, 810, 702), (72, 792, 684), (54, 810, 684), (54, 792, 684), (72, 792, 684), (54, 792, 702), (54, 792, 702), (54, 792, 684), (54, 792, 702), (54, 810, 684), (54, 810, 684), (54, 792, 720), (54, 792, 702), (72, 810, 702), (72, 792, 666), (54, 774, 738), (36, 792, 720), (72, 810, 684), (54, 810, 702), (36, 810, 684), (54, 792, 666), (72, 792, 684)]	(9425, 12379, 11153, 11053, 11602, 9976, 8318, 6429, 4640, 7016, 8861, 10130, 4759, 6140, 7214, 8410, 11365, 20105, 17828, 9353, 18181, 14360, 12025, 1962)
left	f	359756	(682, 283)	[(72, 810, 666), (54, 828, 612), (108, 810, 738), (54, 828, 702), (54, 828, 666), (90, 792, 666), (90, 810, 630), (72, 810, 702), (54, 828, 684), (72, 810, 684), (72, 828, 684), (72, 828, 666), (90, 810, 684), (72, 810, 684), (54, 828, 684), (54, 810, 684), (90, 810, 666), (90, 810, 648), (72, 810, 684), (72, 828, 648), (72, 810, 684), (72, 828, 684), (90, 810, 684), (90, 828, 648), (72, 792, 666)]	(9426, 12379, 11049, 10761, 11599, 9920, 8410, 6425, 4574, 7096, 8990, 10546, 4791, 6149, 7233, 8461, 11383, 20115, 18177, 9370, 18159, 14444, 12024, 1972)
right	s	361600	(677, 386)	[(72, 792, 666), (72, 828, 666), (108, 810, 702), (108, 774, 684), (144, 774, 792), (-72, 810, 756), (-36, 846, 702), (36, 810, 774), (0, 774, 648), (54, 828, 756), (72, 774, 738), (36, 810, 702), (18, 828, 666), (36, 792, 666), (36, 792, 702), (0, 810, 702), (0, 810, 702), (0, 792, 720), (0, 810, 648), (36, 828, 648), (54, 810, 720), (0, 828, 702), (0, 810, 684), (18, 810, 648), (36, 828, 630)]	(9444, 12649, 11461, 11677, 11597, 9932, 7381, 6000, 4240, 6946, 7336, 10557, 4769, 6146, 7226, 8954, 11310, 20011, 16621, 9358, 17967, 14428, 12012, 1964)
left	x	363610	(737, 353)	[(54, 792, 684), (54, 792, 684), (36, 810, 720), (72, 810, 684), (72, 810, 666), (72, 810, 702), (54, 810, 720), (54, 810, 684), (72, 810, 684), (54, 792, 684), (54, 810, 702), (36, 792, 702), (54, 792, 666), (36, 810, 684), (54, 792, 666), (72, 810, 720), (54, 810, 684), (36, 810, 702), (54, 810, 702), (36, 810, 666), (54, 792, 684), (36, 810, 702), (36, 810, 684), (54, 810, 720), (54, 792, 684)]	(9418, 12271, 11002, 10861, 11585, 9910, 7980, 6425, 4684, 6952, 9140, 10508, 4789, 6154, 7230, 8676, 11355, 20074, 17487, 9353, 18011, 14399, 11995, 1970)
right	f	365915	(671, 271)	[(54, 792, 702), (36, 828, 702), (18, 810, 720), (36, 810, 702), (36, 792, 684), (18, 792, 684), (36, 792, 684), (36, 792, 738), (54, 792, 702), (36, 792, 684), (36, 810, 702), (18, 792, 702), (54, 792, 702), (36, 810, 702), (18, 810, 666), (36, 792, 702), (36, 810, 702), (36, 792, 720), (18, 792, 702), (54, 792, 684), (36, 792, 666), (54, 792, 702), (36, 810, 720), (36, 792, 702), (18, 792, 684)]	(9436, 12759, 11505, 11308, 11610, 9896, 7928, 6123, 4295, 6940, 7982, 10601, 4758, 6145, 7215, 8795, 11367, 20086, 17470, 9374, 18131, 14454, 12011, 1968)
left	h	367971	(674, 189)	[(18, 792, 702), (36, 792, 720), (36, 792, 684), (54, 792, 648), (108, 810, 684), (72, 828, 648), (72, 828, 648), (54, 792, 720), (54, 828, 648), (72, 828, 702), (72, 828, 684), (72, 828, 684), (54, 810, 666), (54, 810, 648), (90, 828, 666), (90, 828, 666), (72, 846, 702), (72, 828, 630), (72, 810, 648), (72, 828, 648), (36, 828, 684), (36, 828, 666), (54, 828, 666), (72, 828, 666), (72, 810, 702)]	(9439, 12701, 11373, 10854, 11597, 9888, 7919, 5991, 4303, 6998, 8098, 10047, 4744, 6112, 7220, 8384, 11380, 20148, 18337, 9453, 18437, 14635, 12029, 1970)
left	u	370471	(599, 162)	[(72, 828, 684), (54, 828, 648), (72, 846, 666), (72, 828, 630), (72, 828, 648), (72, 828, 648), (72, 828, 648), (72, 828, 666), (90, 846, 648), (72, 846, 666), (54, 828, 666), (108, 828, 684), (90, 846, 630), (72, 828, 666), (54, 828, 648), (72, 846, 630), (72, 828, 648), (90, 846, 612), (90, 828, 648), (72, 846, 666), (36, 864, 666), (54, 846, 648), (54, 846, 648), (72, 846, 648), (90, 846, 612)]	(9456, 12820, 11412, 10781, 11590, 9832, 7825, 6063, 4180, 6969, 7747, 9888, 4791, 6102, 7188, 8269, 11378, 20163, 18457, 9472, 18491, 14734, 12045, 1975)
