Please hold the phone in both hands. At each letter you will be instructed which thumb to use
left	a	1090860	(658, 425)	[(90, 720, 756), (90, 720, 756), (90, 720, 756), (72, 720, 774), (90, 720, 774), (108, 738, 774), (72, 720, 792), (90, 720, 774), (90, 720, 756), (90, 702, 756), (90, 720, 774), (90, 720, 774), (90, 720, 792), (90, 720, 774), (90, 720, 774), (72, 720, 756), (90, 720, 810), (90, 720, 792), (90, 720, 738), (108, 738, 756), (90, 720, 792), (90, 720, 792), (108, 720, 792), (90, 720, 828), (90, 702, 792)]	(9482, 11788, 10768, 10907, 11785, 11351, 6940, 6008, 4323, 7011, 7612, 9687, 6545, 6100, 7198, 8044, 11210, 19925, 16005, 9200, 17203, 14304, 12013, 1970)
left	g	1093098	(676, 222)	[(54, 720, 828), (72, 720, 810), (90, 720, 792), (108, 720, 738), (90, 738, 756), (90, 720, 738), (72, 738, 756), (90, 720, 792), (90, 738, 774), (108, 738, 756), (90, 738, 756), (108, 738, 792), (108, 720, 792), (108, 720, 756), (90, 738, 720), (108, 738, 702), (90, 738, 738), (90, 738, 792), (90, 738, 810), (108, 738, 792), (108, 738, 774), (90, 738, 720), (90, 720, 738), (90, 720, 756), (90, 720, 756)]	(9470, 12030, 10888, 10656, 11769, 11251, 6793, 6011, 4335, 7001, 7871, 9008, 6028, 6055, 7172, 7937, 11228, 19958, 16420, 9305, 17632, 14529, 12021, 1977)
left	x	1094837	(738, 350)	[(90, 738, 774), (90, 720, 774), (72, 720, 756), (72, 702, 774), (90, 720, 756), (90, 702, 774), (72, 720, 774), (90, 720, 774), (90, 720, 756), (90, 720, 774), (90, 720, 774), (72, 720, 792), (90, 702, 792), (90, 720, 774), (90, 720, 774), (72, 720, 756), (108, 720, 810), (90, 720, 810), (72, 720, 792), (90, 720, 774), (90, 702, 774), (90, 720, 792), (90, 720, 774), (72, 702, 756), (90, 720, 756)]	(9473, 12075, 10949, 10804, 11768, 11305, 6738, 5940, 4280, 6999, 7751, 9503, 5933, 6078, 7180, 8165, 11235, 19953, 16187, 9305, 17522, 14524, 12033, 1955)
left	z	1096318	(739, 392)	[(72, 720, 774), (72, 720, 792), (90, 720, 756), (90, 702, 792), (90, 702, 774), (72, 720, 774), (72, 720, 774), (90, 720, 774), (72, 702, 810), (72, 720, 756), (72, 720, 774), (72, 702, 792), (90, 720, 756), (90, 702, 774), (90, 720, 774), (72, 738, 774), (90, 702, 738), (90, 702, 774), (108, 738, 810), (72, 720, 828), (90, 720, 810), (72, 684, 792), (90, 702, 756), (90, 720, 720), (90, 720, 738)]	(9447, 12027, 10899, 10790, 11759, 11263, 6678, 5923, 4255, 6987, 7664, 9462, 5926, 6073, 7178, 8195, 11227, 19946, 16145, 9295, 17477, 14483, 12027, 1969)
left	r	1097854	(580, 312)	[(72, 720, 756), (90, 720, 774), (126, 738, 846), (54, 738, 792), (72, 702, 756), (90, 702, 720), (54, 738, 738), (108, 738, 756), (90, 720, 774), (72, 738, 738), (72, 738, 756), (90, 756, 774), (108, 738, 810), (54, 738, 774), (72, 720, 756), (90, 702, 756), (108, 738, 738), (90, 738, 756), (90, 738, 738), (72, 738, 738), (90, 756, 774), (72, 738, 774), (90, 738, 756), (90, 738, 774), (90, 738, 738)]	(9489, 12300, 11012, 10506, 11737, 11155, 6525, 5861, 4197, 6978, 7930, 9543, 6186, 6072, 7177, 8108, 11249, 19985, 16468, 9352, 17624, 14710, 12042, 1952)
right	h	1099813	(681, 192)	[(54, 720, 774), (54, 720, 792), (54, 720, 792), (72, 720, 774), (54, 720, 774), (54, 720, 774), (54, 720, 774), (54, 720, 792), (54, 720, 774), (72, 720, 756), (72, 720, 774), (54, 702, 792), (54, 702, 774), (72, 720, 792), (54, 720, 792), (54, 720, 774), (54, 738, 756), (54, 720, 774), (72, 720, 792), (36, 720, 720), (54, 702, 792), (108, 702, 828), (36, 738, 756), (72, 720, 792), (72, 720, 738)]	(9471, 12319, 11026, 10870, 11769, 11250, 6760, 5998, 4316, 7008, 8110, 9637, 5892, 6086, 7186, 8370, 11251, 19981, 16156, 9341, 17564, 14616, 12049, 1982)
right	z	1101309	(749, 393)	[(54, 720, 756), (72, 720, 774), (54, 720, 774), (54, 702, 774), (36, 720, 792), (54, 738, 792), (54, 720, 756), (36, 702, 756), (36, 702, 774), (54, 720, 810), (54, 720, 828), (54, 702, 810), (54, 702, 792), (36, 720, 774), (36, 702, 774), (72, 720, 756), (90, 720, 792), (54, 720, 792), (54, 720, 792), (18, 720, 720), (54, 702, 774), (72, 720, 828), (54, 720, 810), (54, 720, 774), (54, 720, 774)]	(9464, 12259, 10889, 10505, 11726, 11125, 6431, 5832, 4155, 6960, 7675, 9900, 5515, 6088, 7193, 8463, 11240, 19960, 15949, 9230, 17355, 14395, 12031, 1979)
right	c	1103817	(754, 299)	[(54, 720, 774), (72, 720, 774), (72, 720, 774), (54, 702, 774), (54, 720, 792), (72, 720, 792), (72, 720, 756), (54, 720, 774), (72, 720, 792), (54, 720, 774), (90, 702, 792), (72, 720, 756), (72, 720, 774), (54, 720, 792), (72, 720, 792), (54, 720, 756), (72, 720, 774), (54, 720, 738), (72, 720, 756), (72, 720, 792), (72, 720, 846), (54, 720, 828), (54, 720, 792), (54, 702, 774), (54, 702, 756)]	(9467, 12215, 10919, 10565, 11761, 11222, 6673, 6009, 4371, 6999, 8263, 9843, 5495, 6085, 7193, 8433, 11255, 19985, 16076, 9288, 17535, 14524, 12038, 1953)
left	f	1106306	(664, 268)	[(90, 702, 792), (72, 720, 792), (54, 720, 792), (72, 720, 828), (54, 738, 810), (72, 720, 774), (72, 702, 738), (54, 720, 738), (90, 720, 756), (72, 720, 810), (72, 738, 792), (72, 720, 774), (54, 720, 756), (72, 720, 738), (90, 720, 774), (90, 720, 756), (72, 720, 756), (72, 738, 774), (72, 720, 756), (54, 720, 792), (54, 720, 792), (72, 720, 792), (90, 720, 738), (72, 720, 774), (72, 720, 774)]	(9465, 12118, 10927, 10668, 11760, 11180, 6797, 6168, 4491, 7039, 9235, 9221, 5611, 6067, 7167, 8222, 11252, 20012, 16203, 9383, 17760, 14782, 12055, 1970)
right	b	1108263	(761, 188)	[(90, 720, 810), (72, 720, 774), (90, 702, 756), (90, 702, 792), (54, 702, 810), (72, 720, 774), (72, 702, 792), (72, 702, 774), (72, 702, 774), (72, 720, 774), (72, 720, 756), (72, 720, 756), (72, 720, 774), (72, 720, 774), (72, 720, 792), (72, 720, 774), (18, 720, 756), (108, 702, 792), (108, 738, 774), (72, 738, 810), (90, 720, 792), (90, 702, 738), (54, 702, 756), (72, 702, 774), (90, 720, 756)]	(9452, 12007, 10789, 10556, 11762, 11267, 6797, 6172, 4504, 7045, 9489, 9486, 5558, 6073, 7184, 8235, 11252, 20005, 16170, 9313, 17670, 14619, 12044, 1974)
right	e	1110555	(572, 333)	[(72, 720, 828), (18, 720, 828), (54, 738, 792), (72, 702, 792), (72, 720, 792), (72, 720, 774), (54, 720, 756), (54, 720, 756), (72, 720, 720), (18, 720, 810), (0, 702, 846), (54, 720, 846), (18, 720, 792), (18, 702, 756), (36, 684, 792), (36, 702, 756), (-36, 720, 810), (-36, 720, 810), (0, 702, 702), (-36, 702, 828), (36, 738, 828), (0, 738, 828), (0, 720, 792), (18, 702, 738), (36, 702, 774)]	(9462, 12001, 10815, 11029, 11723, 11059, 6567, 5993, 4314, 7000, 8012, 10120, 5283, 6098, 7198, 8955, 11246, 19959, 15625, 9329, 17440, 14603, 12047, 1966)
right	g	1112301	(667, 245)	[(54, 720, 774), (36, 720, 792), (54, 720, 810), (54, 720, 792), (54, 720, 774), (36, 720, 774), (72, 720, 738), (54, 720, 792), (54, 720, 774), (36, 702, 774), (54, 720, 774), (72, 720, 792), (54, 720, 774), (54, 720, 774), (54, 720, 774), (54, 720, 774), (54, 720, 774), (54, 720, 774), (54, 720, 792), (0, 702, 684), (72, 702, 828), (72, 738, 828), (18, 738, 864), (54, 738, 810), (54, 702, 720)]	(9472, 12151, 10922, 11021, 11801, 11449, 6862, 6200, 4509, 7035, 8293, 10002, 5443, 6083, 7190, 8666, 11264, 20010, 16008, 9333, 17643, 14645, 12056, 1972)
right	n	1113960	(752, 155)	[(72, 720, 774), (90, 720, 774), (90, 720, 774), (72, 720, 738), (72, 720, 756), (72, 738, 810), (72, 720, 828), (72, 720, 756), (90, 720, 738), (90, 720, 774), (54, 720, 774), (72, 720, 792), (72, 720, 792), (72, 720, 774), (72, 720, 774), (72, 720, 756), (72, 720, 756), (90, 720, 774), (54, 720, 828), (72, 720, 810), (54, 720, 774), (72, 720, 792), (72, 720, 756), (72, 720, 774), (90, 720, 774)]	(9454, 12057, 10792, 10478, 11760, 11201, 6779, 6155, 4490, 7028, 8666, 9634, 5304, 6074, 7184, 8372, 11257, 20014, 16347, 9316, 17704, 14606, 12045, 1971)
right	i	1115890	(598, 125)	[(72, 702, 756), (72, 720, 774), (72, 720, 774), (72, 738, 756), (54, 720, 792), (72, 720, 774), (72, 720, 756), (72, 738, 756), (72, 720, 792), (72, 720, 792), (72, 720, 774), (72, 720, 756), (72, 720, 738), (72, 720, 792), (72, 720, 774), (72, 738, 774), (54, 720, 756), (54, 720, 792), (90, 720, 792), (72, 720, 792), (36, 720, 828), (72, 756, 792), (72, 720, 774), (54, 720, 738), (72, 720, 756)]	(9448, 12058, 10840, 11058, 11792, 11409, 6851, 6189, 4497, 7046, 8416, 9773, 5345, 6068, 7185, 8421, 11266, 20028, 16280, 9341, 17792, 14680, 12055, 1969)
right	e	1118275	(578, 332)	[(72, 738, 738), (90, 738, 756), (90, 756, 756), (72, 738, 756), (90, 756, 738), (108, 738, 702), (72, 738, 702), (18, 756, 738), (54, 738, 792), (54, 738, 792), (90, 738, 810), (72, 738, 774), (18, 738, 756), (54, 738, 774), (54, 720, 756), (54, 738, 738), (18, 756, 738), (0, 738, 720), (54, 720, 792), (72, 738, 774), (72, 738, 810), (18, 756, 756), (54, 738, 774), (36, 738, 774), (72, 720, 810)]	(9465, 12195, 10886, 11021, 11736, 11157, 6555, 5842, 4157, 6945, 7647, 9629, 5403, 6070, 7175, 8565, 11256, 20013, 16017, 9410, 17910, 14832, 12058, 1982)
left	d	1120709	(670, 330)	[(72, 738, 774), (54, 738, 756), (90, 738, 756), (72, 720, 756), (72, 738, 756), (54, 738, 756), (90, 738, 756), (72, 738, 774), (54, 738, 720), (72, 738, 774), (72, 738, 774), (72, 738, 738), (90, 738, 738), (90, 756, 792), (54, 738, 792), (54, 738, 756), (90, 720, 720), (72, 738, 720), (72, 756, 810), (90, 738, 756), (72, 738, 756), (72, 720, 756), (72, 756, 792), (72, 720, 828), (90, 720, 756)]	(9471, 12270, 10970, 10585, 11780, 11268, 6994, 6170, 4509, 7048, 9073, 9485, 5534, 6065, 7185, 8355, 11282, 20068, 16427, 9426, 18029, 14935, 12068, 1969)
right	v	1123094	(749, 239)	[(72, 720, 738), (54, 720, 774), (72, 720, 792), (72, 720, 792), (72, 720, 774), (54, 720, 756), (72, 738, 738), (90, 738, 756), (90, 738, 792), (72, 738, 774), (72, 720, 756), (72, 720, 774), (54, 720, 738), (90, 738, 756), (72, 720, 756), (72, 738, 774), (72, 738, 774), (72, 738, 756), (54, 720, 738), (54, 720, 756), (72, 738, 756), (72, 738, 792), (72, 738, 774), (72, 720, 774), (54, 720, 756)]	(9458, 12336, 10948, 10517, 11763, 11260, 6889, 6015, 4340, 7016, 8479, 9705, 5485, 6072, 7191, 8462, 11278, 20057, 16355, 9407, 17933, 14825, 12061, 1968)
right	m	1126896	(754, 89)	[(72, 720, 738), (72, 702, 792), (72, 738, 792), (90, 720, 774), (72, 702, 756), (72, 720, 774), (72, 720, 792), (72, 702, 756), (72, 720, 792), (72, 720, 774), (90, 720, 774), (72, 720, 792), (90, 720, 774), (72, 720, 756), (72, 720, 774), (72, 720, 792), (72, 720, 774), (90, 720, 774), (72, 720, 756), (72, 738, 774), (72, 720, 774), (72, 720, 792), (72, 720, 828), (72, 738, 774), (72, 720, 756)]	(9457, 12136, 10765, 10375, 11787, 11400, 6967, 6171, 4516, 7053, 8751, 9647, 5372, 6075, 7180, 8443, 11275, 20035, 16323, 9392, 17834, 14790, 12061, 1976)
right	h	1133135	(671, 183)	[(18, 756, 756), (0, 756, 756), (18, 738, 792), (18, 738, 756), (0, 738, 756), (18, 738, 738), (18, 756, 738), (18, 738, 774), (18, 738, 792), (18, 738, 774), (18, 738, 756), (36, 738, 756), (0, 738, 774), (18, 756, 756), (18, 756, 738), (0, 756, 738), (36, 738, 756), (18, 738, 720), (0, 738, 774), (18, 738, 828), (0, 756, 792), (18, 756, 810), (0, 756, 702), (36, 738, 684), (36, 720, 720)]	(9451, 12174, 10779, 10360, 11674, 10851, 6632, 5816, 4145, 6926, 7863, 9111, 5162, 6059, 7169, 8585, 11248, 20003, 15743, 9408, 17765, 14875, 12067, 1974)
right	r	1134875	(579, 309)	[(0, 756, 774), (0, 756, 720), (36, 774, 720), (0, 756, 774), (0, 756, 756), (36, 774, 684), (72, 774, 702), (72, 774, 702), (72, 774, 702), (54, 756, 720), (54, 756, 756), (54, 756, 720), (72, 774, 720), (0, 774, 792), (0, 774, 702), (-54, 792, 756), (-54, 774, 792), (0, 756, 738), (18, 756, 684), (-36, 756, 522), (-36, 756, 774), (18, 774, 810), (18, 792, 738), (-36, 756, 720), (0, 756, 756)]	(9468, 12343, 10954, 10918, 11714, 11083, 6797, 5859, 4164, 6974, 7902, 9622, 5162, 6063, 7167, 8792, 11263, 20030, 15587, 9439, 17798, 14936, 12074, 1981)
left	r	1136610	(584, 309)	[(72, 756, 756), (54, 774, 756), (54, 774, 756), (54, 756, 756), (72, 756, 756), (72, 756, 738), (72, 774, 720), (54, 774, 738), (54, 774, 738), (54, 774, 720), (72, 756, 720), (36, 774, 702), (72, 774, 720), (72, 774, 756), (72, 774, 774), (72, 774, 756), (54, 756, 720), (72, 774, 684), (54, 774, 684), (72, 774, 684), (72, 792, 720), (36, 774, 756), (54, 774, 720), (72, 774, 702), (72, 774, 684)]	(9455, 11967, 10486, 10174, 11726, 11061, 7134, 6194, 4542, 7053, 10633, 9270, 5519, 6082, 7188, 8396, 11272, 20045, 16272, 9380, 17675, 14868, 12071, 1985)
right	k	1138515	(673, 102)	[(36, 756, 738), (54, 756, 738), (72, 756, 720), (54, 756, 756), (54, 756, 738), (54, 774, 720), (54, 756, 738), (54, 756, 738), (72, 756, 756), (72, 774, 738), (54, 756, 738), (54, 756, 738), (54, 756, 738), (54, 756, 720), (54, 774, 738), (54, 774, 720), (54, 774, 756), (72, 774, 738), (36, 756, 756), (54, 756, 792), (54, 756, 756), (36, 738, 756), (54, 756, 702), (54, 756, 702), (72, 774, 720)]	(9446, 11855, 10521, 10259, 11735, 11067, 7077, 6176, 4507, 7043, 10208, 9315, 5225, 6084, 7185, 8341, 11260, 20014, 15846, 9344, 17668, 14745, 12061, 1980)
left	n	1141089	(748, 154)	[(72, 774, 720), (72, 774, 702), (72, 774, 720), (72, 756, 702), (72, 774, 720), (54, 774, 720), (72, 774, 738), (90, 756, 756), (90, 774, 756), (72, 774, 756), (72, 756, 720), (72, 756, 702), (72, 756, 738), (72, 774, 720), (108, 774, 684), (90, 774, 756), (90, 774, 756), (72, 774, 720), (72, 774, 720), (72, 774, 756), (90, 774, 756), (72, 774, 756), (72, 774, 720), (90, 756, 738), (72, 756, 720)]	(9431, 11653, 10284, 10078, 11683, 10884, 6943, 6245, 4618, 7077, 11807, 9339, 5181, 6085, 7198, 8302, 11268, 20027, 15970, 9317, 17597, 14698, 12060, 1942)
right	q	1142877	(576, 450)	[(90, 738, 756), (108, 756, 756), (144, 738, 702), (72, 756, 702), (18, 738, 774), (-90, 792, 882), (0, 774, 738), (36, 702, 720), (-72, 792, 684), (-54, 774, 594), (-72, 756, 792), (-36, 774, 738), (-54, 756, 774), (-18, 774, 774), (18, 756, 702), (18, 756, 684), (-54, 738, 738), (-54, 756, 810), (-72, 756, 702), (-72, 738, 810), (-36, 792, 774), (36, 792, 756), (-54, 756, 774), (-90, 756, 738), (-18, 756, 738)]	(9478, 12654, 11280, 11230, 11645, 10302, 5450, 5668, 3916, 6877, 6175, 9827, 4777, 6066, 7165, 9274, 11242, 19950, 15329, 9405, 17603, 14815, 12060, 1974)
right	c	1144865	(755, 282)	[(54, 756, 738), (54, 756, 756), (18, 774, 738), (54, 774, 720), (54, 738, 738), (54, 774, 684), (36, 756, 720), (54, 756, 756), (54, 774, 738), (18, 756, 774), (54, 756, 720), (18, 774, 738), (36, 774, 720), (36, 774, 720), (36, 756, 702), (36, 774, 756), (36, 774, 720), (36, 756, 756), (54, 756, 738), (54, 774, 756), (54, 774, 702), (36, 756, 756), (36, 774, 702), (18, 756, 756), (36, 756, 756)]	(9463, 12265, 10815, 10348, 11706, 10978, 6920, 5942, 4242, 6975, 8078, 9314, 4923, 6061, 7164, 8625, 11275, 20045, 15916, 9425, 17947, 14889, 12074, 1979)
right	y	1147012	(575, 213)	[(36, 756, 738), (18, 774, 738), (54, 774, 720), (36, 774, 720), (36, 756, 738), (36, 774, 720), (18, 774, 738), (36, 774, 738), (36, 774, 738), (36, 774, 720), (18, 756, 738), (36, 774, 756), (36, 756, 756), (18, 774, 738), (18, 774, 720), (18, 774, 720), (18, 774, 738), (36, 756, 720), (-36, 756, 774), (36, 774, 792), (18, 774, 792), (0, 792, 756), (18, 774, 774), (0, 756, 702), (18, 756, 720)]	(9462, 12203, 10854, 10691, 11737, 11085, 9065, 9855, 7933, 6999, 10624, 13659, 4970, 6030, 7175, 8879, 11265, 20025, 15724, 9421, 17818, 14885, 12071, 1979)
left	y	1151756	(587, 210)	[(72, 792, 702), (72, 774, 720), (72, 774, 720), (72, 792, 738), (72, 792, 720), (72, 792, 702), (54, 774, 702), (72, 774, 720), (90, 774, 738), (54, 792, 756), (54, 774, 738), (72, 792, 684), (72, 774, 702), (90, 774, 684), (72, 792, 720), (54, 792, 702), (72, 774, 702), (108, 792, 630), (90, 792, 738), (54, 810, 756), (54, 792, 756), (54, 810, 702), (54, 774, 666), (72, 774, 666), (90, 774, 756)]	(9446, 11862, 10298, 10058, 11698, 10887, 7188, 6170, 4540, 7058, 10808, 9023, 5480, 6085, 7187, 8283, 11268, 20030, 16399, 9293, 17562, 14688, 12056, 1954)
right	s	1153666	(671, 365)	[(72, 756, 738), (54, 756, 702), (36, 774, 738), (72, 756, 774), (72, 756, 756), (54, 738, 702), (36, 774, 702), (36, 774, 756), (90, 774, 756), (36, 756, 774), (36, 756, 792), (0, 738, 756), (54, 756, 774), (36, 756, 738), (18, 756, 720), (18, 756, 756), (18, 756, 756), (18, 774, 738), (18, 738, 720), (18, 756, 684), (36, 738, 792), (18, 756, 702), (18, 756, 774), (18, 774, 774), (0, 756, 792)]	(9456, 12508, 10996, 10529, 11685, 10866, 6128, 5700, 3970, 6919, 6908, 9840, 4854, 6070, 7171, 9049, 11259, 20015, 15594, 9401, 17752, 14825, 12064, 1970)
right	i	1156855	(591, 114)	[(36, 774, 738), (54, 756, 756), (54, 774, 720), (54, 774, 720), (36, 774, 756), (54, 774, 738), (36, 756, 738), (36, 774, 720), (36, 774, 738), (54, 774, 756), (36, 756, 738), (54, 756, 720), (54, 756, 738), (36, 774, 720), (36, 756, 738), (36, 774, 738), (54, 756, 702), (18, 756, 666), (18, 756, 756), (72, 756, 810), (18, 774, 774), (54, 774, 774), (36, 756, 756), (36, 756, 684), (36, 738, 720)]	(9446, 11887, 10548, 10317, 11702, 11006, 7799, 8084, 6789, 7093, 12916, 14463, 4994, 6085, 7189, 8796, 11275, 20025, 15770, 9381, 17737, 14823, 12068, 1976)
right	z	1158517	(748, 387)	[(54, 756, 738), (54, 756, 756), (54, 756, 702), (36, 756, 756), (36, 774, 738), (36, 774, 738), (18, 774, 774), (54, 738, 774), (54, 756, 774), (36, 738, 720), (18, 738, 684), (36, 756, 684), (36, 756, 756), (36, 756, 774), (36, 774, 756), (36, 774, 756), (18, 738, 720), (36, 738, 738), (36, 738, 720), (0, 774, 702), (36, 738, 792), (36, 774, 828), (18, 756, 738), (36, 738, 756), (54, 738, 720)]	(9456, 12252, 10691, 10254, 11683, 10976, 6505, 5748, 4033, 6936, 7465, 9930, 4795, 6095, 7187, 8979, 11273, 19989, 15789, 9292, 17572, 14531, 12046, 1979)
left	c	1160627	(745, 285)	[(90, 738, 702), (90, 756, 738), (72, 756, 756), (72, 756, 756), (72, 738, 756), (54, 738, 756), (54, 738, 756), (54, 738, 738), (54, 738, 738), (72, 756, 756), (54, 738, 756), (72, 738, 720), (72, 738, 774), (54, 756, 756), (72, 756, 756), (72, 756, 792), (72, 738, 720), (72, 738, 756), (54, 738, 756), (72, 738, 756), (72, 738, 756), (72, 756, 756), (72, 756, 738), (72, 738, 792), (72, 738, 738)]	(9436, 11894, 10564, 10207, 11710, 11010, 6952, 6153, 4498, 7043, 10533, 9244, 5069, 6073, 7179, 8276, 11278, 20052, 16119, 9369, 17905, 14843, 12066, 1970)
right	x	1162667	(735, 340)	[(36, 738, 738), (36, 738, 756), (36, 738, 774), (54, 720, 756), (54, 756, 774), (54, 738, 756), (36, 738, 774), (36, 756, 774), (54, 738, 756), (54, 738, 756), (54, 738, 756), (54, 738, 792), (54, 738, 738), (36, 738, 774), (36, 720, 756), (36, 738, 738), (36, 738, 738), (54, 738, 738), (18, 720, 666), (36, 738, 792), (54, 756, 828), (54, 756, 774), (36, 738, 810), (36, 738, 756), (36, 720, 702)]	(9454, 12234, 10903, 10508, 11765, 11606, 9857, 10831, 9653, 7739, 12655, 16678, 4917, 6085, 7191, 8728, 11274, 20019, 15810, 9340, 17697, 14707, 12059, 1972)
left	x	1164224	(741, 342)	[(54, 738, 792), (54, 756, 738), (54, 738, 738), (54, 738, 738), (36, 738, 756), (54, 738, 756), (54, 738, 756), (72, 756, 756), (54, 756, 756), (36, 738, 756), (54, 738, 756), (54, 756, 702), (54, 756, 774), (36, 756, 774), (54, 738, 774), (54, 738, 720), (54, 720, 702), (36, 756, 756), (54, 756, 756), (36, 756, 756), (54, 756, 756), (54, 738, 756), (54, 756, 738), (54, 738, 756), (54, 756, 738)]	(9450, 12063, 10709, 10318, 11737, 11080, 6994, 6149, 4474, 7047, 9533, 9560, 4989, 6077, 7181, 8562, 11283, 20054, 16066, 9409, 17886, 14873, 12075, 1969)
left	w	1165896	(578, 386)	[(54, 738, 774), (36, 720, 684), (0, 756, 738), (18, 774, 774), (36, 756, 774), (18, 720, 756), (18, 756, 828), (18, 756, 792), (18, 738, 774), (54, 774, 684), (72, 756, 684), (54, 756, 756), (54, 774, 738), (72, 756, 756), (72, 774, 702), (72, 756, 756), (54, 774, 756), (36, 756, 684), (72, 756, 738), (36, 756, 720), (72, 756, 756), (18, 756, 792), (54, 774, 756), (54, 756, 738), (54, 774, 720)]	(9467, 12121, 10715, 10290, 11740, 11189, 7002, 6088, 4447, 7033, 9148, 9675, 5254, 6074, 7176, 8820, 11259, 20019, 15625, 9422, 17632, 15002, 12081, 1970)
right	t	1167696	(589, 251)	[(18, 756, 810), (36, 738, 774), (36, 756, 774), (18, 738, 774), (36, 738, 702), (18, 756, 756), (54, 738, 720), (54, 738, 702), (18, 756, 756), (36, 756, 828), (72, 756, 756), (36, 756, 774), (36, 738, 720), (36, 756, 738), (36, 756, 720), (36, 756, 756), (18, 756, 756), (36, 738, 756), (18, 738, 756), (0, 738, 720), (36, 756, 756), (54, 756, 756), (18, 756, 792), (18, 756, 792), (54, 738, 756)]	(9469, 12366, 10904, 10610, 11699, 11007, 6638, 5735, 4080, 6966, 7642, 9468, 5167, 6066, 7160, 8943, 11254, 20020, 15516, 9439, 17754, 15035, 12082, 1973)
right	v	1171207	(760, 236)	[(54, 738, 738), (36, 756, 756), (54, 756, 756), (36, 756, 756), (36, 738, 774), (36, 738, 738), (54, 738, 774), (54, 756, 756), (36, 756, 738), (54, 756, 720), (54, 756, 756), (36, 756, 738), (54, 756, 738), (54, 756, 774), (36, 756, 756), (36, 756, 756), (54, 756, 720), (18, 756, 702), (36, 756, 756), (72, 756, 774), (36, 756, 774), (36, 738, 774), (54, 756, 720), (36, 738, 738), (54, 756, 756)]	(9446, 12052, 10616, 10220, 11721, 11132, 6930, 6121, 4459, 7027, 9121, 9412, 5114, 6076, 7180, 8587, 11262, 20027, 15805, 9397, 17787, 14894, 12051, 1965)
right	a	1172797	(663, 423)	[(54, 756, 756), (36, 738, 738), (54, 738, 774), (36, 756, 756), (54, 756, 756), (36, 756, 756), (54, 738, 756), (36, 738, 738), (36, 738, 720), (54, 756, 756), (54, 756, 756), (54, 756, 756), (54, 756, 756), (54, 756, 738), (54, 756, 738), (54, 756, 738), (36, 738, 738), (54, 756, 756), (54, 738, 756), (54, 738, 756), (54, 756, 738), (54, 756, 774), (54, 738, 756), (54, 738, 738), (54, 738, 702)]	(9437, 11909, 10540, 10193, 11740, 11181, 7012, 6200, 4546, 7054, 10113, 9861, 5172, 6088, 7181, 8614, 11279, 20035, 15806, 9355, 17692, 14815, 12068, 1985)
right	d	1175477	(664, 330)	[(36, 738, 738), (54, 738, 738), (54, 756, 738), (36, 756, 774), (36, 756, 774), (36, 756, 756), (54, 738, 756), (18, 756, 702), (18, 756, 738), (36, 756, 756), (54, 756, 756), (36, 756, 774), (54, 756, 738), (36, 756, 738), (54, 738, 738), (36, 738, 720), (36, 756, 738), (18, 738, 720), (36, 738, 792), (72, 756, 828), (36, 774, 774), (18, 774, 810), (36, 738, 684), (36, 720, 702), (54, 738, 756)]	(9455, 12326, 10850, 10400, 11713, 11021, 6754, 5863, 4175, 6958, 8118, 9964, 5035, 6076, 7184, 8759, 11275, 20037, 15790, 9408, 17840, 14890, 12061, 1971)
right	j	1177175	(666, 152)	[(54, 756, 738), (72, 756, 738), (72, 738, 756), (54, 738, 756), (36, 756, 738), (54, 738, 720), (54, 756, 774), (36, 756, 756), (54, 738, 756), (54, 738, 738), (54, 738, 774), (54, 738, 738), (54, 756, 756), (36, 738, 756), (54, 738, 720), (54, 774, 774), (54, 738, 756), (36, 738, 684), (54, 738, 702), (54, 738, 846), (36, 774, 792), (54, 756, 792), (54, 738, 774), (54, 738, 702), (54, 720, 720)]	(9443, 12024, 10689, 10409, 11731, 11112, 7022, 6177, 4513, 7044, 9861, 9723, 5047, 6071, 7182, 8558, 11286, 20059, 15915, 9385, 17897, 14878, 12069, 1977)
left	o	1179632	(573, 86)	[(108, 738, 684), (90, 756, 666), (108, 792, 702), (90, 792, 684), (108, 774, 702), (108, 792, 702), (108, 792, 666), (108, 774, 612), (108, 810, 684), (108, 792, 720), (108, 774, 684), (54, 792, 738), (108, 792, 774), (108, 792, 702), (90, 774, 684), (72, 774, 702), (72, 792, 684), (144, 774, 594), (126, 774, 684), (72, 774, 756), (36, 774, 756), (54, 792, 810), (90, 774, 756), (108, 792, 630), (90, 756, 702)]	(9472, 12161, 10627, 10163, 11758, 11240, 7112, 6222, 4578, 7064, 11527, 8640, 5873, 6068, 7186, 7815, 11283, 20060, 16808, 9318, 17848, 14865, 12060, 1975)
left	t	1181858	(574, 253)	[(72, 756, 684), (90, 756, 702), (72, 774, 720), (90, 774, 738), (72, 774, 792), (36, 756, 738), (54, 756, 738), (72, 756, 720), (54, 756, 756), (72, 774, 720), (72, 774, 756), (54, 774, 720), (72, 756, 702), (72, 792, 702), (72, 774, 720), (90, 774, 684), (72, 792, 756), (54, 774, 738), (54, 756, 720), (36, 756, 720), (54, 756, 738), (90, 774, 738), (54, 774, 738), (54, 774, 702), (54, 774, 702)]	(9439, 11966, 10536, 10164, 11709, 11080, 6806, 6117, 4480, 7042, 10046, 9347, 5504, 6067, 7171, 8380, 11249, 20011, 15843, 9375, 17689, 14958, 12066, 1970)
right	l	1183902	(669, 28)	[(90, 738, 774), (54, 738, 774), (72, 738, 720), (72, 756, 738), (54, 738, 738), (72, 756, 720), (72, 738, 702), (72, 756, 774), (72, 756, 774), (72, 738, 738), (72, 756, 738), (54, 738, 738), (54, 738, 720), (72, 756, 756), (54, 738, 756), (72, 738, 738), (72, 738, 702), (54, 756, 738), (54, 792, 810), (72, 738, 810), (72, 738, 792), (54, 738, 756), (72, 756, 738), (72, 756, 702), (72, 738, 774)]	(9441, 11685, 10348, 10150, 11727, 11174, 6831, 6147, 4520, 7051, 10112, 9525, 5277, 6078, 7189, 8415, 11260, 20007, 15740, 9330, 17623, 14799, 12060, 1981)
right	q	1185517	(587, 463)	[(90, 756, 756), (72, 756, 792), (90, 738, 774), (108, 738, 738), (126, 720, 684), (36, 756, 630), (54, 756, 720), (54, 738, 792), (54, 738, 738), (36, 756, 756), (-18, 738, 756), (54, 720, 774), (36, 738, 846), (-36, 720, 846), (-18, 738, 756), (-18, 756, 756), (0, 720, 774), (18, 738, 774), (0, 738, 756), (-18, 720, 774), (-36, 738, 756), (0, 738, 846), (-18, 774, 810), (-54, 738, 828), (-36, 720, 738)]	(9490, 12712, 11230, 11052, 11678, 10635, 5609, 5676, 3936, 6893, 6275, 10063, 4829, 6075, 7164, 9290, 11241, 19980, 15386, 9430, 17736, 14953, 12075, 1967)
left	b	1188212	(735, 194)	[(54, 738, 738), (72, 738, 738), (72, 738, 756), (72, 738, 756), (72, 738, 756), (72, 756, 738), (90, 756, 738), (72, 756, 738), (72, 756, 738), (54, 720, 702), (72, 738, 720), (90, 738, 774), (90, 756, 810), (54, 756, 774), (54, 738, 720), (90, 738, 720), (108, 756, 702), (72, 756, 756), (72, 756, 774), (72, 738, 756), (54, 720, 738), (54, 738, 774), (72, 738, 774), (72, 738, 738), (54, 738, 756)]	(9440, 12010, 10601, 10215, 11744, 11226, 6932, 6179, 4576, 7076, 10497, 10044, 5132, 6068, 7184, 8163, 11292, 20091, 16457, 9341, 18024, 14796, 12066, 1980)
left	u	1189955	(582, 167)	[(36, 738, 774), (-36, 774, 828), (-36, 756, 918), (126, 738, 810), (144, 738, 810), (108, 738, 576), (126, 756, 594), (108, 774, 594), (108, 756, 684), (90, 774, 774), (90, 792, 738), (72, 774, 738), (90, 738, 774), (108, 774, 774), (108, 792, 720), (108, 774, 630), (90, 774, 738), (126, 774, 720), (108, 756, 774), (72, 756, 756), (90, 774, 738), (108, 756, 702), (126, 774, 720), (126, 774, 756), (126, 792, 684)]	(9440, 12004, 10509, 10119, 11748, 11247, 6868, 6155, 4507, 7062, 10778, 9818, 5283, 6052, 7188, 7918, 11295, 20098, 17255, 9282, 17916, 14649, 12051, 1975)
right	p	1191856	(600, 19)	[(108, 756, 702), (126, 756, 738), (90, 756, 756), (108, 756, 756), (108, 738, 702), (90, 738, 756), (72, 738, 774), (72, 756, 774), (90, 738, 738), (108, 720, 756), (36, 738, 792), (36, 738, 846), (54, 738, 810), (90, 720, 810), (54, 720, 792), (90, 720, 756), (90, 720, 666), (54, 738, 756), (72, 738, 792), (54, 738, 810), (72, 738, 810), (72, 756, 702), (90, 738, 702), (90, 738, 720), (90, 738, 702)]	(9437, 11645, 10246, 10126, 11745, 11360, 6610, 6105, 4462, 7035, 10187, 9551, 5082, 6050, 7180, 8338, 11260, 20039, 15972, 9334, 17800, 14809, 12064, 1969)
left	d	1193698	(658, 320)	[(90, 720, 738), (72, 738, 792), (18, 738, 756), (72, 738, 774), (72, 738, 792), (72, 720, 738), (90, 738, 774), (72, 756, 756), (90, 738, 756), (72, 738, 756), (72, 738, 756), (72, 738, 774), (72, 738, 738), (72, 738, 738), (108, 738, 756), (90, 738, 684), (54, 720, 774), (72, 738, 774), (90, 738, 774), (72, 738, 792), (72, 738, 738), (90, 738, 738), (90, 738, 756), (90, 738, 756), (72, 756, 756)]	(9446, 12132, 10604, 10159, 11697, 11186, 6589, 5915, 4240, 6999, 9767, 9748, 5091, 6075, 7167, 8451, 11276, 20061, 16280, 9420, 17986, 14944, 12077, 1970)
left	i	1195645	(574, 113)	[(108, 756, 738), (108, 738, 774), (72, 756, 720), (108, 756, 720), (72, 774, 720), (126, 774, 756), (90, 774, 738), (108, 774, 738), (108, 756, 702), (90, 756, 684), (90, 774, 702), (72, 774, 720), (72, 774, 774), (90, 774, 738), (90, 774, 720), (90, 774, 738), (126, 774, 666), (90, 774, 702), (72, 774, 702), (90, 756, 756), (72, 756, 792), (72, 774, 720), (90, 756, 738), (126, 774, 774), (126, 774, 774)]	(9460, 12857, 11154, 10293, 11747, 11265, 6665, 5839, 4165, 7009, 10421, 8887, 5297, 6044, 7166, 7856, 11326, 20166, 17921, 9463, 18684, 15078, 12071, 1978)
left	m	1197540	(759, 86)	[(90, 738, 756), (90, 738, 774), (90, 756, 756), (108, 738, 720), (90, 738, 756), (90, 738, 666), (54, 756, 828), (72, 738, 882), (108, 738, 756), (72, 738, 720), (72, 738, 702), (108, 738, 684), (108, 756, 738), (90, 774, 738), (90, 774, 720), (108, 756, 720), (90, 756, 702), (72, 756, 738), (90, 756, 774), (72, 774, 738), (54, 756, 756), (72, 756, 756), (72, 774, 702), (90, 756, 720), (108, 774, 738)]	(9466, 12455, 10891, 10203, 11725, 11202, 6582, 5970, 4314, 7024, 10679, 9135, 5100, 6062, 7178, 8133, 11311, 20133, 16615, 9498, 18439, 15169, 12090, 1971)
left	a	1199229	(652, 435)	[(90, 738, 756), (90, 738, 774), (90, 720, 792), (72, 738, 792), (72, 738, 792), (90, 738, 774), (90, 720, 756), (90, 738, 720), (72, 720, 738), (90, 720, 756), (90, 720, 792), (54, 738, 756), (72, 738, 792), (90, 738, 738), (90, 720, 756), (72, 720, 792), (72, 738, 792), (108, 738, 738), (72, 738, 720), (90, 720, 756), (90, 720, 756), (90, 738, 792), (90, 738, 792), (72, 720, 774), (108, 738, 720)]	(9447, 12130, 10618, 10150, 11720, 11190, 6495, 5964, 4304, 7025, 10187, 10117, 5054, 6088, 7187, 8637, 11276, 20014, 16045, 9384, 17689, 14810, 12060, 1977)
right	y	1200955	(590, 220)	[(54, 720, 720), (18, 720, 738), (54, 738, 702), (72, 738, 738), (54, 738, 774), (54, 738, 792), (72, 738, 774), (54, 738, 756), (72, 738, 738), (54, 756, 756), (54, 738, 774), (72, 738, 756), (72, 738, 738), (54, 738, 738), (72, 756, 774), (72, 738, 774), (72, 738, 738), (72, 738, 720), (54, 720, 702), (18, 756, 774), (36, 756, 828), (36, 756, 774), (54, 738, 774), (36, 738, 792), (36, 738, 756)]	(9466, 12653, 11078, 10809, 11746, 11431, 6291, 5734, 4012, 6942, 7388, 9744, 4980, 6065, 7160, 8768, 11274, 20070, 15844, 9488, 18183, 15137, 12089, 1970)
left	t	1203087	(596, 242)	[(72, 756, 738), (54, 756, 738), (90, 756, 738), (90, 774, 684), (72, 756, 684), (72, 756, 738), (72, 774, 792), (72, 774, 738), (72, 774, 738), (72, 756, 720), (90, 756, 684), (72, 774, 756), (90, 774, 774), (90, 774, 756), (90, 774, 702), (72, 756, 684), (90, 756, 684), (90, 774, 702), (90, 774, 720), (72, 774, 720), (108, 792, 684), (72, 774, 738), (90, 774, 774), (90, 792, 756), (108, 774, 756)]	(9461, 12250, 10701, 10233, 11786, 11562, 6855, 6201, 4559, 7078, 11207, 9358, 5532, 6052, 7181, 8157, 11282, 20117, 16424, 9454, 18380, 15242, 12082, 1974)
left	p	1205956	(603, 21)	[(90, 756, 792), (54, 756, 792), (90, 756, 756), (90, 738, 720), (90, 738, 720), (126, 756, 774), (126, 774, 774), (90, 756, 720), (72, 756, 720), (90, 756, 684), (90, 774, 684), (72, 774, 720), (108, 774, 720), (108, 792, 738), (108, 774, 738), (90, 774, 738), (90, 774, 594), (108, 774, 684), (72, 756, 810), (90, 774, 774), (72, 774, 774), (72, 756, 756), (90, 756, 702), (90, 738, 666), (126, 756, 738)]	(9469, 12545, 10775, 10155, 11730, 11294, 6755, 5967, 4312, 7038, 11367, 7928, 5638, 6057, 7168, 7559, 11308, 20137, 17834, 9392, 18454, 14920, 12065, 1970)
right	o	1208117	(586, 67)	[(90, 774, 774), (90, 774, 738), (108, 756, 720), (90, 756, 720), (126, 756, 738), (90, 756, 738), (126, 756, 684), (126, 774, 684), (144, 756, 684), (72, 756, 774), (72, 738, 792), (108, 756, 774), (108, 720, 792), (72, 738, 792), (72, 756, 774), (90, 720, 738), (108, 720, 720), (90, 738, 738), (90, 738, 738), (72, 756, 738), (90, 738, 810), (108, 738, 756), (72, 738, 756), (90, 738, 792), (90, 756, 738)]	(9445, 12189, 10699, 10450, 11794, 11508, 6955, 6188, 4558, 7086, 11446, 9326, 5388, 6068, 7182, 8035, 11290, 20093, 16502, 9370, 18123, 14886, 12064, 1964)
left	v	1210683	(747, 234)	[(108, 756, 756), (108, 738, 756), (90, 738, 738), (90, 738, 756), (126, 738, 738), (108, 756, 792), (108, 738, 756), (90, 738, 738), (108, 720, 738), (90, 756, 756), (108, 738, 756), (108, 738, 756), (108, 756, 738), (108, 738, 756), (108, 738, 738), (90, 738, 738), (90, 738, 720), (90, 738, 774), (108, 738, 792), (90, 756, 774), (108, 738, 738), (90, 738, 756), (108, 738, 702), (126, 738, 720), (90, 738, 738)]	(9434, 12094, 10557, 10174, 11740, 11309, 6829, 6225, 4595, 7093, 12044, 9372, 5287, 6077, 7193, 8109, 11302, 20097, 16416, 9369, 18140, 14955, 12068, 1978)
left	b	1212371	(745, 201)	[(126, 738, 792), (90, 738, 756), (90, 738, 720), (90, 756, 756), (90, 738, 810), (90, 738, 720), (90, 738, 738), (108, 738, 738), (126, 756, 720), (108, 756, 756), (108, 756, 756), (126, 756, 738), (108, 738, 756), (90, 738, 720), (90, 738, 720), (108, 756, 756), (108, 756, 702), (108, 756, 720), (90, 756, 756), (108, 756, 774), (90, 774, 756), (90, 756, 738), (90, 756, 720), (108, 756, 720), (108, 756, 756)]	(9441, 12164, 10625, 10187, 11754, 11289, 6891, 6246, 4600, 7094, 12058, 9547, 5300, 6085, 7181, 8244, 11302, 20103, 16347, 9418, 18146, 15018, 12079, 1977)
left	y	1214147	(608, 205)	[(126, 774, 792), (90, 756, 774), (108, 774, 738), (90, 756, 684), (144, 756, 684), (108, 774, 702), (108, 774, 738), (126, 774, 756), (90, 774, 720), (90, 774, 702), (108, 774, 702), (108, 774, 720), (108, 756, 720), (90, 774, 756), (108, 774, 738), (126, 774, 720), (90, 774, 684), (108, 774, 738), (90, 774, 738), (108, 774, 738), (126, 774, 702), (108, 756, 738), (108, 756, 738), (90, 774, 738), (126, 792, 720)]	(9455, 12125, 10530, 10116, 11735, 11261, 6860, 6243, 4610, 7089, 12300, 9361, 5569, 6072, 7190, 8113, 11297, 20081, 16645, 9372, 17944, 14937, 12071, 1974)
left	q	1215717	(584, 449)	[(90, 756, 756), (108, 756, 738), (108, 756, 774), (108, 738, 684), (108, 756, 702), (108, 738, 720), (108, 756, 774), (126, 774, 774), (126, 756, 756), (90, 756, 702), (90, 756, 720), (108, 756, 738), (108, 756, 774), (108, 774, 756), (108, 738, 720), (108, 756, 756), (90, 774, 738), (90, 756, 702), (108, 756, 702), (108, 756, 720), (90, 756, 756), (126, 756, 774), (126, 756, 792), (108, 756, 702), (126, 738, 702)]	(9432, 11820, 10338, 10067, 11725, 11190, 6742, 6221, 4585, 7082, 11932, 9717, 5458, 6101, 7198, 8330, 11258, 19982, 15935, 9250, 17347, 14600, 12037, 1976)
right	w	1217559	(577, 406)	[(90, 738, 738), (144, 738, 702), (126, 756, 774), (90, 774, 774), (18, 774, 756), (54, 738, 828), (54, 720, 756), (54, 738, 720), (18, 738, 774), (36, 720, 774), (36, 738, 774), (36, 720, 738), (72, 720, 774), (36, 738, 792), (36, 756, 774), (18, 756, 774), (0, 756, 792), (0, 756, 738), (18, 738, 702), (36, 720, 684), (18, 756, 666), (18, 738, 756), (18, 792, 828), (-36, 756, 828), (-36, 756, 792)]	(9487, 12842, 11230, 10846, 11691, 10809, 5980, 5692, 3961, 6910, 6725, 10072, 4902, 6078, 7180, 9017, 11272, 20030, 15679, 9426, 17911, 14964, 12066, 1980)
right	g	1219815	(675, 245)	[(72, 756, 738), (72, 756, 702), (72, 756, 738), (90, 756, 738), (72, 774, 756), (72, 756, 756), (72, 756, 756), (72, 756, 720), (72, 756, 720), (72, 756, 756), (72, 756, 756), (90, 756, 738), (72, 756, 756), (72, 756, 756), (72, 756, 738), (72, 738, 738), (72, 738, 756), (72, 738, 756), (54, 756, 774), (72, 756, 738), (54, 738, 774), (108, 774, 756), (90, 774, 792), (54, 756, 774), (72, 738, 738)]	(9441, 12308, 10785, 10374, 11758, 11328, 6939, 6150, 4501, 7048, 9445, 9980, 4974, 6074, 7183, 8641, 11282, 20073, 15921, 9408, 18033, 15012, 12079, 1974)
left	e	1221652	(585, 347)	[(90, 774, 756), (72, 756, 702), (90, 756, 720), (108, 756, 738), (72, 774, 702), (90, 756, 738), (90, 774, 702), (90, 756, 738), (90, 774, 720), (108, 774, 720), (90, 774, 720), (90, 774, 684), (90, 756, 720), (90, 774, 720), (90, 774, 720), (108, 756, 720), (72, 774, 720), (90, 774, 720), (90, 774, 756), (90, 774, 720), (72, 774, 702), (72, 756, 720), (72, 792, 756), (90, 774, 756), (90, 774, 738)]	(9444, 12193, 10683, 10191, 11733, 11273, 6954, 6205, 4564, 7069, 10670, 9895, 5350, 6078, 7184, 8486, 11282, 20076, 16228, 9428, 17985, 15102, 12094, 1972)
left	f	1223813	(678, 267)	[(90, 774, 702), (90, 774, 720), (90, 774, 738), (90, 774, 702), (72, 756, 738), (90, 774, 702), (90, 774, 720), (72, 774, 720), (90, 774, 720), (90, 792, 738), (90, 792, 720), (90, 774, 720), (90, 774, 702), (90, 774, 702), (90, 792, 702), (72, 774, 738), (90, 774, 720), (108, 756, 648), (90, 792, 738), (72, 774, 792), (90, 792, 774), (90, 792, 756), (72, 774, 702), (90, 756, 648), (90, 774, 666)]	(9448, 12203, 10705, 10222, 11726, 11191, 6941, 6194, 4542, 7052, 10451, 9830, 5320, 6084, 7182, 8530, 11282, 20074, 16025, 9438, 17977, 15102, 12079, 1976)
right	m	1225709	(754, 86)	[(90, 774, 720), (108, 774, 720), (108, 756, 738), (90, 774, 756), (90, 774, 738), (90, 756, 756), (90, 774, 720), (90, 756, 702), (108, 774, 738), (90, 774, 720), (90, 774, 702), (90, 756, 720), (108, 774, 702), (90, 756, 720), (90, 756, 720), (108, 774, 738), (90, 774, 684), (90, 774, 738), (90, 774, 738), (108, 774, 738), (90, 774, 720), (90, 774, 720), (72, 774, 738), (90, 774, 720), (90, 756, 720)]	(9441, 12096, 10602, 10162, 11725, 11195, 6883, 6163, 4514, 7060, 10669, 9565, 5195, 6072, 7180, 8425, 11287, 20072, 16115, 9418, 18008, 15054, 12082, 1976)
left	m	1227775	(768, 89)	[(90, 774, 756), (72, 774, 720), (90, 774, 702), (108, 774, 684), (108, 774, 702), (108, 792, 738), (90, 774, 684), (108, 774, 702), (90, 792, 702), (108, 792, 666), (108, 792, 684), (90, 792, 720), (108, 774, 702), (90, 792, 720), (90, 774, 738), (108, 774, 684), (108, 774, 648), (90, 774, 684), (72, 792, 738), (72, 774, 738), (90, 792, 756), (90, 792, 738), (126, 792, 666), (108, 774, 684), (108, 792, 720)]	(9435, 11993, 10545, 10125, 11712, 11098, 6816, 6183, 4559, 7055, 11287, 9484, 5164, 6070, 7181, 8278, 11291, 20081, 16089, 9412, 18074, 15046, 12084, 1966)
left	c	1229506	(748, 295)	[(90, 756, 756), (90, 774, 702), (72, 756, 720), (90, 774, 720), (90, 774, 702), (108, 774, 738), (90, 774, 756), (90, 756, 720), (72, 774, 738), (90, 774, 720), (90, 756, 720), (90, 774, 720), (108, 774, 720), (90, 774, 720), (90, 774, 702), (108, 774, 738), (90, 774, 738), (108, 774, 684), (90, 756, 738), (72, 774, 738), (90, 774, 756), (90, 774, 738), (72, 774, 738), (90, 756, 684), (90, 774, 702)]	(9445, 12089, 10626, 10144, 11710, 11132, 6830, 6178, 4536, 7048, 10904, 9744, 5160, 6090, 7193, 8666, 11283, 20053, 15838, 9421, 17777, 15031, 12083, 1976)
left	i	1231248	(596, 125)	[(90, 792, 756), (72, 792, 738), (72, 792, 720), (108, 792, 666), (72, 774, 666), (90, 792, 684), (108, 792, 684), (108, 792, 684), (72, 792, 684), (90, 792, 720), (72, 810, 666), (90, 774, 666), (126, 792, 702), (108, 792, 720), (108, 810, 684), (90, 792, 666), (108, 792, 720), (108, 792, 720), (90, 792, 666), (108, 792, 720), (108, 792, 702), (90, 792, 702), (90, 774, 720), (108, 792, 720), (108, 792, 684)]	(9453, 12422, 10807, 10167, 11709, 11123, 6903, 6159, 4525, 7063, 11364, 8811, 5555, 6063, 7175, 8058, 11291, 20120, 16830, 9456, 18341, 15220, 12082, 1966)
right	p	1232787	(579, 3)	[(126, 774, 684), (90, 756, 702), (90, 774, 720), (108, 774, 720), (108, 756, 720), (90, 774, 738), (108, 774, 720), (90, 774, 720), (90, 774, 756), (90, 774, 738), (144, 774, 738), (126, 756, 720), (108, 756, 720), (90, 774, 738), (90, 774, 738), (108, 756, 720), (72, 756, 738), (90, 756, 720), (90, 774, 738), (108, 756, 684), (90, 756, 756), (108, 774, 738), (90, 756, 720), (90, 774, 738), (108, 774, 720)]	(9439, 11934, 10450, 10170, 11741, 11377, 6770, 6190, 4563, 7075, 11352, 9310, 5357, 6068, 7176, 8416, 11268, 20057, 15967, 9403, 17951, 15075, 12075, 1977)
left	e	1234774	(596, 351)	[(72, 756, 846), (72, 738, 756), (72, 738, 738), (72, 738, 702), (72, 756, 720), (108, 774, 738), (72, 756, 774), (54, 774, 756), (54, 756, 774), (72, 756, 702), (126, 756, 738), (90, 756, 720), (90, 756, 738), (108, 774, 738), (108, 774, 774), (90, 756, 702), (72, 756, 684), (90, 738, 684), (108, 774, 702), (90, 774, 738), (72, 774, 738), (108, 774, 756), (90, 756, 756), (108, 774, 702), (90, 774, 702)]	(9456, 12280, 10692, 10170, 11712, 11141, 6795, 6124, 4478, 7054, 10965, 9594, 5442, 6081, 7178, 8541, 11278, 20055, 16124, 9436, 17866, 15082, 12084, 1978)
left	v	1237411	(724, 257)	[(90, 756, 756), (72, 756, 720), (90, 756, 756), (90, 756, 738), (72, 756, 720), (90, 756, 756), (90, 756, 738), (72, 756, 720), (90, 756, 738), (90, 756, 738), (90, 756, 738), (90, 774, 738), (90, 756, 702), (126, 756, 720), (90, 774, 720), (108, 774, 738), (90, 756, 720), (90, 756, 738), (90, 774, 738), (90, 756, 774), (90, 774, 738), (90, 756, 738), (90, 756, 720), (90, 756, 720), (108, 756, 720)]	(9430, 12094, 10562, 10140, 11707, 11143, 6761, 6143, 4510, 7038, 11356, 9512, 5271, 6077, 7186, 8542, 11273, 20043, 15922, 9392, 17829, 14992, 12084, 1987)
right	f	1240501	(675, 270)	[(90, 774, 756), (108, 756, 738), (90, 774, 702), (90, 756, 684), (108, 738, 738), (90, 774, 684), (90, 774, 774), (108, 774, 720), (90, 756, 738), (108, 774, 702), (72, 774, 702), (72, 756, 702), (126, 756, 738), (90, 738, 810), (90, 756, 756), (54, 774, 792), (90, 756, 846), (72, 756, 792), (72, 738, 702), (108, 720, 720), (90, 774, 738), (90, 774, 756), (54, 756, 738), (90, 756, 738), (90, 738, 756)]	(9440, 12228, 10609, 10165, 11703, 11131, 6927, 6924, 5524, 7010, 11561, 13174, 5240, 6086, 7190, 8765, 11263, 20005, 15774, 9347, 17587, 14824, 12064, 1975)
right	k	1241997	(663, 79)	[(90, 756, 738), (90, 756, 738), (90, 756, 720), (90, 756, 738), (90, 774, 738), (90, 756, 774), (72, 756, 756), (90, 756, 720), (90, 738, 702), (90, 756, 756), (90, 774, 738), (108, 774, 720), (90, 738, 702), (72, 756, 738), (108, 774, 720), (90, 756, 738), (90, 774, 738), (90, 756, 720), (54, 756, 684), (90, 756, 774), (90, 774, 774), (108, 774, 774), (72, 756, 774), (90, 738, 720), (90, 756, 684)]	(9441, 12066, 10563, 10216, 11743, 11255, 7946, 8785, 7600, 7176, 15305, 15561, 5241, 6083, 7199, 8715, 11272, 20032, 15842, 9326, 17629, 14832, 12067, 1966)
left	p	1243635	(603, 12)	[(72, 774, 756), (90, 774, 774), (72, 774, 738), (90, 756, 720), (36, 774, 720), (108, 756, 738), (126, 756, 756), (108, 756, 810), (90, 792, 720), (108, 756, 702), (108, 756, 684), (108, 792, 684), (108, 792, 720), (126, 792, 648), (144, 792, 720), (108, 774, 756), (108, 792, 702), (144, 792, 594), (72, 774, 720), (90, 774, 756), (108, 774, 702), (108, 774, 774), (72, 774, 738), (72, 774, 720), (126, 774, 684)]	(9477, 12761, 10979, 10227, 11763, 11401, 6802, 5920, 4276, 7035, 11344, 7954, 5789, 6055, 7167, 7787, 11309, 20155, 17354, 9426, 18487, 15235, 12089, 1976)
left	j	1245814	(677, 143)	[(90, 774, 702), (126, 756, 756), (126, 774, 720), (108, 774, 720), (108, 774, 720), (108, 756, 756), (90, 756, 720), (90, 774, 720), (108, 756, 702), (126, 774, 738), (90, 774, 720), (108, 756, 738), (108, 756, 738), (108, 774, 720), (90, 756, 720), (126, 756, 738), (126, 774, 720), (108, 774, 774), (126, 774, 684), (108, 774, 756), (90, 774, 774), (108, 774, 756), (108, 756, 738), (90, 756, 738), (126, 756, 720)]	(9457, 12208, 10607, 10139, 11749, 11336, 6851, 6181, 4534, 7083, 11963, 9115, 5583, 6075, 7190, 8186, 11285, 20075, 16277, 9350, 17877, 14980, 12079, 1974)
left	g	1247659	(664, 246)	[(108, 756, 720), (90, 756, 738), (108, 756, 756), (108, 756, 720), (90, 756, 720), (108, 774, 738), (126, 756, 720), (108, 756, 738), (90, 756, 738), (90, 756, 720), (108, 774, 720), (108, 756, 702), (90, 756, 756), (90, 756, 720), (108, 756, 702), (126, 756, 756), (90, 756, 756), (90, 756, 738), (108, 756, 720), (108, 756, 756), (90, 756, 774), (108, 756, 756), (108, 756, 720), (108, 756, 702), (108, 774, 756)]	(9439, 12125, 10560, 10114, 11726, 11214, 6743, 6128, 4492, 7040, 11438, 9003, 5555, 6070, 7179, 8237, 11263, 20041, 16121, 9351, 17802, 14958, 12073, 1958)
right	w	1249147	(581, 388)	[(72, 738, 738), (126, 738, 738), (126, 720, 774), (126, 738, 738), (144, 774, 774), (108, 774, 846), (72, 774, 792), (36, 738, 738), (36, 738, 702), (18, 738, 684), (18, 738, 756), (0, 738, 774), (54, 738, 774), (54, 738, 756), (72, 738, 774), (-36, 756, 810), (0, 738, 828), (36, 738, 756), (0, 738, 576), (-18, 756, 648), (0, 738, 738), (0, 756, 810), (-36, 792, 846), (-36, 774, 810), (36, 738, 702)]	(9475, 12721, 11163, 10842, 11682, 10762, 6146, 5728, 4016, 6929, 7131, 10118, 5224, 6088, 7181, 9120, 11264, 19989, 15568, 9405, 17669, 14875, 12064, 1967)
right	u	1250769	(602, 152)	[(54, 756, 738), (72, 756, 756), (72, 738, 720), (72, 756, 756), (72, 756, 756), (72, 738, 756), (72, 738, 774), (72, 738, 756), (72, 738, 738), (72, 756, 738), (72, 738, 774), (90, 756, 756), (72, 738, 756), (54, 738, 738), (54, 738, 738), (54, 756, 738), (72, 738, 774), (54, 738, 702), (36, 756, 810), (90, 756, 792), (72, 738, 792), (54, 738, 792), (54, 738, 774), (54, 738, 720), (72, 738, 756)]	(9459, 12549, 11009, 10574, 11731, 11115, 6937, 5985, 4299, 7002, 8519, 9740, 5335, 6065, 7178, 8624, 11285, 20065, 16021, 9432, 18045, 15048, 12083, 1978)
left	s	1252409	(667, 377)	[(72, 738, 720), (54, 738, 756), (72, 756, 738), (72, 738, 774), (72, 756, 756), (72, 756, 756), (72, 738, 756), (72, 738, 738), (54, 738, 756), (72, 756, 738), (72, 756, 756), (90, 738, 738), (54, 756, 720), (72, 738, 738), (90, 756, 720), (72, 756, 756), (72, 756, 738), (72, 756, 756), (72, 756, 774), (90, 756, 738), (72, 756, 738), (72, 756, 720), (72, 756, 738), (72, 756, 738), (72, 756, 756)]	(9446, 12355, 10856, 10294, 11710, 11044, 6892, 6102, 4425, 7011, 9467, 9609, 5438, 6068, 7183, 8653, 11269, 20048, 15949, 9453, 17921, 15084, 12080, 1977)
right	j	1254099	(672, 138)	[(72, 756, 756), (72, 756, 738), (90, 756, 756), (72, 756, 756), (72, 756, 738), (72, 756, 720), (72, 756, 738), (72, 756, 738), (72, 756, 738), (72, 756, 738), (72, 738, 720), (72, 774, 738), (72, 756, 756), (72, 756, 738), (90, 756, 738), (72, 756, 720), (72, 738, 738), (54, 756, 756), (72, 756, 756), (72, 756, 738), (72, 738, 774), (54, 756, 756), (72, 738, 720), (72, 756, 738), (72, 756, 738)]	(9449, 12381, 10869, 10345, 11715, 11066, 7709, 8020, 6730, 7103, 13032, 14337, 5467, 6075, 7180, 8693, 11272, 20065, 15885, 9453, 17975, 15111, 12091, 1981)
left	s	1255863	(663, 376)	[(54, 756, 738), (72, 756, 738), (72, 756, 738), (72, 774, 738), (72, 756, 738), (54, 756, 738), (72, 756, 774), (72, 756, 738), (54, 756, 720), (72, 738, 702), (72, 756, 738), (72, 756, 774), (72, 756, 756), (72, 756, 720), (54, 756, 720), (72, 756, 702), (72, 756, 738), (72, 756, 756), (72, 756, 756), (72, 756, 738), (72, 756, 738), (72, 756, 738), (72, 756, 756), (90, 774, 774), (72, 774, 738)]	(9453, 12373, 10861, 10298, 11717, 11101, 7837, 8234, 6980, 7125, 13804, 14720, 5492, 6075, 7178, 8681, 11285, 20058, 15985, 9460, 17973, 15133, 12093, 1970)
right	o	1257408	(590, 69)	[(72, 756, 738), (72, 774, 738), (72, 774, 702), (72, 756, 738), (72, 756, 756), (90, 774, 720), (72, 756, 720), (90, 756, 738), (72, 756, 720), (72, 774, 756), (72, 774, 756), (72, 756, 738), (72, 756, 738), (72, 756, 720), (72, 756, 738), (72, 774, 756), (72, 774, 774), (54, 756, 720), (90, 756, 756), (72, 756, 774), (54, 756, 792), (54, 756, 774), (72, 756, 684), (54, 756, 666), (72, 756, 720)]	(9441, 12275, 10852, 10444, 11718, 11049, 7075, 6171, 4510, 7050, 10578, 9586, 5527, 6070, 7161, 8659, 11275, 20063, 15829, 9462, 17960, 15127, 12094, 1980)
left	o	1259150	(591, 85)	[(54, 774, 756), (54, 774, 756), (54, 774, 738), (54, 756, 738), (54, 756, 792), (72, 774, 738), (54, 774, 684), (90, 774, 684), (90, 774, 702), (72, 792, 756), (90, 774, 684), (90, 792, 666), (108, 792, 702), (90, 792, 720), (72, 774, 738), (90, 774, 720), (72, 774, 720), (108, 792, 684), (90, 774, 720), (90, 792, 702), (90, 792, 702), (72, 792, 720), (72, 774, 738), (90, 792, 720), (108, 774, 774)]	(9473, 12654, 10977, 10210, 11728, 11155, 7906, 8233, 6976, 7126, 14333, 14103, 5949, 6066, 7180, 8102, 11306, 20117, 17037, 9448, 18246, 15176, 12083, 1976)
left	k	1260912	(676, 89)	[(54, 738, 810), (72, 756, 774), (72, 756, 774), (72, 738, 774), (72, 774, 738), (72, 756, 702), (90, 756, 702), (72, 774, 756), (72, 774, 792), (72, 774, 702), (72, 756, 648), (108, 756, 684), (90, 774, 684), (72, 774, 738), (90, 792, 720), (108, 792, 684), (108, 774, 720), (72, 774, 756), (54, 756, 756), (72, 756, 720), (72, 756, 738), (72, 774, 720), (90, 756, 738), (72, 774, 756), (108, 792, 684)]	(9445, 12214, 10669, 10124, 11696, 11004, 6856, 6140, 4487, 7044, 11141, 9013, 5745, 6067, 7182, 8201, 11272, 20063, 16308, 9411, 18062, 15087, 12084, 1969)
left	n	1262459	(750, 155)	[(72, 756, 774), (90, 756, 756), (72, 738, 720), (72, 738, 738), (90, 756, 774), (90, 738, 720), (72, 738, 720), (72, 738, 756), (72, 756, 756), (90, 756, 720), (90, 756, 738), (72, 738, 738), (90, 756, 738), (90, 756, 738), (72, 738, 720), (90, 756, 720), (90, 756, 756), (72, 774, 810), (72, 756, 774), (72, 756, 738), (90, 756, 738), (90, 756, 738), (72, 756, 756), (90, 756, 738), (90, 738, 738)]	(9450, 12310, 10765, 10177, 11715, 11099, 7745, 8153, 6894, 7110, 14289, 14245, 5685, 6085, 7182, 8407, 11263, 20041, 15940, 9423, 17907, 15058, 12073, 1970)
left	j	1264652	(676, 149)	[(72, 756, 774), (90, 756, 738), (90, 756, 756), (72, 756, 756), (90, 756, 738), (72, 756, 756), (72, 738, 738), (90, 756, 756), (72, 756, 756), (72, 738, 774), (72, 756, 756), (90, 756, 738), (90, 756, 720), (90, 756, 702), (90, 756, 720), (72, 756, 756), (72, 756, 738), (108, 756, 702), (72, 756, 756), (54, 756, 756), (72, 774, 738), (72, 756, 738), (72, 756, 738), (72, 756, 738), (90, 756, 720)]	(9454, 12421, 10819, 10177, 11700, 11075, 6883, 6116, 4449, 7037, 10492, 9191, 5728, 6071, 7181, 8405, 11276, 20055, 16245, 9443, 18005, 15152, 12077, 1980)
right	b	1267958	(752, 188)	[(90, 756, 738), (72, 738, 738), (72, 738, 756), (90, 738, 738), (90, 738, 756), (72, 738, 738), (72, 738, 738), (72, 738, 774), (72, 756, 774), (72, 756, 756), (90, 738, 738), (90, 738, 774), (90, 738, 774), (90, 738, 738), (90, 738, 756), (72, 720, 720), (72, 738, 774), (90, 738, 774), (90, 738, 738), (72, 738, 720), (126, 738, 774), (54, 756, 774), (90, 738, 792), (72, 738, 738), (72, 720, 702)]	(9440, 12300, 10738, 10227, 11761, 11249, 6903, 6143, 4496, 7052, 10249, 9615, 5439, 6079, 7190, 8496, 11270, 20037, 16062, 9335, 17797, 14858, 12061, 1983)
right	x	1269794	(744, 335)	[(72, 738, 774), (72, 738, 792), (90, 738, 774), (90, 738, 756), (90, 738, 756), (72, 738, 738), (54, 738, 774), (72, 720, 756), (72, 720, 720), (72, 738, 738), (72, 738, 774), (90, 756, 792), (72, 738, 792), (72, 738, 720), (72, 720, 756), (72, 756, 756), (72, 738, 774), (90, 738, 738), (72, 720, 720), (90, 720, 864), (54, 720, 684), (126, 756, 828), (90, 774, 846), (72, 756, 792), (54, 738, 792)]	(9459, 12472, 10822, 10269, 11770, 11339, 6936, 6019, 4368, 7024, 9405, 9909, 5422, 6088, 7188, 8623, 11276, 20030, 15978, 9304, 17686, 14798, 12058, 1975)
left	h	1271910	(671, 163)	[(72, 756, 774), (108, 738, 774), (72, 738, 738), (54, 738, 756), (72, 756, 756), (72, 756, 810), (72, 738, 738), (108, 774, 720), (72, 756, 684), (72, 756, 702), (72, 756, 702), (108, 756, 774), (108, 774, 720), (90, 756, 720), (90, 756, 684), (126, 774, 720), (108, 774, 738), (108, 756, 774), (72, 774, 774), (72, 756, 756), (90, 738, 738), (72, 756, 738), (90, 738, 702), (108, 774, 738), (108, 738, 792)]	(9458, 12220, 10715, 10199, 11754, 11262, 6994, 6230, 4582, 7074, 11283, 9579, 5550, 6076, 7185, 8299, 11276, 20065, 16273, 9343, 17893, 14914, 12070, 1967)
right	a	1273598	(674, 420)	[(72, 738, 756), (90, 738, 738), (90, 738, 738), (108, 738, 756), (108, 738, 756), (90, 738, 756), (72, 738, 738), (54, 720, 756), (72, 738, 774), (90, 756, 792), (90, 756, 774), (72, 738, 792), (54, 720, 756), (54, 720, 774), (36, 720, 774), (36, 720, 756), (36, 738, 756), (36, 720, 756), (72, 720, 720), (-36, 738, 702), (0, 720, 882), (54, 756, 882), (72, 756, 774), (54, 738, 756), (18, 738, 738)]	(9444, 12416, 10848, 10456, 11700, 11028, 7204, 7875, 6865, 7191, 9451, 13745, 5094, 6101, 7195, 9113, 11252, 19975, 15622, 9297, 17468, 14630, 12051, 1968)
right	l	1275662	(673, 41)	[(90, 756, 738), (108, 756, 738), (90, 774, 738), (108, 756, 702), (90, 756, 684), (72, 756, 702), (90, 756, 738), (108, 756, 756), (108, 756, 756), (108, 738, 774), (108, 756, 702), (90, 756, 756), (90, 756, 738), (108, 738, 720), (90, 756, 738), (90, 756, 774), (108, 756, 756), (36, 774, 720), (90, 756, 756), (90, 756, 774), (54, 774, 756), (54, 756, 792), (90, 738, 720), (108, 756, 702), (108, 738, 756)]	(9438, 11857, 10490, 10163, 11751, 11325, 6772, 6227, 4594, 7080, 11459, 9535, 5436, 6080, 7167, 8174, 11270, 20057, 16327, 9296, 17835, 14788, 12057, 1977)
right	u	1277643	(587, 174)	[(90, 756, 738), (90, 738, 738), (90, 738, 774), (90, 738, 792), (72, 738, 738), (90, 720, 738), (90, 720, 738), (90, 738, 774), (36, 738, 756), (72, 756, 756), (108, 738, 720), (90, 738, 738), (72, 738, 738), (72, 738, 720), (72, 756, 756), (72, 756, 756), (54, 738, 756), (72, 738, 756), (36, 738, 774), (72, 738, 774), (90, 756, 792), (72, 756, 792), (54, 756, 792), (72, 738, 738), (72, 756, 720)]	(9459, 12575, 11025, 10543, 11760, 11301, 6877, 6040, 4370, 7023, 9605, 9737, 5511, 6069, 7179, 8602, 11280, 20077, 16020, 9444, 18024, 15093, 12087, 1989)
left	u	1279231	(597, 165)	[(72, 738, 774), (72, 738, 738), (90, 756, 738), (90, 756, 720), (90, 738, 756), (72, 756, 738), (90, 756, 720), (126, 756, 738), (108, 774, 738), (108, 756, 720), (90, 774, 738), (90, 774, 738), (90, 774, 738), (108, 756, 702), (90, 774, 720), (72, 774, 720), (126, 774, 702), (108, 774, 702), (90, 774, 756), (90, 774, 774), (90, 774, 738), (108, 774, 720), (90, 774, 720), (108, 774, 702), (90, 774, 720)]	(9455, 12333, 10763, 10164, 11723, 11167, 7800, 8412, 7174, 7136, 15093, 14316, 5828, 6066, 7176, 8085, 11282, 20086, 16646, 9420, 18174, 15103, 12081, 1974)
right	d	1281265	(681, 327)	[(54, 720, 738), (54, 720, 702), (108, 720, 738), (108, 720, 864), (72, 720, 846), (72, 720, 810), (90, 702, 810), (108, 702, 774), (90, 702, 738), (90, 702, 756), (72, 720, 792), (90, 720, 828), (72, 702, 810), (108, 720, 774), (90, 720, 792), (90, 720, 738), (72, 702, 792), (72, 720, 702), (72, 738, 720), (54, 702, 774), (90, 720, 828), (108, 738, 846), (90, 720, 810), (54, 702, 792), (72, 702, 756)]	(9457, 12503, 10923, 10466, 11783, 11407, 7372, 7457, 6084, 7069, 12334, 14021, 5389, 6080, 7185, 8788, 11286, 20052, 15886, 9384, 17857, 14941, 12070, 1969)
left	l	1283138	(688, 20)	[(108, 756, 774), (90, 738, 720), (90, 738, 666), (90, 738, 774), (126, 756, 774), (108, 738, 756), (90, 738, 774), (72, 738, 684), (108, 738, 720), (126, 738, 774), (108, 756, 756), (108, 756, 756), (126, 756, 684), (126, 756, 774), (126, 756, 756), (126, 774, 684), (162, 738, 684), (90, 756, 738), (90, 774, 774), (90, 756, 720), (90, 756, 756), (126, 774, 756), (126, 756, 738), (144, 756, 720), (108, 756, 738)]	(9445, 12557, 10900, 10176, 11733, 11245, 6798, 6169, 4515, 7051, 11405, 8605, 5540, 6041, 7163, 7951, 11293, 20129, 16930, 9479, 18614, 15251, 12087, 1968)
left	k	1284968	(676, 101)	[(108, 738, 720), (144, 756, 684), (126, 756, 738), (108, 756, 756), (144, 774, 738), (108, 756, 702), (108, 738, 738), (126, 738, 720), (126, 756, 684), (90, 756, 756), (126, 756, 684), (126, 756, 702), (126, 774, 738), (90, 756, 810), (108, 756, 738), (126, 756, 684), (90, 756, 756), (108, 774, 774), (90, 774, 756), (90, 756, 774), (108, 738, 738), (90, 738, 702), (108, 756, 720), (108, 756, 720), (108, 756, 756)]	(9447, 12525, 10894, 10174, 11730, 11281, 6798, 6165, 4515, 7059, 11252, 9246, 5482, 6047, 7169, 8307, 11282, 20101, 16388, 9495, 18367, 15295, 12092, 1971)
left	z	1286710	(741, 393)	[(90, 720, 738), (108, 720, 774), (90, 738, 756), (108, 738, 738), (90, 738, 738), (108, 738, 774), (90, 720, 774), (90, 738, 756), (108, 720, 756), (90, 738, 756), (90, 738, 756), (90, 720, 756), (108, 738, 756), (90, 738, 774), (90, 720, 774), (90, 738, 756), (108, 720, 738), (90, 738, 792), (108, 756, 756), (90, 756, 756), (126, 738, 774), (108, 720, 774), (108, 720, 756), (90, 738, 756), (90, 738, 738)]	(9451, 12368, 10820, 10238, 11750, 11322, 6838, 6196, 4533, 7074, 10708, 9877, 5371, 6078, 7189, 8603, 11285, 20063, 16105, 9431, 17933, 15007, 12080, 1970)
left	h	1289144	(670, 179)	[(90, 756, 756), (108, 756, 738), (90, 738, 738), (90, 756, 756), (90, 756, 756), (90, 738, 720), (108, 756, 756), (108, 756, 756), (90, 756, 738), (108, 756, 738), (90, 738, 738), (90, 756, 738), (90, 756, 720), (108, 738, 702), (126, 756, 702), (108, 774, 774), (108, 756, 756), (90, 756, 738), (72, 738, 738), (108, 738, 738), (108, 756, 756), (108, 756, 756), (108, 756, 738), (108, 756, 756), (90, 738, 720)]	(9449, 12310, 10737, 10170, 11720, 11225, 7720, 8442, 7200, 7130, 14737, 14695, 5428, 6062, 7177, 8451, 11280, 20070, 16248, 9445, 18103, 15139, 12083, 1981)
right	n	1290661	(737, 145)	[(108, 774, 720), (90, 738, 738), (90, 738, 774), (90, 756, 720), (108, 738, 738), (126, 738, 774), (90, 738, 792), (90, 738, 774), (108, 738, 774), (90, 756, 738), (108, 756, 720), (90, 738, 738), (90, 738, 756), (90, 738, 756), (90, 738, 756), (90, 738, 756), (90, 738, 720), (90, 738, 738), (90, 738, 774), (108, 738, 756), (126, 756, 756), (90, 738, 738), (90, 738, 756), (108, 738, 756), (108, 756, 720)]	(9436, 12354, 10736, 10217, 11767, 11387, 6884, 6218, 4568, 7088, 10935, 9714, 5379, 6075, 7185, 8409, 11290, 20074, 16368, 9375, 17969, 14925, 12066, 1975)
left	w	1292255	(581, 389)	[(108, 738, 738), (108, 738, 720), (72, 756, 738), (108, 756, 774), (126, 738, 774), (90, 738, 756), (72, 738, 738), (90, 738, 720), (108, 738, 774), (90, 756, 756), (90, 738, 738), (108, 756, 738), (108, 756, 756), (108, 756, 756), (126, 756, 774), (108, 756, 756), (90, 738, 720), (126, 738, 702), (90, 756, 738), (90, 756, 792), (126, 756, 756), (90, 756, 756), (90, 738, 738), (108, 756, 720), (108, 756, 738)]	(9450, 12302, 10724, 10177, 11726, 11237, 6842, 6205, 4557, 7069, 11071, 9812, 5472, 6074, 7185, 8621, 11283, 20056, 16239, 9425, 17841, 15030, 12083, 1975)
right	t	1293788	(568, 261)	[(90, 756, 738), (108, 756, 738), (90, 756, 756), (90, 756, 756), (90, 756, 738), (108, 756, 756), (90, 738, 738), (90, 756, 756), (90, 738, 702), (126, 738, 702), (108, 738, 756), (90, 756, 792), (90, 738, 720), (72, 756, 720), (72, 756, 738), (90, 756, 702), (90, 756, 720), (36, 774, 756), (0, 774, 828), (90, 756, 738), (90, 756, 756), (72, 774, 756), (54, 756, 720), (54, 756, 684), (72, 756, 684)]	(9460, 12599, 10946, 10446, 11720, 11265, 6638, 5834, 4147, 6980, 8176, 9327, 5564, 6063, 7173, 8562, 11264, 20045, 16075, 9435, 17989, 15101, 12079, 1965)
left	q	1295369	(587, 451)	[(90, 738, 756), (90, 738, 756), (72, 756, 774), (72, 756, 738), (90, 756, 774), (90, 738, 738), (90, 756, 738), (72, 738, 774), (72, 738, 720), (108, 756, 756), (72, 738, 756), (90, 756, 756), (72, 738, 756), (90, 738, 738), (90, 738, 756), (90, 738, 792), (72, 756, 792), (90, 756, 738), (72, 756, 738), (108, 738, 738), (72, 756, 756), (90, 756, 774), (108, 756, 756), (108, 756, 738), (72, 756, 738)]	(9447, 12315, 10775, 10255, 11722, 11249, 6887, 6208, 4554, 7067, 10358, 10005, 5715, 6103, 7202, 8941, 11267, 20004, 15673, 9398, 17523, 14969, 12075, 1971)
right	f	1297110	(688, 293)	[(108, 738, 774), (90, 738, 774), (90, 738, 738), (108, 756, 738), (90, 756, 756), (108, 738, 756), (90, 738, 774), (108, 738, 756), (108, 738, 756), (72, 738, 738), (90, 738, 774), (108, 756, 792), (72, 738, 756), (72, 738, 738), (90, 738, 702), (72, 738, 720), (90, 756, 756), (90, 738, 792), (72, 738, 738), (72, 738, 720), (72, 738, 810), (72, 774, 756), (54, 738, 774), (72, 738, 738), (72, 738, 738)]	(9463, 12569, 10870, 10277, 11726, 11239, 7116, 7046, 5632, 7018, 11328, 13094, 5589, 6074, 7180, 8568, 11268, 20049, 16007, 9398, 17920, 15029, 12073, 1965)
left	l	1298771	(693, 38)	[(90, 756, 756), (108, 738, 684), (108, 738, 702), (90, 756, 792), (108, 756, 792), (108, 756, 738), (108, 756, 720), (90, 756, 702), (90, 756, 720), (72, 756, 720), (90, 774, 756), (90, 774, 756), (72, 756, 756), (108, 738, 738), (108, 756, 702), (108, 756, 720), (72, 774, 666), (126, 738, 720), (90, 774, 738), (90, 774, 738), (72, 756, 738), (72, 756, 738), (72, 774, 738), (108, 774, 738), (108, 774, 738)]	(9470, 12898, 11166, 10258, 11721, 11207, 6788, 5922, 4237, 7009, 10168, 8781, 5620, 6055, 7169, 8138, 11310, 20158, 16869, 9552, 18776, 15387, 12099, 1976)
right	r	1300713	(600, 304)	[(72, 738, 720), (90, 738, 756), (90, 738, 738), (90, 738, 756), (108, 756, 720), (108, 738, 738), (126, 738, 720), (126, 720, 738), (108, 720, 792), (72, 756, 756), (72, 756, 774), (90, 738, 810), (90, 720, 792), (72, 720, 720), (72, 756, 756), (36, 774, 810), (90, 738, 774), (90, 720, 684), (36, 738, 630), (90, 738, 756), (54, 774, 774), (36, 774, 774), (108, 738, 792), (90, 756, 684), (72, 738, 720)]	(9448, 12375, 10847, 10543, 11764, 11470, 8066, 8793, 7514, 7132, 13629, 14902, 5511, 6080, 7188, 8632, 11272, 20049, 15833, 9405, 17980, 15018, 12078, 1974)
right	s	1302721	(667, 372)	[(72, 738, 720), (72, 756, 738), (90, 738, 756), (90, 738, 756), (72, 756, 756), (90, 738, 738), (90, 738, 738), (108, 756, 774), (108, 756, 756), (90, 738, 756), (108, 720, 720), (90, 738, 756), (18, 792, 774), (54, 774, 846), (90, 720, 738), (72, 720, 684), (72, 738, 684), (72, 738, 720), (72, 756, 756), (36, 756, 666), (54, 738, 828), (72, 756, 828), (54, 756, 774), (54, 738, 774), (54, 720, 756)]	(9460, 12621, 10954, 10405, 11708, 11050, 6878, 6731, 5272, 6979, 10150, 13197, 5368, 6091, 7182, 8946, 11273, 20021, 15728, 9385, 17765, 14903, 12069, 1976)
