Please hold the phone in your left hand and type with your left thumb
o	1514355	(572, 75)	[(72, 396, 936), (72, 432, 918), (72, 432, 882), (108, 414, 882), (126, 414, 936), (144, 414, 990), (162, 414, 918), (180, 432, 882), (180, 414, 864), (180, 414, 900), (198, 414, 990), (234, 432, 972), (216, 414, 954), (180, 450, 900), (162, 468, 864), (162, 468, 900), (162, 468, 918), (180, 468, 864), (180, 450, 900), (180, 468, 936), (180, 486, 918), (162, 486, 900), (180, 504, 918), (180, 486, 864), (162, 486, 828)]	(9369, 10936, 9895, 10126, 11460, 9500, 5885, 7057, 5265, 6790, 5740, 7739, 5321, 6186, 7655, 6895, 12280, 21179, 15543, 8781, 15774, 13745, 13086, 1948)
k	1514744	(655, 110)	[(180, 450, 900), (162, 468, 864), (162, 468, 900), (162, 468, 918), (180, 468, 864), (180, 450, 900), (180, 468, 936), (180, 486, 918), (162, 486, 900), (180, 504, 918), (180, 486, 864), (162, 486, 828), (162, 468, 972), (180, 468, 900), (162, 468, 900), (144, 468, 900), (162, 468, 900), (144, 486, 918), (162, 504, 882), (126, 486, 882), (108, 486, 900), (108, 486, 954), (90, 486, 936), (126, 486, 900), (126, 468, 810)]	(9365, 10928, 9881, 10124, 11457, 9515, 6067, 7186, 5595, 6813, 5797, 7887, 5409, 6225, 7880, 6906, 12459, 21323, 15095, 8800, 15750, 13769, 13099, 1964)
a	1515301	(663, 428)	[(108, 486, 954), (90, 486, 936), (126, 486, 900), (126, 468, 810), (90, 450, 810), (54, 342, 1044), (18, 342, 1098), (-90, 342, 1062), (-126, 324, 1080), (-198, 324, 1134), (-180, 324, 1134), (-108, 342, 1026), (-126, 360, 990), (-126, 360, 972), (-108, 342, 954), (-90, 324, 972), (-90, 324, 954), (-72, 324, 972), (-90, 342, 972), (-90, 342, 972), (-90, 342, 972), (-72, 342, 936), (-18, 324, 954), (-36, 306, 990), (-36, 306, 990)]	(9341, 10542, 9375, 9963, 11400, 9417, 5917, 7262, 8298, 6832, 5946, 9135, 7454, 6600, 8372, 7043, 13756, 20503, 14380, 8840, 15545, 13878, 12649, 1958)
y	1515909	(581, 228)	[(-36, 306, 990), (-36, 306, 990), (-90, 378, 1008), (-72, 360, 1008), (-72, 378, 954), (18, 342, 990), (54, 342, 1008), (54, 360, 972), (72, 360, 936), (108, 360, 918), (90, 378, 864), (90, 396, 900), (72, 414, 918), (90, 414, 936), (54, 414, 954), (54, 414, 990), (54, 432, 972), (54, 468, 954), (54, 468, 900), (72, 432, 882), (90, 432, 918), (90, 432, 954), (108, 432, 936), (108, 432, 900), (72, 450, 900)]	(9348, 10700, 9591, 10022, 11416, 9449, 6445, 7117, 6955, 6819, 5929, 8935, 5999, 6437, 8136, 6969, 13343, 20758, 14665, 8811, 15627, 13768, 12813, 1960)
 	1516299	(818, 254)	[(90, 414, 936), (54, 414, 954), (54, 414, 990), (54, 432, 972), (54, 468, 954), (54, 468, 900), (72, 432, 882), (90, 432, 918), (90, 432, 954), (108, 432, 936), (108, 432, 900), (72, 450, 900), (72, 414, 1008), (90, 378, 954), (90, 360, 990), (90, 396, 972), (72, 396, 936), (54, 414, 918), (36, 414, 936), (36, 432, 936), (54, 432, 918), (18, 414, 954), (0, 432, 990), (36, 414, 1008), (36, 414, 1026)]	(9346, 10660, 9558, 10022, 11423, 9480, 6484, 7332, 7565, 6851, 5938, 8903, 5990, 6502, 8491, 6997, 13594, 20787, 14528, 8822, 15606, 13800, 12803, 1963)
t	1516858	(562, 272)	[(18, 414, 954), (0, 432, 990), (36, 414, 1008), (36, 414, 1026), (0, 450, 936), (54, 414, 972), (72, 414, 954), (90, 414, 954), (108, 432, 954), (90, 414, 918), (90, 414, 882), (108, 450, 900), (108, 450, 954), (108, 414, 990), (108, 414, 990), (108, 432, 954), (90, 432, 936), (90, 468, 900), (90, 468, 864), (90, 450, 900), (72, 450, 936), (72, 486, 990), (54, 468, 990), (72, 468, 954), (90, 468, 900)]	(9350, 10698, 9648, 10050, 11430, 9485, 6728, 7177, 7071, 6852, 5978, 8878, 5923, 6475, 8387, 6991, 13427, 20879, 14634, 8819, 15627, 13770, 12831, 1961)
h	1517146	(659, 205)	[(90, 414, 918), (90, 414, 882), (108, 450, 900), (108, 450, 954), (108, 414, 990), (108, 414, 990), (108, 432, 954), (90, 432, 936), (90, 468, 900), (90, 468, 864), (90, 450, 900), (72, 450, 936), (72, 486, 990), (54, 468, 990), (72, 468, 954), (90, 468, 900), (72, 468, 936), (72, 450, 936), (90, 468, 882), (54, 450, 882), (54, 486, 900), (36, 504, 990), (18, 486, 990), (36, 468, 936), (72, 432, 846)]	(9346, 10683, 9630, 10036, 11432, 9472, 6676, 7086, 6909, 6845, 5945, 8751, 5878, 6413, 8230, 6951, 13352, 20815, 14607, 8806, 15615, 13775, 12826, 1964)
a	1517602	(656, 428)	[(90, 468, 900), (72, 468, 936), (72, 450, 936), (90, 468, 882), (54, 450, 882), (54, 486, 900), (36, 504, 990), (18, 486, 990), (36, 468, 936), (72, 432, 846), (72, 342, 990), (18, 324, 1116), (18, 324, 1098), (90, 324, 1080), (-108, 324, 1026), (-198, 306, 1044), (-72, 360, 990), (-72, 360, 954), (-72, 342, 954), (-72, 324, 918), (-54, 342, 936), (-72, 378, 954), (-90, 378, 972), (-72, 396, 1026), (-54, 378, 1044)]	(9334, 10547, 9410, 9973, 11409, 9463, 6736, 7328, 8175, 6872, 5973, 9224, 6317, 6601, 8006, 7045, 14043, 20323, 14448, 8879, 15610, 14017, 12600, 1946)
n	1518195	(728, 151)	[(-72, 396, 1026), (-54, 378, 1044), (-36, 360, 936), (54, 324, 1062), (18, 342, 990), (18, 378, 954), (18, 378, 990), (0, 396, 972), (18, 414, 936), (18, 432, 918), (18, 432, 918), (36, 432, 936), (36, 432, 936), (54, 414, 936), (72, 414, 954), (72, 396, 972), (90, 414, 972), (108, 432, 936), (90, 414, 972), (90, 450, 918), (90, 450, 918), (90, 432, 918), (126, 432, 954), (90, 450, 936), (108, 468, 918)]	(9349, 10656, 9576, 10016, 11421, 9480, 7055, 6785, 6435, 6823, 5986, 8629, 5521, 6272, 7553, 6945, 13303, 20370, 14966, 8829, 15736, 13958, 12754, 1962)
k	1518553	(663, 109)	[(36, 432, 936), (54, 414, 936), (72, 414, 954), (72, 396, 972), (90, 414, 972), (108, 432, 936), (90, 414, 972), (90, 450, 918), (90, 450, 918), (90, 432, 918), (126, 432, 954), (90, 450, 936), (108, 468, 918), (126, 432, 900), (108, 486, 918), (108, 486, 900), (90, 486, 936), (144, 522, 882), (126, 486, 864), (144, 486, 900), (144, 486, 936), (144, 486, 936), (162, 504, 900), (144, 504, 846), (144, 504, 810)]	(9357, 10680, 9641, 10013, 11423, 9467, 7112, 6662, 5943, 6820, 5965, 8246, 5422, 6249, 7511, 6927, 13139, 20365, 15195, 8808, 15730, 13920, 12775, 1955)
s	1519160	(652, 376)	[(144, 504, 846), (144, 504, 810), (90, 486, 864), (54, 450, 936), (36, 450, 1008), (36, 432, 1062), (72, 432, 1044), (54, 396, 1062), (54, 378, 1026), (36, 396, 1008), (36, 414, 954), (18, 414, 918), (36, 414, 882), (36, 432, 882), (36, 432, 900), (36, 450, 900), (18, 432, 936), (36, 432, 972), (36, 414, 954), (72, 396, 936), (72, 396, 918), (54, 414, 936), (18, 414, 990), (18, 396, 1026), (18, 414, 936)]	(9340, 10453, 9422, 9930, 11400, 9413, 6414, 6928, 7235, 6837, 6043, 9470, 5823, 6540, 7871, 7016, 13945, 20245, 14445, 8878, 15608, 14042, 12604, 1944)
j	1521371	(655, 151)	[(-36, 468, 918), (-36, 486, 900), (18, 450, 936), (36, 450, 972), (72, 432, 972), (108, 432, 936), (126, 432, 918), (144, 450, 900), (144, 450, 900), (144, 468, 882), (144, 468, 900), (144, 468, 882), (126, 504, 882), (126, 486, 918), (126, 486, 918), (126, 486, 900), (126, 504, 882), (108, 504, 918), (90, 504, 900), (108, 504, 882), (126, 522, 882), (126, 504, 882), (108, 522, 954), (126, 486, 990), (144, 504, 918)]	(9365, 10680, 9714, 10074, 11450, 9550, 7647, 7217, 6688, 6874, 6027, 8436, 5679, 6599, 7960, 6997, 13722, 20378, 15195, 8828, 15708, 13912, 12702, 1965)
o	1521815	(574, 80)	[(126, 504, 882), (108, 504, 918), (90, 504, 900), (108, 504, 882), (126, 522, 882), (126, 504, 882), (108, 522, 954), (126, 486, 990), (144, 504, 918), (144, 504, 810), (126, 486, 918), (144, 522, 900), (108, 540, 918), (90, 540, 918), (108, 558, 900), (90, 540, 882), (126, 558, 900), (162, 540, 918), (126, 522, 846), (144, 576, 810), (162, 576, 756), (180, 558, 846), (162, 576, 900), (162, 558, 936), (180, 558, 846)]	(9363, 10705, 9740, 10093, 11455, 9565, 7548, 7214, 6609, 6873, 5982, 8152, 5706, 6355, 7591, 6965, 13308, 20329, 15902, 8802, 15750, 13845, 12757, 1951)
e	1522427	(575, 355)	[(162, 558, 936), (180, 558, 846), (126, 558, 756), (72, 486, 972), (72, 450, 1008), (90, 396, 1080), (126, 378, 1098), (144, 396, 1062), (108, 432, 990), (108, 432, 936), (90, 432, 918), (108, 432, 882), (90, 432, 918), (108, 432, 936), (90, 432, 936), (72, 432, 882), (108, 450, 918), (90, 432, 936), (90, 432, 954), (90, 414, 990), (72, 432, 1008), (72, 432, 972), (54, 450, 882), (72, 468, 846), (54, 468, 864)]	(9354, 10614, 9561, 9980, 11411, 9442, 6888, 6828, 6682, 6828, 6025, 9133, 5823, 6638, 7794, 7017, 13915, 20152, 14697, 8845, 15660, 14015, 12633, 1945)
l	1523190	(660, 58)	[(72, 504, 918), (144, 468, 936), (180, 432, 972), (162, 432, 990), (162, 432, 990), (144, 450, 936), (198, 450, 900), (234, 432, 918), (216, 432, 918), (198, 432, 882), (198, 468, 864), (180, 486, 900), (180, 504, 900), (162, 486, 918), (162, 486, 882), (144, 486, 900), (162, 504, 882), (162, 504, 882), (126, 504, 882), (162, 504, 882), (144, 504, 918), (162, 504, 918), (198, 486, 900), (216, 486, 810), (180, 486, 810)]	(9356, 10714, 9724, 10040, 11440, 9496, 7242, 6682, 5765, 6811, 5950, 7855, 5321, 6300, 7486, 6941, 13259, 20239, 15417, 8805, 15743, 13904, 12768, 1956)
 	1523801	(824, 258)	[(216, 486, 810), (180, 486, 810), (180, 486, 882), (72, 450, 954), (90, 432, 900), (108, 450, 882), (90, 432, 900), (108, 432, 936), (126, 432, 936), (108, 414, 954), (90, 414, 954), (72, 432, 936), (90, 432, 936), (72, 432, 936), (90, 432, 972), (90, 414, 954), (90, 414, 954), (108, 396, 972), (108, 414, 936), (108, 432, 936), (90, 414, 900), (108, 414, 918), (90, 414, 954), (108, 396, 1008), (90, 396, 1008)]	(9341, 10602, 9515, 9986, 11418, 9482, 7080, 6856, 7015, 6844, 6020, 8643, 5619, 6440, 7690, 6982, 13879, 20270, 14620, 8856, 15664, 13985, 12702, 1956)
e	1525814	(580, 362)	[(108, 414, 918), (108, 414, 954), (90, 414, 954), (72, 414, 972), (90, 414, 990), (108, 414, 954), (90, 414, 936), (108, 396, 918), (126, 396, 954), (108, 396, 954), (108, 414, 936), (72, 414, 972), (90, 432, 954), (90, 396, 936), (90, 432, 918), (108, 414, 936), (108, 396, 936), (126, 396, 954), (126, 414, 900), (90, 396, 900), (90, 414, 936), (72, 450, 972), (72, 432, 1062), (72, 432, 1026), (108, 432, 900)]	(9336, 10581, 9502, 9976, 11411, 9455, 6982, 6772, 6850, 6837, 6080, 8976, 5585, 6498, 7668, 7003, 13887, 20177, 14599, 8857, 15655, 14030, 12658, 1954)
p	1526898	(575, 10)	[(198, 522, 846), (198, 540, 864), (180, 540, 846), (198, 540, 846), (198, 540, 864), (198, 522, 900), (216, 522, 882), (180, 558, 846), (144, 558, 882), (144, 576, 864), (180, 540, 864), (198, 522, 882), (144, 576, 864), (144, 576, 864), (180, 576, 846), (198, 558, 846), (216, 558, 846), (234, 558, 864), (234, 558, 864), (234, 576, 810), (198, 558, 810), (162, 594, 864), (162, 612, 882), (198, 594, 810), (234, 576, 756)]	(9363, 10691, 9707, 10067, 11449, 9515, 7240, 6982, 6322, 6846, 5979, 7651, 5322, 6335, 7479, 6957, 13330, 20220, 16172, 8799, 15773, 13882, 12781, 1950)
h	1527561	(674, 189)	[(180, 522, 936), (180, 468, 954), (180, 486, 936), (162, 504, 882), (180, 522, 864), (162, 522, 882), (162, 522, 882), (144, 522, 864), (126, 540, 846), (162, 540, 864), (180, 522, 882), (198, 522, 882), (180, 522, 918), (180, 504, 936), (162, 504, 864), (162, 504, 882), (144, 522, 864), (144, 522, 882), (144, 522, 918), (162, 504, 936), (162, 504, 882), (162, 522, 900), (144, 486, 936), (162, 504, 936), (144, 522, 918)]	(9353, 10637, 9574, 10021, 11426, 9500, 7068, 7048, 6871, 6849, 6020, 8542, 5475, 6470, 7619, 6969, 13771, 20209, 14945, 8828, 15701, 13930, 12752, 1962)
r	1528677	(577, 302)	[(144, 486, 882), (126, 486, 882), (144, 486, 900), (144, 486, 918), (126, 486, 936), (144, 486, 936), (144, 486, 918), (144, 486, 882), (144, 486, 900), (144, 504, 918), (144, 504, 936), (126, 486, 954), (144, 486, 900), (144, 486, 900), (144, 486, 882), (144, 486, 900), (144, 504, 918), (144, 504, 846), (126, 504, 882), (144, 486, 936), (126, 504, 1008), (144, 486, 1026), (144, 468, 954), (162, 450, 810), (144, 486, 738)]	(9351, 10614, 9578, 9994, 11421, 9463, 6935, 6861, 6516, 6844, 6044, 8877, 5337, 6528, 7666, 6974, 13861, 20179, 14791, 8828, 15669, 13957, 12716, 1960)
o	1529187	(569, 74)	[(144, 486, 936), (126, 504, 1008), (144, 486, 1026), (144, 468, 954), (162, 450, 810), (144, 486, 738), (180, 486, 990), (144, 522, 882), (108, 540, 864), (90, 558, 828), (126, 576, 792), (162, 558, 810), (162, 558, 846), (162, 576, 900), (162, 558, 882), (162, 576, 846), (162, 576, 828), (144, 594, 810), (162, 630, 792), (144, 612, 864), (144, 594, 900), (162, 594, 882), (180, 594, 864), (180, 594, 792), (180, 594, 756)]	(9348, 10677, 9654, 10055, 11436, 9511, 7153, 7150, 7031, 6864, 5983, 8407, 5636, 6409, 7578, 6958, 13501, 20247, 15498, 8810, 15733, 13865, 12772, 1945)
s	1529901	(664, 376)	[(72, 468, 936), (90, 378, 954), (90, 360, 936), (90, 378, 972), (72, 414, 1026), (36, 396, 1044), (54, 414, 1044), (54, 378, 990), (18, 360, 972), (0, 378, 972), (18, 378, 1008), (-18, 396, 972), (-18, 396, 954), (-18, 396, 954), (18, 378, 972), (36, 378, 1008), (36, 360, 1008), (54, 360, 972), (36, 360, 972), (36, 360, 918), (36, 378, 918), (36, 378, 972), (36, 396, 990), (36, 378, 1008), (36, 396, 1008)]	(9338, 10441, 9405, 9939, 11398, 9443, 6885, 7046, 7298, 6849, 6057, 9526, 5513, 6404, 7593, 7023, 14008, 20142, 14505, 8909, 15700, 14196, 12582, 1959)
s	1530194	(652, 376)	[(0, 378, 972), (18, 378, 1008), (-18, 396, 972), (-18, 396, 954), (-18, 396, 954), (18, 378, 972), (36, 378, 1008), (36, 360, 1008), (54, 360, 972), (36, 360, 972), (36, 360, 918), (36, 378, 918), (36, 378, 972), (36, 396, 990), (36, 378, 1008), (36, 396, 1008), (54, 360, 990), (54, 360, 990), (18, 360, 972), (36, 378, 954), (36, 378, 972), (18, 378, 954), (36, 396, 954), (18, 414, 936), (36, 396, 954)]	(9331, 10442, 9403, 9927, 11403, 9442, 6963, 7029, 7150, 6835, 6019, 9368, 5453, 6400, 7601, 7015, 13974, 20134, 14475, 8906, 15677, 14161, 12568, 1954)
 	1530806	(852, 249)	[(18, 414, 936), (36, 396, 954), (54, 378, 954), (36, 378, 990), (36, 396, 954), (36, 396, 972), (36, 396, 954), (36, 414, 918), (18, 396, 936), (18, 396, 954), (18, 414, 954), (36, 396, 954), (36, 396, 954), (54, 414, 936), (54, 396, 936), (54, 396, 954), (54, 378, 954), (36, 396, 954), (36, 432, 954), (36, 450, 972), (54, 414, 954), (36, 414, 954), (36, 396, 900), (36, 414, 954), (72, 396, 990)]	(9330, 10492, 9443, 9945, 11409, 9472, 7361, 7002, 7202, 6866, 6045, 9233, 5490, 6443, 7649, 7017, 13971, 20174, 14559, 8893, 15683, 14133, 12607, 1950)
o	1531994	(563, 75)	[(36, 396, 1008), (36, 414, 990), (36, 432, 1026), (36, 432, 1008), (54, 504, 810), (108, 558, 846), (108, 486, 990), (162, 432, 990), (162, 432, 954), (144, 486, 900), (144, 504, 918), (108, 486, 918), (108, 522, 864), (180, 558, 846), (216, 540, 864), (198, 522, 900), (180, 540, 846), (162, 576, 810), (162, 576, 828), (162, 576, 810), (162, 576, 792), (144, 612, 846), (162, 612, 900), (198, 594, 900), (198, 558, 810)]	(9368, 10637, 9740, 10082, 11451, 9571, 8066, 6984, 6781, 6900, 6100, 8275, 5451, 6820, 7602, 7026, 14021, 20064, 15961, 8823, 15762, 13877, 12651, 1955)
n	1532507	(743, 158)	[(162, 576, 810), (162, 576, 792), (144, 612, 846), (162, 612, 900), (198, 594, 900), (198, 558, 810), (180, 576, 720), (144, 594, 900), (180, 522, 882), (162, 504, 882), (144, 522, 882), (162, 522, 900), (144, 522, 900), (108, 540, 882), (108, 558, 882), (90, 558, 864), (108, 558, 882), (126, 540, 882), (144, 540, 882), (162, 522, 846), (126, 522, 828), (126, 558, 918), (126, 540, 918), (144, 522, 900), (180, 486, 864)]	(9347, 10585, 9592, 10027, 11430, 9510, 7681, 6926, 7333, 6891, 6093, 8893, 5664, 6815, 7743, 7023, 14197, 20045, 14883, 8837, 15665, 13908, 12621, 1957)
 	1532801	(797, 195)	[(144, 522, 882), (162, 522, 900), (144, 522, 900), (108, 540, 882), (108, 558, 882), (90, 558, 864), (108, 558, 882), (126, 540, 882), (144, 540, 882), (162, 522, 846), (126, 522, 828), (126, 558, 918), (126, 540, 918), (144, 522, 900), (180, 486, 864), (162, 522, 864), (144, 504, 954), (108, 522, 828), (144, 540, 828), (108, 504, 900), (108, 522, 954), (144, 504, 1008), (126, 486, 972), (162, 468, 918), (144, 504, 864)]	(9351, 10588, 9595, 10025, 11430, 9522, 7698, 6903, 7299, 6870, 6107, 8932, 5633, 6823, 7703, 7034, 14219, 20031, 14875, 8838, 15679, 13942, 12610, 1956)
i	1533363	(550, 134)	[(144, 504, 1008), (126, 486, 972), (162, 468, 918), (144, 504, 864), (108, 540, 918), (144, 486, 936), (162, 504, 918), (180, 504, 882), (180, 486, 810), (198, 504, 792), (162, 594, 828), (126, 612, 954), (144, 558, 936), (180, 540, 900), (180, 522, 846), (180, 558, 810), (162, 576, 756), (162, 594, 828), (144, 594, 864), (108, 612, 900), (108, 594, 936), (126, 594, 900), (180, 576, 846), (180, 558, 756), (198, 576, 720)]	(9354, 10598, 9624, 10020, 11430, 9516, 7692, 6809, 6768, 6883, 6103, 8558, 5535, 6530, 7526, 6982, 13835, 20040, 15256, 8806, 15708, 13884, 12671, 1945)
s	1534536	(664, 380)	[(54, 396, 936), (72, 396, 936), (72, 378, 972), (72, 378, 954), (54, 378, 990), (72, 378, 972), (72, 396, 954), (54, 396, 972), (72, 396, 990), (54, 396, 990), (72, 378, 990), (72, 396, 936), (54, 396, 936), (36, 396, 936), (54, 396, 954), (54, 396, 972), (36, 378, 972), (36, 414, 936), (54, 396, 918), (54, 396, 954), (36, 396, 972), (18, 396, 1026), (54, 396, 1008), (54, 396, 936), (72, 396, 828)]	(9332, 10435, 9379, 9914, 11394, 9412, 6896, 7004, 7250, 6853, 6030, 9394, 5502, 6389, 7486, 7034, 13923, 19991, 14473, 8931, 15725, 14312, 12494, 1950)
s	1534796	(669, 380)	[(54, 396, 972), (72, 396, 990), (54, 396, 990), (72, 378, 990), (72, 396, 936), (54, 396, 936), (36, 396, 936), (54, 396, 954), (54, 396, 972), (36, 378, 972), (36, 414, 936), (54, 396, 918), (54, 396, 954), (36, 396, 972), (18, 396, 1026), (54, 396, 1008), (54, 396, 936), (72, 396, 828), (54, 396, 1062), (72, 396, 864), (54, 396, 918), (36, 396, 972), (18, 432, 1080), (18, 378, 1098), (72, 360, 936)]	(9328, 10431, 9355, 9900, 11384, 9442, 6936, 6943, 7117, 6871, 6034, 9282, 5503, 6400, 7488, 7039, 13922, 19971, 14470, 8930, 15720, 14295, 12486, 1954)
u	1535611	(597, 167)	[(90, 504, 846), (126, 504, 864), (126, 504, 918), (126, 504, 936), (126, 486, 900), (126, 504, 900), (126, 504, 864), (126, 504, 864), (90, 504, 882), (108, 522, 918), (108, 522, 936), (126, 504, 936), (126, 504, 900), (108, 522, 864), (126, 522, 882), (126, 522, 900), (126, 522, 900), (144, 540, 864), (126, 522, 864), (126, 522, 864), (126, 522, 864), (126, 540, 882), (126, 558, 954), (108, 540, 972), (162, 522, 882)]	(9352, 10604, 9557, 10022, 11441, 9547, 7874, 7040, 6856, 6891, 6101, 8656, 5338, 6885, 7655, 7035, 14196, 20055, 15028, 8850, 15710, 13928, 12625, 1954)
e	1536173	(580, 347)	[(126, 540, 882), (126, 558, 954), (108, 540, 972), (162, 522, 882), (108, 558, 828), (90, 504, 1008), (126, 468, 1008), (108, 468, 954), (126, 468, 918), (126, 468, 900), (126, 450, 882), (108, 468, 882), (90, 486, 936), (90, 486, 972), (90, 468, 972), (108, 450, 972), (126, 450, 936), (126, 432, 900), (126, 432, 864), (126, 450, 936), (90, 468, 990), (72, 468, 990), (72, 486, 936), (90, 468, 900), (72, 468, 846)]	(9342, 10548, 9494, 9967, 11412, 9486, 7551, 6926, 6672, 6873, 6139, 9146, 5277, 6739, 7618, 7052, 14246, 19978, 14685, 8882, 15707, 14140, 12554, 1955)
s	1536833	(822, 226)	[(108, 450, 954), (90, 450, 936), (90, 450, 936), (90, 450, 918), (90, 450, 954), (72, 450, 954), (90, 468, 972), (90, 450, 918), (90, 468, 936), (72, 468, 936), (90, 450, 918), (90, 450, 918), (90, 450, 954), (90, 450, 936), (90, 450, 954), (108, 432, 918), (90, 450, 918), (90, 486, 900), (90, 450, 882), (54, 450, 900), (72, 468, 936), (72, 468, 1008), (72, 468, 1008), (90, 450, 954), (108, 450, 810)]	(9347, 10552, 9496, 9976, 11418, 9498, 7636, 6921, 6907, 6868, 6103, 9116, 5342, 6660, 7572, 7053, 14203, 19974, 14759, 8899, 15755, 14204, 12553, 1959)
 	1541273	(579, 327)	[(126, 450, 918), (126, 450, 900), (90, 450, 918), (108, 450, 918), (90, 468, 936), (90, 450, 918), (108, 450, 918), (108, 450, 936), (108, 432, 918), (108, 432, 936), (108, 450, 936), (108, 468, 936), (108, 450, 918), (108, 450, 918), (108, 450, 900), (126, 450, 918), (108, 432, 918), (72, 468, 918), (72, 450, 972), (90, 468, 972), (72, 468, 954), (90, 468, 900), (90, 450, 936), (108, 468, 882), (72, 468, 882)]	(9347, 10566, 9526, 9986, 11420, 9500, 7745, 6893, 6673, 6875, 6192, 9093, 5288, 7034, 7659, 7081, 14293, 19961, 14717, 8878, 15690, 14074, 12516, 1951)
r	1541567	(577, 354)	[(108, 432, 936), (108, 450, 936), (108, 468, 936), (108, 450, 918), (108, 450, 918), (108, 450, 900), (126, 450, 918), (108, 432, 918), (72, 468, 918), (72, 450, 972), (90, 468, 972), (72, 468, 954), (90, 468, 900), (90, 450, 936), (108, 468, 882), (72, 468, 882), (126, 432, 900), (126, 450, 882), (72, 468, 990), (72, 468, 990), (72, 468, 954), (90, 450, 936), (90, 468, 918), (90, 450, 900), (108, 432, 882)]	(9340, 10550, 9504, 9977, 11416, 9484, 7656, 6823, 6594, 6873, 6175, 9023, 5272, 7036, 7650, 7085, 14286, 19947, 14698, 8879, 15683, 14077, 12502, 1951)
e	1543394	(579, 348)	[(90, 432, 954), (90, 432, 954), (108, 432, 936), (126, 432, 918), (108, 432, 918), (90, 450, 972), (90, 432, 954), (90, 432, 918), (108, 432, 918), (90, 432, 936), (108, 432, 936), (108, 432, 954), (108, 432, 936), (108, 450, 954), (90, 432, 954), (108, 432, 936), (108, 450, 918), (90, 432, 918), (108, 450, 918), (126, 432, 936), (108, 450, 972), (108, 468, 1008), (90, 450, 954), (108, 450, 846), (90, 432, 828)]	(9345, 10548, 9489, 9973, 11421, 9478, 7627, 6750, 6530, 6855, 6190, 9043, 5277, 7045, 7621, 7084, 14273, 19930, 14702, 8890, 15684, 14094, 12491, 1957)
a	1543940	(646, 418)	[(108, 468, 1008), (90, 450, 954), (108, 450, 846), (90, 432, 828), (90, 468, 900), (126, 414, 990), (108, 432, 900), (108, 432, 936), (90, 414, 954), (108, 432, 972), (90, 414, 972), (90, 432, 954), (72, 414, 936), (72, 414, 918), (72, 414, 954), (72, 414, 954), (90, 414, 954), (108, 396, 972), (108, 414, 954), (90, 414, 954), (108, 414, 900), (108, 396, 936), (90, 414, 990), (90, 414, 1008), (72, 414, 1026)]	(9333, 10548, 9493, 9953, 11411, 9442, 7380, 6786, 6387, 6859, 6089, 8999, 5185, 6762, 7537, 7078, 14273, 19913, 14613, 8929, 15754, 14292, 12465, 1950)
c	1545406	(752, 298)	[(126, 432, 972), (108, 414, 936), (108, 414, 954), (108, 414, 936), (90, 414, 954), (108, 432, 954), (108, 414, 972), (108, 414, 972), (108, 432, 936), (108, 432, 954), (90, 414, 954), (90, 414, 954), (108, 414, 954), (108, 414, 954), (108, 414, 936), (108, 414, 954), (108, 414, 954), (90, 432, 936), (90, 414, 918), (90, 414, 918), (72, 432, 1008), (108, 414, 1008), (108, 432, 954), (108, 432, 882), (108, 414, 828)]	(9348, 10540, 9475, 9949, 11406, 9450, 7456, 6697, 6390, 6843, 6149, 9036, 5220, 6786, 7527, 7085, 14223, 19909, 14647, 8914, 15748, 14251, 12462, 1944)
q	1546024	(576, 443)	[(108, 414, 828), (108, 432, 828), (126, 378, 1044), (90, 432, 864), (126, 414, 954), (126, 378, 1008), (108, 414, 972), (108, 414, 936), (108, 414, 918), (90, 414, 954), (108, 414, 972), (90, 414, 954), (108, 414, 954), (108, 414, 954), (126, 396, 954), (108, 396, 936), (126, 396, 954), (108, 396, 900), (108, 396, 918), (90, 414, 1008), (108, 414, 1026), (90, 396, 1044), (108, 414, 1008), (126, 414, 918), (126, 396, 846)]	(9342, 10538, 9499, 9962, 11414, 9458, 7453, 6726, 6455, 6829, 6167, 9119, 5227, 6725, 7505, 7096, 14264, 19917, 14678, 8945, 15778, 14334, 12463, 1944)
u	1546842	(589, 174)	[(90, 450, 954), (108, 450, 936), (144, 450, 918), (126, 450, 936), (126, 486, 972), (126, 468, 936), (144, 468, 900), (126, 486, 882), (126, 504, 882), (144, 504, 900), (144, 486, 918), (126, 504, 882), (144, 522, 900), (144, 522, 882), (144, 522, 864), (144, 504, 882), (144, 522, 864), (144, 522, 882), (144, 540, 882), (144, 540, 900), (144, 540, 882), (144, 558, 810), (126, 558, 846), (144, 540, 882), (162, 522, 918)]	(9356, 10590, 9575, 10007, 11425, 9528, 7887, 7013, 6902, 6892, 6151, 8656, 5366, 7146, 7670, 7076, 14274, 20023, 15010, 8859, 15706, 13939, 12584, 1949)
i	1547137	(580, 139)	[(144, 486, 918), (126, 504, 882), (144, 522, 900), (144, 522, 882), (144, 522, 864), (144, 504, 882), (144, 522, 864), (144, 522, 882), (144, 540, 882), (144, 540, 900), (144, 540, 882), (144, 558, 810), (126, 558, 846), (144, 540, 882), (162, 522, 918), (126, 540, 882), (144, 540, 846), (144, 540, 864), (162, 576, 792), (90, 576, 900), (108, 576, 918), (144, 558, 900), (144, 558, 864), (126, 558, 846), (144, 576, 810)]	(9352, 10596, 9555, 10010, 11438, 9505, 7834, 7026, 6815, 6891, 6102, 8503, 5367, 6907, 7590, 7038, 14131, 20003, 15135, 8832, 15700, 13924, 12601, 1947)
r	1547532	(582, 272)	[(144, 540, 882), (162, 522, 918), (126, 540, 882), (144, 540, 846), (144, 540, 864), (162, 576, 792), (90, 576, 900), (108, 576, 918), (144, 558, 900), (144, 558, 864), (126, 558, 846), (144, 576, 810), (126, 558, 900), (144, 522, 900), (180, 522, 900), (162, 504, 900), (162, 504, 900), (144, 522, 882), (162, 522, 846), (144, 522, 900), (126, 522, 900), (108, 522, 954), (108, 522, 954), (108, 522, 900), (126, 540, 828)]	(9353, 10578, 9565, 10006, 11430, 9524, 7830, 7003, 6735, 6889, 6149, 8838, 5332, 7123, 7612, 7074, 14265, 19961, 15004, 8863, 15720, 14005, 12559, 1946)
i	1549022	(578, 156)	[(126, 540, 900), (144, 540, 900), (126, 540, 900), (162, 522, 864), (144, 540, 900), (126, 540, 900), (126, 540, 900), (126, 540, 900), (126, 540, 900), (126, 540, 864), (144, 540, 864), (162, 540, 882), (162, 540, 882), (162, 522, 864), (162, 540, 882), (126, 540, 882), (126, 540, 882), (108, 540, 864), (162, 540, 882), (162, 558, 900), (180, 558, 918), (180, 540, 882), (162, 540, 846), (144, 558, 828), (126, 576, 864)]	(9355, 10600, 9575, 10004, 11435, 9520, 7869, 7037, 6746, 6891, 6113, 8546, 5323, 6941, 7575, 7051, 14150, 20015, 15256, 8846, 15729, 13937, 12597, 1959)
n	1550610	(735, 164)	[(126, 540, 864), (126, 540, 900), (126, 540, 918), (144, 522, 900), (144, 522, 900), (144, 540, 882), (144, 540, 882), (144, 540, 918), (144, 540, 882), (126, 540, 864), (126, 540, 864), (144, 522, 882), (144, 540, 900), (162, 540, 900), (144, 540, 846), (126, 540, 846), (126, 558, 846), (108, 558, 864), (126, 558, 810), (126, 540, 900), (126, 540, 918), (144, 540, 936), (126, 522, 936), (144, 504, 864), (126, 540, 828)]	(9351, 10593, 9556, 10009, 11428, 9524, 7880, 7004, 6765, 6876, 6129, 8798, 5327, 7017, 7576, 7057, 14184, 19957, 15070, 8849, 15726, 13994, 12561, 1955)
g	1551022	(655, 256)	[(144, 540, 846), (126, 540, 846), (126, 558, 846), (108, 558, 864), (126, 558, 810), (126, 540, 900), (126, 540, 918), (144, 540, 936), (126, 522, 936), (144, 504, 864), (126, 540, 828), (108, 540, 810), (126, 522, 846), (126, 522, 882), (108, 540, 936), (126, 504, 972), (126, 504, 900), (126, 504, 882), (108, 522, 900), (126, 522, 936), (108, 522, 936), (126, 522, 918), (144, 522, 882), (144, 504, 846), (144, 522, 846)]	(9352, 10581, 9553, 9985, 11427, 9502, 7802, 6893, 6566, 6878, 6161, 8796, 5261, 6965, 7561, 7059, 14200, 19935, 14966, 8855, 15724, 14029, 12550, 1952)
 	1551620	(835, 235)	[(144, 522, 846), (126, 522, 864), (126, 504, 918), (108, 486, 900), (126, 468, 918), (108, 468, 954), (126, 486, 954), (126, 450, 936), (108, 450, 918), (108, 468, 918), (90, 450, 936), (90, 450, 954), (90, 450, 954), (90, 450, 954), (72, 468, 954), (90, 450, 936), (90, 432, 918), (90, 450, 900), (72, 468, 882), (72, 450, 882), (72, 450, 972), (72, 432, 1008), (72, 486, 936), (72, 432, 954), (108, 432, 954)]	(9354, 10595, 9523, 9993, 11419, 9495, 7646, 6892, 6825, 6858, 6099, 8676, 5356, 6765, 7527, 7059, 14270, 19943, 14863, 8906, 15769, 14182, 12526, 1951)
e	1552334	(575, 364)	[(90, 432, 918), (90, 450, 972), (90, 414, 1008), (90, 414, 972), (108, 432, 918), (90, 414, 918), (90, 414, 900), (90, 432, 918), (90, 414, 954), (108, 396, 954), (108, 396, 972), (108, 432, 936), (108, 414, 936), (90, 432, 936), (90, 432, 954), (90, 432, 954), (90, 432, 936), (72, 450, 882), (72, 432, 864), (108, 414, 900), (72, 450, 990), (54, 450, 1080), (90, 432, 1062), (108, 414, 918), (90, 414, 792)]	(9347, 10588, 9529, 9997, 11416, 9503, 7786, 6937, 6675, 6902, 6155, 8839, 5287, 6938, 7526, 7100, 14280, 19900, 14829, 8911, 15765, 14208, 12478, 1953)
c	1552797	(738, 287)	[(90, 432, 936), (72, 450, 882), (72, 432, 864), (108, 414, 900), (72, 450, 990), (54, 450, 1080), (90, 432, 1062), (108, 414, 918), (90, 414, 792), (72, 432, 846), (72, 432, 972), (90, 414, 954), (72, 432, 954), (108, 414, 936), (126, 414, 954), (90, 414, 936), (108, 414, 954), (90, 432, 918), (90, 432, 936), (90, 414, 954), (72, 414, 936), (72, 414, 990), (90, 414, 990), (108, 396, 954), (144, 396, 936)]	(9348, 10575, 9514, 9989, 11421, 9501, 7723, 6897, 6643, 6872, 6145, 8744, 5274, 6893, 7495, 7102, 14271, 19893, 14806, 8922, 15789, 14251, 12468, 1945)
o	1553310	(564, 92)	[(90, 432, 936), (90, 414, 954), (72, 414, 936), (72, 414, 990), (90, 414, 990), (108, 396, 954), (144, 396, 936), (54, 450, 990), (126, 504, 936), (144, 486, 918), (126, 486, 828), (144, 522, 792), (144, 540, 828), (126, 558, 828), (108, 540, 900), (144, 540, 900), (162, 540, 882), (144, 576, 882), (144, 576, 900), (144, 558, 828), (162, 594, 774), (144, 576, 828), (144, 576, 882), (144, 612, 900), (126, 576, 864)]	(9359, 10622, 9604, 10044, 11439, 9558, 7783, 7153, 6740, 6870, 6073, 8374, 5262, 6988, 7505, 7024, 14225, 19985, 15497, 8839, 15740, 13894, 12614, 1954)
n	1553908	(731, 157)	[(144, 612, 900), (126, 576, 864), (162, 576, 810), (126, 594, 882), (180, 522, 846), (180, 540, 846), (162, 558, 882), (180, 540, 936), (162, 522, 900), (180, 540, 846), (144, 558, 828), (126, 558, 846), (144, 576, 846), (126, 558, 864), (126, 558, 900), (162, 540, 900), (126, 576, 864), (126, 558, 882), (144, 558, 918), (162, 558, 864), (126, 558, 810), (144, 576, 846), (144, 558, 936), (162, 540, 936), (162, 540, 900)]	(9360, 10626, 9595, 10022, 11440, 9525, 7820, 7018, 6817, 6886, 6092, 8343, 5290, 7373, 7565, 7061, 14321, 19921, 15138, 8834, 15697, 13899, 12569, 1947)
o	1554423	(561, 81)	[(126, 558, 810), (144, 576, 846), (144, 558, 936), (162, 540, 936), (162, 540, 900), (162, 540, 828), (180, 540, 936), (126, 630, 792), (144, 612, 810), (144, 612, 828), (144, 612, 810), (162, 612, 792), (144, 630, 810), (126, 648, 882), (126, 612, 882), (144, 612, 828), (144, 612, 774), (144, 630, 738), (144, 684, 756), (144, 630, 882), (144, 612, 864), (162, 630, 828), (144, 630, 810), (144, 630, 810), (144, 630, 846)]	(9346, 10626, 9596, 10035, 11442, 9535, 7862, 7043, 6815, 6883, 6092, 8271, 5304, 7278, 7534, 7028, 14209, 19941, 15520, 8812, 15692, 13823, 12588, 1949)
m	1554886	(729, 117)	[(144, 612, 774), (144, 630, 738), (144, 684, 756), (144, 630, 882), (144, 612, 864), (162, 630, 828), (144, 630, 810), (144, 630, 810), (144, 630, 846), (126, 630, 846), (162, 612, 846), (144, 612, 864), (162, 612, 846), (162, 594, 828), (162, 630, 810), (144, 630, 810), (144, 612, 810), (126, 612, 774), (108, 630, 810), (108, 666, 828), (108, 648, 864), (144, 630, 792), (126, 612, 792), (162, 612, 882), (144, 630, 846)]	(9360, 10648, 9614, 10050, 11450, 9550, 7920, 7048, 7041, 6908, 6091, 8070, 5362, 7652, 7681, 7064, 14348, 19956, 15208, 8831, 15677, 13841, 12587, 1961)
i	1555281	(564, 134)	[(162, 594, 828), (162, 630, 810), (144, 630, 810), (144, 612, 810), (126, 612, 774), (108, 630, 810), (108, 666, 828), (108, 648, 864), (144, 630, 792), (126, 612, 792), (162, 612, 882), (144, 630, 846), (144, 612, 864), (144, 612, 882), (144, 612, 882), (144, 594, 882), (144, 612, 864), (144, 612, 828), (126, 612, 810), (180, 594, 774), (126, 648, 846), (90, 648, 864), (108, 630, 846), (126, 612, 792), (126, 630, 738)]	(9358, 10628, 9588, 10038, 11445, 9543, 7892, 7047, 6921, 6893, 6088, 8315, 5345, 7388, 7581, 7051, 14238, 19940, 15369, 8825, 15690, 13842, 12575, 1950)
c	1556267	(745, 295)	[(162, 504, 936), (162, 468, 954), (162, 450, 954), (126, 450, 936), (162, 414, 954), (144, 432, 972), (108, 468, 990), (108, 486, 954), (90, 468, 936), (90, 450, 936), (108, 468, 900), (108, 468, 882), (126, 468, 900), (144, 468, 990), (126, 450, 954), (108, 450, 918), (126, 468, 882), (90, 468, 900), (108, 468, 936), (126, 432, 1008), (126, 468, 1008), (144, 450, 972), (162, 450, 882), (144, 432, 828), (162, 450, 828)]	(9342, 10552, 9439, 9948, 11408, 9428, 7182, 6714, 7114, 6856, 6061, 8962, 5665, 7284, 7614, 7075, 14433, 19873, 14642, 8869, 15655, 14063, 12492, 1949)
 	1558105	(810, 236)	[(144, 432, 900), (108, 486, 936), (108, 486, 900), (90, 468, 918), (108, 468, 918), (126, 468, 936), (108, 450, 936), (144, 450, 936), (126, 450, 918), (108, 450, 918), (108, 468, 936), (108, 468, 954), (108, 468, 918), (108, 450, 918), (108, 432, 954), (126, 450, 936), (108, 450, 900), (126, 450, 900), (108, 450, 936), (108, 450, 1008), (108, 450, 972), (108, 450, 936), (108, 450, 918), (108, 450, 936), (126, 468, 882)]	(9344, 10574, 9462, 9978, 11418, 9465, 7501, 6849, 7245, 6875, 6161, 9192, 5680, 7568, 7637, 7115, 14475, 19866, 14696, 8883, 15674, 14054, 12472, 1949)
i	1559091	(562, 123)	[(162, 522, 918), (162, 504, 918), (162, 486, 882), (180, 522, 882), (162, 522, 900), (162, 504, 900), (162, 522, 882), (162, 504, 882), (162, 540, 900), (162, 540, 900), (162, 540, 900), (144, 522, 882), (180, 522, 864), (144, 558, 864), (162, 558, 864), (180, 540, 864), (180, 540, 864), (162, 558, 864), (162, 540, 882), (162, 558, 864), (180, 576, 792), (162, 558, 828), (198, 540, 882), (198, 540, 900), (216, 540, 882)]	(9351, 10609, 9566, 10030, 11431, 9529, 7761, 7030, 7036, 6901, 6098, 8523, 5426, 7141, 7530, 7038, 14279, 19939, 15085, 8841, 15690, 13913, 12600, 1940)
n	1559656	(738, 162)	[(162, 558, 828), (198, 540, 882), (198, 540, 900), (216, 540, 882), (180, 558, 810), (144, 558, 936), (198, 522, 846), (198, 504, 828), (162, 540, 846), (180, 558, 900), (162, 522, 954), (180, 504, 900), (162, 540, 864), (144, 540, 864), (162, 540, 846), (162, 522, 864), (144, 540, 846), (162, 540, 864), (162, 522, 846), (162, 540, 864), (162, 522, 882), (180, 504, 900), (180, 504, 900), (180, 540, 900), (162, 522, 900)]	(9349, 10605, 9543, 9977, 11429, 9513, 7734, 6908, 6970, 6885, 6113, 8308, 5461, 7418, 7546, 7060, 14335, 19885, 14967, 8842, 15676, 13937, 12546, 1952)
t	1560320	(577, 279)	[(180, 522, 936), (180, 504, 882), (198, 504, 864), (180, 522, 900), (180, 522, 918), (162, 504, 918), (180, 522, 882), (162, 522, 900), (162, 522, 864), (180, 504, 900), (180, 504, 882), (180, 522, 882), (180, 522, 900), (180, 486, 918), (180, 504, 900), (180, 504, 900), (180, 522, 882), (198, 504, 846), (180, 486, 864), (162, 504, 918), (162, 504, 954), (144, 522, 972), (144, 522, 900), (162, 504, 882), (198, 486, 828)]	(9350, 10601, 9543, 10008, 11427, 9516, 7799, 6914, 6880, 6894, 6154, 8665, 5410, 7386, 7516, 7070, 14373, 19880, 14956, 8856, 15697, 13996, 12523, 1950)
e	1560717	(581, 333)	[(180, 486, 918), (180, 504, 900), (180, 504, 900), (180, 522, 882), (198, 504, 846), (180, 486, 864), (162, 504, 918), (162, 504, 954), (144, 522, 972), (144, 522, 900), (162, 504, 882), (198, 486, 828), (180, 486, 954), (162, 486, 882), (180, 486, 918), (162, 486, 918), (198, 504, 846), (162, 486, 918), (198, 486, 918), (198, 450, 900), (198, 468, 936), (198, 486, 954), (180, 468, 918), (180, 486, 864), (144, 522, 882)]	(9348, 10590, 9532, 10003, 11428, 9503, 7734, 6848, 6753, 6877, 6173, 8668, 5372, 7353, 7510, 7092, 14385, 19864, 14960, 8863, 15718, 14015, 12505, 1958)
r	1561065	(577, 288)	[(180, 486, 954), (162, 486, 882), (180, 486, 918), (162, 486, 918), (198, 504, 846), (162, 486, 918), (198, 486, 918), (198, 450, 900), (198, 468, 936), (198, 486, 954), (180, 468, 918), (180, 486, 864), (144, 522, 882), (144, 504, 900), (180, 486, 900), (198, 486, 900), (180, 486, 900), (180, 486, 900), (162, 486, 918), (162, 504, 882), (162, 486, 900), (162, 504, 918), (162, 504, 936), (162, 504, 882), (180, 486, 864)]	(9348, 10592, 9538, 10008, 11428, 9518, 7797, 6885, 6779, 6891, 6174, 8665, 5388, 7368, 7504, 7087, 14372, 19859, 14968, 8860, 15712, 14002, 12509, 1943)
e	1561329	(577, 336)	[(198, 450, 900), (198, 468, 936), (198, 486, 954), (180, 468, 918), (180, 486, 864), (144, 522, 882), (144, 504, 900), (180, 486, 900), (198, 486, 900), (180, 486, 900), (180, 486, 900), (162, 486, 918), (162, 504, 882), (162, 486, 900), (162, 504, 918), (162, 504, 936), (162, 504, 882), (180, 486, 864), (198, 486, 918), (198, 468, 900), (180, 486, 900), (180, 486, 900), (162, 486, 918), (162, 504, 954), (180, 504, 900)]	(9353, 10592, 9547, 10003, 11431, 9505, 7800, 6876, 6750, 6887, 6187, 8668, 5386, 7385, 7510, 7102, 14382, 19862, 14975, 8870, 15724, 14023, 12510, 1942)
s	1562550	(661, 348)	[(180, 486, 900), (198, 486, 882), (180, 486, 900), (180, 468, 882), (198, 450, 882), (198, 432, 864), (180, 450, 882), (162, 450, 900), (198, 450, 990), (180, 432, 990), (180, 414, 972), (180, 432, 954), (162, 450, 900), (162, 450, 900), (162, 450, 918), (180, 450, 936), (180, 432, 936), (180, 450, 918), (162, 450, 900), (162, 450, 936), (180, 450, 954), (180, 450, 954), (180, 432, 954), (198, 432, 936), (180, 432, 882)]	(9349, 10575, 9498, 9986, 11417, 9469, 7578, 6728, 6526, 6850, 6132, 8666, 5280, 7102, 7491, 7089, 14360, 19850, 14829, 8884, 15744, 14160, 12479, 1942)
t	1563014	(577, 259)	[(180, 450, 918), (162, 450, 900), (162, 450, 936), (180, 450, 954), (180, 450, 954), (180, 432, 954), (198, 432, 936), (180, 432, 882), (180, 450, 846), (162, 450, 936), (198, 450, 936), (216, 450, 882), (180, 450, 864), (180, 468, 882), (180, 468, 918), (162, 468, 900), (162, 486, 900), (162, 504, 864), (162, 468, 918), (180, 468, 954), (180, 468, 972), (162, 486, 936), (180, 468, 882), (162, 468, 828), (162, 468, 882)]	(9348, 10589, 9529, 9996, 11424, 9478, 7662, 6791, 6620, 6873, 6176, 8700, 5324, 7384, 7524, 7091, 14405, 19861, 14869, 8867, 15698, 14036, 12503, 1945)
s	1563731	(666, 361)	[(198, 450, 954), (216, 450, 954), (216, 450, 918), (198, 450, 882), (180, 450, 846), (162, 468, 864), (144, 486, 864), (144, 468, 918), (144, 450, 954), (144, 468, 954), (144, 450, 972), (162, 450, 918), (162, 450, 900), (180, 450, 900), (180, 432, 936), (180, 432, 954), (198, 432, 918), (180, 432, 882), (180, 450, 936), (162, 432, 954), (180, 450, 954), (162, 432, 936), (162, 450, 936), (162, 450, 936), (162, 450, 900)]	(9346, 10578, 9500, 9967, 11407, 9447, 7549, 6756, 6498, 6870, 6155, 8815, 5275, 7158, 7502, 7097, 14410, 19860, 14802, 8905, 15758, 14190, 12462, 1950)
 	1565070	(819, 248)	[(108, 432, 936), (126, 432, 936), (108, 432, 954), (126, 432, 954), (126, 432, 954), (108, 432, 936), (90, 432, 936), (108, 432, 954), (108, 414, 954), (108, 432, 954), (108, 432, 954), (126, 396, 936), (126, 414, 954), (108, 414, 936), (108, 432, 936), (108, 432, 918), (90, 450, 882), (90, 432, 954), (90, 414, 1008), (108, 432, 990), (108, 432, 990), (126, 414, 972), (126, 396, 936), (108, 432, 828), (108, 432, 864)]	(9343, 10585, 9499, 9973, 11414, 9465, 7511, 6684, 6520, 6851, 6090, 8574, 5285, 6736, 7459, 7073, 14142, 19871, 14852, 8910, 15791, 14249, 12471, 1946)
s	1565887	(665, 368)	[(90, 432, 918), (108, 414, 954), (90, 414, 972), (108, 432, 936), (144, 414, 936), (126, 396, 954), (162, 396, 954), (162, 378, 972), (162, 378, 918), (126, 414, 936), (144, 396, 972), (162, 360, 954), (162, 378, 954), (144, 378, 954), (144, 378, 972), (144, 378, 972), (144, 396, 954), (144, 378, 936), (126, 396, 936), (126, 378, 972), (144, 378, 990), (144, 396, 900), (126, 378, 918), (144, 378, 972), (144, 378, 972)]	(9336, 10550, 9458, 9945, 11406, 9455, 7450, 6652, 6345, 6835, 6107, 8576, 5211, 6361, 7331, 7064, 13150, 19888, 14863, 8931, 15908, 14464, 12452, 1941)
w	1566454	(582, 396)	[(126, 378, 918), (144, 378, 972), (144, 378, 972), (144, 378, 954), (144, 378, 954), (126, 378, 1008), (144, 378, 972), (144, 378, 954), (162, 378, 918), (162, 378, 936), (162, 378, 972), (144, 378, 972), (144, 378, 972), (144, 378, 954), (126, 378, 954), (144, 378, 954), (144, 378, 936), (144, 396, 954), (144, 378, 900), (162, 378, 918), (144, 378, 954), (162, 378, 990), (144, 396, 1044), (126, 396, 990), (144, 378, 918)]	(9339, 10557, 9497, 9968, 11418, 9483, 7639, 6820, 6547, 6879, 6180, 8761, 5236, 6395, 7364, 7092, 13369, 19904, 14882, 8936, 15919, 14481, 12459, 1949)
a	1566921	(663, 413)	[(144, 378, 936), (144, 396, 954), (144, 378, 900), (162, 378, 918), (144, 378, 954), (162, 378, 990), (144, 396, 1044), (126, 396, 990), (144, 378, 918), (162, 378, 972), (144, 360, 936), (144, 378, 918), (144, 396, 936), (144, 396, 954), (126, 378, 990), (126, 396, 972), (144, 396, 936), (162, 378, 918), (162, 360, 936), (144, 360, 1008), (162, 360, 1008), (162, 360, 972), (144, 360, 918), (162, 396, 918), (162, 360, 972)]	(9333, 10530, 9461, 9930, 11401, 9438, 7368, 6617, 6235, 6839, 6086, 8506, 5190, 6364, 7340, 7066, 13182, 19878, 14819, 8937, 15894, 14490, 12452, 1961)
p	1567520	(562, 14)	[(144, 360, 918), (162, 396, 918), (162, 360, 972), (126, 378, 936), (216, 432, 1008), (180, 414, 1008), (198, 396, 990), (198, 432, 936), (216, 504, 882), (216, 468, 900), (234, 486, 882), (216, 558, 828), (234, 558, 738), (234, 540, 756), (216, 576, 774), (216, 612, 792), (252, 594, 828), (252, 558, 864), (252, 576, 864), (252, 594, 774), (216, 594, 792), (216, 576, 810), (234, 576, 864), (216, 594, 882), (252, 576, 882)]	(9368, 10650, 9641, 10061, 11444, 9536, 8025, 6718, 6582, 6868, 6148, 8108, 5221, 7395, 7441, 7078, 14355, 19905, 15952, 8833, 15789, 13940, 12590, 1939)
s	1568356	(665, 371)	[(216, 288, 1134), (198, 288, 1044), (198, 324, 936), (144, 324, 918), (108, 342, 936), (126, 324, 990), (144, 342, 990), (108, 342, 1026), (108, 360, 990), (108, 360, 954), (108, 378, 918), (90, 378, 936), (90, 378, 936), (108, 360, 954), (126, 342, 990), (144, 342, 1008), (162, 324, 990), (162, 324, 954), (162, 324, 936), (144, 342, 900), (126, 342, 990), (126, 342, 1026), (126, 342, 1026), (126, 342, 990), (108, 360, 900)]	(9322, 10449, 9384, 9909, 11394, 9422, 7002, 6881, 7005, 6855, 6088, 9230, 5512, 6357, 7347, 7078, 13135, 19879, 14594, 8968, 15870, 14538, 12405, 1952)
 	1569846	(828, 250)	[(72, 396, 972), (108, 396, 954), (108, 378, 936), (126, 360, 954), (144, 360, 936), (126, 360, 1008), (126, 360, 972), (126, 360, 972), (108, 360, 972), (108, 378, 936), (90, 378, 936), (90, 396, 954), (90, 378, 1008), (108, 378, 972), (108, 378, 954), (126, 378, 954), (126, 378, 936), (126, 360, 954), (108, 360, 954), (90, 396, 990), (90, 396, 1008), (90, 378, 990), (108, 378, 954), (108, 378, 918), (108, 378, 900)]	(9336, 10508, 9419, 9935, 11405, 9467, 7519, 6900, 7029, 6860, 6092, 9032, 5428, 6403, 7391, 7093, 13545, 19913, 14701, 8971, 15876, 14500, 12453, 1950)
f	1570764	(661, 292)	[(126, 342, 1026), (144, 342, 990), (126, 342, 954), (126, 360, 918), (90, 378, 936), (108, 378, 954), (90, 360, 972), (90, 378, 972), (72, 396, 972), (72, 396, 954), (90, 396, 972), (90, 378, 954), (90, 378, 954), (108, 378, 954), (108, 378, 936), (90, 378, 972), (108, 378, 954), (108, 378, 954), (108, 378, 954), (90, 378, 954), (108, 378, 954), (90, 396, 972), (90, 396, 990), (90, 378, 1008), (108, 378, 972)]	(9336, 10512, 9434, 9946, 11413, 9487, 7626, 6879, 6992, 6878, 6135, 8961, 5437, 6456, 7409, 7092, 13707, 19896, 14745, 8963, 15886, 14486, 12443, 1947)
r	1571179	(595, 312)	[(108, 378, 936), (90, 378, 972), (108, 378, 954), (108, 378, 954), (108, 378, 954), (90, 378, 954), (108, 378, 954), (90, 396, 972), (90, 396, 990), (90, 378, 1008), (108, 378, 972), (90, 396, 936), (108, 396, 972), (144, 378, 990), (144, 396, 954), (126, 396, 954), (126, 396, 954), (126, 432, 918), (144, 396, 954), (162, 396, 972), (126, 396, 990), (126, 414, 990), (126, 414, 954), (108, 432, 954), (108, 432, 936)]	(9338, 10531, 9458, 9948, 11416, 9499, 7735, 6956, 7109, 6880, 6126, 8918, 5559, 6776, 7488, 7098, 14232, 19894, 14847, 8933, 15821, 14316, 12450, 1942)
o	1571679	(563, 77)	[(162, 396, 972), (126, 396, 990), (126, 414, 990), (126, 414, 954), (108, 432, 954), (108, 432, 936), (108, 450, 936), (162, 450, 918), (180, 468, 918), (216, 486, 882), (216, 486, 846), (198, 486, 864), (144, 522, 882), (162, 558, 882), (180, 540, 864), (180, 540, 900), (180, 558, 864), (198, 540, 864), (252, 522, 810), (252, 558, 792), (216, 558, 828), (216, 558, 864), (234, 558, 882), (234, 576, 900), (234, 576, 846)]	(9355, 10593, 9631, 10037, 11443, 9541, 8071, 6963, 6326, 6873, 6119, 7731, 5140, 6558, 7441, 7022, 13992, 19992, 16165, 8859, 15815, 14018, 12597, 1947)
m	1572244	(731, 116)	[(216, 558, 864), (234, 558, 882), (234, 576, 900), (234, 576, 846), (180, 612, 792), (144, 576, 954), (162, 576, 990), (216, 522, 882), (216, 504, 828), (216, 504, 828), (234, 522, 882), (198, 522, 900), (216, 522, 882), (198, 522, 882), (162, 540, 846), (144, 558, 864), (144, 558, 882), (162, 558, 882), (144, 558, 864), (162, 540, 864), (198, 540, 846), (180, 540, 882), (216, 540, 846), (198, 522, 774), (198, 504, 774)]	(9357, 10590, 9585, 9998, 11435, 9529, 7935, 6890, 6449, 6866, 6070, 7593, 5155, 6367, 7492, 6970, 13869, 20047, 15417, 8873, 15801, 14123, 12618, 1950)
 	1572589	(806, 180)	[(198, 522, 900), (216, 522, 882), (198, 522, 882), (162, 540, 846), (144, 558, 864), (144, 558, 882), (162, 558, 882), (144, 558, 864), (162, 540, 864), (198, 540, 846), (180, 540, 882), (216, 540, 846), (198, 522, 774), (198, 504, 774), (126, 522, 954), (162, 486, 900), (180, 486, 900), (180, 486, 882), (198, 522, 882), (144, 486, 900), (162, 486, 900), (144, 486, 954), (144, 486, 900), (126, 504, 936), (126, 522, 918)]	(9354, 10601, 9597, 10022, 11435, 9541, 7994, 6884, 6569, 6876, 6070, 7821, 5132, 6463, 7494, 7008, 14062, 20022, 15192, 8886, 15794, 14161, 12588, 1961)
j	1573056	(640, 154)	[(180, 486, 882), (198, 522, 882), (144, 486, 900), (162, 486, 900), (144, 486, 954), (144, 486, 900), (126, 504, 936), (126, 522, 918), (144, 504, 882), (162, 504, 882), (198, 504, 918), (198, 486, 900), (198, 504, 900), (198, 522, 918), (180, 504, 900), (180, 522, 846), (198, 522, 846), (198, 540, 864), (198, 522, 882), (180, 540, 864), (180, 522, 882), (180, 522, 882), (180, 540, 882), (162, 558, 936), (180, 522, 882)]	(9356, 10621, 9629, 10047, 11443, 9542, 8108, 6930, 6513, 6887, 6110, 8004, 5126, 6597, 7516, 7031, 14182, 20040, 15384, 8875, 15803, 14092, 12601, 1943)
e	1573622	(568, 365)	[(180, 522, 882), (180, 522, 882), (180, 540, 882), (162, 558, 936), (180, 522, 882), (180, 522, 846), (180, 504, 936), (180, 504, 918), (198, 468, 954), (198, 468, 918), (198, 486, 900), (198, 486, 900), (198, 468, 900), (180, 486, 882), (162, 468, 900), (180, 486, 936), (180, 468, 936), (180, 468, 918), (180, 486, 846), (198, 450, 900), (198, 468, 918), (162, 468, 936), (144, 486, 972), (162, 468, 954), (162, 486, 954)]	(9342, 10599, 9581, 10002, 11426, 9526, 7874, 6884, 6309, 6872, 6113, 8369, 5081, 6546, 7457, 7037, 14126, 19941, 15107, 8914, 15818, 14260, 12541, 1948)
d	1574121	(660, 326)	[(198, 450, 900), (198, 468, 918), (162, 468, 936), (144, 486, 972), (162, 468, 954), (162, 486, 954), (162, 468, 918), (180, 486, 882), (180, 468, 936), (162, 468, 918), (198, 468, 900), (180, 486, 882), (198, 468, 936), (180, 468, 900), (162, 468, 882), (162, 504, 882), (180, 468, 936), (162, 450, 972), (180, 450, 990), (198, 450, 954), (198, 468, 918), (198, 450, 882), (180, 468, 918), (162, 468, 918), (180, 468, 900)]	(9346, 10570, 9541, 9980, 11421, 9497, 7715, 6872, 6316, 6874, 6104, 8540, 5143, 6589, 7452, 7053, 14073, 19921, 15046, 8918, 15838, 14317, 12506, 1948)
i	1574535	(587, 120)	[(162, 468, 882), (162, 504, 882), (180, 468, 936), (162, 450, 972), (180, 450, 990), (198, 450, 954), (198, 468, 918), (198, 450, 882), (180, 468, 918), (162, 468, 918), (180, 468, 900), (198, 486, 972), (144, 540, 846), (144, 558, 846), (144, 540, 846), (162, 540, 882), (198, 522, 918), (162, 522, 936), (198, 576, 828), (198, 540, 900), (198, 522, 936), (216, 522, 900), (216, 504, 864), (198, 540, 828), (180, 558, 846)]	(9350, 10593, 9573, 9991, 11434, 9523, 7757, 6981, 6292, 6858, 6079, 8471, 5100, 6485, 7454, 7018, 13810, 19986, 15570, 8883, 15845, 14219, 12586, 1938)
 	1575607	(853, 217)	[(162, 450, 918), (144, 468, 918), (90, 450, 972), (126, 450, 972), (126, 432, 972), (126, 432, 936), (108, 432, 936), (108, 432, 972), (108, 432, 954), (108, 450, 954), (126, 414, 954), (126, 414, 954), (126, 414, 936), (126, 432, 918), (108, 432, 936), (126, 432, 936), (108, 414, 936), (108, 432, 954), (126, 432, 954), (126, 414, 936), (126, 414, 954), (126, 414, 936), (126, 414, 936), (108, 414, 954), (126, 414, 936)]	(9348, 10619, 9544, 10010, 11426, 9495, 7537, 6871, 6771, 6864, 6038, 8375, 5304, 6704, 7516, 7049, 14277, 19937, 14911, 8920, 15796, 14290, 12520, 1950)
t	1576693	(573, 266)	[(144, 468, 936), (144, 450, 918), (162, 450, 882), (162, 450, 882), (162, 468, 864), (162, 450, 900), (144, 450, 936), (144, 468, 972), (144, 450, 936), (144, 450, 936), (162, 450, 936), (162, 450, 918), (162, 468, 918), (126, 468, 918), (162, 468, 918), (144, 468, 900), (162, 468, 882), (144, 486, 900), (126, 486, 918), (144, 468, 954), (144, 468, 972), (162, 486, 954), (144, 468, 936), (162, 468, 900), (162, 450, 864)]	(9346, 10604, 9543, 9994, 11422, 9485, 7672, 6849, 6615, 6869, 6141, 8640, 5293, 7025, 7541, 7077, 14333, 19920, 14924, 8902, 15755, 14182, 12502, 1943)
w	1577159	(568, 395)	[(144, 486, 900), (126, 486, 918), (144, 468, 954), (144, 468, 972), (162, 486, 954), (144, 468, 936), (162, 468, 900), (162, 450, 864), (162, 468, 900), (144, 450, 954), (198, 432, 954), (162, 414, 954), (180, 432, 954), (162, 414, 900), (162, 432, 882), (144, 432, 900), (162, 432, 936), (162, 432, 990), (180, 414, 936), (180, 414, 900), (162, 450, 954), (162, 432, 972), (180, 432, 972), (180, 432, 936), (180, 432, 918)]	(9349, 10584, 9532, 9983, 11413, 9476, 7593, 6815, 6451, 6859, 6158, 8691, 5249, 6700, 7457, 7088, 14187, 19903, 14908, 8945, 15848, 14376, 12487, 1948)
o	1577827	(584, 78)	[(180, 414, 936), (180, 468, 936), (162, 468, 936), (162, 450, 936), (180, 486, 936), (198, 504, 936), (234, 486, 954), (234, 468, 954), (234, 486, 882), (216, 522, 864), (198, 522, 828), (180, 558, 846), (180, 540, 810), (180, 576, 846), (198, 540, 882), (198, 558, 882), (234, 540, 864), (234, 540, 864), (234, 558, 810), (198, 558, 810), (216, 576, 882), (198, 558, 900), (234, 576, 936), (234, 540, 828), (216, 558, 756)]	(9350, 10638, 9587, 10009, 11423, 9479, 7703, 6696, 6094, 6853, 6023, 7680, 5131, 6779, 7427, 7042, 14175, 19926, 16087, 8855, 15782, 13955, 12550, 1952)
 	1578896	(782, 242)	[(162, 414, 900), (162, 432, 936), (144, 414, 936), (126, 414, 936), (108, 432, 954), (90, 432, 990), (126, 432, 954), (108, 414, 954), (126, 414, 900), (126, 414, 918), (126, 414, 918), (108, 414, 972), (144, 396, 972), (144, 396, 954), (108, 396, 936), (108, 396, 936), (108, 432, 936), (72, 432, 936), (90, 432, 972), (90, 432, 972), (90, 414, 972), (108, 414, 954), (90, 432, 936), (126, 414, 900), (108, 414, 900)]	(9335, 10581, 9525, 9961, 11414, 9467, 7435, 6626, 5946, 6833, 6059, 8545, 5065, 6316, 7374, 7033, 13623, 19955, 14955, 8915, 15843, 14351, 12515, 1942)
w	1580081	(576, 399)	[(108, 396, 972), (126, 396, 990), (90, 378, 936), (108, 396, 936), (108, 378, 936), (108, 378, 954), (108, 378, 990), (90, 378, 1026), (90, 378, 1008), (90, 378, 972), (108, 378, 936), (126, 396, 882), (108, 378, 918), (108, 396, 972), (126, 378, 1008), (108, 378, 972), (126, 378, 972), (108, 396, 954), (90, 396, 918), (108, 396, 918), (126, 396, 954), (90, 396, 990), (72, 414, 1026), (72, 432, 1008), (90, 414, 936)]	(9337, 10558, 9526, 9963, 11421, 9483, 7624, 6843, 6100, 6861, 6163, 8849, 5034, 6294, 7345, 7050, 13185, 19931, 14779, 8955, 15930, 14577, 12472, 1944)
h	1580646	(669, 192)	[(90, 396, 990), (72, 414, 1026), (72, 432, 1008), (90, 414, 936), (72, 414, 900), (108, 396, 972), (108, 414, 972), (90, 414, 972), (72, 432, 954), (90, 432, 936), (108, 414, 936), (108, 396, 954), (108, 432, 936), (108, 432, 936), (108, 432, 954), (108, 432, 936), (108, 432, 918), (126, 468, 846), (108, 468, 900), (90, 468, 954), (108, 450, 1008), (144, 414, 990), (126, 432, 918), (90, 468, 918), (108, 468, 972)]	(9341, 10576, 9555, 9990, 11423, 9513, 7809, 6896, 6230, 6870, 6158, 8715, 5100, 6519, 7445, 7055, 13925, 19918, 15014, 8916, 15855, 14295, 12504, 1946)
i	1580941	(574, 127)	[(90, 432, 936), (108, 414, 936), (108, 396, 954), (108, 432, 936), (108, 432, 936), (108, 432, 954), (108, 432, 936), (108, 432, 918), (126, 468, 846), (108, 468, 900), (90, 468, 954), (108, 450, 1008), (144, 414, 990), (126, 432, 918), (90, 468, 918), (108, 468, 972), (162, 504, 918), (162, 522, 810), (144, 558, 756), (108, 612, 828), (126, 558, 900), (162, 540, 936), (162, 540, 900), (162, 558, 846), (144, 540, 846)]	(9343, 10611, 9619, 10013, 11445, 9537, 7953, 6921, 6159, 6875, 6135, 8311, 5035, 6667, 7458, 7036, 14146, 19934, 15416, 8866, 15783, 14037, 12570, 1940)
t	1581338	(583, 273)	[(126, 432, 918), (90, 468, 918), (108, 468, 972), (162, 504, 918), (162, 522, 810), (144, 558, 756), (108, 612, 828), (126, 558, 900), (162, 540, 936), (162, 540, 900), (162, 558, 846), (144, 540, 846), (108, 540, 918), (162, 486, 918), (144, 504, 936), (180, 486, 936), (180, 486, 936), (162, 468, 918), (162, 486, 846), (162, 504, 846), (144, 486, 882), (144, 522, 972), (144, 504, 1008), (144, 486, 918), (162, 504, 828)]	(9343, 10607, 9578, 10003, 11427, 9510, 7882, 6943, 6155, 6875, 6146, 8724, 5047, 6603, 7451, 7063, 14198, 19934, 15086, 8908, 15837, 14260, 12540, 1952)
e	1581654	(578, 356)	[(162, 540, 900), (162, 558, 846), (144, 540, 846), (108, 540, 918), (162, 486, 918), (144, 504, 936), (180, 486, 936), (180, 486, 936), (162, 468, 918), (162, 486, 846), (162, 504, 846), (144, 486, 882), (144, 522, 972), (144, 504, 1008), (144, 486, 918), (162, 504, 828), (126, 504, 792), (162, 486, 882), (180, 468, 900), (180, 468, 846), (126, 486, 936), (144, 486, 972), (126, 468, 972), (144, 486, 972), (144, 486, 918)]	(9349, 10582, 9560, 9992, 11424, 9502, 7778, 6888, 6047, 6876, 6162, 8774, 5028, 6530, 7424, 7068, 13954, 19907, 15042, 8923, 15879, 14352, 12508, 1947)
w	1582004	(578, 394)	[(144, 522, 972), (144, 504, 1008), (144, 486, 918), (162, 504, 828), (126, 504, 792), (162, 486, 882), (180, 468, 900), (180, 468, 846), (126, 486, 936), (144, 486, 972), (126, 468, 972), (144, 486, 972), (144, 486, 918), (162, 486, 810), (180, 468, 972), (180, 468, 900), (162, 468, 900), (144, 486, 936), (162, 486, 900), (144, 486, 900), (144, 486, 900), (162, 468, 936), (180, 468, 936), (162, 450, 936), (162, 468, 918)]	(9345, 10575, 9557, 9970, 11421, 9500, 7729, 6875, 6009, 6861, 6201, 8799, 5030, 6512, 7405, 7078, 13845, 19902, 15057, 8926, 15895, 14385, 12492, 1950)
i	1582569	(571, 124)	[(162, 468, 936), (180, 468, 936), (162, 450, 936), (162, 468, 918), (162, 468, 882), (162, 504, 900), (144, 486, 864), (162, 486, 864), (162, 504, 882), (144, 504, 918), (144, 522, 954), (162, 522, 918), (126, 522, 918), (126, 558, 846), (144, 540, 828), (162, 558, 846), (162, 558, 864), (144, 576, 846), (162, 558, 864), (126, 558, 882), (162, 612, 864), (144, 558, 882), (162, 540, 828), (162, 558, 828), (162, 558, 846)]	(9357, 10628, 9626, 10018, 11430, 9515, 7891, 6923, 6178, 6870, 6125, 8316, 5076, 6798, 7452, 7033, 14230, 19945, 15531, 8864, 15784, 14041, 12557, 1919)
n	1583133	(751, 159)	[(144, 558, 882), (162, 540, 828), (162, 558, 828), (162, 558, 846), (126, 558, 900), (162, 504, 846), (162, 522, 864), (162, 522, 900), (144, 522, 918), (162, 540, 900), (162, 522, 900), (162, 540, 846), (126, 540, 828), (126, 540, 828), (126, 540, 846), (144, 522, 900), (144, 522, 954), (180, 522, 900), (180, 522, 846), (144, 540, 810), (144, 540, 882), (162, 522, 936), (162, 504, 918), (144, 522, 864), (144, 522, 846)]	(9356, 10634, 9600, 10011, 11426, 9537, 7888, 6917, 6157, 6869, 6128, 8339, 5070, 6753, 7447, 7060, 14196, 19892, 15309, 8889, 15835, 14161, 12514, 1947)
g	1583480	(656, 242)	[(162, 540, 846), (126, 540, 828), (126, 540, 828), (126, 540, 846), (144, 522, 900), (144, 522, 954), (180, 522, 900), (180, 522, 846), (144, 540, 810), (144, 540, 882), (162, 522, 936), (162, 504, 918), (144, 522, 864), (144, 522, 846), (180, 504, 882), (162, 522, 882), (162, 504, 900), (162, 486, 900), (180, 504, 900), (144, 522, 882), (144, 504, 936), (144, 486, 936), (144, 504, 918), (162, 522, 882), (162, 504, 864)]	(9351, 10612, 9566, 10000, 11432, 9498, 7833, 6883, 5989, 6872, 6144, 8337, 5050, 6782, 7425, 7070, 14186, 19875, 15278, 8899, 15838, 14197, 12481, 1940)
