Please hold the phone in both hands. At each letter you will be instructed which thumb to use
right	u	599524	(581, 167)	[(-36, 432, 972), (-36, 414, 936), (-54, 414, 954), (-54, 432, 954), (-36, 432, 936), (-54, 414, 936), (-54, 432, 972), (-54, 432, 936), (-54, 450, 954), (-36, 414, 918), (-54, 450, 954), (-54, 432, 918), (-72, 432, 936), (-54, 432, 936), (-54, 450, 954), (-36, 432, 936), (-72, 450, 954), (-72, 432, 954), (-54, 432, 918), (-54, 450, 918), (-54, 450, 936), (-72, 450, 954), (-54, 450, 954), (-54, 468, 954), (-54, 432, 936)]	(9399, 10641, 9287, 9981, 12463, 12196, 5433, 9755, 4175, 7243, 6343, 6739, 5213, 6232, 8433, 7239, 11507, 21890, 14334, 8820, 15444, 13348, 12643, 1981)
right	i	601905	(579, 128)	[(-36, 432, 954), (-18, 450, 936), (0, 432, 954), (0, 450, 954), (-18, 450, 936), (-18, 432, 954), (-18, 450, 936), (-18, 432, 936), (-18, 450, 936), (0, 450, 936), (-18, 432, 972), (-36, 432, 954), (-36, 450, 936), (-18, 432, 936), (-36, 450, 954), (-36, 432, 936), (0, 414, 936), (0, 450, 954), (0, 432, 936), (-18, 450, 936), (-36, 432, 954), (-36, 432, 972), (0, 432, 954), (-54, 432, 936), (-36, 432, 918)]	(9393, 10574, 9263, 9967, 12620, 12166, 5215, 9810, 4207, 7378, 6334, 6704, 5173, 6239, 8345, 7245, 11582, 21914, 14331, 8834, 15459, 13367, 12738, 1981)
left	f	603676	(663, 294)	[(18, 432, 954), (0, 450, 954), (0, 450, 936), (18, 450, 936), (18, 450, 936), (18, 450, 936), (18, 450, 936), (18, 450, 954), (18, 432, 954), (18, 450, 936), (18, 432, 936), (18, 450, 918), (18, 450, 936), (18, 450, 936), (18, 450, 936), (18, 450, 936), (18, 450, 936), (18, 450, 936), (0, 432, 936), (18, 450, 936), (18, 450, 936), (18, 450, 936), (18, 450, 936), (18, 450, 936), (0, 450, 936)]	(9405, 10567, 9262, 9973, 12685, 12260, 5073, 9779, 4215, 7516, 6320, 6658, 5145, 6219, 8135, 7255, 11542, 21920, 14356, 8836, 15473, 13371, 12797, 1974)
left	o	604075	(660, 295)	[(18, 450, 954), (18, 432, 954), (18, 450, 936), (18, 432, 936), (18, 450, 918), (18, 450, 936), (18, 450, 936), (18, 450, 936), (18, 450, 936), (18, 450, 936), (18, 450, 936), (0, 432, 936), (18, 450, 936), (18, 450, 936), (18, 450, 936), (18, 450, 936), (18, 450, 936), (0, 450, 936), (18, 450, 936), (18, 468, 936), (0, 432, 900), (18, 450, 972), (0, 432, 936), (18, 432, 936), (18, 450, 936)]	(9388, 10539, 9247, 9950, 12657, 12182, 5130, 9695, 4200, 7508, 6331, 6634, 5115, 6208, 8105, 7265, 11528, 21848, 14340, 8824, 15461, 13371, 12781, 1980)
left	c	606334	(743, 301)	[(18, 432, 954), (18, 450, 936), (18, 450, 936), (18, 450, 936), (18, 432, 954), (36, 450, 936), (18, 450, 954), (0, 432, 936), (18, 450, 936), (0, 432, 936), (18, 450, 918), (36, 450, 936), (18, 432, 954), (0, 450, 936), (18, 432, 936), (18, 432, 936), (18, 432, 972), (18, 450, 954), (0, 432, 954), (18, 432, 936), (18, 432, 936), (18, 450, 954), (18, 450, 936), (18, 450, 972), (18, 450, 990)]	(9402, 10545, 9263, 9982, 12740, 12292, 5151, 9851, 4233, 7598, 6386, 6698, 5141, 6204, 8043, 7296, 11535, 21864, 14368, 8832, 15488, 13382, 12815, 1982)
left	m	608448	(732, 104)	[(18, 432, 954), (0, 414, 972), (0, 432, 954), (36, 432, 954), (18, 432, 972), (0, 432, 954), (36, 432, 936), (18, 432, 954), (54, 450, 990), (54, 468, 882), (36, 468, 882), (54, 468, 900), (72, 468, 918), (54, 450, 900), (54, 468, 900), (54, 468, 918), (54, 468, 918), (54, 486, 918), (72, 468, 918), (54, 468, 900), (72, 468, 954), (54, 486, 972), (72, 468, 972), (72, 468, 900), (36, 450, 846)]	(9402, 10519, 9259, 9968, 12882, 12358, 4774, 9522, 4266, 7963, 6310, 6502, 5000, 6141, 7410, 7404, 11352, 21100, 14426, 8817, 15496, 13395, 13061, 1972)
left	z	610406	(739, 388)	[(-36, 450, 954), (-36, 450, 936), (-54, 432, 954), (-54, 432, 954), (-36, 432, 954), (-54, 432, 990), (-36, 432, 936), (0, 432, 918), (-72, 414, 936), (-90, 396, 972), (-90, 414, 954), (-90, 414, 954), (-72, 414, 936), (-72, 414, 936), (-72, 414, 972), (-72, 432, 954), (-54, 414, 954), (-54, 432, 936), (-72, 432, 918), (-72, 414, 954), (-72, 414, 972), (-72, 414, 954), (-54, 432, 972), (-90, 414, 954), (-72, 414, 864)]	(9394, 10529, 9228, 9969, 12406, 12058, 5140, 9895, 4233, 7299, 6550, 6577, 5026, 6197, 7902, 7291, 11809, 21676, 14315, 8835, 15473, 13428, 12831, 1975)
left	n	612452	(731, 165)	[(-36, 414, 972), (-54, 414, 1026), (0, 468, 882), (36, 522, 882), (72, 504, 918), (36, 468, 918), (18, 468, 918), (36, 468, 936), (18, 468, 918), (54, 486, 936), (36, 468, 936), (36, 486, 918), (54, 504, 900), (36, 504, 900), (54, 504, 882), (36, 468, 900), (36, 486, 918), (36, 486, 936), (72, 486, 918), (54, 522, 918), (54, 486, 918), (54, 504, 936), (72, 504, 954), (54, 504, 936), (54, 486, 882)]	(9398, 10550, 9263, 9976, 12791, 12345, 4743, 9806, 4240, 7714, 6296, 6582, 5150, 6150, 7407, 7497, 11477, 21022, 14366, 8800, 15457, 13401, 13004, 1969)
left	p	614876	(578, 12)	[(0, 468, 936), (-18, 468, 936), (36, 450, 936), (36, 468, 972), (-18, 468, 972), (36, 450, 954), (54, 504, 918), (36, 486, 900), (18, 486, 900), (36, 522, 918), (108, 522, 810), (126, 540, 882), (108, 522, 864), (126, 504, 900), (108, 522, 900), (90, 522, 900), (108, 504, 918), (108, 522, 936), (108, 504, 900), (126, 504, 882), (108, 522, 900), (90, 522, 918), (90, 504, 918), (72, 504, 918), (90, 522, 918)]	(9414, 10565, 9272, 9982, 12810, 12628, 4624, 8983, 4235, 7744, 6204, 6727, 5147, 6145, 7317, 7563, 11423, 20629, 14536, 8783, 15479, 13417, 13156, 1952)
right	m	616518	(736, 105)	[(18, 450, 936), (-18, 450, 936), (0, 450, 936), (0, 450, 936), (0, 450, 936), (18, 450, 954), (18, 468, 936), (18, 468, 918), (18, 450, 936), (18, 450, 936), (18, 450, 936), (0, 450, 936), (0, 450, 954), (0, 450, 936), (0, 468, 936), (18, 450, 918), (18, 468, 936), (0, 450, 936), (0, 450, 954), (18, 450, 918), (0, 450, 936), (18, 450, 918), (0, 468, 918), (18, 468, 954), (18, 468, 954)]	(9404, 10591, 9250, 9963, 12587, 12344, 4764, 9401, 4210, 7356, 6332, 6729, 5228, 6154, 7442, 7538, 11685, 21119, 14315, 8803, 15442, 13415, 13009, 1960)
left	i	618627	(565, 130)	[(-18, 468, 936), (0, 486, 918), (0, 468, 936), (-18, 486, 954), (0, 486, 936), (-36, 486, 882), (-36, 486, 882), (-36, 468, 900), (-54, 486, 918), (-18, 486, 918), (-54, 504, 936), (-36, 486, 882), (-54, 504, 882), (-54, 504, 918), (-54, 486, 936), (-36, 486, 936), (-36, 486, 918), (-54, 486, 900), (-54, 504, 900), (-54, 504, 900), (-54, 504, 918), (-36, 504, 918), (-54, 486, 936), (-54, 504, 918), (-54, 486, 936)]	(9409, 10629, 9254, 9974, 12535, 12264, 4819, 9656, 4237, 7274, 6343, 6759, 5358, 6187, 7548, 7503, 11776, 21349, 14306, 8807, 15439, 13431, 13008, 1983)
left	a	620575	(662, 425)	[(-36, 468, 936), (0, 486, 918), (-36, 486, 918), (-54, 432, 882), (-90, 468, 918), (-90, 432, 954), (-108, 432, 972), (-72, 450, 936), (-72, 468, 918), (-54, 450, 936), (-90, 450, 954), (-90, 450, 954), (-54, 432, 954), (-72, 450, 954), (-72, 432, 936), (-54, 450, 936), (-72, 432, 936), (-54, 450, 936), (-54, 450, 936), (-54, 468, 936), (-54, 450, 936), (-54, 450, 954), (-54, 450, 954), (-54, 450, 954), (-72, 450, 900)]	(9408, 10579, 9242, 9978, 12589, 12311, 4749, 9702, 4255, 7360, 6343, 6692, 5249, 6213, 7616, 7527, 12094, 21168, 14260, 8807, 15458, 13479, 12921, 1951)
right	j	622469	(654, 159)	[(-54, 468, 918), (-54, 468, 936), (-72, 468, 900), (-72, 468, 918), (-54, 486, 936), (-72, 486, 954), (-72, 468, 954), (-54, 468, 918), (-72, 468, 900), (-90, 486, 918), (-72, 468, 936), (-90, 486, 918), (-72, 486, 936), (-72, 504, 918), (-72, 486, 936), (-72, 486, 900), (-90, 468, 918), (-72, 486, 918), (-90, 486, 900), (-72, 504, 900), (-72, 504, 918), (-72, 486, 918), (-72, 486, 936), (-72, 486, 918), (-90, 486, 936)]	(9410, 10667, 9263, 9983, 12413, 12160, 4750, 9812, 4191, 7187, 6274, 6689, 5323, 6201, 7645, 7500, 12025, 21330, 14279, 8817, 15456, 13470, 12936, 1968)
left	u	624428	(575, 163)	[(-54, 468, 900), (-36, 486, 864), (18, 522, 936), (-36, 522, 936), (18, 522, 972), (36, 522, 918), (54, 522, 900), (90, 540, 882), (90, 540, 828), (90, 558, 864), (90, 558, 864), (90, 558, 882), (108, 576, 882), (90, 558, 882), (90, 558, 864), (90, 558, 900), (90, 558, 882), (108, 558, 864), (108, 558, 864), (90, 540, 882), (90, 540, 882), (72, 558, 882), (72, 576, 900), (90, 558, 918), (108, 540, 864)]	(9407, 10547, 9265, 9982, 12900, 12606, 4637, 9393, 4314, 7926, 6207, 6594, 5125, 6176, 7347, 7450, 11741, 20463, 14406, 8789, 15484, 13457, 13100, 1974)
right	n	626536	(727, 156)	[(-54, 486, 918), (-36, 486, 900), (-54, 486, 900), (-54, 486, 918), (-36, 486, 936), (-54, 486, 936), (-36, 486, 936), (-36, 486, 918), (-36, 504, 900), (-36, 504, 900), (-18, 486, 936), (-54, 486, 918), (-54, 486, 918), (-36, 504, 918), (-36, 504, 918), (-54, 486, 936), (-54, 504, 918), (-36, 504, 918), (-36, 504, 900), (-36, 486, 882), (-36, 504, 918), (-54, 486, 936), (-54, 504, 936), (-54, 486, 918), (-54, 504, 882)]	(9399, 10626, 9249, 9969, 12502, 12131, 4672, 9622, 4172, 7211, 6214, 6574, 5223, 6186, 7510, 7539, 12055, 20896, 14276, 8796, 15433, 13433, 12932, 1960)
right	x	629146	(729, 333)	[(-90, 468, 864), (-108, 540, 918), (-144, 540, 900), (-144, 540, 918), (-144, 522, 918), (-162, 540, 864), (-180, 540, 864), (-162, 540, 882), (-144, 540, 882), (-162, 540, 864), (-162, 558, 882), (-162, 540, 882), (-180, 540, 882), (-162, 540, 846), (-180, 540, 846), (-162, 558, 846), (-162, 540, 882), (-162, 540, 882), (-144, 504, 846), (-198, 576, 846), (-162, 558, 900), (-162, 558, 900), (-162, 540, 882), (-162, 540, 864), (-180, 540, 864)]	(9414, 11058, 9211, 9959, 11695, 10311, 4845, 10665, 4234, 6919, 6112, 6415, 5346, 6226, 7663, 7290, 12380, 21007, 14256, 8813, 15454, 13463, 12857, 1972)
right	h	631359	(668, 198)	[(18, 486, 918), (-36, 486, 936), (-54, 486, 900), (-72, 486, 954), (-54, 486, 936), (-72, 504, 918), (-72, 504, 900), (-54, 504, 864), (-72, 504, 900), (-72, 504, 918), (-54, 504, 900), (-54, 504, 918), (-72, 504, 918), (-72, 522, 900), (-90, 504, 882), (-72, 504, 900), (-90, 504, 936), (-72, 522, 900), (-72, 522, 900), (-72, 522, 900), (-72, 522, 900), (-90, 522, 900), (-72, 504, 918), (-72, 522, 900), (-54, 522, 882)]	(9403, 10795, 9235, 9959, 12015, 11582, 4815, 9758, 4114, 7022, 6225, 6428, 5150, 6149, 7421, 7543, 11971, 20905, 14279, 8797, 15452, 13461, 12929, 1962)
right	a	633724	(655, 429)	[(-126, 486, 918), (-162, 504, 900), (-162, 522, 900), (-162, 522, 918), (-180, 522, 882), (-198, 540, 882), (-162, 540, 846), (-198, 558, 900), (-216, 594, 846), (-234, 594, 846), (-234, 576, 864), (-216, 576, 846), (-198, 558, 846), (-234, 576, 846), (-234, 558, 810), (-234, 558, 828), (-234, 558, 846), (-252, 576, 828), (-198, 576, 828), (-198, 576, 810), (-198, 594, 882), (-198, 594, 900), (-198, 576, 864), (-270, 558, 828), (-198, 594, 828)]	(9410, 11205, 9244, 9980, 11685, 10120, 4901, 10752, 4233, 6899, 5986, 6330, 5362, 6214, 7651, 7214, 12398, 21002, 14235, 8795, 15426, 13453, 12731, 1959)
right	m	635735	(729, 108)	[(0, 486, 918), (0, 486, 918), (-18, 504, 936), (-18, 486, 918), (0, 504, 918), (0, 486, 936), (-36, 486, 900), (0, 486, 918), (0, 504, 936), (-18, 486, 918), (0, 486, 936), (0, 504, 918), (-36, 486, 936), (0, 486, 936), (0, 486, 918), (0, 486, 918), (-36, 468, 900), (0, 486, 918), (0, 504, 918), (-36, 504, 918), (0, 504, 918), (0, 486, 936), (-18, 504, 918), (0, 486, 918), (0, 486, 918)]	(9410, 10577, 9240, 9960, 13170, 11672, 4636, 9932, 4188, 7570, 6189, 6618, 5272, 6126, 7331, 7604, 11822, 20562, 14288, 8771, 15433, 13478, 12955, 1964)
right	e	637839	(576, 358)	[(-126, 540, 864), (-144, 540, 864), (-162, 558, 882), (-180, 558, 882), (-180, 576, 882), (-162, 558, 882), (-180, 558, 846), (-180, 558, 882), (-180, 576, 846), (-198, 576, 846), (-180, 594, 864), (-198, 594, 828), (-216, 594, 846), (-234, 612, 828), (-216, 594, 846), (-198, 612, 846), (-198, 594, 828), (-216, 594, 828), (-198, 576, 828), (-198, 594, 864), (-216, 594, 864), (-198, 594, 846), (-198, 594, 846), (-198, 576, 828), (-198, 594, 828)]	(9413, 11164, 9222, 9972, 11701, 10429, 4934, 10975, 4270, 6930, 6029, 6395, 5563, 6209, 7643, 7232, 12341, 21129, 14250, 8795, 15444, 13473, 12819, 1956)
right	b	640147	(723, 207)	[(-72, 504, 918), (-90, 522, 900), (-90, 522, 900), (-90, 522, 900), (-90, 522, 900), (-90, 522, 918), (-90, 504, 918), (-90, 504, 900), (-90, 522, 900), (-90, 522, 918), (-90, 522, 900), (-90, 522, 882), (-90, 504, 918), (-90, 504, 900), (-90, 504, 900), (-90, 522, 882), (-90, 522, 918), (-90, 522, 918), (-72, 522, 900), (-90, 522, 918), (-90, 522, 882), (-72, 504, 918), (-108, 522, 918), (-90, 504, 882), (-90, 522, 900)]	(9421, 10631, 9241, 9964, 12395, 11619, 4616, 9886, 4119, 7137, 6017, 6340, 5075, 6159, 7440, 7384, 12100, 20961, 14289, 8795, 15458, 13484, 12901, 1969)
right	l	643042	(650, 54)	[(-72, 486, 918), (-72, 486, 936), (-72, 504, 882), (-72, 486, 936), (-54, 504, 900), (-72, 504, 954), (-72, 486, 936), (-72, 486, 918), (-72, 486, 900), (-54, 468, 900), (-54, 468, 900), (-36, 468, 918), (-36, 486, 936), (-36, 486, 936), (-54, 468, 936), (-36, 468, 918), (-54, 468, 918), (-72, 468, 882), (-54, 486, 900), (-54, 468, 936), (-54, 486, 936), (-54, 486, 936), (-72, 468, 936), (-54, 468, 918), (-54, 468, 918)]	(9410, 10543, 9219, 9953, 12664, 11920, 4628, 9352, 4155, 7384, 6115, 6400, 5070, 6165, 7450, 7428, 12051, 20923, 14275, 8788, 15427, 13468, 12891, 1966)
right	o	645296	(576, 73)	[(-72, 486, 900), (-54, 486, 900), (-54, 468, 918), (-54, 486, 918), (-54, 486, 918), (-54, 486, 936), (-54, 486, 918), (-54, 486, 918), (-72, 486, 918), (-54, 504, 918), (-54, 468, 918), (-54, 486, 918), (-54, 468, 954), (-54, 486, 918), (-54, 486, 918), (-54, 486, 918), (-54, 486, 918), (-54, 486, 918), (-54, 504, 936), (-54, 468, 936), (-36, 486, 936), (-54, 486, 936), (-54, 486, 936), (-54, 486, 918), (-54, 486, 900)]	(9411, 10552, 9234, 9961, 12701, 11955, 4640, 9566, 4159, 7375, 6120, 6418, 5100, 6167, 7455, 7444, 12083, 20955, 14291, 8798, 15446, 13484, 12905, 1971)
right	c	647255	(719, 293)	[(-126, 522, 900), (-126, 522, 864), (-108, 522, 882), (-126, 522, 882), (-162, 540, 900), (-144, 540, 882), (-144, 558, 882), (-162, 558, 864), (-144, 540, 882), (-162, 540, 882), (-144, 540, 864), (-144, 540, 864), (-162, 558, 882), (-144, 558, 882), (-144, 558, 882), (-162, 558, 882), (-162, 576, 864), (-162, 558, 864), (-144, 558, 864), (-144, 558, 864), (-162, 558, 864), (-144, 558, 864), (-144, 558, 882), (-144, 558, 882), (-144, 558, 882)]	(9420, 10887, 9226, 9963, 11801, 10793, 4700, 10149, 4108, 6960, 6018, 6327, 5004, 6185, 7637, 7329, 12182, 21234, 14290, 8812, 15460, 13468, 12827, 1971)
right	s	649613	(649, 375)	[(-126, 522, 846), (-162, 594, 882), (-162, 558, 882), (-180, 576, 900), (-198, 576, 846), (-180, 594, 864), (-180, 558, 828), (-180, 576, 846), (-180, 594, 864), (-216, 594, 846), (-198, 594, 792), (-180, 576, 810), (-198, 576, 828), (-216, 612, 882), (-180, 594, 846), (-198, 594, 828), (-198, 576, 846), (-198, 594, 828), (-198, 594, 846), (-198, 594, 846), (-198, 594, 846), (-216, 576, 846), (-198, 576, 846), (-198, 594, 846), (-198, 576, 846)]	(9410, 11161, 9227, 9969, 11659, 10217, 4885, 10850, 4182, 6910, 5949, 6300, 5229, 6207, 7750, 7188, 12433, 21264, 14273, 8797, 15439, 13482, 12827, 1957)
right	c	651775	(730, 286)	[(-54, 522, 918), (-54, 522, 882), (-90, 522, 900), (-72, 522, 918), (-72, 522, 882), (-72, 522, 918), (-90, 522, 882), (-72, 522, 900), (-90, 522, 900), (-72, 522, 900), (-72, 522, 900), (-72, 522, 882), (-90, 522, 900), (-72, 540, 900), (-90, 540, 900), (-90, 522, 900), (-72, 540, 900), (-72, 540, 882), (-72, 522, 900), (-72, 540, 864), (-72, 522, 900), (-90, 522, 900), (-72, 540, 900), (-72, 540, 936), (-72, 540, 900)]	(9415, 10685, 9239, 9958, 12092, 11099, 4620, 10658, 4075, 7015, 5935, 6335, 5113, 6112, 7320, 7377, 12020, 20576, 14287, 8778, 15459, 13522, 12957, 1968)
right	y	654018	(572, 209)	[(-72, 504, 918), (-90, 504, 918), (-72, 504, 918), (-72, 504, 900), (-72, 522, 900), (-72, 522, 900), (-90, 504, 900), (-72, 504, 900), (-72, 522, 900), (-72, 504, 918), (-72, 504, 882), (-90, 522, 900), (-90, 504, 918), (-90, 504, 918), (-90, 522, 900), (-90, 504, 900), (-90, 504, 882), (-90, 504, 882), (-72, 522, 918), (-72, 522, 936), (-72, 522, 954), (-90, 504, 918), (-72, 504, 882), (-72, 522, 882), (-72, 504, 900)]	(9405, 10653, 9231, 9961, 12276, 11490, 4664, 10391, 4114, 7057, 5998, 6333, 5092, 6127, 7352, 7418, 12075, 20678, 14278, 8783, 15450, 13507, 12940, 1952)
left	e	656454	(581, 351)	[(-36, 486, 918), (-18, 504, 918), (-18, 504, 918), (-54, 486, 900), (-36, 486, 918), (-36, 486, 936), (-54, 486, 900), (-36, 486, 936), (-18, 504, 954), (-36, 504, 918), (18, 504, 864), (18, 522, 882), (18, 504, 900), (18, 522, 900), (0, 504, 918), (18, 504, 918), (18, 504, 900), (18, 504, 900), (36, 504, 900), (0, 504, 918), (18, 504, 900), (18, 504, 900), (18, 504, 918), (18, 522, 936), (18, 504, 936)]	(9422, 10648, 9272, 9982, 12658, 11870, 4638, 10295, 4072, 7187, 6002, 6351, 5097, 6165, 7375, 7512, 12076, 20699, 14309, 8777, 15457, 13511, 12981, 1935)
right	o	658741	(566, 61)	[(18, 504, 882), (0, 486, 918), (0, 486, 918), (0, 486, 936), (0, 486, 954), (18, 504, 918), (0, 486, 936), (18, 486, 936), (18, 486, 918), (18, 486, 900), (0, 486, 900), (0, 486, 918), (18, 486, 936), (0, 486, 918), (18, 486, 918), (18, 486, 936), (18, 486, 936), (18, 486, 918), (0, 486, 936), (0, 504, 900), (-18, 486, 900), (18, 486, 900), (0, 486, 936), (0, 486, 936), (0, 486, 936)]	(9411, 10635, 9235, 9968, 12391, 11739, 4686, 10285, 4076, 7139, 6124, 6378, 5171, 6185, 7419, 7764, 12129, 20732, 14256, 8765, 15414, 13468, 12902, 1957)
left	s	660948	(654, 379)	[(-36, 504, 918), (-54, 504, 918), (-36, 522, 918), (-54, 504, 918), (-72, 504, 918), (-54, 504, 918), (-54, 486, 918), (-54, 504, 882), (-54, 504, 900), (-54, 504, 918), (-54, 504, 918), (-54, 504, 900), (-54, 504, 918), (-54, 486, 918), (-36, 504, 918), (-36, 504, 900), (-54, 504, 918), (-36, 504, 900), (-54, 504, 900), (-54, 504, 918), (-54, 504, 936), (-36, 504, 918), (-36, 504, 954), (-36, 504, 936), (-36, 486, 900)]	(9411, 10668, 9236, 9965, 12195, 11589, 4720, 10260, 4081, 7067, 6092, 6338, 5057, 6190, 7461, 7682, 12164, 20818, 14241, 8782, 15407, 13456, 12890, 1955)
left	q	662854	(574, 452)	[(-54, 504, 936), (-54, 504, 918), (-54, 504, 918), (-36, 486, 918), (-36, 486, 882), (-36, 486, 864), (-54, 486, 864), (-54, 486, 882), (-36, 504, 972), (-36, 522, 972), (-36, 504, 918), (-36, 504, 900), (-36, 504, 900), (-36, 504, 900), (-36, 486, 936), (-36, 486, 936), (-36, 504, 936), (-36, 486, 918), (-54, 486, 918), (-36, 486, 900), (-36, 504, 900), (-36, 504, 936), (-18, 504, 954), (-36, 504, 972), (-36, 486, 918)]	(9424, 10653, 9238, 9973, 12374, 11669, 4706, 10267, 4132, 7115, 6095, 6350, 5078, 6259, 7585, 7597, 12390, 20890, 14239, 8789, 15402, 13462, 12863, 1956)
left	j	665010	(651, 154)	[(36, 522, 918), (54, 540, 900), (72, 540, 882), (72, 522, 882), (54, 540, 900), (54, 522, 900), (72, 540, 864), (90, 558, 882), (90, 558, 900), (108, 558, 900), (90, 540, 900), (90, 540, 900), (90, 540, 900), (72, 540, 882), (90, 558, 864), (90, 558, 864), (72, 540, 900), (90, 522, 864), (90, 540, 900), (90, 540, 900), (90, 576, 918), (72, 558, 918), (72, 540, 864), (90, 540, 846), (90, 540, 864)]	(9404, 10519, 9221, 9948, 12900, 12080, 4564, 9439, 4130, 7689, 6049, 6361, 5078, 6145, 7316, 7546, 11758, 20490, 14358, 8769, 15446, 13469, 13012, 1960)
right	y	666899	(580, 218)	[(-54, 540, 846), (-54, 540, 936), (-54, 540, 936), (-54, 540, 882), (-72, 540, 846), (-72, 540, 846), (-108, 558, 864), (-90, 576, 864), (-90, 594, 846), (-108, 576, 882), (-90, 576, 864), (-72, 558, 864), (-90, 558, 882), (-72, 576, 882), (-72, 576, 882), (-90, 558, 900), (-90, 558, 864), (-72, 558, 882), (-72, 576, 882), (-90, 576, 882), (-72, 558, 846), (-72, 558, 900), (-72, 576, 882), (-72, 576, 882), (-90, 558, 882)]	(9385, 10814, 9228, 9988, 12374, 11753, 5015, 9988, 4191, 7109, 6080, 6328, 4968, 6167, 7327, 7469, 12161, 20605, 14366, 8799, 15542, 13600, 13087, 1960)
right	g	669664	(660, 224)	[(-36, 540, 882), (-54, 522, 882), (-54, 540, 900), (-36, 522, 900), (-36, 540, 882), (-36, 540, 900), (-54, 522, 882), (-54, 540, 864), (-54, 540, 900), (-54, 558, 900), (-72, 540, 900), (-72, 540, 882), (-72, 540, 900), (-72, 540, 864), (-54, 540, 882), (-72, 540, 918), (-72, 540, 882), (-54, 540, 882), (-54, 558, 900), (-54, 558, 900), (-54, 558, 882), (-54, 558, 882), (-72, 540, 918), (-72, 558, 882), (-54, 558, 864)]	(9390, 10740, 9216, 9966, 12302, 11634, 4913, 10097, 4117, 7101, 6099, 6308, 5025, 6141, 7322, 7637, 12006, 20599, 14309, 8777, 15474, 13528, 13020, 1959)
right	q	671674	(570, 460)	[(-126, 576, 864), (-144, 576, 846), (-162, 576, 864), (-198, 576, 828), (-288, 648, 774), (-252, 612, 846), (-216, 612, 846), (-216, 612, 846), (-198, 576, 846), (-216, 630, 792), (-198, 630, 774), (-234, 630, 792), (-234, 648, 810), (-216, 612, 810), (-234, 630, 828), (-216, 630, 828), (-234, 630, 792), (-216, 630, 810), (-216, 630, 792), (-216, 630, 810), (-198, 630, 828), (-234, 648, 828), (-216, 630, 828), (-216, 630, 792), (-216, 630, 792)]	(9401, 11221, 9219, 9975, 11647, 10006, 5010, 11099, 4252, 6894, 5900, 6368, 5251, 6253, 7798, 7088, 12609, 21117, 14248, 8791, 15429, 13478, 12805, 1970)
left	z	673387	(747, 385)	[(0, 468, 936), (-36, 468, 936), (0, 468, 918), (-36, 450, 954), (18, 468, 972), (18, 468, 954), (0, 450, 918), (-18, 450, 900), (-18, 468, 900), (0, 468, 918), (18, 450, 954), (-36, 468, 954), (0, 468, 972), (-36, 432, 954), (-18, 432, 936), (-36, 432, 936), (-36, 468, 936), (0, 450, 936), (-36, 432, 954), (-54, 432, 954), (-36, 450, 936), (-36, 450, 954), (-36, 450, 954), (-18, 450, 936), (-36, 432, 918)]	(9383, 10549, 9210, 9960, 12580, 11483, 4708, 10560, 4206, 7264, 6067, 6419, 5040, 6123, 7208, 7514, 11770, 19975, 14286, 8761, 15492, 13679, 12992, 1954)
left	s	674974	(664, 379)	[(0, 468, 936), (0, 450, 936), (0, 468, 918), (18, 450, 918), (-18, 468, 918), (0, 450, 936), (0, 450, 954), (0, 450, 954), (0, 450, 936), (0, 450, 936), (0, 450, 918), (0, 450, 918), (0, 450, 954), (0, 450, 972), (-18, 468, 954), (0, 450, 918), (0, 450, 918), (0, 450, 936), (-18, 468, 936), (0, 450, 954), (0, 450, 918), (0, 450, 936), (0, 468, 936), (18, 468, 954), (18, 450, 918)]	(9392, 10571, 9227, 9955, 12618, 11689, 4700, 10346, 4152, 7310, 6115, 6435, 5068, 6141, 7228, 7620, 11739, 20106, 14315, 8759, 15479, 13580, 13030, 1955)
left	x	676512	(738, 344)	[(0, 450, 936), (0, 450, 936), (-36, 468, 936), (-18, 468, 936), (0, 468, 918), (-36, 450, 936), (0, 468, 936), (0, 468, 936), (-18, 468, 954), (0, 450, 936), (0, 468, 936), (0, 468, 936), (0, 450, 936), (-36, 450, 918), (-18, 468, 918), (0, 450, 918), (0, 468, 936), (0, 450, 936), (0, 468, 918), (-36, 468, 936), (-18, 450, 936), (0, 486, 972), (0, 468, 972), (0, 450, 936), (18, 450, 864)]	(9398, 10568, 9227, 9962, 12587, 11694, 4724, 10384, 4186, 7310, 6243, 6439, 5048, 6146, 7256, 7658, 11792, 20208, 14316, 8765, 15485, 13547, 13013, 1950)
right	n	678397	(732, 153)	[(18, 468, 954), (0, 468, 918), (18, 468, 954), (0, 468, 918), (0, 468, 918), (18, 450, 936), (18, 468, 954), (18, 486, 918), (0, 468, 918), (0, 468, 900), (0, 468, 918), (18, 468, 936), (-36, 468, 936), (0, 486, 918), (18, 468, 918), (0, 468, 936), (-18, 468, 936), (-36, 468, 900), (0, 468, 936), (0, 468, 972), (0, 486, 936), (0, 468, 936), (0, 468, 918), (0, 468, 936), (18, 468, 936)]	(9399, 10590, 9231, 9961, 12600, 11751, 4720, 10413, 4149, 7288, 6231, 6461, 5103, 6135, 7257, 7700, 11789, 20234, 14336, 8768, 15497, 13550, 13026, 1952)
right	i	680150	(576, 130)	[(0, 486, 936), (0, 468, 936), (18, 486, 900), (18, 468, 936), (0, 468, 918), (0, 486, 918), (0, 468, 954), (18, 486, 900), (0, 486, 918), (18, 468, 900), (-18, 486, 918), (-18, 486, 918), (0, 468, 936), (0, 468, 954), (0, 468, 936), (0, 468, 936), (0, 468, 936), (18, 468, 882), (-18, 486, 936), (0, 468, 972), (0, 486, 954), (18, 486, 936), (0, 486, 936), (0, 486, 936), (-36, 468, 900)]	(9395, 10619, 9236, 9966, 12558, 11846, 4811, 10524, 4194, 7275, 6285, 6477, 5107, 6152, 7263, 7711, 11850, 20295, 14332, 8774, 15505, 13562, 13045, 1959)
right	q	682317	(567, 458)	[(-72, 504, 900), (-72, 504, 954), (-54, 504, 918), (-54, 504, 918), (-54, 504, 936), (-72, 522, 900), (-72, 522, 900), (-108, 540, 882), (-126, 558, 846), (-162, 540, 846), (-180, 576, 846), (-198, 576, 882), (-162, 558, 900), (-180, 558, 828), (-198, 576, 846), (-198, 576, 846), (-198, 594, 882), (-216, 612, 828), (-198, 594, 828), (-180, 576, 828), (-180, 594, 846), (-216, 612, 828), (-198, 594, 846), (-198, 594, 846), (-198, 594, 846)]	(9386, 11328, 9245, 9999, 11663, 10496, 5143, 11643, 4331, 6944, 5899, 6434, 5306, 6145, 7344, 7072, 12341, 20656, 14296, 8783, 15494, 13571, 12966, 1964)
right	l	684084	(657, 63)	[(18, 468, 900), (18, 504, 900), (54, 486, 882), (18, 486, 882), (36, 486, 900), (36, 468, 882), (36, 486, 900), (54, 486, 936), (36, 468, 918), (18, 468, 918), (36, 468, 936), (36, 468, 936), (18, 468, 918), (18, 486, 936), (36, 486, 918), (18, 468, 954), (18, 468, 918), (0, 486, 918), (18, 468, 900), (0, 468, 936), (18, 468, 936), (0, 486, 936), (18, 468, 936), (36, 486, 936), (0, 468, 918)]	(9398, 10685, 9222, 9957, 11986, 11522, 4904, 10372, 4071, 7086, 6230, 6394, 5077, 6111, 7224, 8142, 11670, 20136, 14297, 8764, 15459, 13549, 13016, 1950)
right	j	685720	(645, 146)	[(18, 486, 918), (0, 486, 918), (18, 486, 900), (0, 504, 936), (0, 486, 900), (-36, 486, 918), (0, 486, 900), (-36, 486, 918), (0, 486, 918), (18, 486, 918), (0, 486, 918), (0, 486, 918), (0, 486, 918), (0, 486, 918), (0, 486, 900), (0, 486, 918), (0, 486, 918), (-36, 486, 918), (-36, 504, 918), (0, 486, 954), (0, 486, 936), (-18, 486, 918), (-36, 486, 936), (0, 486, 936), (0, 504, 918)]	(9402, 10689, 9252, 9974, 12437, 11778, 4896, 10484, 4131, 7181, 6172, 6380, 5027, 6120, 7239, 7964, 11753, 20236, 14327, 8774, 15495, 13562, 13045, 1956)
left	i	687478	(575, 136)	[(0, 504, 918), (0, 504, 918), (0, 504, 900), (0, 486, 918), (-36, 504, 900), (0, 486, 900), (0, 486, 918), (0, 504, 900), (0, 504, 918), (0, 504, 900), (0, 504, 936), (0, 486, 918), (0, 486, 936), (-18, 504, 900), (-36, 486, 936), (0, 504, 918), (0, 504, 918), (0, 504, 918), (0, 486, 900), (-36, 486, 900), (18, 504, 936), (0, 504, 918), (-18, 504, 918), (0, 504, 918), (0, 504, 918)]	(9389, 10678, 9243, 9970, 12442, 11755, 4873, 10434, 4123, 7177, 6144, 6371, 5008, 6121, 7243, 7921, 11790, 20294, 14323, 8774, 15487, 13557, 13031, 1946)
right	k	689488	(669, 104)	[(18, 504, 900), (18, 504, 936), (0, 504, 900), (0, 504, 918), (18, 486, 918), (0, 486, 918), (18, 504, 900), (18, 504, 918), (0, 486, 900), (18, 504, 900), (0, 486, 918), (18, 504, 918), (0, 504, 900), (0, 486, 918), (18, 486, 918), (0, 504, 882), (18, 504, 900), (0, 486, 918), (0, 504, 936), (18, 486, 936), (0, 504, 936), (18, 486, 918), (0, 486, 918), (18, 486, 900), (0, 486, 918)]	(9393, 10654, 9240, 9966, 12465, 11730, 4824, 10357, 4094, 7185, 6129, 6357, 5028, 6120, 7246, 7944, 11751, 20273, 14310, 8770, 15472, 13541, 13034, 1956)
right	f	691748	(661, 297)	[(0, 504, 918), (18, 504, 936), (0, 504, 954), (18, 504, 918), (18, 504, 918), (-72, 540, 900), (-72, 558, 864), (-72, 558, 882), (-90, 522, 882), (-108, 558, 882), (-108, 540, 882), (-108, 558, 846), (-108, 540, 882), (-90, 540, 900), (-90, 558, 900), (-90, 540, 900), (-108, 540, 864), (-90, 540, 900), (-90, 540, 900), (-72, 558, 882), (-72, 540, 900), (-72, 540, 882), (-90, 540, 900), (-90, 540, 900), (-72, 540, 882)]	(9399, 10947, 9229, 9972, 11926, 11108, 5068, 10718, 4115, 6986, 6049, 6334, 4896, 6110, 7262, 7547, 11911, 20490, 14352, 8800, 15555, 13582, 13087, 1947)
right	w	694085	(568, 398)	[(-108, 576, 864), (-126, 576, 864), (-126, 576, 864), (-162, 594, 882), (-144, 576, 828), (-162, 612, 846), (-162, 612, 846), (-198, 630, 774), (-180, 630, 792), (-180, 630, 792), (-198, 630, 810), (-198, 630, 846), (-198, 630, 810), (-180, 630, 810), (-180, 630, 810), (-198, 630, 810), (-198, 630, 792), (-198, 648, 792), (-180, 630, 792), (-198, 630, 810), (-180, 648, 828), (-180, 648, 828), (-180, 648, 828), (-180, 630, 792), (-198, 630, 810)]	(9373, 11782, 9305, 9998, 11592, 10905, 4883, 11313, 4126, 6896, 5755, 6329, 5003, 6133, 7325, 7048, 12245, 20677, 14372, 8792, 15574, 13628, 13100, 1967)
left	f	696253	(653, 296)	[(-72, 540, 882), (-72, 540, 882), (-54, 540, 882), (-54, 540, 882), (-54, 522, 936), (-18, 540, 882), (-36, 522, 936), (-36, 540, 900), (-36, 522, 882), (-36, 504, 900), (-36, 522, 918), (0, 522, 918), (0, 522, 936), (0, 522, 918), (-36, 522, 900), (0, 522, 882), (0, 504, 900), (18, 522, 882), (0, 522, 900), (0, 540, 918), (0, 540, 900), (-36, 522, 900), (18, 540, 918), (0, 540, 900), (0, 522, 918)]	(9389, 10641, 9261, 9976, 12150, 12371, 4664, 10244, 4065, 7156, 6006, 6384, 4950, 6189, 7241, 7525, 11699, 20331, 14365, 8773, 15518, 13537, 13107, 1953)
left	v	698307	(723, 264)	[(0, 504, 918), (18, 522, 918), (18, 522, 918), (0, 522, 900), (18, 522, 882), (0, 504, 900), (0, 522, 900), (0, 522, 900), (18, 504, 936), (0, 522, 882), (0, 522, 882), (18, 522, 918), (18, 522, 936), (0, 522, 900), (0, 522, 882), (18, 504, 882), (0, 504, 882), (18, 522, 900), (0, 522, 900), (18, 540, 918), (36, 522, 882), (18, 522, 900), (18, 522, 900), (18, 522, 900), (-18, 540, 918)]	(9388, 10624, 9263, 9972, 12199, 12364, 4647, 10173, 4078, 7175, 6014, 6368, 4948, 6208, 7263, 7533, 11772, 20443, 14381, 8779, 15529, 13536, 13117, 1959)
right	g	700672	(665, 257)	[(18, 522, 900), (0, 522, 918), (-36, 522, 900), (-54, 540, 918), (-54, 540, 936), (-54, 522, 900), (-54, 540, 900), (-54, 540, 882), (-54, 540, 882), (-54, 540, 900), (-54, 540, 900), (-36, 540, 882), (-54, 540, 864), (-54, 522, 900), (-54, 540, 882), (-54, 540, 882), (-54, 540, 900), (-54, 522, 882), (-54, 540, 900), (-54, 540, 900), (-54, 540, 900), (-54, 540, 900), (-54, 540, 918), (-54, 540, 882), (-54, 540, 882)]	(9386, 10739, 9250, 9964, 11879, 11925, 4785, 10390, 4033, 7021, 5964, 6309, 4824, 6148, 7253, 7468, 11878, 20459, 14362, 8787, 15549, 13565, 13113, 1952)
left	d	702532	(659, 333)	[(-36, 522, 900), (-54, 522, 900), (-36, 522, 882), (-36, 522, 918), (-36, 522, 918), (-18, 522, 882), (-36, 522, 900), (-36, 522, 882), (-36, 522, 918), (-36, 522, 936), (-36, 522, 900), (-36, 522, 882), (-36, 522, 900), (-36, 504, 918), (0, 504, 900), (-36, 504, 900), (-36, 522, 918), (-36, 504, 900), (0, 522, 882), (-18, 522, 900), (-18, 522, 936), (-36, 540, 936), (-18, 540, 936), (-36, 522, 918), (-36, 504, 882)]	(9388, 10696, 9264, 9983, 12065, 12215, 4755, 10364, 4055, 7091, 5985, 6338, 4876, 6175, 7262, 7510, 11852, 20496, 14385, 8790, 15559, 13579, 13149, 1963)
left	j	704365	(650, 162)	[(36, 540, 846), (36, 540, 882), (54, 558, 918), (36, 558, 936), (54, 576, 900), (54, 576, 882), (72, 576, 864), (72, 576, 828), (72, 594, 846), (90, 594, 864), (90, 576, 846), (90, 558, 882), (90, 576, 900), (72, 558, 864), (72, 576, 882), (72, 576, 882), (72, 576, 846), (54, 576, 864), (90, 576, 900), (72, 576, 882), (72, 576, 900), (72, 576, 882), (72, 576, 846), (72, 558, 846), (54, 576, 864)]	(9385, 10592, 9261, 9949, 12233, 12535, 4644, 9415, 4095, 7218, 6055, 6368, 4888, 6273, 7258, 7488, 11629, 20219, 14457, 8779, 15535, 13532, 13128, 1956)
left	v	706117	(735, 254)	[(18, 504, 936), (18, 504, 900), (18, 504, 900), (18, 504, 900), (18, 504, 918), (18, 522, 954), (18, 504, 918), (18, 504, 918), (18, 504, 900), (18, 504, 882), (36, 486, 918), (36, 504, 918), (18, 504, 918), (18, 504, 882), (18, 504, 918), (18, 486, 900), (36, 504, 918), (36, 504, 936), (36, 504, 918), (18, 522, 918), (18, 504, 918), (18, 504, 900), (18, 504, 918), (18, 504, 918), (36, 504, 882)]	(9395, 10655, 9262, 9981, 12107, 12418, 4694, 10036, 4057, 7119, 6017, 6317, 4878, 6185, 7249, 7587, 11706, 20315, 14397, 8773, 15532, 13559, 13157, 1952)
left	u	707603	(574, 177)	[(18, 522, 918), (18, 522, 954), (-36, 504, 918), (36, 522, 936), (36, 504, 918), (36, 540, 882), (54, 558, 882), (72, 576, 864), (72, 576, 846), (72, 576, 792), (72, 558, 828), (72, 558, 900), (72, 558, 900), (72, 558, 864), (72, 576, 864), (90, 558, 882), (90, 558, 882), (90, 558, 864), (108, 558, 864), (90, 558, 828), (72, 558, 882), (90, 558, 900), (90, 558, 900), (108, 540, 900), (90, 540, 864)]	(9404, 10631, 9281, 9982, 12289, 12643, 4680, 9396, 4100, 7274, 6060, 6344, 4871, 6277, 7324, 7499, 11769, 20501, 14433, 8789, 15525, 13499, 13176, 1955)
right	p	709286	(565, 32)	[(54, 522, 882), (36, 504, 882), (54, 504, 882), (72, 522, 900), (54, 522, 918), (54, 522, 900), (36, 522, 900), (54, 522, 918), (54, 522, 918), (36, 522, 918), (36, 522, 900), (36, 504, 918), (54, 504, 918), (36, 504, 936), (54, 504, 900), (36, 522, 882), (36, 504, 882), (36, 504, 900), (36, 504, 918), (18, 504, 936), (36, 504, 918), (36, 504, 918), (36, 504, 918), (36, 504, 900), (36, 504, 900)]	(9393, 10621, 9244, 9984, 12069, 12464, 4746, 9884, 4066, 7140, 6046, 6289, 4878, 6210, 7324, 7581, 11899, 20570, 14375, 8793, 15505, 13516, 13162, 1955)
right	u	710877	(576, 165)	[(18, 522, 900), (36, 522, 918), (18, 522, 918), (18, 522, 900), (18, 522, 864), (18, 522, 900), (18, 504, 918), (18, 522, 918), (36, 522, 918), (0, 522, 882), (0, 522, 882), (0, 522, 882), (18, 522, 900), (18, 540, 918), (0, 522, 918), (0, 522, 918), (0, 522, 900), (0, 540, 882), (-36, 522, 900), (18, 540, 900), (18, 540, 900), (0, 540, 936), (0, 522, 918), (0, 522, 882), (0, 540, 882)]	(9396, 10723, 9256, 9988, 11942, 12193, 4879, 10228, 4077, 7055, 6040, 6290, 4871, 6183, 7343, 7549, 11972, 20672, 14363, 8794, 15510, 13526, 13156, 1963)
right	t	713136	(574, 258)	[(-18, 540, 900), (0, 540, 918), (-54, 558, 900), (-36, 558, 864), (-36, 558, 864), (-72, 540, 900), (-54, 576, 900), (-54, 558, 882), (-54, 576, 846), (-54, 558, 882), (-54, 558, 864), (-54, 540, 882), (-54, 558, 900), (-54, 558, 882), (-54, 576, 882), (-72, 558, 882), (-54, 558, 882), (-54, 576, 864), (-72, 576, 864), (-72, 576, 864), (-36, 576, 882), (-54, 576, 882), (-54, 558, 882), (-54, 558, 918), (-54, 558, 882)]	(9390, 11025, 9263, 10009, 11790, 11705, 5247, 10774, 4120, 6991, 6034, 6342, 4881, 6187, 7346, 7445, 12142, 20720, 14404, 8813, 15575, 13584, 13221, 1973)
right	w	715558	(558, 394)	[(-126, 576, 900), (-126, 612, 882), (-144, 576, 846), (-126, 594, 828), (-162, 558, 828), (-180, 594, 864), (-198, 612, 846), (-198, 612, 828), (-180, 594, 828), (-180, 594, 846), (-180, 612, 846), (-180, 558, 864), (-198, 612, 864), (-198, 594, 882), (-180, 612, 828), (-162, 594, 846), (-180, 594, 846), (-180, 594, 828), (-180, 576, 846), (-198, 612, 828), (-162, 612, 828), (-162, 612, 864), (-180, 612, 864), (-162, 612, 864), (-198, 594, 846)]	(9390, 11806, 9281, 10000, 11561, 10283, 5094, 11819, 4143, 6871, 5763, 6437, 5063, 6223, 7498, 7015, 12648, 20863, 14308, 8784, 15484, 13597, 13126, 1966)
left	l	717820	(658, 62)	[(54, 522, 900), (54, 522, 900), (72, 558, 882), (90, 558, 900), (90, 558, 918), (72, 594, 918), (108, 558, 864), (90, 594, 828), (108, 576, 828), (108, 576, 846), (108, 576, 864), (90, 576, 846), (108, 594, 828), (90, 576, 864), (90, 594, 864), (90, 576, 882), (108, 594, 864), (108, 576, 864), (126, 594, 846), (90, 594, 846), (90, 594, 810), (108, 612, 810), (90, 612, 846), (90, 594, 882), (126, 594, 864)]	(9413, 10694, 9270, 9978, 12291, 12220, 4707, 9330, 4022, 7180, 6091, 6409, 5116, 6111, 7232, 7914, 11559, 20103, 14432, 8739, 15443, 13472, 13142, 1953)
left	p	719964	(577, 18)	[(18, 522, 900), (0, 540, 936), (18, 522, 936), (36, 522, 900), (36, 522, 900), (36, 522, 846), (90, 540, 900), (108, 558, 900), (126, 576, 900), (162, 612, 828), (144, 576, 864), (162, 558, 882), (108, 576, 882), (108, 576, 828), (126, 558, 864), (126, 576, 846), (126, 576, 846), (144, 558, 864), (144, 558, 864), (126, 558, 864), (126, 558, 864), (126, 576, 900), (126, 594, 882), (126, 576, 882), (162, 576, 864)]	(9414, 10645, 9285, 9966, 12670, 12387, 4675, 8889, 4063, 7426, 6133, 6406, 5107, 6120, 7240, 7970, 11458, 20034, 14505, 8741, 15451, 13452, 13123, 1950)
right	b	722495	(733, 199)	[(0, 522, 918), (0, 522, 882), (0, 522, 900), (0, 522, 900), (0, 522, 900), (0, 522, 882), (0, 522, 900), (0, 522, 900), (0, 522, 918), (0, 522, 900), (0, 522, 900), (0, 522, 900), (0, 522, 900), (-18, 522, 900), (0, 522, 882), (-18, 522, 900), (-36, 522, 918), (0, 522, 900), (0, 522, 882), (0, 522, 882), (0, 540, 882), (0, 522, 918), (0, 522, 918), (-18, 522, 900), (0, 522, 900)]	(9410, 10742, 9235, 9961, 11939, 11414, 4886, 9901, 4060, 7025, 6146, 6315, 4850, 6132, 7265, 7745, 11821, 20469, 14309, 8797, 15498, 13518, 13141, 1962)
right	r	724744	(580, 299)	[(-72, 576, 882), (-72, 576, 846), (-72, 576, 882), (-90, 576, 864), (-72, 558, 882), (-90, 576, 882), (-72, 576, 882), (-90, 558, 864), (-90, 576, 882), (-108, 576, 864), (-90, 594, 864), (-108, 576, 846), (-126, 594, 846), (-108, 576, 864), (-90, 594, 846), (-90, 594, 864), (-126, 612, 882), (-108, 576, 828), (-108, 594, 846), (-90, 594, 846), (-90, 576, 846), (-108, 594, 882), (-72, 594, 864), (-108, 594, 864), (-108, 594, 846)]	(9390, 11110, 9231, 9989, 11778, 11262, 5324, 10402, 4179, 6960, 6013, 6327, 4947, 6180, 7347, 7309, 12130, 20780, 14361, 8812, 15565, 13570, 13194, 1951)
right	t	727102	(566, 266)	[(-54, 558, 918), (-54, 576, 900), (-54, 540, 846), (-54, 540, 846), (-72, 558, 846), (-72, 558, 882), (-72, 558, 882), (-72, 576, 864), (-90, 558, 864), (-72, 558, 882), (-90, 558, 882), (-72, 558, 882), (-72, 576, 864), (-72, 558, 900), (-72, 558, 864), (-72, 558, 864), (-72, 576, 864), (-72, 558, 900), (-90, 558, 864), (-72, 558, 882), (-72, 576, 864), (-72, 558, 882), (-72, 558, 864), (-72, 558, 900), (-90, 576, 864)]	(9380, 10920, 9230, 9990, 11932, 11672, 5323, 10271, 4182, 7024, 6071, 6351, 4892, 6195, 7348, 7413, 12133, 20743, 14370, 8809, 15561, 13582, 13210, 1969)
left	k	730404	(653, 115)	[(72, 558, 864), (72, 576, 864), (72, 576, 882), (90, 558, 864), (54, 558, 882), (90, 576, 882), (72, 576, 882), (72, 558, 864), (72, 558, 864), (72, 558, 882), (72, 576, 882), (72, 576, 864), (72, 576, 864), (90, 558, 864), (72, 576, 846), (90, 576, 864), (72, 576, 864), (108, 576, 864), (90, 576, 882), (90, 576, 864), (72, 576, 882), (90, 576, 864), (72, 594, 882), (90, 576, 882), (90, 576, 864)]	(9395, 10578, 9246, 9957, 12383, 12350, 4765, 9404, 4170, 7330, 6197, 6418, 5046, 6233, 7276, 7921, 11621, 20237, 14413, 8762, 15483, 13516, 13189, 1934)
left	d	732154	(654, 331)	[(-36, 522, 900), (-36, 504, 900), (-36, 504, 918), (-18, 522, 918), (-36, 504, 918), (-36, 504, 900), (-36, 504, 900), (0, 504, 918), (-18, 504, 918), (-18, 504, 918), (-36, 504, 900), (0, 504, 918), (0, 504, 918), (0, 504, 918), (0, 504, 900), (0, 504, 918), (-18, 504, 900), (18, 504, 882), (-18, 504, 918), (0, 504, 918), (0, 504, 918), (18, 522, 954), (0, 522, 918), (18, 504, 900), (0, 504, 882)]	(9382, 10661, 9229, 9958, 12123, 11923, 4894, 9839, 4112, 7135, 6185, 6328, 4897, 6170, 7286, 7861, 11923, 20404, 14295, 8781, 15484, 13580, 13171, 1953)
right	d	733955	(645, 334)	[(-54, 540, 882), (-36, 558, 882), (-36, 558, 900), (-54, 558, 900), (-72, 558, 864), (-72, 576, 846), (-108, 558, 846), (-108, 576, 864), (-126, 576, 882), (-90, 576, 864), (-72, 576, 864), (-90, 576, 864), (-108, 558, 882), (-108, 576, 882), (-90, 558, 882), (-90, 576, 846), (-90, 576, 882), (-108, 576, 864), (-108, 576, 882), (-90, 576, 900), (-90, 576, 882), (-72, 576, 864), (-90, 576, 900), (-90, 576, 864), (-90, 576, 864)]	(9395, 11187, 9223, 9961, 11673, 10625, 5187, 10285, 4129, 6926, 6004, 6278, 4798, 6150, 7323, 7350, 12110, 20700, 14343, 8807, 15543, 13582, 13205, 1966)
right	v	735913	(729, 250)	[(0, 522, 882), (-18, 540, 900), (-36, 522, 900), (-36, 522, 918), (-36, 522, 918), (-36, 522, 882), (-18, 522, 900), (-36, 540, 900), (-18, 522, 918), (-36, 522, 900), (-36, 540, 900), (-36, 540, 900), (-36, 540, 882), (-36, 540, 900), (-36, 540, 882), (-36, 540, 882), (-54, 540, 900), (-36, 540, 864), (-36, 558, 882), (-36, 540, 882), (-36, 540, 900), (-36, 540, 900), (-36, 540, 882), (-36, 540, 882), (0, 540, 900)]	(9398, 10748, 9238, 9960, 11975, 11560, 4902, 9962, 4060, 7026, 6100, 6298, 4852, 6154, 7271, 7786, 11830, 20465, 14311, 8790, 15497, 13528, 13142, 1952)
right	p	737500	(564, 24)	[(-36, 540, 882), (-36, 540, 900), (-36, 540, 918), (-36, 540, 918), (-36, 540, 900), (-36, 558, 882), (-36, 558, 864), (-54, 558, 900), (-36, 540, 900), (0, 540, 900), (18, 522, 918), (36, 504, 918), (18, 522, 882), (18, 522, 882), (54, 522, 882), (36, 504, 900), (18, 504, 900), (18, 522, 918), (18, 504, 936), (18, 504, 900), (36, 504, 900), (36, 504, 900), (18, 504, 936), (18, 522, 900), (18, 504, 918)]	(9405, 10637, 9221, 9956, 12106, 11400, 4774, 9727, 4014, 7053, 6123, 6248, 4877, 6127, 7255, 8058, 11803, 20460, 14272, 8772, 15435, 13515, 13149, 1953)
right	v	739289	(727, 244)	[(-36, 522, 918), (-36, 522, 900), (-54, 522, 900), (-54, 522, 882), (-36, 540, 882), (-54, 540, 846), (-72, 540, 900), (-54, 540, 882), (-54, 540, 900), (-72, 540, 900), (-54, 540, 882), (-54, 558, 882), (-36, 540, 900), (-36, 540, 900), (-54, 540, 900), (-54, 558, 846), (-54, 540, 882), (-36, 540, 882), (-36, 540, 918), (-54, 540, 882), (-54, 540, 882), (-54, 540, 864), (-54, 540, 882), (-36, 558, 882), (-54, 540, 882)]	(9411, 10754, 9233, 9949, 11890, 11066, 4858, 10003, 4045, 6988, 6080, 6269, 4791, 6122, 7274, 7844, 11851, 20527, 14302, 8799, 15485, 13525, 13146, 1960)
right	d	740983	(654, 325)	[(-54, 558, 864), (-72, 558, 864), (-72, 558, 864), (-72, 576, 864), (-72, 558, 846), (-72, 558, 882), (-72, 576, 900), (-72, 558, 864), (-72, 558, 882), (-72, 576, 864), (-90, 576, 846), (-90, 594, 864), (-90, 576, 882), (-90, 576, 864), (-90, 576, 864), (-90, 576, 864), (-90, 576, 882), (-108, 558, 882), (-90, 576, 846), (-90, 594, 846), (-90, 576, 864), (-72, 576, 864), (-72, 594, 864), (-90, 576, 864), (-108, 594, 846)]	(9405, 11129, 9230, 9980, 11725, 10816, 5166, 10321, 4119, 6945, 5991, 6290, 4802, 6143, 7322, 7486, 12060, 20702, 14345, 8820, 15535, 13572, 13174, 1951)
left	b	742836	(731, 203)	[(0, 540, 900), (-18, 558, 846), (18, 540, 900), (18, 558, 918), (0, 540, 954), (0, 540, 918), (0, 540, 864), (18, 540, 810), (18, 540, 864), (18, 558, 882), (18, 558, 882), (36, 558, 900), (18, 558, 882), (18, 558, 882), (36, 558, 882), (36, 558, 882), (36, 540, 882), (54, 558, 882), (36, 576, 900), (18, 558, 900), (18, 558, 900), (36, 558, 882), (36, 540, 918), (18, 540, 864), (36, 540, 846)]	(9413, 10655, 9240, 9954, 12205, 11564, 4794, 9808, 4033, 7081, 6031, 6260, 4869, 6122, 7250, 7844, 11770, 20371, 14335, 8786, 15494, 13540, 13179, 1949)
right	z	744940	(734, 371)	[(-72, 558, 864), (-90, 558, 918), (-108, 576, 918), (-90, 558, 882), (-90, 540, 900), (-108, 540, 882), (-90, 558, 864), (-90, 558, 846), (-108, 576, 864), (-108, 558, 846), (-108, 558, 846), (-144, 558, 918), (-126, 540, 900), (-108, 558, 900), (-108, 576, 882), (-108, 576, 882), (-144, 558, 864), (-126, 558, 882), (-108, 576, 846), (-90, 576, 882), (-108, 594, 846), (-108, 594, 882), (-126, 576, 882), (-144, 594, 882), (-108, 576, 864)]	(9393, 11161, 9222, 9949, 11679, 10468, 5104, 10327, 4110, 6919, 5963, 6279, 4839, 6119, 7321, 7444, 11984, 20700, 14309, 8811, 15512, 13526, 13103, 1938)
left	h	746740	(654, 200)	[(-18, 522, 900), (-18, 522, 936), (0, 486, 954), (0, 486, 954), (18, 522, 900), (18, 504, 900), (36, 522, 864), (36, 540, 846), (54, 540, 864), (54, 540, 882), (36, 522, 900), (54, 540, 900), (54, 540, 900), (54, 540, 900), (36, 540, 900), (54, 540, 900), (36, 540, 900), (54, 522, 900), (54, 540, 882), (36, 540, 864), (36, 522, 918), (54, 540, 918), (36, 558, 936), (54, 558, 900), (54, 522, 864)]	(9410, 10643, 9262, 9970, 12521, 11896, 4760, 9602, 4049, 7245, 6104, 6285, 4892, 6136, 7265, 8113, 11666, 20437, 14322, 8785, 15452, 13493, 13168, 1954)
right	k	748449	(655, 104)	[(18, 540, 936), (0, 522, 900), (0, 522, 900), (18, 522, 900), (0, 522, 918), (0, 522, 900), (0, 522, 900), (0, 522, 900), (0, 522, 900), (0, 522, 918), (18, 522, 900), (0, 522, 900), (0, 522, 882), (0, 522, 900), (0, 522, 918), (0, 522, 900), (0, 522, 900), (-36, 504, 882), (0, 540, 882), (0, 540, 900), (0, 522, 918), (-18, 540, 918), (-18, 540, 882), (0, 540, 864), (-18, 540, 882)]	(9397, 10743, 9225, 9977, 12117, 11656, 5154, 10094, 4111, 7088, 6240, 6307, 4864, 6150, 7292, 8262, 11811, 20578, 14287, 8794, 15478, 13511, 13157, 1953)
right	e	750290	(570, 350)	[(-36, 522, 882), (-54, 540, 882), (-72, 540, 864), (-90, 540, 846), (-90, 558, 882), (-144, 612, 882), (-144, 558, 864), (-144, 594, 900), (-126, 594, 882), (-126, 594, 864), (-144, 576, 864), (-126, 576, 864), (-126, 576, 846), (-144, 612, 864), (-126, 594, 864), (-144, 576, 864), (-126, 594, 864), (-126, 576, 846), (-162, 594, 864), (-126, 576, 846), (-126, 594, 828), (-126, 594, 864), (-108, 594, 882), (-126, 594, 882), (-126, 594, 828)]	(9400, 11573, 9257, 9992, 11645, 10412, 5285, 10878, 4143, 6885, 5899, 6311, 4860, 6148, 7362, 7190, 12191, 20814, 14342, 8794, 15542, 13591, 13195, 1966)
right	a	752259	(651, 435)	[(-126, 540, 882), (-144, 540, 900), (-144, 540, 900), (-144, 540, 882), (-144, 522, 882), (-144, 540, 900), (-126, 558, 882), (-144, 558, 864), (-162, 558, 846), (-162, 576, 864), (-162, 576, 846), (-162, 576, 846), (-162, 576, 864), (-162, 576, 864), (-180, 594, 846), (-180, 594, 846), (-180, 576, 882), (-198, 594, 846), (-180, 594, 810), (-162, 612, 774), (-162, 612, 828), (-162, 612, 864), (-162, 594, 864), (-198, 576, 864), (-162, 576, 864)]	(9396, 12025, 9294, 9961, 11585, 10002, 5238, 11112, 4050, 6867, 5830, 6240, 4911, 6119, 7316, 7184, 12173, 20640, 14291, 8782, 15516, 13601, 13140, 1962)
left	h	754395	(653, 206)	[(18, 504, 918), (18, 504, 918), (18, 504, 936), (18, 522, 918), (36, 504, 936), (18, 522, 918), (36, 504, 900), (36, 522, 900), (36, 522, 864), (36, 522, 864), (36, 504, 900), (36, 522, 918), (54, 522, 882), (36, 522, 900), (36, 522, 900), (54, 522, 900), (54, 522, 900), (54, 522, 900), (54, 522, 918), (54, 540, 846), (54, 540, 882), (36, 522, 936), (36, 540, 918), (54, 540, 900), (54, 522, 900)]	(9410, 10596, 9250, 9957, 12911, 11816, 4613, 9763, 4052, 7532, 6056, 6292, 4916, 6167, 7278, 7874, 11599, 20350, 14322, 8774, 15469, 13494, 13203, 1953)
left	x	756142	(728, 343)	[(-36, 486, 918), (18, 486, 918), (0, 486, 936), (0, 486, 900), (0, 486, 900), (0, 468, 900), (18, 486, 936), (0, 486, 954), (-18, 486, 954), (0, 486, 918), (0, 486, 900), (18, 468, 918), (18, 486, 918), (0, 486, 936), (-18, 486, 918), (0, 486, 918), (18, 486, 918), (18, 486, 918), (0, 486, 918), (0, 486, 936), (0, 486, 936), (0, 504, 936), (0, 486, 936), (0, 468, 936), (0, 486, 900)]	(9405, 10615, 9251, 9957, 12700, 11720, 4630, 9984, 4039, 7297, 5982, 6255, 4804, 6148, 7289, 7699, 11799, 20498, 14291, 8784, 15484, 13543, 13179, 1950)
left	r	758136	(575, 314)	[(18, 522, 882), (18, 522, 918), (18, 522, 882), (0, 504, 882), (0, 504, 882), (18, 522, 918), (36, 540, 918), (36, 540, 936), (36, 522, 918), (36, 540, 900), (18, 540, 900), (18, 522, 918), (36, 540, 900), (18, 522, 900), (18, 522, 882), (18, 540, 900), (18, 522, 900), (36, 522, 900), (36, 540, 882), (36, 540, 882), (18, 540, 882), (18, 540, 864), (18, 558, 900), (18, 540, 900), (18, 540, 900)]	(9402, 10651, 9252, 9966, 12701, 11864, 4669, 10129, 4016, 7309, 6007, 6281, 4880, 6172, 7311, 7744, 11733, 20608, 14301, 8786, 15457, 13465, 13131, 1958)
left	m	760393	(723, 110)	[(54, 540, 864), (36, 540, 882), (36, 540, 882), (36, 558, 864), (54, 576, 900), (36, 558, 882), (72, 558, 846), (72, 576, 864), (72, 576, 864), (72, 576, 846), (54, 594, 846), (54, 558, 864), (54, 558, 882), (54, 558, 882), (72, 576, 882), (72, 576, 864), (72, 576, 864), (72, 576, 864), (72, 594, 864), (54, 576, 846), (54, 594, 864), (54, 594, 882), (72, 594, 864), (54, 558, 846), (54, 558, 828)]	(9409, 10576, 9233, 9956, 12883, 11964, 4651, 9568, 4089, 7569, 6062, 6318, 4914, 6192, 7332, 7669, 11730, 20442, 14381, 8770, 15495, 13518, 13176, 1948)
left	r	762509	(576, 301)	[(36, 558, 882), (18, 558, 900), (0, 540, 864), (36, 576, 846), (36, 558, 918), (36, 558, 900), (36, 540, 864), (18, 540, 882), (54, 558, 882), (36, 558, 900), (36, 558, 882), (36, 522, 900), (36, 540, 882), (36, 540, 900), (36, 540, 882), (36, 558, 882), (36, 540, 900), (36, 558, 900), (36, 540, 864), (36, 540, 882), (18, 540, 882), (18, 540, 936), (36, 558, 918), (18, 558, 900), (36, 540, 900)]	(9404, 10619, 9247, 9974, 12798, 12059, 4698, 9916, 4092, 7488, 6072, 6315, 4891, 6217, 7357, 7753, 11827, 20632, 14326, 8794, 15492, 13512, 13173, 1955)
right	z	764362	(725, 386)	[(-54, 558, 882), (-54, 576, 864), (0, 558, 900), (36, 576, 882), (18, 576, 900), (-72, 594, 900), (-54, 576, 882), (-108, 558, 864), (-108, 594, 864), (-90, 594, 828), (-90, 594, 828), (-90, 612, 828), (-90, 648, 864), (-90, 612, 828), (-90, 612, 864), (-72, 612, 864), (-72, 612, 828), (-108, 630, 828), (-108, 612, 846), (-72, 612, 828), (-72, 612, 864), (-72, 630, 864), (-72, 630, 846), (-90, 612, 828), (-108, 612, 846)]	(9422, 11692, 9300, 9968, 11683, 10294, 4835, 10638, 3998, 6897, 5838, 6209, 4731, 6119, 7308, 7321, 11960, 20661, 14346, 8812, 15549, 13542, 13162, 1947)
left	c	766669	(719, 308)	[(0, 522, 918), (18, 504, 918), (36, 522, 900), (18, 522, 918), (18, 522, 900), (18, 522, 900), (18, 504, 882), (36, 522, 900), (18, 522, 936), (0, 504, 918), (18, 504, 900), (18, 504, 918), (18, 504, 900), (0, 504, 918), (36, 522, 900), (36, 504, 900), (18, 504, 900), (36, 504, 900), (18, 522, 900), (18, 522, 936), (18, 522, 918), (18, 504, 900), (18, 504, 918), (18, 504, 918), (36, 504, 900)]	(9400, 10605, 9251, 9966, 12618, 11826, 4662, 9951, 4118, 7286, 5999, 6275, 4790, 6168, 7317, 7611, 11793, 20610, 14303, 8783, 15480, 13520, 13174, 1964)
left	b	769015	(733, 207)	[(18, 522, 900), (36, 522, 936), (18, 522, 900), (36, 558, 864), (36, 558, 864), (36, 540, 900), (18, 540, 900), (18, 540, 882), (36, 540, 900), (36, 540, 900), (36, 540, 882), (36, 558, 882), (36, 540, 882), (36, 558, 882), (36, 540, 882), (18, 558, 882), (36, 540, 918), (36, 540, 900), (36, 540, 882), (36, 540, 864), (36, 540, 864), (36, 558, 882), (36, 576, 900), (54, 558, 900), (54, 540, 900)]	(9412, 10645, 9262, 9974, 12632, 11911, 4709, 9966, 4067, 7299, 6029, 6276, 4881, 6167, 7298, 7724, 11753, 20563, 14340, 8781, 15498, 13517, 13181, 1963)
left	t	770978	(573, 263)	[(-18, 540, 900), (-36, 540, 900), (-18, 540, 882), (-18, 540, 882), (0, 540, 882), (-36, 558, 864), (-54, 558, 864), (-36, 558, 900), (-36, 558, 882), (-36, 558, 882), (-54, 558, 864), (-54, 540, 882), (-54, 558, 882), (-54, 576, 900), (-36, 576, 882), (-54, 576, 864), (-72, 576, 882), (-54, 576, 846), (-54, 576, 882), (-54, 576, 900), (-36, 576, 882), (-54, 576, 864), (-36, 576, 882), (-36, 576, 864), (-54, 576, 864)]	(9410, 10761, 9260, 9990, 12396, 11831, 4861, 10278, 4144, 7120, 6061, 6295, 4863, 6180, 7306, 7700, 11870, 20665, 14338, 8800, 15523, 13539, 13184, 1960)
left	g	772937	(655, 248)	[(-36, 540, 882), (-18, 558, 882), (-36, 540, 900), (0, 540, 900), (-18, 558, 882), (0, 540, 882), (-36, 540, 828), (18, 558, 882), (18, 558, 918), (36, 540, 918), (18, 540, 900), (0, 540, 882), (0, 540, 846), (0, 540, 900), (0, 540, 900), (18, 558, 882), (0, 540, 882), (18, 558, 900), (18, 558, 882), (18, 558, 882), (0, 558, 900), (0, 558, 900), (18, 558, 900), (18, 576, 900), (18, 540, 882)]	(9407, 10665, 9257, 9968, 12540, 11843, 4778, 9947, 4064, 7209, 6050, 6263, 4885, 6188, 7296, 7745, 11747, 20609, 14318, 8786, 15489, 13500, 13179, 1961)
right	f	774620	(659, 290)	[(18, 540, 900), (0, 558, 882), (-36, 540, 900), (-36, 540, 900), (-36, 558, 900), (-36, 558, 846), (-54, 558, 882), (-54, 576, 882), (-36, 576, 882), (-54, 558, 864), (-54, 558, 882), (-54, 576, 864), (-54, 576, 900), (-54, 558, 864), (-36, 576, 864), (-54, 576, 864), (-54, 558, 882), (-36, 558, 864), (-54, 576, 882), (-18, 576, 882), (-36, 576, 864), (-54, 558, 882), (-54, 558, 864), (-36, 558, 846), (-54, 558, 864)]	(9396, 10760, 9238, 9962, 12216, 11584, 4892, 10234, 4086, 7059, 5999, 6255, 4824, 6164, 7322, 7595, 11862, 20676, 14304, 8792, 15495, 13514, 13150, 1952)
right	h	776733	(666, 204)	[(0, 540, 882), (-18, 540, 882), (-36, 540, 864), (0, 558, 882), (-18, 540, 882), (0, 558, 918), (18, 558, 900), (-36, 558, 882), (-36, 558, 864), (0, 558, 882), (0, 558, 882), (-36, 558, 882), (-18, 558, 882), (-36, 558, 864), (-36, 558, 882), (-18, 558, 882), (-18, 540, 882), (-36, 558, 882), (-36, 558, 864), (-36, 558, 882), (-36, 558, 864), (0, 558, 900), (-54, 558, 900), (-36, 576, 864), (-36, 558, 846)]	(9401, 10726, 9257, 9977, 12386, 11752, 4857, 10125, 4072, 7121, 6040, 6260, 4853, 6185, 7331, 7720, 11851, 20690, 14302, 8792, 15490, 13503, 13146, 1964)
left	y	778864	(583, 227)	[(18, 558, 918), (18, 540, 900), (18, 558, 900), (36, 540, 900), (18, 540, 864), (18, 540, 882), (18, 540, 882), (18, 540, 918), (18, 540, 882), (0, 522, 900), (18, 540, 882), (18, 522, 882), (18, 540, 864), (18, 558, 864), (18, 558, 882), (54, 558, 900), (54, 558, 882), (36, 540, 900), (36, 558, 882), (54, 558, 864), (18, 558, 864), (36, 558, 882), (18, 558, 918), (54, 558, 918), (36, 558, 900)]	(9388, 10600, 9252, 9955, 12704, 11932, 4725, 9728, 4125, 7332, 6142, 6332, 4906, 6255, 7343, 7709, 11778, 20682, 14314, 8787, 15467, 13466, 13107, 1944)
left	w	780606	(572, 399)	[(0, 540, 882), (-54, 522, 936), (-36, 540, 900), (-36, 540, 900), (-36, 522, 900), (-36, 522, 882), (-36, 540, 900), (-36, 522, 900), (-54, 540, 900), (-36, 522, 882), (-36, 522, 900), (-36, 522, 900), (-36, 522, 882), (-36, 540, 900), (-54, 522, 918), (-36, 522, 918), (-54, 522, 900), (-36, 522, 918), (-36, 522, 864), (0, 522, 900), (-36, 522, 918), (-36, 522, 918), (-54, 522, 918), (-36, 522, 900), (-36, 522, 864)]	(9405, 10654, 9251, 9968, 12550, 11872, 4835, 10036, 4116, 7231, 6091, 6284, 4836, 6227, 7355, 7779, 11969, 20692, 14298, 8798, 15497, 13542, 13191, 1960)
left	t	782511	(572, 261)	[(-72, 522, 900), (-54, 522, 882), (-54, 522, 918), (-54, 522, 900), (-54, 522, 918), (-54, 504, 918), (-54, 522, 900), (-54, 540, 918), (-54, 558, 846), (-90, 540, 828), (-72, 558, 882), (-72, 558, 900), (-72, 558, 900), (-90, 558, 882), (-90, 540, 882), (-108, 558, 864), (-90, 558, 864), (-108, 558, 864), (-90, 558, 864), (-72, 558, 864), (-90, 558, 882), (-72, 576, 900), (-72, 558, 882), (-90, 558, 864), (-72, 540, 864)]	(9403, 10961, 9252, 9995, 12006, 11493, 5296, 10285, 4102, 7028, 6038, 6257, 4839, 6190, 7345, 7494, 12023, 20880, 14318, 8799, 15502, 13556, 13227, 1967)
left	y	784752	(580, 219)	[(-54, 540, 900), (-54, 540, 918), (-54, 540, 882), (-54, 540, 882), (-54, 540, 900), (-36, 540, 882), (-54, 540, 900), (-54, 540, 882), (-54, 540, 882), (-36, 540, 882), (-72, 540, 900), (-54, 540, 900), (-54, 540, 900), (-54, 540, 882), (-54, 540, 918), (-36, 540, 900), (-54, 540, 900), (-72, 540, 900), (-72, 540, 882), (-54, 540, 882), (-54, 540, 900), (-54, 540, 918), (-54, 540, 900), (-54, 540, 882), (-54, 540, 864)]	(9402, 10759, 9248, 9985, 12356, 11736, 5064, 10203, 4143, 7112, 6110, 6297, 4873, 6214, 7388, 7704, 12042, 20869, 14316, 8810, 15511, 13525, 13159, 1959)
left	q	787431	(570, 461)	[(-54, 540, 900), (-54, 522, 882), (-72, 522, 864), (-72, 522, 882), (-54, 522, 900), (-72, 522, 900), (-72, 522, 900), (-72, 522, 882), (-72, 522, 900), (-72, 540, 882), (-54, 522, 882), (-72, 522, 918), (-54, 522, 918), (-72, 522, 900), (-54, 522, 882), (-54, 522, 900), (-54, 540, 918), (-72, 522, 864), (-54, 522, 900), (-54, 522, 918), (-54, 522, 918), (-54, 540, 936), (-54, 522, 918), (-54, 522, 918), (-54, 522, 864)]	(9402, 10737, 9249, 9982, 12355, 11656, 4944, 10091, 4114, 7131, 6064, 6275, 4793, 6213, 7380, 7688, 12133, 20774, 14290, 8796, 15507, 13558, 13163, 1961)
right	x	789523	(731, 332)	[(-72, 540, 918), (-54, 522, 882), (-72, 540, 900), (-54, 540, 882), (-54, 522, 882), (-72, 540, 882), (-54, 540, 882), (-72, 540, 918), (-72, 540, 882), (-54, 540, 900), (-90, 540, 900), (-72, 540, 900), (-72, 540, 900), (-54, 540, 864), (-72, 558, 864), (-108, 540, 882), (-90, 558, 846), (-72, 558, 846), (-72, 558, 900), (-72, 558, 900), (-72, 558, 900), (-72, 576, 882), (-90, 558, 882), (-72, 540, 864), (-90, 540, 882)]	(9412, 10852, 9247, 9955, 12106, 11335, 4841, 10090, 4034, 7043, 5991, 6225, 4770, 6172, 7378, 7632, 12003, 20811, 14284, 8805, 15501, 13526, 13145, 1959)
left	w	792399	(571, 403)	[(-36, 522, 900), (-54, 522, 864), (-54, 540, 900), (-54, 522, 918), (-36, 522, 864), (-36, 522, 882), (-54, 522, 918), (-54, 522, 918), (-54, 522, 900), (-36, 522, 900), (-36, 522, 882), (-36, 522, 882), (-54, 522, 882), (-36, 522, 900), (-36, 522, 900), (-36, 522, 882), (-36, 522, 882), (-54, 522, 900), (-36, 504, 882), (-54, 540, 936), (-36, 522, 954), (-54, 540, 936), (-54, 540, 900), (-36, 522, 882), (0, 522, 846)]	(9412, 10655, 9244, 9960, 12622, 11743, 4792, 9799, 4117, 7289, 6072, 6277, 4784, 6224, 7381, 7760, 12014, 20811, 14298, 8799, 15495, 13515, 13139, 1955)
left	l	794733	(655, 55)	[(-18, 486, 918), (-54, 468, 900), (-36, 486, 936), (-36, 486, 918), (0, 504, 900), (54, 504, 900), (54, 522, 918), (90, 540, 918), (72, 540, 900), (72, 522, 900), (54, 522, 900), (90, 522, 882), (90, 522, 900), (72, 522, 918), (108, 522, 900), (90, 504, 900), (108, 540, 900), (108, 504, 918), (108, 540, 882), (108, 540, 900), (90, 522, 918), (72, 540, 918), (72, 522, 936), (90, 522, 900), (90, 522, 864)]	(9407, 10556, 9229, 9949, 12847, 11925, 4828, 9302, 4203, 7616, 6483, 6542, 5342, 6187, 7294, 8415, 11425, 20075, 14339, 8721, 15375, 13436, 13117, 1940)
left	e	796472	(576, 362)	[(18, 504, 918), (18, 504, 918), (18, 504, 900), (0, 522, 918), (18, 468, 900), (18, 486, 936), (0, 486, 882), (-36, 486, 864), (-18, 486, 864), (-36, 468, 936), (-18, 486, 954), (0, 486, 936), (-36, 486, 900), (0, 486, 918), (0, 486, 936), (18, 486, 954), (0, 486, 918), (18, 486, 918), (0, 486, 900), (18, 486, 918), (-18, 486, 918), (18, 486, 918), (0, 486, 936), (-36, 486, 918), (0, 486, 918)]	(9408, 10617, 9232, 9953, 12557, 11695, 4801, 9569, 4061, 7251, 6169, 6268, 4862, 6183, 7307, 8165, 11853, 20513, 14256, 8789, 15468, 13536, 13175, 1965)
left	g	798377	(660, 239)	[(18, 504, 918), (0, 486, 918), (0, 504, 918), (18, 504, 918), (0, 486, 936), (0, 486, 900), (0, 486, 936), (0, 504, 900), (18, 504, 918), (18, 504, 900), (0, 504, 918), (18, 504, 918), (18, 504, 918), (18, 504, 936), (18, 522, 918), (18, 504, 918), (18, 504, 918), (36, 522, 900), (18, 522, 900), (18, 522, 882), (18, 522, 918), (18, 504, 936), (18, 504, 936), (36, 522, 936), (36, 504, 900)]	(9405, 10617, 9247, 9956, 12643, 11761, 4799, 9635, 4075, 7314, 6163, 6280, 4899, 6166, 7297, 8203, 11744, 20495, 14267, 8789, 15462, 13504, 13167, 1955)
left	a	799955	(645, 416)	[(36, 522, 900), (36, 522, 900), (54, 522, 900), (54, 540, 882), (36, 522, 882), (-54, 486, 954), (-72, 468, 936), (-108, 432, 900), (-90, 432, 936), (-108, 432, 936), (-90, 450, 972), (-90, 450, 972), (-72, 468, 954), (-90, 468, 972), (-72, 450, 918), (-72, 468, 900), (-72, 450, 900), (-72, 468, 918), (-54, 468, 918), (-72, 468, 936), (-72, 468, 918), (-72, 468, 936), (-72, 468, 954), (-54, 468, 972), (-54, 468, 900)]	(9398, 10606, 9229, 9948, 12429, 11660, 4847, 9660, 4120, 7203, 6237, 6285, 4879, 6193, 7295, 8112, 12035, 20408, 14214, 8793, 15465, 13560, 13014, 1945)
left	k	801493	(651, 102)	[(-36, 468, 900), (-36, 486, 918), (-54, 486, 936), (-72, 486, 900), (0, 504, 846), (54, 522, 864), (54, 540, 882), (72, 558, 864), (72, 540, 918), (54, 540, 918), (72, 540, 882), (90, 522, 882), (72, 522, 882), (90, 522, 864), (72, 540, 882), (72, 522, 882), (90, 540, 918), (108, 540, 900), (90, 540, 864), (72, 522, 864), (72, 540, 900), (72, 540, 936), (72, 558, 918), (90, 540, 900), (72, 522, 882)]	(9413, 10587, 9246, 9967, 12880, 11917, 4828, 9458, 4124, 7575, 6311, 6364, 5087, 6174, 7280, 8516, 11516, 20135, 14349, 8755, 15449, 13494, 13165, 1951)
left	n	803083	(732, 165)	[(18, 468, 954), (0, 486, 936), (0, 486, 918), (0, 486, 900), (0, 486, 918), (18, 486, 936), (18, 486, 954), (0, 468, 936), (0, 468, 936), (0, 486, 900), (18, 486, 900), (18, 504, 882), (54, 504, 900), (54, 504, 918), (36, 504, 918), (36, 504, 936), (36, 504, 918), (54, 504, 900), (54, 522, 918), (36, 504, 918), (36, 522, 936), (36, 504, 954), (36, 522, 936), (54, 504, 900), (36, 486, 864)]	(9417, 10589, 9241, 9960, 12814, 11779, 4812, 9512, 4105, 7485, 6242, 6304, 4946, 6176, 7289, 8309, 11666, 20310, 14287, 8782, 15474, 13520, 13170, 1949)
right	s	805160	(654, 373)	[(-90, 504, 900), (-108, 522, 882), (-108, 540, 864), (-108, 522, 828), (-126, 522, 882), (-108, 522, 900), (-90, 522, 918), (-108, 522, 918), (-126, 540, 936), (-108, 540, 918), (-126, 540, 864), (-144, 558, 864), (-144, 558, 846), (-162, 558, 846), (-144, 558, 864), (-144, 558, 900), (-144, 558, 882), (-144, 558, 864), (-162, 558, 810), (-144, 576, 864), (-126, 576, 900), (-144, 576, 882), (-126, 558, 882), (-126, 558, 882), (-144, 558, 864)]	(9406, 11195, 9250, 9984, 11826, 11029, 5049, 10271, 4071, 6962, 5949, 6269, 4831, 6148, 7284, 7354, 12020, 20607, 14316, 8783, 15541, 13605, 13183, 1957)
right	r	806798	(574, 305)	[(-72, 504, 900), (-90, 522, 900), (-72, 522, 900), (-72, 522, 900), (-108, 522, 918), (-90, 522, 918), (-90, 540, 900), (-108, 522, 882), (-108, 522, 882), (-90, 522, 900), (-108, 540, 900), (-108, 558, 900), (-108, 540, 882), (-108, 540, 864), (-108, 540, 900), (-108, 540, 882), (-108, 558, 918), (-126, 540, 882), (-108, 540, 882), (-72, 558, 882), (-108, 540, 936), (-90, 540, 900), (-72, 558, 900), (-108, 522, 900), (-108, 540, 900)]	(9401, 10931, 9223, 9970, 11936, 11186, 5171, 10290, 4091, 6988, 6016, 6264, 4810, 6169, 7256, 7377, 11938, 20564, 14303, 8778, 15519, 13609, 13242, 1955)
left	o	808491	(585, 75)	[(0, 522, 882), (0, 504, 936), (36, 504, 936), (36, 486, 918), (0, 486, 918), (0, 504, 900), (18, 504, 918), (36, 522, 900), (72, 540, 882), (90, 522, 900), (90, 522, 918), (90, 540, 918), (90, 558, 882), (108, 540, 864), (108, 540, 882), (90, 540, 918), (108, 540, 882), (126, 558, 846), (126, 558, 828), (108, 576, 846), (108, 558, 828), (108, 558, 900), (90, 558, 918), (126, 558, 900), (108, 558, 864)]	(9413, 10558, 9244, 9944, 12810, 11835, 4786, 9213, 4144, 7604, 6318, 6436, 5202, 6185, 7283, 8254, 11522, 20103, 14421, 8736, 15435, 13475, 13136, 1936)
