Please hold the phone in both hands. At each letter you will be instructed which thumb to use
left	r	980566	(575, 320)	[(-36, 414, 990), (-36, 414, 936), (0, 414, 918), (18, 432, 918), (-36, 414, 936), (0, 414, 936), (0, 432, 936), (18, 414, 954), (0, 414, 972), (0, 396, 972), (0, 396, 954), (18, 414, 954), (0, 414, 936), (-36, 414, 954), (-36, 414, 972), (0, 414, 954), (18, 432, 954), (0, 432, 918), (18, 432, 900), (18, 432, 918), (18, 432, 936), (18, 432, 936), (18, 450, 954), (18, 432, 954), (18, 450, 936)]	(9475, 10608, 9249, 9910, 13419, 10104, 6602, 4100, 7174, 6233, 6694, 6833, 5174, 9283, 7737, 7305, 14409, 19655, 14145, 8799, 15382, 13628, 12210, 1950)
right	e	982360	(582, 359)	[(-36, 414, 936), (-36, 414, 936), (-36, 414, 954), (-18, 432, 954), (-36, 414, 972), (-36, 414, 972), (-36, 414, 954), (-54, 414, 936), (-72, 432, 918), (-72, 414, 918), (-72, 414, 954), (-90, 432, 954), (-144, 450, 972), (-162, 450, 954), (-198, 486, 936), (-216, 468, 954), (-198, 468, 936), (-180, 468, 864), (-198, 468, 882), (-162, 486, 900), (-198, 486, 900), (-198, 486, 864), (-198, 504, 900), (-216, 504, 882), (-216, 504, 882)]	(9441, 10687, 9255, 9918, 11801, 10231, 5790, 8950, 4123, 7055, 6216, 7061, 5375, 9085, 7914, 7303, 14298, 19662, 14094, 8784, 15317, 13575, 12191, 1955)
right	m	984471	(732, 104)	[(-36, 396, 972), (-18, 414, 954), (-36, 414, 954), (-36, 414, 936), (-18, 396, 954), (-18, 414, 954), (-36, 414, 972), (0, 396, 954), (-36, 396, 954), (0, 396, 972), (-18, 414, 954), (-36, 414, 954), (-18, 414, 954), (0, 414, 954), (0, 414, 954), (-36, 414, 954), (0, 396, 954), (-18, 414, 954), (-36, 396, 972), (-18, 396, 954), (-18, 414, 954), (-36, 414, 954), (-36, 414, 954), (-36, 414, 936), (0, 414, 954)]	(9410, 10599, 9227, 9885, 13079, 10349, 6745, 8639, 4065, 7076, 6308, 7410, 5328, 8101, 7792, 7249, 14375, 19712, 14156, 8793, 15377, 13633, 12262, 1941)
right	t	986580	(599, 255)	[(-36, 414, 954), (0, 414, 954), (0, 414, 954), (-54, 432, 918), (-36, 432, 936), (-54, 414, 954), (-36, 414, 990), (-18, 414, 972), (-36, 432, 954), (-54, 414, 972), (-54, 414, 954), (-54, 432, 936), (-72, 450, 900), (-108, 450, 882), (-108, 468, 936), (-126, 468, 954), (-144, 486, 936), (-126, 486, 936), (-126, 468, 918), (-162, 486, 918), (-126, 486, 918), (-144, 486, 900), (-126, 486, 900), (-126, 486, 900), (-144, 504, 918)]	(9405, 10635, 9218, 9900, 11904, 10300, 6916, 8965, 4117, 7024, 6358, 7690, 5539, 8587, 7813, 7308, 14390, 19690, 14137, 8804, 15361, 13647, 12240, 1943)
right	p	988387	(564, 16)	[(-90, 450, 954), (-72, 450, 936), (-54, 450, 936), (-72, 450, 936), (-54, 450, 954), (-54, 432, 936), (-54, 450, 936), (-54, 450, 936), (-54, 450, 936), (-36, 450, 918), (-54, 450, 936), (-54, 450, 936), (-54, 450, 954), (-36, 432, 936), (-54, 450, 936), (-36, 432, 936), (-36, 432, 936), (-36, 432, 936), (-36, 450, 936), (-54, 450, 936), (-36, 432, 954), (-36, 450, 954), (-36, 450, 936), (-36, 432, 936), (-54, 450, 954)]	(9384, 10579, 9203, 9895, 12388, 10246, 7055, 8910, 4140, 7080, 6406, 8053, 5652, 8593, 7916, 7290, 14351, 19701, 14130, 8787, 15355, 13605, 12242, 1941)
left	b	990229	(727, 215)	[(-54, 450, 954), (-54, 450, 936), (-36, 432, 954), (-54, 432, 954), (-54, 450, 918), (-72, 450, 936), (-54, 450, 936), (-54, 432, 954), (-54, 450, 954), (-54, 450, 954), (-54, 450, 936), (-54, 468, 954), (-54, 432, 936), (-54, 450, 918), (-36, 486, 918), (-36, 468, 936), (-36, 450, 936), (-18, 468, 918), (-36, 486, 918), (-36, 468, 918), (-18, 486, 900), (0, 486, 900), (-18, 486, 936), (0, 486, 918), (-18, 468, 918)]	(9392, 10597, 9209, 9875, 12271, 10252, 6996, 8635, 4073, 7012, 6378, 7730, 5579, 7706, 7821, 7240, 14335, 19740, 14158, 8773, 15387, 13626, 12282, 1950)
right	l	991990	(656, 65)	[(-36, 468, 936), (-36, 450, 954), (-36, 450, 954), (-36, 450, 918), (-18, 468, 936), (0, 450, 936), (-36, 450, 936), (0, 450, 936), (-36, 450, 936), (-18, 468, 954), (-18, 468, 918), (-18, 450, 918), (-36, 450, 936), (-36, 432, 954), (-36, 450, 936), (-36, 468, 936), (-36, 450, 918), (0, 450, 954), (-18, 450, 936), (-36, 450, 954), (-18, 450, 936), (-36, 432, 918), (-18, 450, 954), (-18, 450, 936), (0, 450, 936)]	(9396, 10592, 9207, 9877, 12337, 10356, 7210, 8704, 4138, 7059, 6442, 7767, 5605, 8292, 7870, 7262, 14314, 19718, 14150, 8774, 15362, 13580, 12255, 1946)
left	e	993956	(562, 358)	[(-36, 450, 936), (-36, 468, 954), (-36, 450, 936), (-36, 450, 954), (-36, 450, 954), (-36, 432, 936), (-36, 468, 936), (-36, 432, 936), (-36, 450, 936), (-18, 468, 936), (-36, 450, 936), (-36, 450, 936), (-36, 432, 954), (-54, 450, 936), (-36, 450, 954), (-36, 450, 936), (-36, 450, 936), (-36, 450, 918), (-36, 450, 936), (0, 450, 936), (-36, 468, 936), (-36, 450, 954), (-36, 450, 936), (-36, 450, 918), (-18, 468, 918)]	(9394, 10609, 9220, 9905, 12325, 10376, 7299, 8806, 4186, 7059, 6476, 7817, 5635, 8420, 7888, 7268, 14331, 19715, 14148, 8780, 15357, 13572, 12252, 1945)
right	n	994351	(560, 360)	[(-36, 432, 936), (-36, 450, 936), (-18, 468, 936), (-36, 450, 936), (-36, 450, 936), (-36, 432, 954), (-54, 450, 936), (-36, 450, 954), (-36, 450, 936), (-36, 450, 936), (-36, 450, 918), (-36, 450, 936), (0, 450, 936), (-36, 468, 936), (-36, 450, 954), (-36, 450, 936), (-36, 450, 918), (-18, 468, 918), (-36, 468, 954), (-36, 450, 936), (-36, 450, 918), (-36, 450, 936), (-36, 450, 918), (-36, 468, 936), (-36, 450, 936)]	(9390, 10584, 9214, 9892, 12299, 10348, 7255, 8732, 4167, 7063, 6461, 7754, 5594, 8429, 7879, 7256, 14270, 19691, 14129, 8762, 15332, 13548, 12239, 1941)
right	h	996197	(663, 191)	[(-36, 450, 936), (-36, 450, 918), (-36, 450, 954), (-18, 450, 954), (-36, 450, 936), (-54, 450, 936), (-36, 450, 918), (-54, 450, 936), (-36, 450, 918), (-54, 468, 936), (-54, 468, 936), (-54, 450, 936), (-54, 468, 954), (-72, 486, 918), (-90, 468, 918), (-72, 468, 918), (-72, 468, 900), (-54, 468, 954), (-72, 486, 954), (-72, 468, 936), (-72, 486, 954), (-72, 468, 936), (-72, 486, 918), (-72, 486, 918), (-90, 468, 936)]	(9398, 10614, 9224, 9902, 12102, 10383, 7335, 8831, 4166, 7044, 6482, 7792, 5586, 8552, 7843, 7295, 14379, 19711, 14158, 8786, 15371, 13621, 12252, 1950)
left	i	998117	(559, 138)	[(-54, 468, 954), (-54, 486, 936), (-54, 468, 936), (-54, 468, 936), (-54, 468, 918), (-54, 468, 936), (-72, 468, 936), (-54, 468, 918), (-72, 468, 936), (-72, 468, 954), (-72, 486, 936), (-54, 468, 918), (-72, 450, 918), (-36, 450, 882), (-36, 450, 864), (-18, 504, 918), (72, 486, 972), (36, 504, 954), (36, 504, 954), (54, 504, 918), (72, 504, 900), (72, 522, 882), (72, 522, 864), (72, 540, 828), (54, 522, 882)]	(9402, 10578, 9210, 9855, 12840, 10160, 7045, 8257, 4005, 7007, 6312, 7408, 5620, 7224, 7466, 7191, 14008, 19695, 14256, 8765, 15451, 13723, 12372, 1937)
left	g	999905	(666, 246)	[(-54, 468, 918), (-54, 468, 936), (-54, 468, 936), (-72, 468, 936), (-72, 468, 918), (-72, 486, 918), (-90, 468, 918), (-72, 468, 918), (-90, 450, 954), (-72, 468, 954), (-90, 468, 918), (-90, 468, 918), (-72, 486, 918), (-54, 486, 918), (-36, 486, 936), (-36, 486, 936), (-36, 486, 918), (-36, 486, 900), (-36, 468, 936), (-36, 486, 900), (-36, 486, 918), (-54, 486, 954), (-36, 486, 918), (0, 468, 918), (-54, 486, 900)]	(9407, 10630, 9222, 9884, 12224, 10218, 7538, 8577, 4091, 7018, 6425, 7682, 5644, 8424, 7644, 7283, 14319, 19702, 14178, 8780, 15401, 13647, 12331, 1940)
left	w	1001768	(571, 400)	[(-54, 450, 918), (-72, 468, 936), (-54, 450, 936), (-54, 468, 918), (-54, 468, 972), (-54, 450, 936), (-72, 468, 936), (-72, 468, 918), (-54, 450, 918), (-54, 468, 918), (-72, 450, 918), (-54, 468, 936), (-54, 468, 936), (-72, 468, 954), (-72, 468, 936), (-72, 468, 954), (-72, 450, 936), (-72, 450, 936), (-72, 450, 936), (-72, 450, 936), (-54, 468, 936), (-54, 468, 936), (-54, 468, 918), (-72, 450, 918), (-72, 450, 918)]	(9387, 10615, 9209, 9892, 12111, 10202, 7580, 8643, 4104, 6997, 6464, 7668, 5544, 8866, 7622, 7299, 14358, 19669, 14144, 8790, 15371, 13661, 12290, 1940)
left	d	1003551	(662, 340)	[(-72, 468, 936), (-72, 486, 936), (-72, 468, 936), (-72, 468, 936), (-72, 468, 918), (-72, 468, 936), (-54, 468, 936), (-54, 468, 936), (-72, 486, 936), (-72, 468, 918), (-54, 468, 936), (-54, 486, 936), (-72, 468, 954), (-72, 468, 936), (-72, 468, 918), (-54, 486, 936), (-54, 468, 936), (-72, 468, 918), (-72, 468, 936), (-54, 468, 936), (-54, 468, 936), (-72, 468, 918), (-72, 468, 936), (-54, 468, 936), (-72, 468, 918)]	(9386, 10619, 9219, 9891, 12075, 10213, 7666, 8702, 4137, 7018, 6474, 7713, 5585, 8957, 7657, 7295, 14337, 19677, 14145, 8778, 15373, 13631, 12284, 1940)
left	z	1005303	(743, 391)	[(-72, 486, 918), (-72, 468, 936), (-54, 468, 918), (-54, 468, 918), (-72, 468, 900), (-72, 468, 918), (-90, 450, 936), (-90, 432, 954), (-108, 432, 954), (-90, 414, 972), (-90, 414, 954), (-90, 414, 954), (-108, 432, 954), (-90, 432, 954), (-108, 414, 954), (-90, 414, 954), (-90, 414, 954), (-90, 414, 954), (-90, 414, 954), (-90, 414, 936), (-90, 414, 936), (-90, 414, 918), (-90, 432, 936), (-90, 432, 954), (-90, 414, 972)]	(9399, 10626, 9230, 9908, 12020, 10245, 7651, 8776, 4206, 7044, 6511, 7824, 5599, 9584, 7675, 7348, 14400, 19663, 14121, 8798, 15363, 13655, 12240, 1941)
left	j	1007293	(648, 161)	[(-72, 432, 972), (-90, 414, 972), (-90, 432, 936), (-72, 432, 954), (-90, 450, 954), (-54, 450, 936), (-72, 450, 936), (-54, 468, 918), (-54, 450, 918), (-36, 468, 918), (-54, 450, 936), (-36, 468, 954), (-36, 468, 954), (0, 486, 918), (0, 486, 936), (0, 486, 918), (18, 486, 936), (0, 486, 954), (0, 504, 918), (18, 504, 900), (0, 504, 900), (18, 486, 936), (18, 504, 900), (18, 504, 900), (36, 522, 864)]	(9402, 10618, 9222, 9870, 12589, 10251, 7264, 8388, 4042, 7031, 6368, 7505, 5581, 8265, 7600, 7281, 14355, 19697, 14196, 8780, 15402, 13658, 12324, 1935)
left	c	1009002	(735, 298)	[(0, 468, 918), (-36, 450, 954), (-36, 450, 954), (-36, 450, 954), (-36, 450, 936), (-36, 450, 936), (-36, 450, 918), (-54, 450, 918), (-36, 468, 972), (-36, 450, 936), (-36, 450, 954), (-36, 450, 936), (-54, 450, 918), (-36, 468, 936), (-36, 432, 918), (-36, 450, 936), (-36, 450, 936), (-36, 450, 936), (-36, 450, 918), (-36, 450, 918), (-36, 450, 918), (-36, 450, 918), (-54, 450, 936), (-36, 450, 936), (-36, 450, 918)]	(9396, 10602, 9221, 9891, 12388, 10287, 7518, 8511, 4096, 7020, 6416, 7515, 5534, 8888, 7601, 7287, 14333, 19679, 14156, 8781, 15395, 13660, 12306, 1940)
left	l	1011058	(649, 60)	[(-36, 468, 936), (-18, 468, 936), (-36, 468, 936), (-36, 468, 954), (-36, 450, 954), (-36, 450, 972), (-36, 468, 972), (0, 486, 954), (18, 486, 864), (18, 486, 864), (36, 522, 864), (54, 522, 882), (54, 504, 918), (54, 522, 918), (36, 504, 936), (54, 522, 918), (36, 504, 882), (54, 522, 900), (90, 522, 864), (72, 540, 882), (72, 540, 882), (72, 540, 882), (54, 558, 882), (72, 540, 900), (54, 540, 900)]	(9421, 10621, 9237, 9867, 13171, 10172, 6067, 8054, 3975, 7022, 6202, 7545, 5624, 6797, 7336, 7167, 13603, 19681, 14347, 8769, 15522, 13866, 12386, 1938)
left	m	1013100	(729, 117)	[(-54, 450, 918), (-54, 450, 954), (-54, 432, 954), (-54, 450, 918), (-36, 468, 900), (-54, 450, 918), (-54, 450, 954), (-54, 468, 936), (-54, 450, 972), (-54, 450, 972), (-54, 450, 954), (-36, 450, 900), (-18, 486, 936), (-36, 468, 954), (-36, 468, 900), (-54, 486, 918), (0, 486, 918), (18, 504, 882), (0, 486, 900), (18, 504, 936), (0, 504, 918), (0, 486, 918), (0, 504, 900), (18, 504, 900), (0, 504, 900)]	(9391, 10624, 9225, 9864, 12405, 10163, 7291, 8104, 4016, 6971, 6296, 7576, 5669, 7001, 7396, 7203, 13955, 19695, 14266, 8787, 15491, 13812, 12389, 1944)
right	c	1015324	(735, 289)	[(-72, 450, 936), (-72, 450, 954), (-72, 450, 936), (-72, 468, 918), (-90, 468, 936), (-90, 450, 936), (-72, 468, 918), (-90, 468, 936), (-90, 486, 936), (-108, 468, 936), (-108, 468, 900), (-90, 468, 918), (-108, 486, 918), (-108, 486, 918), (-126, 486, 936), (-108, 468, 936), (-108, 486, 918), (-108, 486, 918), (-108, 486, 918), (-108, 504, 918), (-126, 504, 918), (-108, 504, 918), (-126, 486, 918), (-108, 504, 900), (-108, 504, 936)]	(9378, 10832, 9224, 9908, 11757, 10128, 7948, 8586, 4153, 6977, 6520, 7761, 5591, 9045, 7609, 7317, 14414, 19692, 14172, 8806, 15420, 13730, 12306, 1915)
left	a	1016910	(658, 417)	[(-108, 486, 918), (-108, 468, 936), (-108, 486, 936), (-108, 468, 936), (-90, 486, 918), (-90, 486, 936), (-108, 486, 900), (-108, 486, 918), (-108, 468, 900), (-108, 468, 936), (-108, 468, 918), (-90, 468, 918), (-108, 468, 918), (-108, 486, 918), (-126, 468, 936), (-126, 468, 936), (-108, 468, 936), (-108, 468, 936), (-108, 468, 900), (-108, 468, 900), (-108, 468, 918), (-108, 468, 936), (-108, 468, 918), (-108, 468, 918), (-108, 468, 918)]	(9378, 10756, 9234, 9914, 11858, 10194, 7909, 8516, 4190, 6997, 6541, 7696, 5541, 9240, 7609, 7319, 14416, 19670, 14136, 8806, 15396, 13722, 12286, 1932)
left	f	1019067	(667, 291)	[(-108, 468, 918), (-90, 468, 936), (-90, 468, 936), (-108, 468, 936), (-90, 468, 918), (-108, 468, 936), (-108, 468, 936), (-108, 450, 936), (-90, 468, 918), (-108, 468, 936), (-90, 468, 936), (-108, 468, 954), (-108, 468, 954), (-90, 468, 936), (-90, 486, 900), (-72, 486, 918), (-72, 486, 918), (-72, 486, 918), (-72, 486, 918), (-72, 486, 918), (-72, 486, 918), (-54, 486, 936), (-72, 468, 936), (-54, 486, 918), (-54, 468, 900)]	(9391, 10713, 9229, 9898, 12035, 10225, 7930, 8435, 4130, 6990, 6524, 7673, 5655, 8931, 7610, 7310, 14405, 19681, 14169, 8800, 15412, 13724, 12316, 1940)
left	s	1020906	(652, 377)	[(-72, 468, 936), (-72, 486, 918), (-72, 468, 918), (-72, 468, 918), (-72, 468, 954), (-72, 486, 936), (-90, 468, 936), (-72, 468, 918), (-72, 468, 936), (-72, 468, 918), (-90, 486, 936), (-72, 486, 936), (-90, 468, 954), (-72, 468, 918), (-72, 468, 918), (-72, 468, 918), (-72, 468, 936), (-72, 486, 918), (-72, 468, 936), (-72, 486, 918), (-72, 468, 936), (-72, 468, 900), (-90, 468, 918), (-90, 468, 936), (-90, 468, 918)]	(9375, 10719, 9228, 9907, 11995, 10236, 8008, 8551, 4210, 7008, 6573, 7696, 5595, 9339, 7623, 7329, 14401, 19664, 14154, 8796, 15383, 13692, 12291, 1937)
right	i	1022857	(570, 131)	[(-72, 486, 918), (-90, 468, 936), (-90, 486, 918), (-72, 468, 936), (-72, 486, 918), (-90, 468, 918), (-72, 486, 918), (-72, 468, 936), (-90, 486, 918), (-90, 468, 936), (-72, 486, 918), (-72, 486, 918), (-72, 468, 936), (-90, 486, 936), (-72, 486, 900), (-72, 468, 900), (-90, 468, 918), (-72, 486, 918), (-90, 486, 936), (-90, 468, 936), (-72, 468, 918), (-72, 486, 918), (-72, 486, 900), (-72, 486, 936), (-72, 468, 918)]	(9378, 10735, 9228, 9915, 11940, 10236, 8114, 8624, 4266, 7023, 6640, 7739, 5681, 9557, 7663, 7353, 14424, 19675, 14164, 8803, 15392, 13689, 12286, 1952)
left	i	1025015	(570, 127)	[(-90, 486, 936), (-72, 504, 918), (-72, 486, 918), (-90, 486, 918), (-90, 486, 918), (-90, 486, 918), (-90, 468, 918), (-90, 486, 918), (-72, 486, 918), (-108, 468, 954), (-108, 432, 918), (-36, 522, 882), (0, 576, 918), (54, 576, 918), (36, 540, 900), (18, 522, 900), (18, 540, 900), (36, 558, 846), (36, 576, 810), (54, 558, 828), (54, 576, 864), (54, 558, 900), (54, 558, 864), (54, 558, 882), (18, 558, 882)]	(9382, 10632, 9200, 9851, 12310, 10038, 7476, 8085, 4046, 6956, 6345, 7867, 6129, 7635, 7389, 7229, 14018, 19653, 14288, 8776, 15491, 13830, 12357, 1935)
right	o	1027330	(562, 65)	[(-54, 468, 918), (-54, 468, 918), (-54, 450, 900), (-54, 450, 936), (-72, 468, 936), (-54, 450, 918), (-54, 468, 918), (-54, 468, 936), (-54, 450, 918), (-54, 468, 936), (-54, 468, 936), (-54, 450, 954), (-54, 468, 936), (-72, 450, 954), (-72, 468, 918), (-72, 468, 918), (-72, 468, 936), (-54, 468, 936), (-54, 468, 918), (-54, 468, 918), (-36, 468, 918), (-90, 468, 936), (-54, 468, 936), (-72, 468, 918), (-54, 468, 900)]	(9371, 10692, 9196, 9894, 11986, 10180, 8088, 8415, 4220, 6994, 6620, 7836, 5868, 9806, 7537, 7328, 14300, 19651, 14160, 8779, 15397, 13681, 12311, 1937)
left	v	1029438	(723, 262)	[(-54, 468, 936), (-54, 468, 936), (-54, 486, 918), (-54, 468, 918), (-54, 468, 936), (-54, 468, 918), (-54, 468, 918), (-54, 468, 918), (-54, 468, 918), (-54, 468, 936), (-54, 486, 936), (-54, 468, 936), (-72, 486, 918), (-72, 486, 918), (-54, 468, 918), (-54, 486, 936), (-54, 468, 918), (-54, 486, 936), (-72, 468, 936), (-54, 468, 936), (-72, 486, 918), (-72, 486, 918), (-54, 468, 936), (-72, 486, 936), (-72, 486, 954)]	(9376, 10750, 9228, 9918, 11961, 10206, 8269, 8606, 4294, 7024, 6669, 7943, 5970, 10007, 7600, 7369, 14343, 19666, 14173, 8784, 15399, 13668, 12314, 1934)
right	k	1031247	(665, 94)	[(-54, 486, 936), (-54, 468, 936), (-54, 468, 936), (-54, 468, 918), (-72, 468, 918), (-54, 468, 936), (-54, 486, 936), (-54, 468, 918), (-36, 486, 900), (-54, 468, 918), (-54, 486, 936), (-54, 468, 936), (-54, 468, 936), (-72, 468, 936), (-54, 468, 918), (-54, 468, 918), (-72, 468, 918), (-54, 486, 900), (-54, 486, 936), (-54, 468, 936), (-72, 468, 954), (-54, 468, 936), (-54, 468, 936), (-54, 486, 918), (-54, 468, 918)]	(9369, 10719, 9212, 9901, 11987, 10196, 8133, 8486, 4248, 7002, 6633, 7870, 5911, 9903, 7561, 7344, 14294, 19649, 14158, 8772, 15369, 13648, 12305, 1945)
right	v	1034542	(736, 238)	[(-72, 486, 900), (-72, 468, 900), (-72, 468, 918), (-54, 486, 918), (-72, 468, 954), (-54, 486, 936), (-72, 486, 918), (-54, 468, 918), (-72, 468, 936), (-72, 468, 936), (-54, 468, 936), (-54, 486, 936), (-72, 486, 936), (-72, 468, 918), (-72, 468, 918), (-72, 486, 936), (-90, 468, 918), (-72, 486, 936), (-72, 468, 936), (-90, 468, 936), (-72, 468, 918), (-90, 468, 918), (-90, 486, 918), (-90, 486, 918), (-90, 468, 882)]	(9381, 10775, 9230, 9921, 11801, 10163, 8173, 8611, 4316, 7014, 6674, 7866, 5818, 10055, 7600, 7364, 14339, 19663, 14147, 8776, 15390, 13660, 12315, 1947)
left	v	1037245	(740, 263)	[(-90, 486, 918), (-90, 486, 918), (-90, 486, 882), (-90, 486, 918), (-90, 486, 918), (-90, 486, 918), (-90, 486, 918), (-72, 486, 918), (-72, 486, 900), (-72, 486, 918), (-90, 486, 918), (-72, 486, 918), (-90, 486, 918), (-72, 486, 918), (-72, 486, 918), (-72, 504, 900), (-90, 486, 900), (-90, 486, 918), (-90, 486, 918), (-90, 486, 918), (-90, 486, 918), (-72, 486, 936), (-72, 486, 918), (-90, 486, 918), (-72, 486, 918)]	(9379, 10807, 9228, 9922, 11852, 10187, 8259, 8710, 4325, 7018, 6689, 7950, 5986, 10056, 7601, 7368, 14335, 19662, 14166, 8782, 15397, 13655, 12314, 1940)
left	h	1039218	(648, 194)	[(-72, 504, 900), (-90, 486, 918), (-72, 486, 918), (-90, 486, 900), (-72, 504, 900), (-72, 504, 918), (-72, 504, 918), (-90, 486, 954), (-90, 486, 900), (-72, 504, 900), (-72, 504, 918), (-72, 504, 864), (-72, 504, 918), (-72, 504, 918), (-72, 504, 900), (-72, 486, 918), (-72, 486, 918), (-90, 486, 900), (-90, 504, 900), (-90, 486, 900), (-72, 504, 900), (-54, 504, 918), (-54, 504, 936), (-36, 486, 918), (-36, 504, 918)]	(9376, 10751, 9215, 9899, 11945, 10136, 8113, 8496, 4188, 6988, 6555, 7868, 6053, 9560, 7553, 7319, 14300, 19654, 14177, 8773, 15396, 13650, 12317, 1952)
right	e	1041603	(582, 369)	[(-54, 486, 918), (-36, 486, 900), (-36, 504, 954), (-36, 522, 954), (-54, 522, 936), (-126, 468, 936), (-126, 486, 900), (-108, 486, 882), (-90, 504, 900), (-108, 522, 900), (-108, 504, 918), (-126, 504, 918), (-126, 522, 918), (-162, 504, 936), (-126, 504, 918), (-162, 540, 882), (-180, 558, 900), (-162, 504, 864), (-234, 558, 864), (-252, 594, 864), (-252, 576, 828), (-252, 594, 846), (-234, 576, 846), (-216, 558, 864), (-216, 576, 882)]	(9388, 11056, 9245, 9945, 11572, 10227, 7661, 8864, 4370, 7005, 6539, 7195, 6203, 10415, 7620, 7368, 14370, 19639, 14120, 8781, 15326, 13640, 12250, 1937)
left	o	1043489	(583, 80)	[(-72, 468, 900), (-90, 468, 918), (-72, 486, 954), (-72, 486, 954), (-72, 468, 918), (-72, 468, 936), (-90, 468, 954), (-72, 468, 954), (-36, 486, 918), (-54, 486, 900), (-18, 504, 900), (18, 522, 918), (18, 540, 918), (0, 540, 900), (18, 522, 900), (36, 522, 900), (18, 522, 882), (36, 522, 900), (36, 558, 882), (54, 540, 864), (54, 540, 864), (36, 558, 900), (36, 540, 918), (54, 540, 882), (36, 540, 864)]	(9384, 10563, 9188, 9840, 12614, 9923, 7640, 8164, 4135, 6991, 6338, 8537, 6711, 7515, 7381, 7249, 14154, 19676, 14347, 8796, 15544, 13992, 12371, 1940)
right	r	1049262	(598, 300)	[(-108, 504, 918), (-126, 504, 918), (-126, 504, 900), (-126, 486, 900), (-108, 504, 918), (-126, 504, 900), (-144, 504, 900), (-126, 504, 900), (-126, 504, 900), (-126, 522, 900), (-126, 504, 900), (-108, 504, 882), (-126, 486, 882), (-144, 504, 900), (-126, 504, 918), (-126, 486, 900), (-126, 504, 954), (-162, 504, 918), (-180, 504, 900), (-144, 522, 882), (-144, 540, 882), (-126, 522, 882), (-144, 504, 882), (-144, 504, 882), (-162, 522, 900)]	(9382, 10937, 9226, 9938, 11696, 10181, 8202, 8834, 4391, 7014, 6643, 7620, 6031, 10114, 7610, 7379, 14477, 19677, 14158, 8804, 15405, 13707, 12310, 1948)
right	y	1051321	(576, 212)	[(-54, 468, 918), (-54, 486, 936), (-54, 468, 936), (-72, 468, 918), (-72, 468, 936), (-54, 468, 936), (-72, 486, 936), (-72, 486, 918), (-108, 486, 936), (-90, 486, 936), (-90, 486, 936), (-90, 486, 936), (-90, 486, 918), (-90, 486, 900), (-108, 468, 900), (-90, 486, 900), (-108, 486, 918), (-90, 486, 936), (-90, 486, 918), (-90, 486, 936), (-90, 486, 918), (-108, 504, 900), (-90, 504, 918), (-108, 486, 900), (-108, 504, 936)]	(9369, 10812, 9201, 9902, 11893, 10153, 8379, 8674, 4324, 6993, 6715, 8124, 6119, 9720, 7545, 7375, 14472, 19683, 14185, 8808, 15425, 13762, 12335, 1929)
right	y	1053329	(589, 214)	[(-90, 486, 918), (-108, 486, 918), (-90, 486, 900), (-108, 486, 918), (-90, 486, 900), (-90, 468, 936), (-90, 468, 918), (-90, 486, 918), (-90, 486, 918), (-72, 486, 918), (-90, 486, 936), (-90, 504, 918), (-108, 504, 936), (-108, 504, 900), (-108, 486, 936), (-108, 504, 918), (-108, 504, 882), (-126, 504, 900), (-126, 504, 918), (-108, 504, 918), (-108, 504, 918), (-126, 504, 900), (-126, 504, 900), (-108, 504, 900), (-108, 504, 900)]	(9360, 10836, 9203, 9905, 11820, 10138, 8347, 8662, 4335, 6986, 6706, 8081, 6127, 9778, 7544, 7375, 14425, 19661, 14156, 8789, 15412, 13733, 12315, 1941)
right	u	1055437	(581, 168)	[(-108, 504, 918), (-108, 504, 900), (-108, 522, 882), (-108, 504, 900), (-108, 504, 936), (-108, 504, 918), (-90, 504, 900), (-108, 504, 900), (-90, 504, 900), (-108, 504, 900), (-90, 504, 918), (-90, 504, 900), (-90, 504, 900), (-108, 504, 900), (-108, 504, 918), (-90, 504, 900), (-90, 486, 900), (-90, 504, 918), (-108, 504, 918), (-108, 522, 918), (-90, 504, 918), (-108, 504, 900), (-108, 522, 882), (-90, 522, 900), (-108, 504, 936)]	(9364, 10861, 9200, 9915, 11881, 10164, 8471, 8746, 4365, 7005, 6767, 8212, 6217, 9940, 7564, 7409, 14485, 19678, 14185, 8808, 15428, 13738, 12330, 1948)
right	q	1057756	(567, 463)	[(-144, 522, 900), (-144, 504, 918), (-162, 522, 882), (-144, 504, 900), (-162, 522, 900), (-144, 522, 900), (-144, 522, 864), (-144, 522, 900), (-144, 522, 900), (-162, 540, 882), (-180, 558, 864), (-162, 540, 900), (-162, 558, 864), (-144, 540, 864), (-180, 558, 864), (-162, 540, 864), (-180, 540, 882), (-162, 540, 918), (-216, 576, 900), (-234, 576, 882), (-252, 612, 846), (-252, 612, 864), (-234, 576, 828), (-234, 594, 792), (-216, 558, 810)]	(9384, 11095, 9243, 9932, 11564, 10244, 7222, 8950, 4241, 6962, 6497, 7316, 6200, 10007, 7571, 7362, 14407, 19638, 14116, 8791, 15348, 13678, 12261, 1943)
left	h	1060080	(662, 204)	[(0, 468, 918), (-18, 468, 954), (0, 468, 936), (-18, 486, 936), (0, 468, 936), (0, 468, 918), (-18, 468, 918), (18, 486, 918), (18, 486, 936), (36, 486, 900), (18, 486, 918), (18, 468, 918), (0, 468, 918), (0, 468, 900), (0, 486, 936), (18, 486, 918), (18, 468, 936), (0, 468, 936), (18, 468, 918), (0, 486, 918), (18, 468, 954), (0, 468, 918), (18, 468, 900), (18, 486, 900), (0, 468, 900)]	(9352, 10572, 9158, 9839, 11957, 10011, 7786, 8199, 4155, 6914, 6665, 8059, 6323, 6480, 7362, 7312, 13587, 19739, 14263, 8803, 15542, 13915, 12441, 1950)
right	r	1062391	(586, 306)	[(-72, 504, 882), (-54, 504, 900), (-72, 486, 918), (-72, 504, 918), (-90, 504, 918), (-90, 504, 918), (-108, 504, 900), (-108, 522, 900), (-126, 522, 918), (-108, 522, 900), (-126, 504, 900), (-126, 522, 882), (-108, 522, 900), (-126, 522, 882), (-126, 522, 882), (-126, 540, 882), (-126, 540, 918), (-144, 540, 882), (-144, 540, 882), (-144, 540, 882), (-126, 540, 846), (-162, 540, 864), (-144, 540, 882), (-162, 540, 864), (-126, 540, 882)]	(9365, 10960, 9208, 9924, 11628, 10200, 8219, 8908, 4322, 6940, 6707, 7833, 6353, 7774, 7465, 7348, 14444, 19719, 14211, 8830, 15496, 13860, 12386, 1936)
right	j	1064331	(674, 146)	[(-126, 522, 882), (-108, 522, 882), (-126, 522, 918), (-108, 504, 918), (-108, 522, 900), (-108, 504, 918), (-90, 522, 918), (-108, 504, 918), (-90, 504, 900), (-90, 504, 918), (-90, 504, 936), (-90, 504, 900), (-108, 504, 918), (-90, 504, 900), (-90, 504, 936), (-90, 504, 918), (-90, 522, 918), (-90, 504, 918), (-90, 522, 882), (-90, 504, 900), (-90, 522, 918), (-90, 504, 954), (-90, 504, 900), (-90, 504, 918), (-90, 504, 918)]	(9370, 10773, 9185, 9886, 11793, 10224, 7946, 8444, 4226, 6942, 6724, 7735, 6169, 7604, 7456, 7344, 14370, 19686, 14201, 8818, 15476, 13838, 12385, 1942)
right	o	1066225	(595, 75)	[(-90, 504, 900), (-90, 522, 900), (-90, 504, 882), (-90, 504, 918), (-72, 504, 918), (-90, 504, 900), (-90, 504, 918), (-90, 504, 918), (-72, 504, 900), (-90, 504, 918), (-90, 504, 900), (-90, 504, 918), (-90, 504, 918), (-72, 504, 918), (-72, 504, 918), (-72, 504, 918), (-72, 486, 918), (-72, 486, 900), (-72, 486, 936), (-72, 486, 918), (-72, 486, 918), (-72, 486, 918), (-54, 504, 900), (-72, 504, 900), (-72, 486, 918)]	(9346, 10737, 9163, 9877, 11920, 10133, 8480, 8370, 4242, 6956, 6703, 7979, 6400, 7764, 7473, 7329, 14421, 19713, 14204, 8816, 15486, 13828, 12387, 1940)
left	k	1068235	(637, 110)	[(-72, 486, 918), (-90, 504, 882), (-72, 504, 900), (-72, 486, 918), (-72, 504, 918), (-72, 486, 900), (-54, 504, 936), (-72, 486, 900), (-54, 504, 900), (-72, 522, 918), (-72, 504, 918), (-54, 522, 882), (-36, 522, 882), (-54, 504, 882), (-54, 522, 882), (-36, 540, 900), (-36, 540, 900), (-18, 558, 900), (0, 540, 918), (-18, 540, 900), (0, 558, 882), (0, 540, 882), (18, 558, 864), (18, 558, 864), (-18, 558, 864)]	(9381, 10711, 9183, 9861, 12108, 9938, 7945, 8237, 4166, 6943, 6420, 8165, 6767, 7478, 7382, 7300, 14137, 19694, 14355, 8818, 15598, 14043, 12399, 1940)
left	t	1070764	(580, 255)	[(-36, 522, 900), (-36, 540, 900), (-36, 540, 900), (-18, 540, 900), (-54, 522, 900), (-54, 522, 900), (-54, 540, 882), (-72, 522, 918), (-54, 540, 900), (-36, 522, 900), (-54, 522, 900), (-54, 522, 900), (-54, 540, 882), (-36, 540, 900), (-54, 540, 900), (-36, 522, 900), (-36, 540, 900), (-36, 522, 882), (-36, 540, 882), (-54, 522, 900), (-54, 522, 900), (-54, 522, 918), (-54, 522, 882), (-18, 540, 882), (-54, 540, 882)]	(9374, 10739, 9195, 9883, 11952, 10107, 7989, 8332, 4170, 6942, 6496, 7956, 6321, 8187, 7430, 7329, 14258, 19685, 14237, 8799, 15486, 13861, 12390, 1935)
right	k	1072508	(672, 102)	[(-36, 522, 900), (-54, 522, 918), (-54, 522, 900), (-54, 522, 900), (-36, 522, 900), (-36, 522, 900), (-36, 522, 900), (-36, 522, 900), (-36, 522, 900), (-36, 540, 900), (-36, 522, 918), (-54, 540, 900), (-54, 522, 900), (-36, 522, 936), (-54, 522, 936), (-36, 522, 918), (-54, 540, 882), (-54, 522, 882), (-36, 540, 900), (-36, 522, 900), (-36, 540, 900), (-54, 522, 900), (-36, 522, 900), (-36, 540, 900), (-54, 540, 882)]	(9367, 10717, 9178, 9860, 11929, 10104, 7974, 8320, 4169, 6937, 6493, 7895, 6275, 8147, 7425, 7311, 14248, 19673, 14235, 8802, 15497, 13849, 12387, 1935)
left	t	1074200	(584, 257)	[(-54, 540, 882), (-54, 522, 900), (-54, 522, 900), (-36, 540, 900), (-36, 540, 900), (-54, 540, 882), (-54, 540, 882), (-36, 540, 882), (-54, 540, 882), (-54, 540, 900), (-54, 540, 900), (-54, 522, 900), (-36, 522, 918), (-36, 540, 900), (-36, 540, 882), (-36, 522, 900), (-36, 540, 900), (-54, 540, 900), (-36, 540, 918), (-36, 522, 900), (-54, 540, 882), (-54, 522, 882), (-36, 540, 900), (-36, 540, 900), (-54, 540, 900)]	(9376, 10757, 9191, 9883, 11943, 10138, 8161, 8429, 4225, 6958, 6573, 8008, 6359, 8410, 7449, 7347, 14310, 19689, 14241, 8803, 15505, 13858, 12396, 1940)
left	n	1076268	(729, 163)	[(-54, 522, 918), (-54, 522, 900), (-36, 522, 900), (-54, 522, 882), (-54, 522, 900), (-36, 540, 882), (-54, 540, 900), (-36, 522, 882), (-54, 522, 918), (-36, 540, 900), (-36, 540, 900), (-36, 540, 900), (-54, 540, 900), (-54, 540, 900), (-36, 540, 882), (-54, 522, 900), (-54, 522, 882), (-54, 540, 882), (-54, 540, 900), (-54, 540, 900), (-54, 540, 900), (-36, 540, 882), (-36, 540, 900), (-54, 558, 900), (-54, 540, 882)]	(9374, 10747, 9193, 9883, 11924, 10137, 8099, 8400, 4199, 6938, 6542, 7985, 6411, 7750, 7425, 7312, 14257, 19698, 14269, 8804, 15528, 13892, 12417, 1943)
left	k	1078230	(663, 112)	[(-36, 540, 900), (-36, 540, 900), (-54, 540, 882), (-54, 522, 900), (-36, 522, 918), (-36, 540, 900), (-36, 540, 900), (-36, 540, 900), (-54, 522, 900), (-36, 540, 882), (-36, 540, 900), (-36, 540, 900), (-36, 540, 900), (-36, 540, 882), (-36, 540, 900), (-18, 540, 900), (0, 540, 900), (-36, 522, 900), (-18, 540, 900), (0, 522, 882), (-36, 522, 882), (-18, 540, 882), (-36, 522, 900), (0, 522, 900), (-18, 540, 900)]	(9376, 10702, 9187, 9855, 12127, 10063, 8069, 8264, 4183, 6942, 6511, 8094, 6656, 7202, 7391, 7305, 14098, 19706, 14306, 8799, 15564, 13939, 12431, 1940)
right	g	1081790	(660, 232)	[(-234, 504, 864), (-234, 504, 900), (-252, 522, 900), (-234, 522, 864), (-234, 504, 846), (-234, 522, 864), (-234, 504, 918), (-216, 504, 882), (-216, 504, 882), (-198, 486, 882), (-216, 504, 900), (-198, 486, 918), (-198, 486, 918), (-198, 486, 918), (-180, 504, 900), (-180, 504, 900), (-198, 504, 900), (-162, 486, 882), (-180, 504, 882), (-198, 504, 900), (-180, 504, 918), (-180, 504, 900), (-180, 504, 882), (-198, 486, 882), (-180, 504, 882)]	(9393, 10991, 9182, 9902, 11644, 9809, 6274, 8612, 4068, 6862, 6351, 7948, 6134, 6794, 7516, 7262, 14341, 19690, 14147, 8838, 15419, 13810, 12259, 1939)
left	x	1084136	(743, 347)	[(-72, 468, 972), (-108, 450, 900), (-90, 468, 936), (-108, 450, 882), (-72, 432, 864), (-54, 450, 918), (-72, 468, 954), (-90, 450, 954), (-90, 450, 990), (-90, 450, 972), (-90, 432, 972), (-90, 414, 954), (-90, 450, 900), (-108, 432, 918), (-90, 450, 900), (-90, 432, 918), (-108, 450, 954), (-90, 450, 954), (-90, 432, 954), (-90, 450, 918), (-90, 450, 918), (-90, 450, 954), (-90, 432, 954), (-90, 450, 918), (-90, 450, 918)]	(9346, 10707, 9146, 9852, 11906, 10194, 6900, 8451, 4158, 6884, 6858, 8181, 6373, 6622, 7405, 7376, 13888, 19719, 14192, 8846, 15487, 13912, 12294, 1943)
right	p	1086534	(579, 17)	[(-54, 450, 936), (-54, 468, 918), (-72, 468, 918), (-54, 468, 936), (-54, 468, 918), (-54, 450, 918), (-54, 468, 936), (-54, 468, 900), (-54, 450, 918), (-72, 450, 936), (-72, 468, 936), (-54, 468, 936), (-54, 468, 936), (-72, 468, 918), (-54, 468, 936), (-54, 468, 936), (-72, 450, 936), (-54, 468, 936), (-54, 468, 918), (-54, 468, 918), (-54, 468, 936), (-54, 468, 936), (-54, 468, 936), (-36, 468, 918), (-54, 468, 918)]	(9319, 10731, 9107, 9829, 11682, 9872, 7127, 8563, 4172, 6871, 6648, 8194, 6504, 6829, 7511, 7305, 14285, 19745, 14185, 8843, 15457, 13810, 12309, 1942)
right	f	1088442	(644, 277)	[(-36, 486, 918), (-36, 468, 918), (-54, 468, 918), (-72, 468, 936), (-54, 468, 954), (-36, 486, 918), (-54, 468, 918), (-36, 486, 918), (-36, 486, 936), (-72, 468, 918), (-54, 468, 918), (-54, 450, 882), (-36, 486, 882), (-72, 468, 936), (-72, 468, 972), (-72, 486, 972), (-72, 486, 936), (-90, 486, 918), (-126, 486, 900), (-126, 504, 918), (-144, 504, 918), (-144, 522, 882), (-144, 522, 882), (-144, 522, 900), (-144, 522, 882)]	(9341, 10896, 9167, 9893, 11561, 10143, 7450, 8801, 4197, 6903, 6707, 7843, 6437, 7417, 7547, 7339, 14536, 19733, 14194, 8853, 15463, 13832, 12291, 1940)
right	s	1090335	(662, 367)	[(-108, 486, 918), (-90, 486, 936), (-90, 486, 900), (-90, 486, 918), (-108, 486, 918), (-108, 486, 918), (-90, 504, 882), (-126, 486, 918), (-144, 504, 900), (-162, 504, 918), (-162, 504, 918), (-180, 522, 882), (-180, 522, 900), (-180, 522, 882), (-180, 522, 882), (-180, 522, 864), (-198, 522, 882), (-198, 540, 900), (-198, 540, 882), (-216, 540, 882), (-198, 540, 864), (-198, 540, 864), (-198, 522, 846), (-198, 540, 846), (-198, 558, 864)]	(9365, 11044, 9203, 9932, 11524, 10312, 7057, 8920, 4202, 6918, 6614, 7682, 6433, 7920, 7600, 7351, 14555, 19712, 14163, 8849, 15419, 13790, 12265, 1915)
left	d	1092141	(655, 337)	[(-108, 504, 900), (-108, 486, 918), (-108, 504, 900), (-90, 504, 900), (-90, 486, 918), (-108, 486, 918), (-72, 504, 918), (-90, 486, 900), (-108, 486, 900), (-90, 486, 900), (-90, 486, 918), (-90, 486, 936), (-90, 486, 936), (-90, 486, 918), (-90, 486, 918), (-108, 486, 918), (-72, 486, 936), (-90, 504, 918), (-90, 486, 918), (-90, 486, 900), (-90, 486, 900), (-90, 486, 918), (-90, 504, 918), (-90, 486, 918), (-90, 486, 900)]	(9320, 10768, 9149, 9866, 11795, 10230, 7687, 8546, 4243, 6917, 6956, 8108, 6572, 6996, 7494, 7372, 14360, 19733, 14199, 8852, 15478, 13843, 12303, 1941)
left	z	1093859	(750, 396)	[(-90, 468, 918), (-108, 486, 936), (-90, 486, 954), (-90, 486, 918), (-90, 486, 918), (-90, 468, 918), (-90, 504, 918), (-90, 486, 936), (-108, 468, 918), (-90, 486, 918), (-126, 504, 900), (-144, 468, 918), (-144, 486, 936), (-144, 486, 954), (-126, 486, 954), (-144, 486, 918), (-144, 486, 882), (-126, 486, 864), (-126, 486, 882), (-126, 504, 900), (-126, 504, 936), (-144, 486, 936), (-108, 504, 900), (-126, 486, 882), (-126, 486, 900)]	(9363, 10855, 9170, 9900, 11661, 10428, 7383, 4213, 6947, 6919, 7946, 0, 6241, 7829, 7568, 7409, 14533, 19710, 14163, 8851, 15455, 13809, 12276, 1928)
right	q	1094204	(750, 396)	[(-90, 468, 918), (-90, 504, 918), (-90, 486, 936), (-108, 468, 918), (-90, 486, 918), (-126, 504, 900), (-144, 468, 918), (-144, 486, 936), (-144, 486, 954), (-126, 486, 954), (-144, 486, 918), (-144, 486, 882), (-126, 486, 864), (-126, 486, 882), (-126, 504, 900), (-126, 504, 936), (-144, 486, 936), (-108, 504, 900), (-126, 486, 882), (-126, 486, 900), (-126, 486, 954), (-126, 486, 882), (-144, 486, 918), (-108, 486, 900), (-144, 486, 918)]	(9331, 10814, 9145, 9870, 11642, 10371, 7346, 8520, 4188, 6919, 6867, 7880, 6221, 7745, 7559, 7384, 14454, 19703, 14155, 8837, 15428, 13783, 12269, 1936)
left	x	1096570	(751, 348)	[(-126, 504, 918), (-144, 504, 918), (-144, 486, 918), (-126, 504, 900), (-126, 504, 900), (-126, 486, 918), (-144, 504, 918), (-144, 540, 918), (-144, 486, 936), (-126, 504, 918), (-126, 504, 900), (-126, 504, 882), (-144, 504, 882), (-126, 504, 882), (-126, 504, 918), (-126, 504, 918), (-126, 486, 918), (-126, 486, 900), (-126, 504, 900), (-144, 504, 900), (-126, 504, 918), (-126, 504, 918), (-126, 486, 918), (-126, 504, 900), (-126, 486, 900)]	(9347, 10865, 9167, 9888, 11680, 10410, 7569, 8545, 4235, 6946, 6944, 7997, 6397, 7993, 7618, 7407, 14529, 19709, 14167, 8826, 15429, 13752, 12270, 1939)
right	l	1098769	(654, 49)	[(-72, 486, 918), (-90, 468, 936), (-90, 486, 918), (-90, 468, 936), (-90, 468, 918), (-72, 486, 918), (-72, 486, 918), (-72, 468, 918), (-72, 468, 918), (-72, 486, 900), (-72, 468, 936), (-90, 468, 936), (-72, 486, 918), (-90, 468, 918), (-72, 468, 936), (-72, 468, 936), (-90, 468, 936), (-72, 468, 936), (-72, 468, 936), (-90, 468, 936), (-90, 468, 900), (-72, 468, 918), (-72, 468, 900), (-72, 486, 918), (-72, 486, 900)]	(9364, 10686, 9146, 9872, 11988, 10388, 7380, 8440, 4253, 6971, 6981, 8098, 6521, 7912, 7668, 7395, 14487, 19708, 14158, 8820, 15410, 13693, 12261, 1942)
right	v	1102232	(722, 246)	[(-144, 522, 918), (-144, 522, 882), (-144, 522, 864), (-162, 522, 900), (-162, 522, 900), (-162, 522, 900), (-144, 522, 900), (-144, 522, 900), (-144, 504, 900), (-144, 522, 882), (-162, 540, 882), (-162, 522, 882), (-162, 540, 900), (-162, 522, 900), (-162, 522, 882), (-144, 540, 900), (-162, 522, 900), (-144, 540, 882), (-162, 522, 882), (-162, 540, 882), (-162, 522, 882), (-144, 522, 900), (-144, 540, 882), (-162, 522, 900), (-162, 540, 900)]	(9367, 10894, 9168, 9890, 11591, 10429, 7040, 8500, 4143, 6917, 6731, 7794, 6314, 7853, 7635, 7355, 14486, 19705, 14161, 8820, 15402, 13704, 12263, 1940)
right	w	1104053	(560, 397)	[(-72, 486, 918), (-72, 504, 918), (-72, 504, 936), (-72, 504, 954), (-90, 504, 918), (-90, 504, 882), (-54, 504, 864), (-144, 468, 864), (-180, 522, 882), (-180, 540, 918), (-198, 522, 954), (-180, 522, 954), (-180, 540, 918), (-180, 504, 864), (-198, 558, 864), (-234, 558, 846), (-216, 558, 828), (-234, 594, 828), (-252, 594, 864), (-234, 594, 846), (-216, 558, 846), (-234, 558, 846), (-198, 576, 846), (-216, 576, 828), (-216, 576, 810)]	(9383, 11081, 9215, 9949, 11485, 10226, 6762, 9000, 4176, 6888, 6460, 7452, 6620, 7175, 7498, 7321, 14446, 19698, 14170, 8847, 15451, 13840, 12279, 1936)
right	b	1105812	(746, 192)	[(-72, 504, 918), (-54, 504, 918), (-54, 504, 900), (-72, 504, 936), (-108, 504, 918), (-90, 504, 900), (-90, 504, 864), (-108, 522, 900), (-108, 504, 900), (-90, 504, 918), (-90, 504, 972), (-90, 504, 936), (-90, 522, 882), (-108, 504, 900), (-90, 504, 882), (-108, 522, 900), (-108, 522, 900), (-108, 522, 918), (-108, 522, 900), (-90, 522, 900), (-108, 522, 900), (-90, 522, 900), (-108, 504, 900), (-126, 522, 882), (-108, 540, 900)]	(9417, 10707, 9145, 9847, 11603, 10271, 6329, 8285, 4021, 6877, 6666, 7681, 6357, 6983, 7477, 7341, 14269, 19667, 14156, 8814, 15433, 13762, 12279, 1923)
left	u	1107804	(573, 183)	[(-90, 522, 900), (-90, 522, 918), (-90, 522, 918), (-90, 522, 900), (-108, 522, 900), (-108, 522, 882), (-90, 522, 918), (-108, 522, 918), (-108, 522, 918), (-126, 504, 918), (-90, 504, 882), (-90, 504, 900), (-72, 522, 900), (-54, 558, 900), (-54, 540, 900), (-54, 540, 882), (-36, 540, 900), (-18, 558, 882), (18, 540, 900), (0, 540, 882), (-36, 540, 900), (0, 540, 882), (-18, 540, 864), (0, 540, 846), (0, 540, 864)]	(9409, 10620, 9124, 9817, 11891, 9741, 6876, 8206, 4088, 6889, 6732, 7973, 6790, 6612, 7360, 7339, 13758, 19691, 14218, 8790, 15468, 13773, 12356, 1929)
right	b	1109709	(741, 204)	[(-90, 522, 864), (-54, 486, 900), (-72, 504, 918), (-90, 522, 918), (-144, 540, 882), (-72, 504, 918), (-90, 522, 900), (-90, 522, 900), (-90, 522, 882), (-90, 522, 900), (-90, 504, 900), (-108, 540, 918), (-108, 522, 918), (-108, 540, 900), (-126, 522, 918), (-108, 522, 900), (-108, 540, 864), (-126, 522, 882), (-126, 522, 900), (-108, 522, 900), (-108, 540, 882), (-108, 540, 900), (-108, 522, 900), (-108, 540, 900), (-108, 540, 864)]	(9372, 10828, 9148, 9869, 11595, 10201, 7537, 8359, 4150, 6917, 6845, 7808, 6144, 8239, 7617, 7379, 14474, 19717, 14176, 8799, 15408, 13669, 12292, 1934)
left	y	1112293	(587, 226)	[(-72, 540, 900), (-90, 558, 882), (-72, 558, 882), (-90, 540, 900), (-72, 540, 882), (-90, 540, 882), (-90, 540, 882), (-90, 558, 864), (-72, 540, 864), (-72, 540, 882), (-90, 540, 882), (-54, 558, 900), (-54, 558, 900), (-54, 558, 900), (-54, 540, 900), (-54, 558, 864), (-54, 558, 882), (-54, 540, 882), (-54, 540, 882), (-54, 540, 900), (-54, 540, 882), (-36, 540, 900), (-54, 558, 882), (-36, 558, 882), (-36, 558, 882)]	(9367, 10692, 9128, 9824, 11763, 9952, 7552, 8240, 4076, 6886, 6850, 7784, 6438, 6605, 7387, 7355, 13854, 19722, 14229, 8789, 15480, 13784, 12366, 1933)
right	t	1113863	(588, 264)	[(-54, 558, 882), (-72, 540, 900), (-72, 540, 882), (-54, 540, 882), (-54, 558, 900), (-54, 576, 864), (-36, 558, 846), (-36, 540, 846), (0, 540, 882), (-90, 540, 936), (-126, 522, 936), (-144, 540, 936), (-126, 540, 882), (-144, 558, 882), (-126, 558, 864), (-126, 558, 846), (-126, 558, 882), (-126, 558, 864), (-126, 576, 864), (-126, 558, 882), (-108, 576, 864), (-126, 558, 864), (-126, 576, 864), (-126, 576, 864), (-126, 576, 864)]	(9359, 10871, 9150, 9878, 11545, 10117, 7915, 8684, 4122, 6883, 6758, 7667, 6299, 6744, 7430, 7340, 14249, 19747, 14220, 8839, 15512, 13861, 12356, 1940)
left	p	1115751	(578, 19)	[(-54, 522, 918), (-36, 522, 936), (-72, 504, 918), (-36, 522, 864), (18, 576, 828), (36, 558, 846), (54, 540, 882), (36, 558, 900), (54, 558, 900), (36, 576, 864), (36, 576, 864), (36, 576, 882), (36, 576, 882), (72, 576, 882), (54, 558, 864), (54, 576, 882), (54, 576, 864), (54, 558, 882), (54, 558, 900), (36, 576, 864), (36, 576, 864), (36, 576, 864), (72, 576, 864), (72, 576, 864), (54, 576, 864)]	(9435, 10556, 9152, 9815, 12421, 9578, 5861, 8332, 4227, 6909, 6449, 8467, 7570, 6502, 7327, 7197, 13359, 19653, 14290, 8750, 15486, 13902, 12371, 1935)
left	n	1117559	(719, 163)	[(-54, 540, 900), (-72, 522, 900), (-72, 522, 900), (-72, 522, 900), (-54, 540, 900), (-72, 540, 900), (-54, 522, 882), (-72, 558, 900), (-72, 522, 900), (-54, 522, 918), (-54, 522, 900), (-54, 522, 900), (-54, 522, 900), (-36, 540, 918), (-36, 540, 864), (-36, 540, 900), (-36, 522, 882), (-36, 540, 882), (-54, 540, 882), (-54, 540, 882), (-36, 540, 918), (-54, 522, 900), (-36, 540, 900), (0, 540, 900), (-36, 558, 900)]	(9389, 10678, 9148, 9839, 11781, 10008, 7577, 8153, 4156, 6908, 6670, 8009, 6788, 6746, 7479, 7273, 14059, 19724, 14211, 8780, 15459, 13766, 12373, 1941)
right	a	1119300	(639, 429)	[(-108, 486, 900), (-144, 486, 936), (-126, 486, 918), (-144, 486, 900), (-162, 522, 918), (-216, 522, 900), (-216, 540, 882), (-252, 558, 882), (-216, 558, 846), (-216, 522, 828), (-234, 522, 864), (-234, 576, 846), (-216, 558, 828), (-216, 558, 828), (-234, 594, 846), (-252, 594, 846), (-234, 576, 864), (-216, 594, 846), (-234, 576, 846), (-216, 576, 846), (-216, 576, 846), (-234, 576, 846), (-234, 594, 846), (-270, 612, 810), (-234, 594, 828)]	(9433, 11167, 9225, 9939, 11509, 9746, 5829, 9265, 4097, 6901, 6161, 7483, 6154, 8037, 7537, 7295, 14403, 19644, 14111, 8823, 15356, 13722, 12201, 1935)
left	m	1121414	(741, 120)	[(-72, 522, 918), (-90, 504, 900), (-72, 522, 900), (-72, 522, 900), (-54, 522, 900), (-54, 522, 918), (0, 558, 864), (18, 558, 882), (0, 558, 918), (0, 558, 882), (0, 522, 882), (0, 540, 882), (-36, 540, 900), (18, 540, 864), (-18, 576, 864), (-18, 558, 882), (0, 558, 864), (0, 558, 882), (0, 558, 900), (0, 558, 864), (18, 558, 864), (18, 558, 864), (18, 558, 864), (0, 558, 882), (18, 576, 882)]	(9456, 10718, 9142, 9826, 11987, 9482, 5941, 8017, 4098, 6862, 6503, 7720, 6749, 6248, 7294, 7194, 12763, 19672, 14254, 8757, 15464, 13953, 12360, 1932)
right	n	1123114	(732, 163)	[(-72, 540, 900), (-72, 540, 900), (-72, 540, 900), (-54, 540, 882), (-72, 540, 864), (-54, 540, 882), (-72, 540, 900), (-54, 558, 900), (-72, 540, 900), (-54, 540, 900), (-72, 540, 882), (-72, 522, 900), (-72, 558, 882), (-72, 540, 900), (-72, 558, 900), (-90, 558, 864), (-72, 540, 882), (-72, 558, 864), (-72, 540, 882), (-72, 558, 882), (-72, 558, 882), (-72, 558, 900), (-72, 558, 864), (-90, 576, 864), (-72, 558, 864)]	(9403, 10745, 9158, 9854, 11791, 10237, 6845, 8295, 4148, 6904, 6766, 7687, 6683, 6772, 7546, 7364, 14074, 19735, 14194, 8797, 15425, 13681, 12313, 1933)
right	d	1125045	(649, 330)	[(-72, 540, 882), (-90, 540, 864), (-90, 540, 882), (-72, 540, 882), (-90, 558, 900), (-72, 558, 864), (-108, 540, 882), (-90, 540, 900), (-108, 558, 900), (-108, 558, 882), (-108, 576, 882), (-108, 558, 864), (-126, 558, 846), (-144, 576, 864), (-144, 576, 864), (-144, 576, 846), (-144, 576, 864), (-144, 594, 846), (-144, 576, 864), (-162, 594, 846), (-162, 576, 846), (-144, 576, 864), (-144, 594, 864), (-162, 594, 846), (-162, 612, 828)]	(9401, 10971, 9177, 9908, 11580, 10070, 6826, 8792, 4128, 6893, 6567, 7513, 6758, 7068, 7594, 7320, 14348, 19733, 14168, 8814, 15418, 13703, 12296, 1935)
left	q	1126749	(558, 453)	[(-90, 540, 900), (-90, 540, 900), (-90, 540, 900), (-90, 558, 864), (-90, 558, 882), (-90, 558, 882), (-144, 558, 900), (-162, 576, 900), (-198, 576, 864), (-198, 594, 846), (-198, 576, 864), (-216, 576, 846), (-180, 576, 864), (-126, 558, 954), (-252, 630, 810), (-288, 666, 738), (-270, 648, 738), (-234, 630, 738), (-252, 648, 792), (-270, 648, 792), (-234, 630, 774), (-252, 630, 810), (-252, 630, 810), (-234, 630, 810), (-270, 648, 720)]	(9415, 11170, 9232, 9943, 11481, 9611, 5763, 9557, 4268, 6892, 6226, 8033, 7167, 7906, 7635, 7268, 14361, 19640, 14076, 8794, 15301, 13593, 12191, 1933)
left	j	1128735	(650, 159)	[(-54, 522, 918), (-36, 522, 918), (-54, 504, 918), (-54, 504, 900), (-72, 522, 900), (-72, 504, 900), (-72, 504, 918), (-72, 522, 918), (-54, 504, 918), (-72, 522, 900), (-36, 504, 918), (-54, 522, 900), (-54, 504, 882), (0, 522, 864), (-36, 522, 900), (-36, 504, 882), (-54, 504, 936), (-36, 504, 900), (-36, 504, 900), (-18, 522, 918), (-36, 522, 936), (-18, 522, 900), (0, 504, 900), (-18, 504, 918), (0, 504, 900)]	(9423, 10634, 9139, 9837, 11795, 9900, 7029, 8119, 4211, 6884, 6744, 7840, 7411, 6377, 7392, 7295, 13404, 19724, 14200, 8763, 15444, 13821, 12399, 1932)
left	r	1130647	(577, 316)	[(-72, 504, 900), (-54, 504, 918), (-72, 504, 918), (-54, 504, 918), (-54, 522, 954), (-54, 504, 936), (-54, 504, 900), (-54, 522, 918), (-54, 504, 900), (-54, 504, 900), (-54, 504, 900), (-72, 522, 918), (-54, 504, 900), (-54, 504, 900), (-36, 486, 918), (-36, 486, 882), (-54, 504, 918), (-54, 504, 900), (-54, 522, 900), (-72, 504, 918), (-54, 522, 918), (-54, 504, 918), (-54, 522, 900), (-54, 504, 882), (-72, 504, 900)]	(9422, 10683, 9158, 9859, 11780, 10153, 7186, 8165, 4181, 6926, 6819, 7703, 6918, 6766, 7531, 7349, 14137, 19737, 14167, 8794, 15413, 13744, 12341, 1927)
left	p	1132399	(576, 29)	[(-54, 522, 900), (-72, 522, 900), (-54, 522, 918), (-54, 522, 882), (-72, 504, 900), (-54, 504, 900), (-72, 522, 918), (-90, 504, 936), (-90, 504, 918), (-72, 468, 918), (-72, 468, 900), (-36, 486, 882), (-36, 504, 864), (36, 558, 918), (36, 576, 900), (54, 576, 918), (72, 576, 918), (54, 558, 882), (54, 558, 864), (54, 558, 864), (36, 540, 882), (36, 540, 864), (54, 540, 882), (54, 558, 900), (72, 558, 864)]	(9474, 10604, 9157, 9821, 12263, 9530, 5638, 7960, 4197, 6901, 6527, 8015, 7605, 6381, 7328, 7212, 13000, 19655, 14270, 8720, 15456, 13914, 12417, 1937)
right	i	1134150	(650, 143)	[(-54, 522, 900), (-54, 522, 900), (-54, 522, 882), (-36, 540, 882), (-54, 540, 900), (-36, 522, 900), (-54, 522, 900), (-36, 540, 900), (-54, 522, 900), (-54, 522, 882), (-36, 504, 882), (-54, 540, 882), (-72, 522, 900), (-54, 522, 936), (-54, 540, 900), (-72, 522, 900), (-54, 540, 900), (-36, 540, 882), (-54, 522, 900), (-54, 522, 900), (-72, 522, 918), (-54, 540, 918), (-54, 540, 882), (-54, 522, 882), (-72, 522, 882)]	(9391, 10729, 9129, 9856, 11684, 10004, 7940, 8222, 4217, 6921, 6785, 7645, 6990, 6944, 7550, 7330, 14175, 19735, 14189, 8769, 15435, 13730, 12390, 1940)
right	s	1136829	(653, 381)	[(-108, 504, 900), (-90, 504, 900), (-90, 522, 900), (-90, 522, 900), (-126, 504, 918), (-126, 504, 882), (-126, 504, 900), (-126, 522, 900), (-144, 522, 864), (-162, 504, 864), (-180, 540, 864), (-252, 522, 882), (-198, 594, 882), (-216, 540, 918), (-216, 558, 882), (-198, 558, 882), (-198, 558, 846), (-198, 540, 846), (-198, 576, 864), (-216, 576, 846), (-216, 558, 846), (-216, 558, 864), (-216, 576, 882), (-216, 576, 864), (-198, 576, 882)]	(9506, 11256, 9248, 9945, 11497, 9565, 5803, 9161, 4094, 6895, 5981, 6671, 6472, 7567, 7607, 7175, 14306, 19638, 14093, 8787, 15322, 13667, 12290, 1933)
left	a	1138720	(648, 439)	[(-90, 486, 936), (-108, 468, 918), (-90, 468, 918), (-90, 486, 954), (-72, 486, 918), (-72, 486, 900), (-108, 486, 918), (-144, 504, 918), (-180, 522, 936), (-144, 486, 918), (-162, 504, 918), (-144, 486, 918), (-126, 486, 900), (-144, 486, 900), (-144, 486, 918), (-144, 486, 900), (-144, 486, 900), (-144, 486, 936), (-144, 486, 936), (-144, 468, 918), (-126, 486, 900), (-144, 468, 918), (-162, 486, 900), (-126, 504, 882), (-126, 486, 918)]	(9442, 10898, 9175, 9894, 11577, 10095, 6780, 8664, 4088, 6882, 6805, 7265, 6571, 6885, 7463, 7439, 14235, 19674, 14125, 8826, 15387, 13785, 12276, 1924)
right	j	1140777	(665, 154)	[(-72, 450, 936), (-90, 468, 918), (-72, 468, 918), (-90, 468, 918), (-72, 468, 936), (-90, 468, 918), (-90, 468, 918), (-90, 468, 918), (-90, 486, 918), (-90, 468, 918), (-108, 486, 918), (-90, 468, 900), (-90, 468, 936), (-90, 486, 918), (-90, 486, 918), (-90, 468, 918), (-90, 468, 918), (-90, 468, 954), (-90, 468, 936), (-108, 486, 972), (-108, 486, 918), (-90, 468, 936), (-90, 468, 918), (-108, 468, 918), (-108, 486, 918)]	(9418, 10824, 9150, 9865, 11675, 10114, 7490, 8530, 4172, 6910, 6985, 7378, 7001, 7010, 7560, 7428, 14345, 19719, 14154, 8810, 15394, 13733, 12320, 1930)
right	w	1142582	(563, 397)	[(-108, 468, 918), (-90, 486, 918), (-90, 486, 918), (-72, 486, 918), (-108, 504, 936), (-144, 504, 918), (-126, 504, 864), (-144, 504, 882), (-144, 504, 900), (-162, 522, 936), (-180, 540, 900), (-198, 540, 882), (-216, 540, 882), (-198, 540, 828), (-198, 558, 810), (-198, 576, 828), (-198, 576, 864), (-216, 576, 864), (-216, 576, 864), (-216, 576, 864), (-216, 558, 846), (-216, 576, 864), (-198, 594, 846), (-234, 576, 846), (-216, 576, 828)]	(9467, 11116, 9231, 9949, 11505, 9815, 7107, 9262, 4163, 6903, 6282, 7149, 6713, 7719, 7648, 7273, 14539, 19699, 14136, 8806, 15360, 13712, 12277, 1937)
right	d	1144623	(669, 339)	[(-90, 504, 900), (-72, 522, 900), (-90, 504, 900), (-90, 504, 900), (-90, 504, 918), (-90, 522, 900), (-72, 504, 918), (-90, 504, 918), (-90, 522, 900), (-90, 522, 882), (-90, 522, 918), (-90, 522, 864), (-108, 540, 900), (-126, 522, 900), (-144, 522, 918), (-144, 522, 882), (-162, 558, 846), (-162, 558, 846), (-198, 558, 882), (-180, 576, 900), (-180, 558, 882), (-180, 558, 864), (-198, 540, 882), (-180, 558, 864), (-162, 558, 864)]	(9491, 10991, 9182, 9902, 11519, 10029, 6140, 8852, 4093, 6900, 6517, 7559, 6690, 7392, 7633, 7358, 14333, 19698, 14124, 8791, 15358, 13643, 12280, 1938)
right	x	1146382	(729, 330)	[(-72, 504, 936), (-72, 486, 936), (-90, 486, 918), (-90, 504, 900), (-72, 486, 900), (-90, 504, 900), (-108, 504, 900), (-90, 522, 918), (-108, 504, 936), (-126, 522, 900), (-126, 504, 864), (-126, 540, 900), (-144, 522, 900), (-144, 540, 882), (-144, 540, 846), (-144, 540, 864), (-162, 558, 846), (-162, 558, 882), (-162, 576, 900), (-162, 558, 882), (-162, 558, 864), (-162, 576, 864), (-180, 558, 864), (-180, 558, 864), (-180, 576, 882)]	(9470, 10988, 9184, 9890, 11509, 9832, 6181, 8771, 4075, 6880, 6398, 7465, 6693, 7007, 7552, 7262, 14245, 19691, 14117, 8789, 15357, 13674, 12280, 1930)
left	q	1148071	(561, 460)	[(-126, 522, 882), (-144, 540, 882), (-144, 522, 864), (-144, 522, 882), (-162, 540, 900), (-162, 540, 900), (-180, 540, 900), (-180, 540, 900), (-180, 522, 900), (-162, 540, 864), (-162, 522, 882), (-180, 558, 864), (-162, 558, 882), (-162, 558, 900), (-162, 522, 900), (-162, 540, 864), (-162, 522, 882), (-144, 540, 882), (-162, 522, 900), (-162, 522, 882), (-162, 522, 882), (-162, 522, 864), (-144, 522, 900), (-162, 522, 882), (-162, 522, 900)]	(9436, 10950, 9168, 9884, 11589, 9851, 6744, 8772, 4101, 6885, 6738, 7573, 6681, 7123, 7510, 7375, 14278, 19662, 14106, 8798, 15363, 13705, 12270, 1930)
left	c	1149714	(733, 299)	[(-54, 468, 954), (-54, 468, 936), (-36, 468, 936), (-36, 468, 936), (-36, 486, 918), (-54, 468, 936), (-54, 486, 918), (-54, 468, 918), (-54, 468, 936), (-36, 468, 918), (-54, 468, 918), (-54, 486, 918), (-54, 468, 936), (-54, 486, 936), (-54, 468, 918), (-54, 486, 918), (-54, 486, 918), (-54, 468, 936), (-54, 468, 936), (-54, 486, 918), (-54, 468, 918), (-54, 468, 936), (-54, 468, 918), (-54, 468, 900), (-36, 486, 936)]	(9457, 10680, 9144, 9841, 11939, 9986, 6314, 8416, 4173, 6888, 6967, 7716, 7282, 6533, 7412, 7378, 13662, 19678, 14134, 8790, 15406, 13788, 12325, 1929)
right	z	1151352	(736, 400)	[(-18, 504, 954), (-36, 486, 936), (-72, 486, 918), (-72, 486, 882), (-54, 504, 846), (-108, 486, 864), (-126, 504, 918), (-162, 504, 954), (-144, 504, 954), (-162, 522, 936), (-180, 522, 864), (-198, 540, 846), (-180, 558, 828), (-180, 576, 864), (-198, 540, 864), (-198, 558, 864), (-180, 558, 846), (-180, 558, 846), (-198, 558, 882), (-198, 558, 900), (-198, 576, 882), (-180, 558, 864), (-198, 558, 828), (-198, 576, 846), (-198, 558, 846)]	(9500, 11103, 9200, 9910, 11507, 9704, 6143, 8905, 4030, 6888, 6318, 7100, 6335, 7329, 7576, 7298, 14360, 19641, 14100, 8787, 15353, 13668, 12262, 1930)
left	l	1153143	(646, 32)	[(-36, 486, 972), (-36, 486, 900), (-36, 468, 900), (-36, 486, 900), (-36, 486, 936), (-36, 468, 954), (0, 468, 954), (-36, 468, 954), (-36, 468, 918), (-36, 450, 882), (-36, 468, 882), (18, 522, 882), (0, 522, 936), (36, 540, 900), (54, 522, 918), (54, 522, 936), (36, 540, 882), (54, 540, 882), (54, 540, 882), (54, 540, 882), (54, 540, 882), (36, 522, 918), (54, 522, 882), (72, 540, 900), (54, 540, 900)]	(9484, 10694, 9151, 9832, 12182, 9503, 6365, 7974, 4353, 6894, 6765, 7775, 8486, 6426, 7356, 7276, 13229, 19660, 14251, 8741, 15426, 13934, 12418, 1929)
right	f	1155002	(665, 289)	[(-90, 522, 900), (-72, 504, 900), (-108, 504, 900), (-90, 504, 864), (-108, 504, 882), (-108, 522, 864), (-108, 504, 864), (-144, 522, 918), (-162, 504, 936), (-162, 522, 918), (-162, 522, 900), (-162, 522, 900), (-162, 522, 900), (-144, 522, 918), (-162, 504, 900), (-162, 522, 900), (-162, 540, 882), (-162, 540, 900), (-162, 522, 882), (-162, 522, 882), (-162, 522, 900), (-144, 540, 882), (-144, 522, 900), (-162, 540, 900), (-162, 522, 864)]	(9491, 11070, 9189, 9918, 11565, 9690, 6777, 8970, 4108, 6908, 6555, 7002, 6735, 7503, 7618, 7375, 14342, 19657, 14125, 8790, 15339, 13633, 12282, 1931)
left	y	1157368	(577, 211)	[(-90, 486, 918), (-72, 486, 936), (-72, 486, 900), (-90, 486, 900), (-72, 504, 900), (-90, 486, 918), (-90, 504, 918), (-90, 486, 936), (-72, 486, 936), (-72, 504, 918), (-72, 486, 900), (-108, 486, 936), (-90, 504, 918), (-72, 486, 918), (-18, 504, 864), (-36, 504, 900), (0, 522, 900), (0, 504, 918), (0, 522, 918), (0, 522, 918), (0, 504, 918), (0, 522, 900), (0, 504, 900), (0, 504, 900), (0, 504, 900)]	(9468, 10745, 9147, 9833, 11912, 9580, 6853, 8184, 4127, 6886, 7031, 7184, 7253, 6467, 7370, 7494, 13461, 19666, 14157, 8749, 15382, 13734, 12382, 1936)
right	g	1159269	(672, 247)	[(-36, 522, 918), (-72, 504, 936), (-72, 522, 900), (-72, 522, 900), (-72, 522, 900), (-90, 522, 900), (-72, 522, 918), (-72, 504, 900), (-72, 504, 918), (-72, 522, 882), (-72, 522, 900), (-90, 522, 882), (-90, 540, 882), (-90, 540, 882), (-126, 540, 882), (-108, 540, 900), (-108, 522, 882), (-108, 540, 900), (-108, 540, 882), (-108, 540, 864), (-108, 558, 864), (-126, 540, 864), (-126, 558, 900), (-126, 558, 900), (-126, 540, 882)]	(9471, 10995, 9179, 9900, 11616, 9735, 7229, 8655, 4076, 6898, 6809, 6930, 6740, 6851, 7495, 7439, 14112, 19699, 14156, 8788, 15399, 13704, 12349, 1939)
left	u	1161266	(579, 171)	[(-36, 522, 918), (-36, 522, 900), (-54, 540, 864), (-18, 540, 918), (-36, 522, 900), (-36, 540, 900), (-36, 540, 900), (-36, 540, 900), (-54, 522, 900), (-36, 522, 900), (-36, 540, 900), (-18, 540, 900), (-36, 540, 882), (-18, 540, 900), (-18, 540, 900), (0, 540, 900), (0, 558, 900), (0, 540, 882), (0, 540, 882), (18, 540, 882), (-18, 540, 882), (-36, 540, 882), (18, 558, 864), (18, 576, 918), (18, 540, 900)]	(9464, 10806, 9153, 9860, 11830, 9578, 7483, 8266, 4199, 6892, 7067, 7271, 7432, 6452, 7355, 7467, 13306, 19655, 14189, 8745, 15413, 13773, 12399, 1928)
right	x	1163280	(739, 323)	[(-108, 504, 900), (-90, 504, 936), (-126, 504, 918), (-108, 486, 936), (-126, 486, 918), (-144, 504, 900), (-126, 504, 900), (-126, 504, 882), (-126, 504, 900), (-144, 522, 900), (-144, 522, 900), (-144, 522, 918), (-144, 540, 900), (-126, 522, 900), (-144, 522, 900), (-144, 540, 846), (-144, 522, 864), (-144, 522, 864), (-162, 576, 918), (-144, 558, 918), (-126, 558, 882), (-144, 558, 882), (-144, 558, 864), (-144, 540, 846), (-162, 540, 846)]	(9476, 11039, 9174, 9905, 11504, 9643, 6823, 8833, 4024, 6874, 6523, 6671, 6448, 6944, 7483, 7364, 14135, 19666, 14112, 15348, 13663, 12295, 1938, 64073)
left	w	1165910	(583, 396)	[(-90, 522, 900), (-90, 540, 900), (-90, 540, 882), (-90, 540, 900), (-90, 522, 900), (-90, 522, 882), (-90, 540, 900), (-90, 522, 900), (-90, 522, 900), (-90, 522, 900), (-90, 522, 882), (-72, 522, 882), (-108, 540, 882), (-90, 540, 882), (-90, 522, 900), (-90, 522, 918), (-90, 522, 900), (-90, 522, 918), (-108, 522, 900), (-108, 522, 900), (-90, 522, 900), (-90, 540, 882), (-72, 540, 900), (-90, 540, 900), (-90, 540, 900)]	(9466, 10950, 9178, 9902, 11653, 9720, 8026, 8761, 4157, 6922, 7123, 6904, 6812, 7301, 7510, 7628, 14269, 19676, 14145, 8792, 15373, 13678, 12331, 1929)
right	z	1167605	(716, 396)	[(-90, 522, 918), (-90, 522, 900), (-108, 522, 900), (-90, 540, 900), (-90, 540, 900), (-108, 522, 882), (-108, 522, 882), (-108, 540, 882), (-126, 522, 918), (-126, 522, 900), (-108, 540, 864), (-162, 540, 882), (-144, 540, 882), (-162, 540, 882), (-162, 558, 882), (-180, 558, 882), (-180, 558, 846), (-162, 558, 846), (-180, 576, 846), (-180, 576, 846), (-180, 558, 864), (-198, 576, 864), (-162, 576, 882), (-198, 594, 882), (-198, 576, 846)]	(9518, 11193, 9230, 9936, 11503, 9582, 6276, 9108, 4086, 6920, 6151, 6610, 6540, 8119, 7665, 7256, 14326, 19665, 14079, 8774, 15315, 13610, 12261, 1936)
left	g	1169358	(645, 251)	[(-90, 540, 900), (-90, 540, 900), (-108, 540, 864), (-72, 540, 882), (-90, 540, 864), (-90, 540, 918), (-72, 540, 900), (-90, 540, 900), (-90, 540, 864), (-72, 540, 936), (-72, 540, 882), (-54, 540, 882), (-72, 540, 900), (-54, 522, 882), (-54, 522, 882), (-54, 540, 900), (-36, 540, 900), (-36, 540, 918), (-54, 540, 882), (-54, 522, 882), (-54, 540, 900), (-54, 522, 900), (-54, 522, 900), (-54, 522, 918), (-36, 540, 882)]	(9450, 10848, 9173, 9883, 11806, 9618, 8217, 8487, 4224, 6904, 7005, 6980, 7437, 6743, 7414, 7494, 13928, 19670, 14159, 8764, 15383, 13707, 12375, 1932)
left	e	1171252	(558, 366)	[(-54, 522, 900), (-72, 540, 900), (-72, 540, 918), (-54, 540, 882), (-72, 540, 900), (-72, 558, 900), (-54, 540, 900), (-54, 540, 882), (-72, 540, 900), (-72, 522, 900), (-72, 522, 882), (-72, 540, 882), (-72, 522, 900), (-72, 522, 900), (-72, 522, 936), (-54, 522, 918), (-54, 540, 900), (-72, 522, 882), (-72, 540, 900), (-72, 522, 900), (-72, 522, 900), (-72, 540, 918), (-72, 540, 900), (-72, 522, 900), (-54, 540, 882)]	(9448, 10871, 9170, 9885, 11719, 9677, 8452, 8510, 4195, 6918, 7080, 6938, 7193, 6855, 7420, 7603, 13980, 19673, 14154, 8780, 15395, 13738, 12378, 1925)
right	m	1174236	(731, 97)	[(-198, 576, 846), (-180, 576, 810), (-162, 576, 828), (-144, 576, 846), (-144, 558, 882), (-126, 558, 900), (-144, 558, 918), (-108, 522, 882), (-90, 540, 882), (-72, 522, 882), (-72, 504, 900), (-90, 504, 918), (-54, 522, 918), (-72, 504, 918), (-72, 504, 900), (-72, 504, 900), (-72, 486, 918), (-90, 504, 900), (-72, 504, 918), (-72, 486, 918), (-72, 504, 900), (-90, 504, 900), (-72, 504, 918), (-90, 504, 918), (-72, 504, 936)]	(9479, 10876, 9167, 9878, 11656, 9659, 7660, 8607, 4136, 6910, 7082, 6906, 7090, 7117, 7540, 7633, 14096, 19666, 14105, 8755, 15334, 13607, 12315, 1929)
right	c	1176023	(736, 296)	[(-90, 504, 900), (-72, 504, 918), (-72, 522, 900), (-54, 504, 900), (-54, 504, 918), (-54, 504, 954), (-72, 504, 936), (-126, 522, 918), (-108, 522, 882), (-126, 540, 864), (-126, 540, 918), (-144, 540, 882), (-144, 558, 882), (-144, 558, 882), (-144, 540, 882), (-162, 540, 882), (-144, 558, 882), (-144, 558, 882), (-144, 558, 864), (-144, 558, 900), (-144, 558, 864), (-144, 540, 882), (-126, 558, 882), (-144, 558, 846), (-144, 540, 864)]	(9501, 11090, 9195, 9912, 11519, 9623, 6710, 8753, 4009, 6893, 6426, 6555, 6358, 7307, 7535, 7377, 14190, 19659, 14104, 8773, 15343, 12296, 1928, 65535)
left	s	1177787	(643, 377)	[(-108, 540, 882), (-108, 540, 864), (-126, 540, 900), (-126, 558, 900), (-126, 558, 918), (-126, 558, 900), (-162, 540, 882), (-144, 558, 864), (-144, 540, 864), (-144, 540, 882), (-144, 558, 882), (-144, 558, 900), (-126, 540, 882), (-144, 558, 864), (-126, 558, 864), (-108, 558, 900), (-126, 558, 900), (-108, 540, 864), (-126, 558, 864), (-144, 540, 900), (-126, 522, 882), (-126, 540, 882), (-126, 540, 882), (-126, 540, 882), (-108, 540, 882)]	(9482, 11066, 9197, 9920, 11574, 9678, 7408, 8781, 4061, 6901, 6728, 6665, 6478, 7306, 7509, 7510, 14241, 19661, 14125, 8783, 15347, 13645, 12310, 1924)
left	b	1179473	(735, 207)	[(-90, 504, 918), (-90, 522, 918), (-90, 522, 900), (-108, 522, 900), (-90, 504, 900), (-90, 522, 882), (-90, 522, 900), (-90, 522, 918), (-90, 522, 918), (-90, 522, 900), (-72, 522, 900), (-90, 522, 900), (-72, 522, 900), (-90, 522, 918), (-90, 522, 918), (-72, 522, 900), (-72, 522, 900), (-72, 522, 918), (-54, 540, 900), (-72, 540, 882), (-54, 540, 882), (-54, 540, 864), (-72, 540, 900), (-72, 522, 900), (-54, 540, 882)]	(9457, 10903, 9169, 9888, 11649, 9644, 8106, 8390, 4158, 6896, 7055, 6824, 7257, 6671, 7424, 7561, 13929, 19672, 14153, 8759, 15375, 13726, 12386, 1930)
left	f	1181265	(655, 295)	[(-54, 540, 882), (-72, 522, 900), (-54, 540, 900), (-54, 522, 918), (-54, 522, 882), (-54, 540, 900), (-36, 540, 882), (-72, 522, 900), (-54, 540, 900), (-72, 522, 882), (-54, 504, 864), (-54, 522, 900), (-54, 522, 918), (-54, 522, 900), (-54, 540, 900), (-36, 540, 900), (-54, 540, 882), (-54, 522, 900), (-36, 522, 918), (-54, 522, 918), (-54, 540, 900), (-54, 540, 882), (-54, 522, 900), (-54, 522, 882), (-54, 522, 900)]	(9452, 10890, 9165, 9882, 11673, 9673, 8241, 8296, 4156, 6905, 7175, 6837, 7139, 6815, 7439, 7661, 13983, 19663, 14154, 8769, 15377, 13695, 12363, 1940)
right	u	1183327	(575, 177)	[(-72, 522, 882), (-54, 522, 882), (-72, 540, 900), (-72, 522, 918), (-54, 540, 882), (-54, 522, 918), (-54, 540, 900), (-54, 522, 918), (-72, 540, 900), (-54, 522, 900), (-54, 540, 882), (-72, 522, 900), (-72, 540, 918), (-54, 540, 900), (-72, 540, 900), (-54, 522, 900), (-72, 540, 900), (-54, 522, 882), (-54, 540, 900), (-72, 540, 900), (-72, 540, 900), (-72, 540, 900), (-72, 558, 900), (-90, 540, 882), (-90, 540, 900)]	(9461, 10945, 9183, 9914, 11644, 9739, 8518, 8548, 4188, 6917, 7148, 6863, 7069, 7077, 7457, 7620, 14163, 19684, 14175, 8783, 15402, 13721, 12369, 1933)
left	o	1185545	(561, 69)	[(-72, 540, 882), (-72, 540, 900), (-54, 540, 882), (-72, 540, 882), (-54, 540, 900), (-72, 540, 900), (-72, 540, 900), (-72, 540, 900), (-54, 540, 900), (-72, 540, 900), (-72, 522, 900), (-108, 540, 918), (-90, 540, 882), (-54, 540, 918), (-36, 576, 882), (18, 594, 864), (18, 576, 882), (18, 594, 882), (18, 612, 864), (36, 630, 846), (54, 612, 846), (36, 594, 828), (54, 594, 846), (54, 612, 828), (54, 612, 828)]	(9472, 10740, 9160, 9840, 11895, 9473, 7383, 7815, 4253, 6894, 7133, 7194, 7826, 6311, 7261, 7507, 12573, 19583, 14336, 8706, 15464, 14000, 12393, 1930)
right	h	1187504	(660, 211)	[(-36, 540, 882), (-54, 540, 882), (-36, 540, 900), (-36, 540, 900), (-36, 558, 900), (-36, 540, 900), (-36, 540, 900), (-36, 540, 900), (-36, 558, 882), (-36, 540, 900), (-36, 558, 900), (-54, 558, 900), (-72, 540, 900), (-72, 540, 864), (-90, 540, 864), (-90, 558, 882), (-108, 540, 882), (-72, 558, 864), (-72, 576, 864), (-72, 558, 864), (-90, 558, 882), (-108, 558, 864), (-90, 558, 882), (-90, 576, 900), (-108, 558, 882)]	(9448, 10967, 9201, 9920, 11603, 10294, 7793, 8517, 4156, 6938, 6988, 6778, 7130, 7548, 7537, 7652, 14198, 19675, 14185, 8796, 15401, 13697, 12342, 1937)
right	a	1189661	(665, 413)	[(-126, 558, 882), (-126, 558, 882), (-126, 558, 882), (-144, 558, 864), (-126, 540, 864), (-144, 558, 900), (-126, 558, 864), (-126, 558, 882), (-126, 558, 864), (-144, 558, 864), (-144, 558, 846), (-162, 558, 846), (-162, 576, 846), (-180, 594, 864), (-198, 594, 882), (-180, 594, 864), (-180, 576, 828), (-180, 576, 828), (-180, 612, 882), (-180, 612, 828), (-198, 612, 846), (-198, 612, 882), (-180, 594, 846), (-198, 594, 810), (-252, 630, 774)]	(9510, 11205, 9249, 9971, 11520, 9680, 6450, 9257, 4180, 6920, 6269, 6690, 7117, 7908, 7539, 7294, 14188, 19623, 14080, 8762, 15310, 13649, 12296, 1935)
