Please hold the phone in your left hand and type with your left thumb
i	2373475	(586, 128)	[(-54, 594, 882), (-54, 594, 900), (-36, 612, 864), (0, 594, 846), (-54, 594, 864), (-36, 612, 828), (18, 612, 846), (-36, 594, 882), (-36, 612, 828), (-36, 594, 864), (0, 594, 864), (-36, 594, 882), (-36, 594, 882), (-36, 594, 828), (-18, 594, 864), (-18, 612, 882), (18, 612, 828), (0, 612, 846), (0, 666, 702), (-54, 630, 756), (-36, 612, 972), (18, 738, 1026), (18, 684, 900), (144, 594, 612), (162, 504, 684)]	(9481, 11534, 9861, 10715, 11587, 9663, 5395, 7941, 5497, 6913, 6276, 7193, 4590, 6254, 8471, 7149, 11630, 23095, 16675, 8974, 16001, 13709, 13407, 2071)
 	2373766	(852, 236)	[(-36, 612, 828), (-36, 594, 864), (0, 594, 864), (-36, 594, 882), (-36, 594, 882), (-36, 594, 828), (-18, 594, 864), (-18, 612, 882), (18, 612, 828), (0, 612, 846), (0, 666, 702), (-54, 630, 756), (-36, 612, 972), (18, 738, 1026), (18, 684, 900), (144, 594, 612), (162, 504, 684), (-18, 558, 774), (-36, 612, 990), (-36, 576, 972), (-36, 612, 810), (-90, 648, 846), (-36, 576, 918), (36, 576, 936), (0, 558, 864)]	(9474, 11347, 9793, 10590, 11571, 9524, 5356, 7349, 5245, 6860, 6301, 7240, 4552, 6228, 8278, 7146, 11589, 23068, 15467, 8968, 15999, 13724, 13392, 2081)
c	2374075	(744, 297)	[(0, 612, 846), (0, 666, 702), (-54, 630, 756), (-36, 612, 972), (18, 738, 1026), (18, 684, 900), (144, 594, 612), (162, 504, 684), (-18, 558, 774), (-36, 612, 990), (-36, 576, 972), (-36, 612, 810), (-90, 648, 846), (-36, 576, 918), (36, 576, 936), (0, 558, 864), (-36, 558, 954), (18, 540, 918), (18, 558, 882), (108, 522, 900), (90, 540, 756), (-18, 576, 954), (72, 576, 954), (72, 540, 900), (54, 558, 864)]	(9457, 11124, 9747, 10425, 11553, 9590, 5348, 7418, 5445, 6879, 6358, 7841, 4566, 6215, 8055, 7106, 11570, 23069, 15144, 8965, 15907, 13717, 13425, 2083)
a	2374315	(644, 428)	[(144, 594, 612), (162, 504, 684), (-18, 558, 774), (-36, 612, 990), (-36, 576, 972), (-36, 612, 810), (-90, 648, 846), (-36, 576, 918), (36, 576, 936), (0, 558, 864), (-36, 558, 954), (18, 540, 918), (18, 558, 882), (108, 522, 900), (90, 540, 756), (-18, 576, 954), (72, 576, 954), (72, 540, 900), (54, 558, 864), (0, 558, 846), (162, 504, 774), (36, 540, 918), (-36, 558, 954), (18, 540, 990), (36, 540, 936)]	(9442, 10968, 9697, 10356, 11535, 9606, 5483, 7602, 5518, 6971, 6293, 8518, 4510, 6167, 7655, 7093, 11565, 22834, 15389, 8960, 15963, 13755, 13515, 2077)
n	2374607	(730, 144)	[(-36, 558, 954), (18, 540, 918), (18, 558, 882), (108, 522, 900), (90, 540, 756), (-18, 576, 954), (72, 576, 954), (72, 540, 900), (54, 558, 864), (0, 558, 846), (162, 504, 774), (36, 540, 918), (-36, 558, 954), (18, 540, 990), (36, 540, 936), (-36, 594, 828), (90, 522, 918), (-54, 612, 792), (0, 576, 918), (54, 540, 936), (72, 594, 792), (36, 594, 810), (-54, 666, 918), (36, 612, 1008), (90, 558, 738)]	(9474, 11443, 9903, 10705, 11584, 9684, 5681, 7393, 5195, 6872, 6215, 7556, 4519, 6160, 7707, 7218, 11575, 23181, 16708, 8988, 16064, 13783, 13543, 2090)
 	2374849	(853, 254)	[(72, 576, 954), (72, 540, 900), (54, 558, 864), (0, 558, 846), (162, 504, 774), (36, 540, 918), (-36, 558, 954), (18, 540, 990), (36, 540, 936), (-36, 594, 828), (90, 522, 918), (-54, 612, 792), (0, 576, 918), (54, 540, 936), (72, 594, 792), (36, 594, 810), (-54, 666, 918), (36, 612, 1008), (90, 558, 738), (36, 504, 918), (-54, 576, 882), (-90, 666, 972), (-72, 648, 972), (18, 612, 774), (54, 576, 864)]	(9462, 11325, 9877, 10600, 11573, 9599, 5463, 7454, 5265, 6930, 6253, 7478, 4525, 6124, 7726, 7138, 11552, 23020, 16184, 8972, 16018, 13777, 13477, 2066)
t	2375100	(587, 276)	[(36, 540, 936), (-36, 594, 828), (90, 522, 918), (-54, 612, 792), (0, 576, 918), (54, 540, 936), (72, 594, 792), (36, 594, 810), (-54, 666, 918), (36, 612, 1008), (90, 558, 738), (36, 504, 918), (-54, 576, 882), (-90, 666, 972), (-72, 648, 972), (18, 612, 774), (54, 576, 864), (18, 558, 1062), (18, 558, 828), (36, 612, 810), (72, 630, 774), (0, 594, 810), (-54, 630, 936), (-54, 666, 828), (18, 630, 684)]	(9467, 11406, 9919, 10698, 11587, 9666, 5731, 7869, 5190, 6973, 6264, 7796, 4526, 6200, 7986, 7053, 11578, 23472, 16242, 8997, 15967, 13807, 13533, 2104)
h	2375357	(652, 204)	[(36, 594, 810), (-54, 666, 918), (36, 612, 1008), (90, 558, 738), (36, 504, 918), (-54, 576, 882), (-90, 666, 972), (-72, 648, 972), (18, 612, 774), (54, 576, 864), (18, 558, 1062), (18, 558, 828), (36, 612, 810), (72, 630, 774), (0, 594, 810), (-54, 630, 936), (-54, 666, 828), (18, 630, 684), (-36, 648, 774), (18, 630, 810), (-36, 630, 828), (-72, 666, 882), (18, 630, 828), (72, 594, 792), (36, 594, 846)]	(9467, 11283, 9860, 10614, 11566, 9650, 5360, 7457, 4997, 6864, 6270, 7542, 4506, 6174, 7838, 7034, 11543, 23266, 15898, 8974, 15903, 13750, 13460, 2091)
e	2375600	(560, 351)	[(-90, 666, 972), (-72, 648, 972), (18, 612, 774), (54, 576, 864), (18, 558, 1062), (18, 558, 828), (36, 612, 810), (72, 630, 774), (0, 594, 810), (-54, 630, 936), (-54, 666, 828), (18, 630, 684), (-36, 648, 774), (18, 630, 810), (-36, 630, 828), (-72, 666, 882), (18, 630, 828), (72, 594, 792), (36, 594, 846), (36, 612, 810), (36, 612, 900), (54, 594, 936), (54, 612, 954), (18, 648, 684), (54, 612, 810)]	(9467, 11233, 9870, 10581, 11570, 9628, 5472, 7558, 5135, 6877, 6151, 7962, 4453, 6179, 7860, 7051, 11556, 23182, 16075, 8979, 15938, 13756, 13470, 2074)
n	2375940	(741, 160)	[(18, 630, 684), (-36, 648, 774), (18, 630, 810), (-36, 630, 828), (-72, 666, 882), (18, 630, 828), (72, 594, 792), (36, 594, 846), (36, 612, 810), (36, 612, 900), (54, 594, 936), (54, 612, 954), (18, 648, 684), (54, 612, 810), (0, 612, 828), (-36, 612, 954), (-36, 612, 864), (-36, 612, 846), (-54, 630, 846), (0, 612, 864), (-36, 648, 828), (36, 648, 720), (-36, 630, 846), (-36, 666, 900), (18, 630, 738)]	(9481, 11396, 9890, 10703, 11578, 9684, 5574, 7539, 5064, 6967, 6201, 7457, 4492, 6174, 7768, 7104, 11518, 23205, 16402, 8977, 15969, 13767, 13499, 2091)
 	2376190	(845, 222)	[(72, 594, 792), (36, 594, 846), (36, 612, 810), (36, 612, 900), (54, 594, 936), (54, 612, 954), (18, 648, 684), (54, 612, 810), (0, 612, 828), (-36, 612, 954), (-36, 612, 864), (-36, 612, 846), (-54, 630, 846), (0, 612, 864), (-36, 648, 828), (36, 648, 720), (-36, 630, 846), (-36, 666, 900), (18, 630, 738), (0, 540, 882), (36, 612, 846), (-90, 684, 900), (-90, 648, 954), (-36, 630, 900), (36, 612, 828)]	(9476, 11300, 9888, 10666, 11577, 9652, 5588, 7409, 5176, 6930, 6192, 7612, 4491, 6143, 7696, 7090, 11503, 23066, 15810, 8965, 15974, 13771, 13483, 2095)
a	2376549	(663, 424)	[(-54, 630, 846), (0, 612, 864), (-36, 648, 828), (36, 648, 720), (-36, 630, 846), (-36, 666, 900), (18, 630, 738), (0, 540, 882), (36, 612, 846), (-90, 684, 900), (-90, 648, 954), (-36, 630, 900), (36, 612, 828), (18, 576, 846), (-54, 576, 846), (0, 576, 900), (0, 576, 900), (18, 576, 918), (0, 558, 936), (18, 576, 900), (18, 630, 756), (0, 576, 846), (0, 576, 882), (-36, 594, 900), (18, 558, 774)]	(9449, 11056, 9800, 10430, 11550, 9603, 5616, 7601, 5250, 6888, 6436, 8573, 4507, 6136, 7640, 7041, 11557, 22926, 15380, 8963, 15913, 13781, 13525, 2085)
c	2376991	(755, 279)	[(0, 576, 900), (18, 576, 918), (0, 558, 936), (18, 576, 900), (18, 630, 756), (0, 576, 846), (0, 576, 882), (-36, 594, 900), (18, 558, 774), (18, 576, 810), (-54, 612, 954), (0, 558, 864), (-36, 648, 738), (-54, 630, 792), (-18, 594, 882), (-36, 594, 882), (0, 594, 864), (18, 630, 810), (36, 612, 792), (18, 594, 846), (0, 630, 864), (-54, 648, 846), (0, 612, 864), (54, 594, 810), (-36, 612, 900)]	(9462, 11226, 9931, 10603, 11561, 9603, 5554, 7612, 5083, 6933, 6106, 7921, 4475, 6149, 7594, 7061, 11530, 23080, 15993, 8967, 15918, 13776, 13550, 2084)
c	2377180	(754, 282)	[(18, 630, 756), (0, 576, 846), (0, 576, 882), (-36, 594, 900), (18, 558, 774), (18, 576, 810), (-54, 612, 954), (0, 558, 864), (-36, 648, 738), (-54, 630, 792), (-18, 594, 882), (-36, 594, 882), (0, 594, 864), (18, 630, 810), (36, 612, 792), (18, 594, 846), (0, 630, 864), (-54, 648, 846), (0, 612, 864), (54, 594, 810), (-36, 612, 900), (18, 594, 864), (-54, 630, 900), (18, 612, 792), (0, 594, 756)]	(9460, 11223, 9904, 10570, 11562, 9621, 5507, 7605, 5115, 6871, 6249, 7799, 4468, 6163, 7577, 7000, 11526, 23048, 15955, 8962, 15925, 13771, 13529, 2087)
e	2377690	(556, 365)	[(0, 612, 864), (54, 594, 810), (-36, 612, 900), (18, 594, 864), (-54, 630, 900), (18, 612, 792), (0, 594, 756), (-36, 594, 972), (-36, 594, 882), (-36, 594, 846), (0, 594, 864), (-18, 594, 846), (-18, 594, 810), (-54, 612, 864), (-36, 594, 828), (-36, 612, 882), (-36, 630, 900), (-36, 630, 900), (-54, 630, 882), (0, 612, 828), (18, 612, 702), (18, 612, 810), (-54, 648, 900), (-54, 630, 774), (18, 594, 810)]	(9467, 11204, 9908, 10548, 11565, 9540, 5408, 7660, 5239, 6915, 6144, 7777, 4482, 6137, 7633, 7050, 11530, 23126, 15675, 8976, 15892, 13763, 13532, 2081)
p	2378197	(557, 32)	[(-54, 630, 882), (0, 612, 828), (18, 612, 702), (18, 612, 810), (-54, 648, 900), (-54, 630, 774), (18, 594, 810), (-54, 612, 882), (-54, 576, 864), (-90, 612, 846), (18, 666, 828), (90, 612, 882), (90, 594, 936), (18, 612, 846), (-90, 648, 882), (54, 684, 792), (126, 594, 846), (54, 630, 738), (90, 756, 504), (90, 612, 918), (90, 630, 972), (36, 666, 846), (90, 648, 774), (72, 594, 936), (36, 594, 1044)]	(9468, 11364, 9763, 10706, 11569, 9570, 5302, 7414, 5127, 6951, 6215, 7625, 4525, 6118, 7556, 7231, 11420, 22772, 16891, 8957, 16035, 13725, 13473, 2078)
t	2379009	(591, 219)	[(0, 630, 864), (0, 648, 828), (18, 630, 810), (18, 630, 846), (18, 630, 792), (0, 630, 846), (0, 612, 864), (-18, 630, 882), (-18, 648, 864), (18, 648, 846), (0, 630, 846), (0, 630, 846), (18, 630, 810), (0, 630, 846), (0, 648, 828), (18, 648, 828), (0, 630, 828), (-36, 648, 846), (0, 648, 828), (18, 630, 864), (-36, 666, 864), (-18, 684, 756), (36, 630, 792), (-72, 684, 990), (-36, 702, 828)]	(9458, 11306, 9870, 10658, 11573, 9647, 5781, 7793, 5040, 6920, 6250, 8004, 4484, 6174, 7726, 7101, 11492, 23048, 16637, 8967, 15993, 13733, 13503, 2086)
 	2379771	(842, 247)	[(18, 666, 828), (18, 630, 846), (36, 648, 828), (18, 648, 792), (36, 666, 828), (18, 630, 810), (18, 630, 792), (18, 648, 810), (36, 648, 828), (18, 666, 846), (18, 648, 882), (18, 648, 864), (0, 648, 828), (18, 648, 828), (18, 630, 828), (18, 630, 810), (18, 630, 792), (36, 612, 792), (36, 612, 864), (36, 630, 774), (-54, 666, 900), (-72, 684, 918), (-18, 630, 954), (54, 630, 900), (18, 612, 828)]	(9460, 11323, 9876, 10641, 11573, 9661, 5559, 7445, 4999, 6895, 6130, 7621, 4492, 6173, 7662, 7095, 11486, 23002, 16569, 8970, 16011, 13742, 13502, 2091)
a	2380265	(655, 420)	[(36, 612, 864), (36, 630, 774), (-54, 666, 900), (-72, 684, 918), (-18, 630, 954), (54, 630, 900), (18, 612, 828), (18, 612, 810), (54, 630, 864), (18, 612, 864), (18, 630, 846), (0, 612, 864), (-18, 594, 918), (18, 576, 882), (54, 576, 828), (54, 558, 882), (0, 576, 900), (-36, 594, 900), (-36, 612, 828), (36, 612, 810), (90, 558, 828), (54, 576, 900), (18, 576, 918), (18, 558, 900), (36, 558, 864)]	(9453, 11070, 9818, 10535, 11550, 9554, 5866, 7551, 5099, 6931, 6419, 8154, 4511, 6142, 7429, 7190, 11463, 22445, 15835, 8945, 16013, 13739, 13531, 2075)
n	2380673	(748, 172)	[(54, 576, 828), (54, 558, 882), (0, 576, 900), (-36, 594, 900), (-36, 612, 828), (36, 612, 810), (90, 558, 828), (54, 576, 900), (18, 576, 918), (18, 558, 900), (36, 558, 864), (54, 558, 828), (18, 594, 954), (18, 612, 846), (36, 612, 828), (36, 576, 936), (-36, 594, 918), (-18, 630, 810), (36, 594, 774), (54, 576, 774), (36, 576, 810), (54, 594, 864), (-36, 630, 882), (-54, 702, 882), (36, 612, 882)]	(9463, 11247, 9864, 10640, 11564, 9635, 6009, 7523, 4987, 6926, 6412, 7700, 4532, 6138, 7489, 7122, 11462, 22748, 15903, 8960, 15975, 13725, 13518, 2086)
d	2380965	(647, 354)	[(18, 558, 900), (36, 558, 864), (54, 558, 828), (18, 594, 954), (18, 612, 846), (36, 612, 828), (36, 576, 936), (-36, 594, 918), (-18, 630, 810), (36, 594, 774), (54, 576, 774), (36, 576, 810), (54, 594, 864), (-36, 630, 882), (-54, 702, 882), (36, 612, 882), (90, 576, 810), (18, 594, 846), (18, 594, 882), (36, 576, 864), (54, 594, 774), (36, 594, 900), (36, 612, 882), (0, 630, 900), (36, 612, 774)]	(9460, 11134, 9847, 10599, 11573, 9630, 5967, 7573, 5235, 6869, 6441, 8249, 4529, 6138, 7525, 7171, 11499, 22860, 15714, 8966, 16004, 13762, 13561, 2084)
 	2381262	(849, 245)	[(-18, 630, 810), (36, 594, 774), (54, 576, 774), (36, 576, 810), (54, 594, 864), (-36, 630, 882), (-54, 702, 882), (36, 612, 882), (90, 576, 810), (18, 594, 846), (18, 594, 882), (36, 576, 864), (54, 594, 774), (36, 594, 900), (36, 612, 882), (0, 630, 900), (36, 612, 774), (-54, 612, 900), (18, 576, 900), (18, 576, 918), (36, 630, 828), (-90, 648, 900), (-72, 648, 918), (54, 612, 882), (36, 576, 792)]	(9455, 11144, 9815, 10539, 11560, 9622, 5935, 7308, 4906, 6949, 6432, 7747, 4469, 6140, 7445, 7172, 11436, 22677, 16014, 8951, 15982, 13730, 13507, 2075)
g	2382444	(679, 246)	[(-36, 630, 846), (-36, 630, 864), (0, 612, 864), (0, 612, 846), (0, 612, 828), (0, 630, 828), (0, 612, 864), (36, 612, 846), (0, 630, 846), (18, 594, 846), (0, 612, 828), (0, 630, 846), (18, 612, 828), (-36, 630, 918), (-18, 612, 900), (-36, 630, 864), (-36, 630, 882), (18, 612, 882), (0, 612, 864), (0, 612, 792), (18, 594, 774), (-36, 612, 864), (-54, 630, 900), (-36, 648, 864), (36, 612, 846)]	(9460, 11209, 9902, 10604, 11566, 9527, 5620, 7374, 5029, 6849, 6408, 7797, 4461, 6132, 7502, 7115, 11470, 22802, 15909, 8960, 15968, 13737, 13529, 2089)
e	2382906	(578, 363)	[(18, 612, 882), (0, 612, 864), (0, 612, 792), (18, 594, 774), (-36, 612, 864), (-54, 630, 900), (-36, 648, 864), (36, 612, 846), (-18, 630, 846), (-72, 612, 882), (-36, 612, 882), (0, 612, 882), (0, 612, 882), (0, 612, 864), (-36, 612, 864), (-36, 630, 828), (-36, 612, 882), (-18, 612, 918), (-36, 612, 828), (-18, 648, 828), (36, 630, 720), (0, 612, 828), (-36, 612, 918), (-54, 630, 864), (-36, 630, 810)]	(9463, 11144, 9910, 10595, 11566, 9682, 5927, 7509, 5108, 6974, 6604, 8252, 4483, 6148, 7531, 7160, 11528, 22882, 15788, 8971, 16006, 13772, 13572, 2080)
t	2383145	(594, 255)	[(-36, 648, 864), (36, 612, 846), (-18, 630, 846), (-72, 612, 882), (-36, 612, 882), (0, 612, 882), (0, 612, 882), (0, 612, 864), (-36, 612, 864), (-36, 630, 828), (-36, 612, 882), (-18, 612, 918), (-36, 612, 828), (-18, 648, 828), (36, 630, 720), (0, 612, 828), (-36, 612, 918), (-54, 630, 864), (-36, 630, 810), (-36, 630, 864), (-36, 630, 792), (54, 612, 756), (0, 612, 882), (-90, 666, 900), (-72, 684, 810)]	(9463, 11224, 9919, 10621, 11565, 9690, 5727, 7423, 5009, 6988, 6350, 7891, 4463, 6119, 7493, 7109, 11454, 22818, 15978, 8960, 15953, 13737, 13548, 2085)
 	2383439	(825, 226)	[(-36, 612, 882), (-18, 612, 918), (-36, 612, 828), (-18, 648, 828), (36, 630, 720), (0, 612, 828), (-36, 612, 918), (-54, 630, 864), (-36, 630, 810), (-36, 630, 864), (-36, 630, 792), (54, 612, 756), (0, 612, 882), (-90, 666, 900), (-72, 684, 810), (54, 630, 774), (0, 594, 828), (18, 612, 846), (36, 576, 882), (54, 576, 882), (-18, 630, 846), (-90, 666, 918), (-36, 648, 900), (18, 612, 810), (0, 612, 882)]	(9457, 11236, 9925, 10645, 11565, 9620, 5963, 7389, 4879, 6830, 6390, 7814, 4465, 6133, 7459, 7132, 11479, 22782, 16114, 8956, 15985, 13750, 13537, 2089)
i	2384200	(603, 116)	[(-36, 648, 828), (18, 630, 846), (36, 630, 810), (18, 648, 828), (-36, 630, 846), (18, 630, 846), (0, 648, 864), (18, 648, 846), (36, 630, 828), (36, 630, 864), (-36, 648, 846), (18, 648, 828), (18, 630, 846), (18, 630, 846), (-36, 648, 810), (-36, 648, 810), (36, 630, 828), (18, 666, 936), (0, 648, 828), (-54, 666, 774), (162, 684, 702), (18, 630, 810), (54, 666, 792), (18, 684, 756), (54, 666, 792)]	(9469, 11363, 9917, 10733, 11577, 9626, 5810, 7632, 5123, 6925, 6401, 7546, 4488, 6125, 7524, 7149, 11463, 22796, 16532, 8953, 15981, 13507, 2090, 48132)
t	2384509	(579, 261)	[(36, 630, 864), (-36, 648, 846), (18, 648, 828), (18, 630, 846), (18, 630, 846), (-36, 648, 810), (-36, 648, 810), (36, 630, 828), (18, 666, 936), (0, 648, 828), (-54, 666, 774), (162, 684, 702), (18, 630, 810), (54, 666, 792), (18, 684, 756), (54, 666, 792), (-18, 648, 828), (36, 630, 900), (18, 630, 918), (18, 666, 810), (72, 612, 756), (-36, 630, 936), (-18, 648, 882), (54, 648, 846), (54, 630, 720)]	(9463, 11194, 9867, 10638, 11573, 9657, 6240, 7516, 5046, 6884, 6771, 8134, 4519, 6129, 7469, 7261, 11421, 22561, 16210, 8951, 16026, 13723, 13480, 2070)
 	2384755	(812, 241)	[(-36, 648, 810), (36, 630, 828), (18, 666, 936), (0, 648, 828), (-54, 666, 774), (162, 684, 702), (18, 630, 810), (54, 666, 792), (18, 684, 756), (54, 666, 792), (-18, 648, 828), (36, 630, 900), (18, 630, 918), (18, 666, 810), (72, 612, 756), (-36, 630, 936), (-18, 648, 882), (54, 648, 846), (54, 630, 720), (54, 576, 846), (36, 576, 972), (54, 612, 846), (-54, 666, 918), (-90, 612, 972), (54, 612, 846)]	(9465, 11249, 9955, 10691, 11587, 9588, 6313, 7195, 5127, 6855, 6640, 7903, 4528, 6145, 7431, 7319, 11468, 22491, 16446, 8949, 16128, 13752, 13534, 2077)
o	2385420	(575, 84)	[(18, 576, 972), (18, 594, 882), (54, 612, 882), (54, 612, 882), (18, 594, 828), (54, 594, 918), (36, 594, 864), (36, 612, 828), (36, 630, 846), (72, 612, 882), (54, 612, 882), (18, 630, 828), (18, 630, 810), (36, 612, 846), (36, 612, 846), (36, 612, 864), (54, 630, 864), (36, 630, 846), (0, 594, 774), (54, 666, 666), (180, 648, 828), (0, 666, 936), (-36, 738, 828), (54, 666, 738), (72, 630, 666)]	(9448, 11230, 9821, 10653, 11576, 9686, 6236, 7268, 5023, 6929, 6641, 7615, 4445, 6154, 7499, 7266, 11390, 22631, 16597, 8947, 16033, 13730, 13453, 2074)
n	2385815	(749, 161)	[(36, 612, 846), (36, 612, 846), (36, 612, 864), (54, 630, 864), (36, 630, 846), (0, 594, 774), (54, 666, 666), (180, 648, 828), (0, 666, 936), (-36, 738, 828), (54, 666, 738), (72, 630, 666), (36, 612, 864), (0, 612, 882), (18, 612, 846), (18, 612, 810), (18, 630, 864), (18, 630, 882), (18, 630, 900), (0, 630, 882), (72, 648, 684), (54, 576, 792), (0, 648, 864), (-36, 684, 864), (54, 666, 738)]	(9470, 11316, 9937, 10770, 11605, 9702, 6605, 7293, 5090, 6967, 6731, 7540, 4484, 6120, 7467, 7348, 11460, 22616, 16698, 8965, 16149, 13770, 13518, 2076)
 	2386006	(833, 183)	[(36, 630, 846), (0, 594, 774), (54, 666, 666), (180, 648, 828), (0, 666, 936), (-36, 738, 828), (54, 666, 738), (72, 630, 666), (36, 612, 864), (0, 612, 882), (18, 612, 846), (18, 612, 810), (18, 630, 864), (18, 630, 882), (18, 630, 900), (0, 630, 882), (72, 648, 684), (54, 576, 792), (0, 648, 864), (-36, 684, 864), (54, 666, 738), (108, 576, 900), (-108, 666, 972), (-108, 648, 1008), (-36, 666, 882)]	(9492, 11485, 9993, 10849, 11603, 9692, 5888, 7095, 4900, 6901, 6334, 7154, 4433, 6126, 7409, 7177, 11432, 22547, 16688, 8955, 16141, 13778, 13503, 2078)
m	2386249	(764, 113)	[(54, 666, 738), (72, 630, 666), (36, 612, 864), (0, 612, 882), (18, 612, 846), (18, 612, 810), (18, 630, 864), (18, 630, 882), (18, 630, 900), (0, 630, 882), (72, 648, 684), (54, 576, 792), (0, 648, 864), (-36, 684, 864), (54, 666, 738), (108, 576, 900), (-108, 666, 972), (-108, 648, 1008), (-36, 666, 882), (-36, 612, 774), (18, 612, 720), (-54, 648, 882), (-72, 666, 918), (-54, 684, 900), (54, 630, 792)]	(9468, 11360, 9921, 10753, 11587, 9658, 6132, 7001, 4920, 6900, 6524, 7191, 4507, 6098, 7430, 7221, 11430, 22467, 16612, 8955, 16121, 13748, 13482, 2070)
y	2386508	(583, 200)	[(18, 630, 864), (18, 630, 882), (18, 630, 900), (0, 630, 882), (72, 648, 684), (54, 576, 792), (0, 648, 864), (-36, 684, 864), (54, 666, 738), (108, 576, 900), (-108, 666, 972), (-108, 648, 1008), (-36, 666, 882), (-36, 612, 774), (18, 612, 720), (-54, 648, 882), (-72, 666, 918), (-54, 684, 900), (54, 630, 792), (18, 630, 918), (36, 630, 774), (18, 612, 900), (36, 648, 918), (54, 648, 882), (36, 666, 828)]	(9472, 11326, 9919, 10776, 11591, 9697, 6715, 7073, 5050, 6925, 6932, 7636, 4496, 6119, 7456, 7373, 11449, 22571, 16631, 8966, 16146, 13793, 13542, 2079)
 	2386799	(811, 229)	[(54, 666, 738), (108, 576, 900), (-108, 666, 972), (-108, 648, 1008), (-36, 666, 882), (-36, 612, 774), (18, 612, 720), (-54, 648, 882), (-72, 666, 918), (-54, 684, 900), (54, 630, 792), (18, 630, 918), (36, 630, 774), (18, 612, 900), (36, 648, 918), (54, 648, 882), (36, 666, 828), (36, 648, 684), (18, 576, 882), (0, 576, 990), (0, 594, 846), (-72, 648, 882), (-108, 666, 918), (-36, 648, 900), (54, 594, 846)]	(9476, 11317, 9937, 10746, 11593, 9667, 6483, 6957, 5088, 6974, 6729, 7362, 4512, 6090, 7406, 7344, 11426, 22447, 16510, 8970, 16185, 13792, 13537, 2078)
c	2387712	(740, 274)	[(18, 612, 864), (36, 576, 900), (18, 612, 900), (0, 612, 882), (0, 612, 900), (-36, 612, 882), (18, 612, 828), (18, 594, 828), (0, 594, 846), (18, 612, 828), (0, 612, 846), (18, 594, 918), (18, 594, 918), (18, 630, 882), (0, 630, 864), (54, 594, 846), (72, 576, 828), (36, 576, 846), (36, 594, 846), (18, 576, 882), (18, 612, 846), (108, 630, 684), (-36, 630, 918), (-36, 666, 936), (0, 648, 972)]	(9460, 11131, 9866, 10599, 11579, 9686, 6290, 7067, 5163, 6957, 6640, 7981, 4520, 6088, 7388, 7255, 11418, 22369, 15516, 8945, 16008, 13769, 13594, 2074)
a	2387955	(635, 456)	[(18, 612, 828), (18, 594, 828), (0, 594, 846), (18, 612, 828), (0, 612, 846), (18, 594, 918), (18, 594, 918), (18, 630, 882), (0, 630, 864), (54, 594, 846), (72, 576, 828), (36, 576, 846), (36, 594, 846), (18, 576, 882), (18, 612, 846), (108, 630, 684), (-36, 630, 918), (-36, 666, 936), (0, 648, 972), (-72, 594, 882), (-54, 576, 774), (108, 594, 864), (216, 522, 900), (180, 540, 810), (90, 576, 918)]	(9440, 10850, 9767, 10456, 11552, 9606, 6332, 7089, 5174, 6940, 6897, 8549, 4534, 6128, 7365, 7275, 11430, 22092, 15217, 8923, 15890, 13723, 13575, 2079)
l	2388417	(661, 67)	[(-36, 666, 936), (0, 648, 972), (-72, 594, 882), (-54, 576, 774), (108, 594, 864), (216, 522, 900), (180, 540, 810), (90, 576, 918), (18, 558, 1008), (-54, 630, 828), (54, 576, 846), (36, 576, 864), (18, 576, 900), (0, 630, 864), (36, 612, 918), (54, 594, 936), (72, 594, 864), (18, 594, 810), (90, 612, 828), (180, 576, 810), (0, 612, 918), (-54, 666, 882), (-36, 684, 900), (72, 630, 738), (144, 576, 756)]	(9467, 11171, 9886, 10788, 11586, 9705, 7039, 7009, 5007, 6983, 7180, 7797, 4588, 6110, 7332, 7645, 11387, 21971, 16400, 8935, 16058, 13735, 13533, 2066)
e	2388708	(578, 357)	[(18, 558, 1008), (-54, 630, 828), (54, 576, 846), (36, 576, 864), (18, 576, 900), (0, 630, 864), (36, 612, 918), (54, 594, 936), (72, 594, 864), (18, 594, 810), (90, 612, 828), (180, 576, 810), (0, 612, 918), (-54, 666, 882), (-36, 684, 900), (72, 630, 738), (144, 576, 756), (-72, 594, 936), (-18, 612, 882), (-36, 612, 846), (36, 612, 846), (72, 594, 864), (36, 594, 918), (0, 612, 936), (-36, 648, 864)]	(9459, 11013, 9882, 10707, 11589, 9724, 7000, 7027, 5140, 7008, 7245, 8221, 4540, 6135, 7358, 7470, 11448, 22148, 15908, 8938, 16011, 13757, 13560, 2064)
n	2389797	(749, 157)	[(18, 612, 810), (18, 612, 918), (36, 612, 864), (54, 594, 810), (36, 612, 864), (18, 612, 882), (18, 648, 846), (-18, 630, 846), (18, 612, 864), (0, 612, 828), (18, 612, 864), (0, 612, 828), (-54, 630, 864), (0, 612, 882), (18, 612, 882), (18, 630, 828), (18, 612, 828), (18, 612, 828), (36, 594, 864), (36, 612, 810), (36, 648, 810), (72, 612, 846), (18, 648, 864), (-54, 666, 846), (18, 648, 846)]	(9463, 11092, 9895, 10700, 11580, 9638, 7019, 6936, 5164, 7004, 6993, 7762, 4523, 6084, 7336, 7424, 11434, 22154, 16214, 8924, 16054, 13750, 13564, 2073)
d	2390139	(646, 321)	[(0, 612, 828), (-54, 630, 864), (0, 612, 882), (18, 612, 882), (18, 630, 828), (18, 612, 828), (18, 612, 828), (36, 594, 864), (36, 612, 810), (36, 648, 810), (72, 612, 846), (18, 648, 864), (-54, 666, 846), (18, 648, 846), (72, 612, 774), (0, 630, 792), (54, 594, 828), (36, 594, 882), (36, 630, 738), (18, 612, 846), (-36, 648, 954), (-18, 666, 972), (36, 666, 918), (126, 594, 738), (90, 612, 702)]	(9444, 10940, 9811, 10543, 11546, 9665, 6460, 6854, 5018, 6925, 6940, 7965, 4520, 6089, 7349, 7255, 11360, 22090, 15278, 8911, 15887, 13706, 13535, 2074)
a	2390333	(651, 430)	[(18, 630, 828), (18, 612, 828), (18, 612, 828), (36, 594, 864), (36, 612, 810), (36, 648, 810), (72, 612, 846), (18, 648, 864), (-54, 666, 846), (18, 648, 846), (72, 612, 774), (0, 630, 792), (54, 594, 828), (36, 594, 882), (36, 630, 738), (18, 612, 846), (-36, 648, 954), (-18, 666, 972), (36, 666, 918), (126, 594, 738), (90, 612, 702), (-108, 612, 810), (36, 576, 882), (0, 558, 990), (0, 594, 1008)]	(9448, 10887, 9830, 10573, 11559, 9662, 6800, 7177, 5254, 6962, 7346, 8699, 4520, 6128, 7305, 7485, 11355, 21572, 15330, 8911, 15967, 13730, 13589, 2065)
r	2390645	(600, 293)	[(18, 648, 846), (72, 612, 774), (0, 630, 792), (54, 594, 828), (36, 594, 882), (36, 630, 738), (18, 612, 846), (-36, 648, 954), (-18, 666, 972), (36, 666, 918), (126, 594, 738), (90, 612, 702), (-108, 612, 810), (36, 576, 882), (0, 558, 990), (0, 594, 1008), (-18, 594, 882), (36, 594, 810), (36, 594, 864), (18, 612, 846), (0, 648, 864), (0, 612, 954), (0, 630, 936), (36, 648, 846), (72, 612, 738)]	(9446, 10955, 9838, 10619, 11555, 9645, 6523, 6736, 4885, 6923, 6850, 7798, 4477, 6090, 7251, 7297, 11330, 21633, 15668, 8898, 15926, 13711, 13559, 2065)
 	2392279	(827, 237)	[(-54, 612, 828), (-90, 630, 864), (-54, 612, 864), (-72, 612, 792), (-90, 630, 882), (-72, 612, 882), (-54, 612, 882), (-54, 612, 828), (-90, 630, 864), (-90, 630, 864), (-72, 612, 882), (-54, 612, 864), (-54, 612, 846), (-72, 630, 846), (0, 612, 882), (18, 558, 846), (-36, 612, 828), (-54, 612, 846), (-54, 594, 810), (54, 594, 810), (-18, 612, 828), (-108, 648, 972), (-90, 648, 918), (-54, 630, 954), (36, 594, 828)]	(9459, 11125, 9941, 10718, 11573, 9702, 6674, 6931, 4770, 6956, 6694, 7430, 4476, 6104, 7281, 7258, 11404, 21901, 16122, 8924, 16032, 13765, 13581, 2071)
i	2392789	(574, 130)	[(54, 594, 810), (-18, 612, 828), (-108, 648, 972), (-90, 648, 918), (-54, 630, 954), (36, 594, 828), (-36, 594, 792), (-36, 612, 954), (-54, 648, 864), (-36, 648, 900), (36, 612, 882), (18, 648, 828), (0, 630, 864), (0, 630, 810), (0, 630, 774), (0, 612, 828), (18, 630, 846), (0, 630, 810), (0, 630, 846), (0, 630, 882), (36, 648, 702), (18, 612, 882), (-72, 666, 954), (-54, 684, 882), (90, 630, 648)]	(9463, 11168, 9893, 10768, 11590, 9685, 6916, 7040, 4864, 6862, 6878, 7524, 4445, 6121, 7307, 7340, 11351, 21924, 16352, 8922, 16021, 13738, 13543, 2068)
n	2393186	(731, 158)	[(0, 630, 810), (0, 630, 774), (0, 612, 828), (18, 630, 846), (0, 630, 810), (0, 630, 846), (0, 630, 882), (36, 648, 702), (18, 612, 882), (-72, 666, 954), (-54, 684, 882), (90, 630, 648), (18, 594, 900), (36, 612, 918), (36, 594, 918), (-36, 612, 864), (-36, 648, 864), (18, 612, 846), (36, 576, 846), (54, 576, 756), (54, 594, 792), (-54, 594, 900), (-144, 720, 972), (-90, 702, 936), (54, 648, 720)]	(9468, 11165, 9941, 10763, 11578, 9622, 7080, 6831, 4915, 6970, 6948, 7371, 4503, 6090, 7279, 7355, 11376, 21915, 16280, 8926, 16060, 13752, 13538, 2069)
 	2393433	(841, 222)	[(0, 630, 882), (36, 648, 702), (18, 612, 882), (-72, 666, 954), (-54, 684, 882), (90, 630, 648), (18, 594, 900), (36, 612, 918), (36, 594, 918), (-36, 612, 864), (-36, 648, 864), (18, 612, 846), (36, 576, 846), (54, 576, 756), (54, 594, 792), (-54, 594, 900), (-144, 720, 972), (-90, 702, 936), (54, 648, 720), (54, 576, 828), (-108, 684, 954), (-90, 648, 918), (36, 612, 882), (54, 594, 864), (-36, 594, 918)]	(9456, 11162, 9912, 10750, 11583, 9719, 6879, 6926, 4917, 6919, 6800, 7461, 4516, 6106, 7293, 7354, 11375, 21865, 16194, 8932, 16103, 13765, 13545, 2060)
t	2394472	(592, 254)	[(-54, 594, 918), (-72, 630, 846), (-54, 630, 846), (-54, 594, 882), (-54, 612, 828), (-54, 612, 846), (-72, 612, 882), (-54, 612, 828), (-54, 612, 828), (-54, 612, 882), (-54, 612, 882), (-54, 612, 846), (-54, 612, 846), (-54, 612, 828), (-72, 630, 864), (-54, 630, 864), (-72, 630, 828), (-54, 630, 864), (-54, 594, 882), (-90, 612, 810), (-54, 648, 810), (-36, 612, 792), (-72, 630, 828), (-54, 648, 810), (-18, 612, 810)]	(9455, 11082, 9860, 10660, 11565, 9613, 6665, 6941, 4870, 6888, 6684, 7449, 4439, 6122, 7363, 7266, 11383, 22136, 15913, 8933, 16010, 13752, 13545, 2073)
h	2394763	(650, 189)	[(-54, 612, 882), (-54, 612, 882), (-54, 612, 846), (-54, 612, 846), (-54, 612, 828), (-72, 630, 864), (-54, 630, 864), (-72, 630, 828), (-54, 630, 864), (-54, 594, 882), (-90, 612, 810), (-54, 648, 810), (-36, 612, 792), (-72, 630, 828), (-54, 648, 810), (-18, 612, 810), (-54, 630, 936), (-36, 612, 828), (-36, 666, 774), (-54, 612, 864), (-54, 648, 864), (-54, 666, 864), (-36, 648, 828), (36, 612, 774), (0, 594, 882)]	(9453, 11066, 9880, 10691, 11573, 9656, 6794, 6884, 4876, 6935, 6907, 7658, 4460, 6134, 7320, 7270, 11396, 22052, 15750, 8925, 15987, 13725, 13545, 2064)
e	2395008	(567, 350)	[(-54, 630, 864), (-72, 630, 828), (-54, 630, 864), (-54, 594, 882), (-90, 612, 810), (-54, 648, 810), (-36, 612, 792), (-72, 630, 828), (-54, 648, 810), (-18, 612, 810), (-54, 630, 936), (-36, 612, 828), (-36, 666, 774), (-54, 612, 864), (-54, 648, 864), (-54, 666, 864), (-36, 648, 828), (36, 612, 774), (0, 594, 882), (-90, 648, 738), (-108, 684, 684), (36, 612, 882), (18, 594, 954), (18, 612, 990), (0, 630, 864)]	(9465, 11053, 9897, 10733, 11586, 9715, 7023, 7093, 5183, 6961, 7040, 8100, 4523, 6129, 7348, 7348, 11456, 22086, 16000, 8929, 16054, 13774, 13596, 2075)
 	2395269	(815, 248)	[(-72, 630, 828), (-54, 648, 810), (-18, 612, 810), (-54, 630, 936), (-36, 612, 828), (-36, 666, 774), (-54, 612, 864), (-54, 648, 864), (-54, 666, 864), (-36, 648, 828), (36, 612, 774), (0, 594, 882), (-90, 648, 738), (-108, 684, 684), (36, 612, 882), (18, 594, 954), (18, 612, 990), (0, 630, 864), (36, 612, 756), (0, 576, 792), (90, 576, 756), (-180, 684, 1008), (-126, 666, 900), (-54, 630, 900), (36, 594, 900)]	(9456, 11120, 9920, 10704, 11581, 9606, 6843, 6800, 4887, 6927, 6800, 7290, 4481, 6061, 7310, 7296, 11417, 22011, 16174, 8933, 16059, 13762, 13560, 2060)
o	2396134	(589, 81)	[(-54, 630, 864), (-54, 630, 864), (-54, 612, 882), (-54, 630, 810), (-54, 612, 810), (-54, 630, 882), (-72, 630, 918), (-36, 630, 900), (-18, 630, 864), (-36, 648, 828), (0, 612, 810), (-36, 612, 810), (-36, 630, 846), (-36, 630, 828), (-18, 648, 828), (-54, 648, 810), (-72, 666, 846), (-54, 648, 918), (-36, 666, 864), (-18, 648, 720), (0, 684, 666), (54, 648, 792), (-54, 666, 900), (-54, 702, 864), (72, 666, 792)]	(9470, 11191, 9909, 10820, 11600, 9714, 7229, 7054, 4979, 6896, 7144, 7489, 4515, 6141, 7497, 7514, 11410, 22530, 16002, 8960, 16047, 13742, 13503, 2076)
f	2396646	(665, 290)	[(-18, 648, 720), (0, 684, 666), (54, 648, 792), (-54, 666, 900), (-54, 702, 864), (72, 666, 792), (18, 648, 756), (-54, 630, 864), (-90, 648, 882), (-72, 648, 828), (-54, 648, 810), (-54, 648, 882), (-54, 630, 882), (-72, 630, 810), (-36, 648, 792), (0, 612, 828), (-36, 612, 810), (-72, 630, 828), (-36, 648, 846), (36, 630, 756), (-54, 666, 882), (-108, 684, 900), (-54, 648, 864), (0, 630, 810), (18, 630, 828)]	(9454, 11042, 9917, 10725, 11608, 9722, 7394, 7030, 4997, 6983, 7132, 7683, 4503, 6106, 7407, 7485, 11416, 22309, 15571, 8945, 16030, 13725, 13505, 2071)
f	2396839	(665, 273)	[(-54, 702, 864), (72, 666, 792), (18, 648, 756), (-54, 630, 864), (-90, 648, 882), (-72, 648, 828), (-54, 648, 810), (-54, 648, 882), (-54, 630, 882), (-72, 630, 810), (-36, 648, 792), (0, 612, 828), (-36, 612, 810), (-72, 630, 828), (-36, 648, 846), (36, 630, 756), (-54, 666, 882), (-108, 684, 900), (-54, 648, 864), (0, 630, 810), (18, 630, 828), (36, 594, 702), (-36, 630, 900), (18, 630, 864), (-90, 648, 846)]	(9455, 11067, 9895, 10726, 11586, 9694, 7083, 6816, 5103, 6928, 7117, 7624, 4496, 6111, 7389, 7449, 11390, 22291, 15589, 8940, 16031, 13736, 13518, 2064)
i	2397132	(566, 129)	[(-72, 630, 810), (-36, 648, 792), (0, 612, 828), (-36, 612, 810), (-72, 630, 828), (-36, 648, 846), (36, 630, 756), (-54, 666, 882), (-108, 684, 900), (-54, 648, 864), (0, 630, 810), (18, 630, 828), (36, 594, 702), (-36, 630, 900), (18, 630, 864), (-90, 648, 846), (-54, 648, 810), (-54, 630, 900), (-90, 648, 792), (-54, 648, 810), (0, 648, 720), (18, 648, 882), (-36, 648, 900), (-54, 684, 882), (0, 630, 684)]	(9443, 11052, 9890, 10692, 11562, 9585, 7053, 6935, 4881, 6942, 7043, 7495, 4482, 6125, 7371, 7342, 11360, 22212, 15532, 8923, 15954, 13705, 13497, 2075)
c	2397795	(748, 274)	[(-72, 612, 810), (18, 612, 918), (18, 612, 864), (-72, 648, 846), (-54, 630, 882), (0, 630, 900), (0, 612, 810), (0, 594, 774), (0, 576, 774), (18, 594, 846), (-54, 630, 918), (-36, 648, 918), (-36, 630, 900), (-36, 630, 846), (-90, 648, 864), (-54, 630, 828), (-18, 612, 828), (-54, 630, 810), (-72, 612, 810), (18, 612, 828), (18, 594, 810), (72, 630, 756), (-108, 648, 990), (-36, 630, 990), (72, 612, 864)]	(9453, 11058, 9906, 10668, 11579, 9716, 6923, 6959, 4871, 6949, 7020, 7704, 4468, 6141, 7370, 7322, 11400, 22185, 15473, 8931, 16013, 13730, 13516, 2075)
e	2398038	(561, 351)	[(0, 594, 774), (0, 576, 774), (18, 594, 846), (-54, 630, 918), (-36, 648, 918), (-36, 630, 900), (-36, 630, 846), (-90, 648, 864), (-54, 630, 828), (-18, 612, 828), (-54, 630, 810), (-72, 612, 810), (18, 612, 828), (18, 594, 810), (72, 630, 756), (-108, 648, 990), (-36, 630, 990), (72, 612, 864), (0, 612, 792), (-72, 630, 846), (-36, 630, 918), (18, 612, 828), (54, 630, 702), (-72, 630, 918), (-72, 648, 846)]	(9458, 11048, 9896, 10665, 11585, 9628, 7162, 6970, 5080, 6948, 6872, 7931, 4530, 6120, 7378, 7364, 11429, 22343, 15522, 8942, 16007, 13751, 13570, 2079)
t	2401492	(586, 264)	[(36, 450, 972), (-36, 486, 918), (-90, 486, 900), (-108, 468, 1080), (-36, 450, 936), (-36, 450, 918), (-90, 486, 918), (-72, 486, 882), (-54, 504, 882), (-90, 522, 900), (-90, 540, 882), (-108, 540, 918), (-90, 540, 936), (-54, 522, 882), (-72, 540, 918), (-108, 576, 918), (-72, 558, 864), (-54, 540, 864), (-72, 558, 882), (-72, 558, 864), (-36, 540, 828), (-54, 540, 918), (-108, 558, 936), (-72, 594, 882), (-54, 558, 846)]	(9484, 11149, 10101, 10880, 11612, 9725, 7906, 6615, 4860, 7048, 7309, 6904, 4535, 6222, 8311, 7656, 11663, 22846, 15151, 8980, 16207, 13780, 13439, 2083)
h	2401780	(661, 174)	[(-90, 522, 900), (-90, 540, 882), (-108, 540, 918), (-90, 540, 936), (-54, 522, 882), (-72, 540, 918), (-108, 576, 918), (-72, 558, 864), (-54, 540, 864), (-72, 558, 882), (-72, 558, 864), (-36, 540, 828), (-54, 540, 918), (-108, 558, 936), (-72, 594, 882), (-54, 558, 846), (-54, 540, 900), (-54, 540, 936), (-36, 558, 864), (18, 594, 828), (-108, 576, 918), (-126, 594, 864), (-54, 594, 864), (18, 558, 846)]	(9470, 11038, 9952, 10733, 11598, 9754, 8341, 6551, 4822, 7033, 7642, 6791, 4562, 6215, 7863, 8293, 11516, 22617, 15037, 8961, 16192, 13733, 13369, 2072)
a	2402336	(632, 409)	[(-108, 576, 918), (-126, 594, 864), (-54, 594, 864), (18, 558, 846), (18, 558, 792), (-36, 558, 882), (-36, 558, 882), (-36, 558, 864), (-54, 594, 846), (-72, 612, 918), (-36, 540, 918), (18, 540, 864), (-36, 558, 846), (18, 540, 846), (-36, 594, 936), (-90, 594, 882), (-54, 558, 828), (-54, 558, 864), (-72, 576, 864), (-90, 594, 810), (-36, 576, 774), (18, 612, 864), (-90, 630, 972), (-90, 576, 936), (0, 558, 810)]	(9458, 10885, 9911, 10465, 11557, 9612, 7479, 6599, 4941, 6868, 7275, 7321, 4570, 6148, 7464, 7731, 11556, 22313, 14975, 8944, 15879, 13720, 13448, 2060)
n	2402795	(744, 172)	[(-54, 558, 828), (-54, 558, 864), (-72, 576, 864), (-90, 594, 810), (-36, 576, 774), (18, 612, 864), (-90, 630, 972), (-90, 576, 936), (0, 558, 810), (-90, 594, 792), (0, 522, 972), (-108, 594, 954), (-90, 612, 882), (0, 576, 864), (-36, 576, 864), (-72, 594, 900), (-54, 612, 882), (0, 576, 846), (-18, 576, 810), (-54, 612, 864), (18, 576, 864), (36, 558, 792), (-72, 648, 882), (-72, 630, 900), (0, 558, 846)]	(9472, 10968, 9950, 10695, 11581, 9699, 8085, 6670, 5085, 6977, 7723, 7294, 4572, 6146, 7443, 8094, 11503, 22340, 15392, 8951, 15995, 13755, 13469, 2066)
k	2403032	(686, 127)	[(-90, 630, 972), (-90, 576, 936), (0, 558, 810), (-90, 594, 792), (0, 522, 972), (-108, 594, 954), (-90, 612, 882), (0, 576, 864), (-36, 576, 864), (-72, 594, 900), (-54, 612, 882), (0, 576, 846), (-18, 576, 810), (-54, 612, 864), (18, 576, 864), (36, 558, 792), (-72, 648, 882), (-72, 630, 900), (0, 558, 846), (-72, 576, 864), (54, 666, 774), (18, 594, 774), (-72, 648, 972), (-72, 684, 936), (0, 648, 792)]	(9475, 10934, 9999, 10841, 11577, 9593, 8037, 6617, 5085, 7035, 7955, 7201, 4589, 6164, 7414, 8126, 11457, 22232, 15288, 8939, 15997, 13755, 13488, 2064)
s	2403320	(650, 372)	[(-36, 576, 864), (-72, 594, 900), (-54, 612, 882), (0, 576, 846), (-18, 576, 810), (-54, 612, 864), (18, 576, 864), (36, 558, 792), (-72, 648, 882), (-72, 630, 900), (0, 558, 846), (-72, 576, 864), (54, 666, 774), (18, 594, 774), (-72, 648, 972), (-72, 684, 936), (0, 648, 792), (-198, 612, 1080), (-36, 558, 792), (-72, 576, 846), (-36, 594, 810), (-72, 594, 954), (-72, 594, 954), (-36, 594, 936), (36, 576, 756)]	(9449, 10869, 9916, 10543, 11553, 9637, 7915, 6613, 4944, 6990, 7602, 7478, 4595, 6120, 7364, 8081, 11501, 22017, 15170, 8954, 16005, 13755, 13468, 2062)
 	2403516	(848, 261)	[(-18, 576, 810), (-54, 612, 864), (18, 576, 864), (36, 558, 792), (-72, 648, 882), (-72, 630, 900), (0, 558, 846), (-72, 576, 864), (54, 666, 774), (18, 594, 774), (-72, 648, 972), (-72, 684, 936), (0, 648, 792), (-198, 612, 1080), (-36, 558, 792), (-72, 576, 846), (-36, 594, 810), (-72, 594, 954), (-72, 594, 954), (-36, 594, 936), (36, 576, 756), (-90, 558, 792), (-126, 630, 936), (-108, 576, 1008), (-54, 576, 846)]	(9460, 10966, 9977, 10706, 11585, 9710, 8751, 6837, 5134, 7021, 7912, 7309, 4590, 6170, 7371, 8409, 11519, 22073, 15468, 8948, 16071, 13812, 13526, 2075)
f	2403760	(658, 311)	[(0, 558, 846), (-72, 576, 864), (54, 666, 774), (18, 594, 774), (-72, 648, 972), (-72, 684, 936), (0, 648, 792), (-198, 612, 1080), (-36, 558, 792), (-72, 576, 846), (-36, 594, 810), (-72, 594, 954), (-72, 594, 954), (-36, 594, 936), (36, 576, 756), (-90, 558, 792), (-126, 630, 936), (-108, 576, 1008), (-54, 576, 846), (-90, 558, 936), (-72, 612, 882), (-36, 576, 882), (-18, 576, 846), (0, 594, 774), (-90, 612, 882)]	(9452, 10950, 9969, 10676, 11578, 9613, 8187, 6649, 5148, 6992, 7649, 7290, 4568, 6129, 7401, 8094, 11545, 22248, 15271, 8966, 15997, 13798, 13502, 2066)
o	2404169	(611, 92)	[(-36, 594, 936), (36, 576, 756), (-90, 558, 792), (-126, 630, 936), (-108, 576, 1008), (-54, 576, 846), (-90, 558, 936), (-72, 612, 882), (-36, 576, 882), (-18, 576, 846), (0, 594, 774), (-90, 612, 882), (-90, 594, 918), (-90, 630, 846), (-72, 594, 882), (-54, 630, 846), (-18, 612, 828), (-54, 594, 900), (-36, 594, 846), (0, 630, 774), (36, 594, 738), (0, 630, 774), (-36, 612, 864), (-18, 630, 810), (36, 612, 756)]	(9473, 10955, 9997, 10884, 11576, 9650, 8408, 6848, 5226, 7007, 7920, 7328, 4610, 6154, 7380, 8552, 11455, 22109, 15941, 8952, 16092, 13757, 13478, 2062)
r	2404609	(583, 326)	[(-54, 630, 846), (-18, 612, 828), (-54, 594, 900), (-36, 594, 846), (0, 630, 774), (36, 594, 738), (0, 630, 774), (-36, 612, 864), (-18, 630, 810), (36, 612, 756), (-90, 612, 972), (-36, 558, 882), (-72, 594, 864), (-72, 612, 810), (-36, 576, 864), (-36, 576, 900), (-54, 594, 900), (-54, 612, 864), (-36, 594, 864), (-54, 594, 864), (0, 612, 720), (-36, 576, 918), (-54, 630, 954), (-54, 648, 900), (0, 594, 828)]	(9453, 10935, 9947, 10727, 11575, 9600, 8368, 6738, 5064, 6998, 7969, 7309, 4595, 6157, 7416, 8285, 11500, 22167, 15522, 8959, 16062, 13749, 13450, 2063)
 	2404912	(817, 233)	[(36, 612, 756), (-90, 612, 972), (-36, 558, 882), (-72, 594, 864), (-72, 612, 810), (-36, 576, 864), (-36, 576, 900), (-54, 594, 900), (-54, 612, 864), (-36, 594, 864), (-54, 594, 864), (0, 612, 720), (-36, 576, 918), (-54, 630, 954), (-54, 648, 900), (0, 594, 828), (54, 576, 882), (-54, 594, 882), (0, 576, 864), (0, 576, 882), (-36, 594, 792), (-126, 648, 864), (-126, 666, 900), (-54, 576, 918), (36, 558, 828)]	(9472, 10980, 10007, 10802, 11582, 9703, 8547, 6684, 5093, 6980, 7932, 7241, 4611, 6136, 7387, 8390, 11470, 22170, 15767, 8961, 16139, 13801, 13505, 2069)
y	2405355	(588, 217)	[(0, 594, 828), (54, 576, 882), (-54, 594, 882), (0, 576, 864), (0, 576, 882), (-36, 594, 792), (-126, 648, 864), (-126, 666, 900), (-54, 576, 918), (36, 558, 828), (0, 576, 792), (-54, 612, 900), (-36, 612, 864), (-18, 594, 882), (-36, 630, 864), (-54, 612, 810), (-54, 630, 846), (-54, 612, 846), (-54, 612, 882), (-36, 612, 864), (18, 612, 810), (0, 594, 810), (-90, 630, 972), (-72, 630, 882), (0, 630, 828)]	(9475, 11009, 9971, 10785, 11575, 9626, 8450, 6631, 5127, 7040, 7796, 7249, 4575, 6130, 7405, 8435, 11470, 22195, 15808, 8970, 16101, 13780, 13475, 2056)
o	2405663	(603, 81)	[(36, 558, 828), (0, 576, 792), (-54, 612, 900), (-36, 612, 864), (-18, 594, 882), (-36, 630, 864), (-54, 612, 810), (-54, 630, 846), (-54, 612, 846), (-54, 612, 882), (-36, 612, 864), (18, 612, 810), (0, 594, 810), (-90, 630, 972), (-72, 630, 882), (0, 630, 828), (-36, 576, 936), (-54, 612, 738), (54, 702, 738), (-54, 594, 954), (-72, 648, 900), (-54, 684, 864), (36, 612, 792), (0, 540, 972), (-72, 612, 954)]	(9460, 10960, 9911, 10741, 11560, 9590, 8101, 6604, 5102, 7022, 7949, 7177, 4616, 6160, 7405, 8592, 11435, 22108, 15780, 8960, 16085, 13730, 13430, 2045)
u	2405854	(592, 153)	[(-18, 594, 882), (-36, 630, 864), (-54, 612, 810), (-54, 630, 846), (-54, 612, 846), (-54, 612, 882), (-36, 612, 864), (18, 612, 810), (0, 594, 810), (-90, 630, 972), (-72, 630, 882), (0, 630, 828), (-36, 576, 936), (-54, 612, 738), (54, 702, 738), (-54, 594, 954), (-72, 648, 900), (-54, 684, 864), (36, 612, 792), (0, 540, 972), (-72, 612, 954), (0, 594, 810), (-36, 648, 900), (36, 630, 720), (72, 612, 720)]	(9462, 10930, 9892, 10726, 11559, 9580, 8137, 6702, 5203, 6920, 8050, 7388, 4634, 6157, 7386, 8589, 11468, 22046, 15628, 8963, 16085, 13731, 13426, 2059)
r	2406093	(590, 299)	[(-36, 612, 864), (18, 612, 810), (0, 594, 810), (-90, 630, 972), (-72, 630, 882), (0, 630, 828), (-36, 576, 936), (-54, 612, 738), (54, 702, 738), (-54, 594, 954), (-72, 648, 900), (-54, 684, 864), (36, 612, 792), (0, 540, 972), (-72, 612, 954), (0, 594, 810), (-36, 648, 900), (36, 630, 720), (72, 612, 720), (-90, 630, 900), (-36, 576, 864), (54, 576, 738), (-36, 576, 990), (0, 612, 1008), (18, 612, 864)]	(9479, 10946, 9989, 10803, 11568, 9679, 8551, 6790, 5169, 7018, 8235, 7472, 4646, 6188, 7391, 8694, 11486, 22024, 15653, 8961, 16136, 13776, 13470, 2062)
 	2406389	(823, 247)	[(-54, 594, 954), (-72, 648, 900), (-54, 684, 864), (36, 612, 792), (0, 540, 972), (-72, 612, 954), (0, 594, 810), (-36, 648, 900), (36, 630, 720), (72, 612, 720), (-90, 630, 900), (-36, 576, 864), (54, 576, 738), (-36, 576, 990), (0, 612, 1008), (18, 612, 864), (18, 558, 810), (-18, 558, 864), (54, 576, 774), (-108, 630, 936), (-126, 666, 918), (-108, 648, 954), (-36, 576, 1026), (0, 576, 846), (-54, 594, 882)]	(9474, 11003, 10036, 10828, 11579, 9661, 8341, 6756, 5044, 7005, 7713, 7135, 4568, 6130, 7361, 8482, 11465, 22062, 15914, 8970, 16218, 13820, 13495, 2061)
o	2406730	(572, 76)	[(-36, 576, 864), (54, 576, 738), (-36, 576, 990), (0, 612, 1008), (18, 612, 864), (18, 558, 810), (-18, 558, 864), (54, 576, 774), (-108, 630, 936), (-126, 666, 918), (-108, 648, 954), (-36, 576, 1026), (0, 576, 846), (-54, 594, 882), (36, 558, 864), (-54, 612, 936), (18, 612, 918), (18, 630, 828), (0, 630, 810), (54, 648, 720), (54, 576, 864), (-36, 684, 846), (18, 648, 774), (54, 612, 702), (72, 558, 846)]	(9475, 11010, 9896, 10789, 11576, 9643, 8393, 6616, 5054, 7006, 7932, 7090, 4605, 6181, 7452, 8811, 11455, 22237, 15953, 8962, 16177, 13765, 13405, 2061)
f	2407237	(656, 292)	[(0, 630, 810), (54, 648, 720), (54, 576, 864), (-36, 684, 846), (18, 648, 774), (54, 612, 702), (72, 558, 846), (0, 612, 900), (-36, 612, 918), (-54, 612, 864), (0, 612, 828), (-18, 576, 828), (-72, 576, 900), (-54, 576, 864), (0, 576, 846), (-36, 594, 864), (-54, 576, 900), (-36, 612, 954), (-36, 576, 900), (-18, 576, 864), (18, 594, 792), (0, 594, 846), (-54, 594, 954), (-72, 612, 918), (72, 576, 810)]	(9476, 10996, 10000, 10838, 11581, 9731, 8519, 6661, 5367, 6956, 8102, 7478, 4659, 6194, 7418, 8843, 11530, 22215, 15684, 8977, 16215, 13801, 13507, 2059)
f	2407429	(670, 283)	[(18, 648, 774), (54, 612, 702), (72, 558, 846), (0, 612, 900), (-36, 612, 918), (-54, 612, 864), (0, 612, 828), (-18, 576, 828), (-72, 576, 900), (-54, 576, 864), (0, 576, 846), (-36, 594, 864), (-54, 576, 900), (-36, 612, 954), (-36, 576, 900), (-18, 576, 864), (18, 594, 792), (0, 594, 846), (-54, 594, 954), (-72, 612, 918), (72, 576, 810), (18, 558, 756), (-90, 612, 990), (18, 594, 918), (18, 576, 900)]	(9463, 10940, 9934, 10758, 11557, 9580, 8177, 6663, 5194, 6993, 8145, 7185, 4606, 6165, 7427, 8739, 11476, 22110, 15508, 8978, 16160, 13759, 13458, 2052)
e	2407723	(579, 360)	[(-54, 576, 864), (0, 576, 846), (-36, 594, 864), (-54, 576, 900), (-36, 612, 954), (-36, 576, 900), (-18, 576, 864), (18, 594, 792), (0, 594, 846), (-54, 594, 954), (-72, 612, 918), (72, 576, 810), (18, 558, 756), (-90, 612, 990), (18, 594, 918), (18, 576, 900), (-36, 576, 828), (-18, 594, 846), (-36, 576, 864), (18, 558, 882), (54, 558, 828), (18, 576, 936), (18, 576, 972), (-36, 576, 882), (0, 594, 828)]	(9470, 10959, 9983, 10773, 11576, 9720, 8538, 6760, 5197, 6962, 8308, 7625, 4626, 6211, 7424, 8879, 11506, 22102, 15515, 8984, 16170, 13776, 13469, 2066)
r	2407930	(590, 296)	[(-36, 576, 900), (-18, 576, 864), (18, 594, 792), (0, 594, 846), (-54, 594, 954), (-72, 612, 918), (72, 576, 810), (18, 558, 756), (-90, 612, 990), (18, 594, 918), (18, 576, 900), (-36, 576, 828), (-18, 594, 846), (-36, 576, 864), (18, 558, 882), (54, 558, 828), (18, 576, 936), (18, 576, 972), (-36, 576, 882), (0, 594, 828), (-54, 612, 828), (-36, 612, 864), (-54, 612, 972), (-54, 630, 936), (0, 612, 882)]	(9471, 10967, 10004, 10798, 11568, 9728, 8344, 6624, 5089, 7026, 8157, 7367, 4630, 6179, 7425, 8752, 11471, 22102, 15636, 8969, 16145, 13765, 13462, 2055)
