Please hold the phone in both hands. At each letter you will be instructed which thumb to use
left	m	622842	(740, 107)	[(18, 846, 612), (18, 900, 630), (36, 864, 648), (18, 846, 630), (0, 846, 630), (0, 882, 594), (0, 864, 612), (36, 846, 684), (18, 810, 648), (-36, 828, 648), (18, 846, 630), (18, 828, 612), (0, 846, 630), (36, 828, 612), (0, 828, 666), (36, 882, 630), (18, 828, 630), (-36, 846, 648), (-18, 828, 630), (18, 810, 576), (36, 864, 630), (-36, 864, 702), (-90, 882, 738), (36, 864, 612), (0, 810, 558)]	(9443, 10625, 9467, 10139, 11414, 9861, 7178, 7284, 6811, 6927, 6860, 9047, 9625, 6364, 7291, 8229, 12787, 19765, 14324, 8960, 15855, 13712, 12517, 1936)
left	w	624579	(571, 395)	[(-54, 864, 630), (-36, 882, 594), (-54, 864, 576), (-36, 864, 594), (-36, 864, 612), (-54, 846, 630), (-36, 882, 612), (-36, 864, 594), (-36, 864, 594), (-54, 864, 630), (-18, 864, 630), (-54, 864, 594), (-36, 864, 648), (-36, 846, 576), (-36, 882, 576), (-36, 882, 630), (-36, 846, 612), (-18, 864, 612), (-36, 864, 612), (-36, 882, 612), (-36, 864, 594), (-54, 846, 468), (-54, 918, 702), (-54, 882, 738), (-36, 882, 612)]	(9395, 10481, 9382, 9996, 11388, 9698, 7660, 9024, 6684, 7004, 7935, 10633, 9462, 6611, 7424, 7917, 13990, 19866, 14352, 8873, 15572, 13474, 12456, 1957)
left	d	626167	(682, 345)	[(-36, 864, 612), (-36, 864, 630), (-36, 864, 612), (-54, 846, 612), (-36, 864, 594), (-36, 864, 612), (-54, 864, 612), (-36, 864, 612), (-36, 846, 630), (-54, 864, 630), (-36, 864, 594), (-36, 864, 630), (-36, 864, 594), (-36, 864, 594), (-54, 864, 630), (-36, 864, 630), (-36, 864, 594), (-36, 864, 612), (-36, 864, 612), (-36, 864, 576), (-54, 864, 594), (-54, 846, 630), (0, 900, 630), (-72, 900, 738), (-36, 864, 702)]	(9392, 10525, 9425, 10035, 11409, 9796, 8061, 9513, 7065, 7036, 8119, 10764, 9829, 6580, 7431, 8079, 13819, 19888, 14418, 8885, 15635, 13521, 12545, 1976)
right	g	628479	(677, 232)	[(-54, 846, 630), (-18, 846, 612), (0, 846, 648), (-36, 828, 648), (-18, 846, 648), (-36, 846, 648), (-36, 846, 630), (0, 846, 648), (0, 828, 612), (-36, 846, 594), (-36, 846, 630), (-36, 864, 648), (-54, 846, 648), (-54, 828, 630), (-54, 846, 666), (-36, 846, 630), (-36, 846, 612), (-36, 828, 630), (-54, 846, 594), (-54, 882, 666), (-108, 864, 630), (-36, 882, 540), (-36, 900, 738), (0, 810, 630), (-72, 810, 396)]	(9390, 10537, 9491, 10072, 11415, 9819, 7577, 10378, 7172, 7049, 7845, 11298, 9945, 6754, 7331, 8219, 13272, 19752, 14378, 8947, 15678, 13656, 12266, 1964)
left	d	630087	(655, 328)	[(-54, 864, 648), (-36, 846, 612), (-36, 846, 612), (-18, 846, 630), (-36, 846, 630), (-36, 846, 648), (-36, 846, 630), (-18, 864, 594), (-36, 846, 612), (-36, 846, 630), (-36, 846, 612), (0, 846, 648), (-36, 846, 630), (-36, 828, 594), (0, 846, 594), (-18, 864, 630), (-36, 846, 630), (-54, 846, 630), (-54, 846, 612), (-36, 846, 612), (36, 864, 540), (0, 900, 684), (-36, 882, 702), (18, 864, 612), (-36, 828, 558)]	(9395, 10526, 9458, 10064, 11424, 9811, 7803, 10355, 7354, 7028, 8243, 11183, 9962, 6909, 7378, 8364, 13830, 19768, 14382, 8934, 15642, 13623, 12352, 1958)
right	f	632132	(664, 283)	[(-36, 846, 630), (-36, 846, 630), (0, 846, 612), (-36, 864, 612), (-18, 846, 630), (-18, 864, 612), (-18, 864, 612), (-36, 846, 612), (-36, 846, 630), (-36, 864, 612), (-36, 864, 630), (-36, 846, 630), (-18, 864, 612), (-36, 846, 630), (0, 846, 630), (-36, 846, 630), (-18, 864, 630), (0, 828, 612), (-36, 846, 594), (-36, 882, 612), (-144, 864, 522), (-18, 900, 540), (-90, 936, 756), (-36, 810, 612), (-54, 810, 414)]	(9389, 10544, 9526, 10095, 11406, 9771, 7253, 10344, 7270, 7030, 7884, 11420, 9954, 6857, 7390, 8268, 13650, 19755, 14377, 8938, 15669, 13580, 12313, 1956)
right	w	634969	(574, 388)	[(-54, 864, 612), (-18, 882, 558), (-36, 882, 576), (-54, 882, 594), (-72, 882, 576), (-54, 864, 576), (-54, 864, 594), (0, 900, 594), (-36, 882, 594), (-36, 864, 630), (-36, 864, 576), (-36, 882, 594), (-36, 882, 594), (-54, 882, 576), (-54, 900, 558), (-54, 882, 576), (-72, 900, 576), (-54, 882, 576), (-36, 882, 558), (-72, 882, 612), (-126, 882, 540), (-72, 900, 468), (-54, 954, 594), (-90, 936, 666), (-72, 828, 450)]	(9401, 10674, 9711, 10234, 11398, 9692, 6923, 9127, 6428, 6995, 7583, 10179, 8385, 6967, 7371, 7960, 13993, 19740, 14412, 8894, 15523, 13515, 12327, 1961)
right	p	643324	(583, 21)	[(0, 810, 684), (0, 810, 666), (0, 828, 666), (18, 810, 684), (0, 828, 666), (18, 828, 666), (0, 810, 666), (0, 810, 666), (18, 810, 666), (0, 810, 666), (0, 810, 666), (18, 828, 666), (0, 810, 666), (18, 828, 648), (0, 810, 666), (0, 810, 684), (18, 810, 648), (0, 828, 648), (0, 810, 666), (0, 828, 666), (-90, 864, 576), (36, 810, 756), (-36, 828, 792), (18, 810, 684), (18, 792, 522)]	(9376, 10538, 9450, 10086, 11416, 9756, 8162, 12268, 7587, 7081, 7440, 11125, 9968, 6525, 7363, 8236, 13042, 19764, 14355, 8912, 15654, 13645, 12346, 1957)
left	v	645050	(744, 235)	[(18, 828, 648), (18, 810, 666), (-36, 810, 648), (0, 810, 684), (0, 810, 684), (0, 810, 684), (0, 828, 684), (-18, 828, 666), (-18, 828, 666), (-18, 828, 648), (-36, 828, 612), (-36, 828, 648), (0, 810, 666), (-18, 810, 702), (-18, 828, 684), (-18, 810, 666), (-36, 828, 666), (-36, 810, 702), (-18, 810, 702), (90, 810, 576), (36, 864, 612), (-36, 846, 666), (-36, 828, 612), (18, 810, 612), (18, 810, 630)]	(9394, 10530, 9433, 10016, 11379, 9567, 7248, 10795, 7151, 6954, 7112, 10892, 9854, 6404, 7323, 8185, 12861, 19737, 14323, 8935, 15724, 13702, 12328, 1956)
left	e	646632	(563, 350)	[(-36, 828, 666), (-36, 828, 666), (-36, 828, 648), (-18, 828, 648), (-36, 828, 648), (0, 828, 630), (0, 846, 666), (-18, 828, 666), (0, 828, 648), (-36, 828, 648), (0, 828, 648), (-18, 828, 648), (-36, 810, 648), (-36, 846, 666), (-36, 846, 702), (-36, 828, 666), (0, 828, 666), (-36, 828, 630), (-36, 810, 630), (-36, 846, 702), (-18, 846, 648), (0, 846, 576), (54, 810, 576), (-72, 846, 756), (18, 882, 720)]	(9380, 10531, 9465, 10069, 11395, 9665, 7844, 12043, 7269, 7031, 7549, 11254, 9964, 6643, 7385, 8450, 13564, 19775, 14398, 8934, 15655, 13626, 12372, 1956)
right	k	648273	(666, 94)	[(-36, 828, 666), (0, 828, 666), (-36, 828, 648), (-18, 828, 630), (-36, 828, 648), (-54, 828, 648), (-18, 846, 684), (-36, 828, 666), (-36, 828, 648), (-36, 828, 666), (-36, 828, 612), (-36, 846, 666), (-36, 828, 648), (0, 846, 648), (0, 828, 648), (-36, 828, 630), (-36, 828, 684), (-18, 828, 666), (-36, 828, 666), (0, 828, 684), (-72, 810, 594), (0, 846, 630), (18, 864, 738), (-36, 828, 648), (-54, 792, 558)]	(9380, 10532, 9456, 10069, 11425, 9789, 8383, 12312, 7382, 7097, 7744, 11264, 9943, 6625, 7380, 8462, 13329, 19765, 14394, 8915, 15655, 13602, 12322, 1966)
left	o	650788	(587, 78)	[(-36, 846, 666), (-36, 846, 684), (-36, 846, 648), (-54, 828, 684), (-54, 846, 648), (-54, 828, 630), (-72, 864, 684), (-162, 864, 684), (-54, 828, 702), (54, 828, 612), (36, 810, 594), (72, 846, 612), (54, 882, 594), (0, 864, 630), (18, 846, 612), (54, 864, 540), (18, 864, 594), (18, 864, 666), (18, 846, 612), (18, 846, 612), (18, 846, 594), (126, 882, 504), (54, 900, 630), (18, 864, 648), (54, 882, 594)]	(9428, 10648, 9478, 10079, 11430, 9766, 8475, 9866, 9171, 7018, 9373, 14050, 9627, 6272, 7288, 8393, 12083, 19723, 14329, 8984, 16158, 13796, 12383, 1958)
left	a	652107	(683, 441)	[(-36, 864, 630), (-54, 846, 630), (-36, 864, 630), (-36, 864, 594), (-54, 846, 612), (-36, 864, 648), (0, 864, 612), (-54, 864, 612), (-54, 846, 612), (-72, 846, 630), (-72, 846, 612), (-72, 864, 630), (-72, 846, 630), (-72, 828, 630), (-72, 846, 630), (-72, 828, 648), (-54, 846, 666), (-72, 846, 648), (-72, 828, 648), (-72, 828, 630), (-18, 810, 504), (0, 882, 666), (-90, 864, 774), (-72, 846, 684), (-90, 828, 594)]	(9382, 10577, 9488, 10058, 11405, 9722, 8233, 10086, 7217, 7014, 7552, 11651, 9947, 6495, 7356, 7892, 13218, 19758, 14391, 8908, 15712, 13586, 12261, 1964)
left	m	653740	(750, 108)	[(-108, 846, 630), (-90, 846, 648), (-90, 828, 648), (-90, 810, 648), (-54, 828, 684), (0, 810, 666), (-36, 846, 666), (-54, 846, 612), (-36, 828, 594), (-36, 810, 648), (-54, 828, 648), (0, 846, 612), (-36, 846, 648), (-54, 828, 648), (-72, 828, 648), (-36, 846, 648), (-54, 828, 630), (-72, 810, 612), (-72, 828, 612), (-36, 846, 648), (-36, 864, 684), (-72, 864, 630), (-72, 846, 594), (-36, 828, 630), (18, 828, 630)]	(9395, 10542, 9459, 9999, 11413, 9784, 7930, 9968, 7116, 7025, 7392, 10290, 9828, 6292, 7317, 8571, 12395, 19774, 14360, 8945, 15903, 13884, 12350, 1957)
left	l	655474	(659, 67)	[(-72, 828, 666), (-54, 846, 684), (-54, 828, 684), (-18, 828, 630), (-36, 828, 612), (-54, 810, 630), (-54, 846, 684), (-72, 828, 630), (-72, 828, 648), (-90, 828, 684), (-72, 828, 666), (-36, 846, 612), (18, 864, 648), (-36, 810, 648), (-36, 810, 612), (18, 828, 558), (-54, 864, 612), (0, 846, 576), (-36, 846, 576), (-36, 864, 630), (0, 846, 504), (72, 918, 576), (-54, 864, 738), (18, 882, 666), (18, 864, 558)]	(9408, 10609, 9433, 10034, 11426, 9775, 8186, 8838, 7218, 7017, 7203, 10160, 9955, 6249, 7302, 8618, 11802, 19743, 14332, 8964, 16172, 13842, 12294, 1951)
right	n	657630	(740, 155)	[(-72, 846, 630), (-72, 846, 612), (-72, 864, 612), (-72, 864, 612), (-54, 864, 630), (-72, 864, 594), (-90, 846, 612), (-72, 864, 630), (-72, 864, 666), (-90, 864, 648), (-54, 846, 612), (-90, 846, 612), (-72, 846, 630), (-90, 864, 648), (-72, 846, 648), (-54, 846, 594), (-72, 864, 612), (-72, 846, 648), (-72, 846, 666), (-54, 828, 576), (-90, 900, 468), (-54, 918, 648), (-72, 900, 828), (-90, 792, 666), (-90, 774, 504)]	(9379, 10548, 9451, 10049, 11410, 9740, 8279, 10611, 7158, 7022, 7665, 10698, 9956, 6388, 7365, 8140, 13006, 19796, 14351, 8904, 15723, 13682, 12350, 1958)
left	t	659535	(586, 264)	[(-72, 846, 648), (-72, 846, 630), (-72, 864, 630), (-72, 864, 630), (-72, 846, 612), (-72, 864, 630), (-72, 846, 594), (-54, 882, 630), (-36, 882, 612), (-54, 882, 594), (-72, 846, 576), (-72, 846, 576), (-72, 864, 612), (-72, 846, 576), (-72, 864, 612), (-72, 882, 648), (-90, 864, 648), (-72, 864, 612), (-90, 846, 612), (-72, 864, 594), (-72, 864, 558), (54, 882, 504), (-36, 900, 666), (-36, 900, 684), (-54, 846, 540)]	(9381, 10553, 9449, 10057, 11420, 9795, 8480, 10858, 7325, 7053, 8236, 10797, 10183, 6425, 7376, 8334, 12931, 19782, 14355, 8875, 15666, 13619, 12390, 1965)
left	g	661737	(656, 236)	[(-72, 864, 612), (-72, 864, 612), (-54, 864, 594), (-72, 846, 612), (-54, 864, 594), (-54, 864, 594), (-54, 864, 594), (-72, 864, 612), (-54, 864, 594), (-90, 846, 612), (-72, 864, 648), (-54, 864, 630), (-72, 864, 630), (-72, 882, 630), (-54, 864, 612), (-72, 846, 612), (-108, 864, 594), (-90, 864, 612), (-72, 846, 612), (-54, 882, 612), (-54, 882, 558), (18, 882, 612), (-54, 882, 684), (-72, 882, 630), (-54, 864, 576)]	(9381, 10554, 9469, 10057, 11426, 9815, 8508, 11123, 7332, 7076, 8204, 10810, 10145, 6415, 7375, 8371, 12953, 19788, 14345, 8875, 15640, 13626, 12406, 1948)
right	l	663322	(671, 46)	[(-72, 864, 612), (-90, 882, 630), (-54, 864, 612), (-72, 846, 594), (-72, 864, 594), (-72, 864, 630), (-72, 864, 648), (-72, 846, 648), (-72, 864, 612), (-72, 864, 612), (-54, 846, 594), (-54, 846, 612), (-72, 864, 648), (-72, 846, 630), (-72, 846, 630), (-72, 846, 612), (-54, 864, 612), (-36, 846, 630), (-72, 846, 630), (-54, 828, 504), (-90, 810, 540), (-72, 864, 702), (-36, 882, 792), (0, 846, 576), (-72, 810, 504)]	(9374, 10545, 9398, 10016, 11416, 9715, 8428, 10871, 7370, 7055, 7545, 10486, 9993, 6384, 7358, 8292, 12942, 19809, 14335, 8912, 15757, 13698, 12411, 1963)
right	x	665517	(743, 334)	[(-54, 864, 648), (-72, 846, 648), (-72, 846, 612), (-72, 846, 612), (-54, 846, 630), (-72, 846, 666), (-72, 846, 648), (-90, 864, 612), (-90, 846, 666), (-90, 846, 594), (-90, 828, 594), (-126, 864, 612), (-108, 882, 630), (-90, 864, 630), (-72, 864, 612), (-90, 846, 576), (-108, 864, 594), (-126, 846, 612), (-90, 846, 576), (-90, 846, 576), (-162, 900, 594), (-108, 918, 522), (-144, 864, 756), (-144, 828, 630), (-54, 828, 486)]	(9366, 10633, 9553, 10124, 11415, 9764, 8852, 11815, 10025, 7056, 10628, 14760, 9830, 6529, 7411, 7525, 13768, 19814, 14336, 8858, 15502, 13597, 12357, 1962)
left	i	667208	(584, 129)	[(-72, 864, 630), (-72, 846, 666), (-36, 864, 630), (-36, 864, 594), (-72, 882, 612), (-72, 882, 666), (-18, 864, 630), (-36, 846, 558), (-54, 846, 558), (-18, 864, 594), (18, 882, 594), (-36, 882, 666), (-54, 882, 594), (-36, 882, 558), (-36, 864, 576), (-36, 882, 576), (0, 882, 594), (0, 900, 612), (-72, 846, 576), (-36, 864, 540), (180, 918, 432), (18, 936, 684), (36, 936, 738), (54, 936, 558), (54, 882, 522)]	(9392, 10572, 9445, 10057, 11454, 9861, 8714, 11184, 7393, 7085, 8113, 10391, 10013, 6390, 7359, 8669, 12664, 19800, 14358, 8942, 15959, 13695, 12445, 1965)
right	v	669478	(747, 239)	[(-72, 864, 648), (-54, 864, 648), (-72, 864, 612), (-72, 846, 612), (-72, 846, 612), (-54, 864, 612), (-90, 864, 630), (-72, 864, 612), (-54, 864, 594), (-54, 846, 630), (-72, 864, 576), (-90, 864, 612), (-72, 864, 648), (-72, 864, 630), (-72, 864, 594), (-90, 864, 630), (-72, 864, 612), (-72, 864, 612), (-72, 846, 630), (-90, 846, 612), (-72, 846, 594), (-90, 846, 594), (-162, 936, 432), (-54, 936, 702), (-126, 828, 756)]	(9382, 10574, 9482, 10091, 11416, 9767, 7891, 11569, 7745, 7059, 7703, 10882, 10170, 6460, 7392, 7830, 13384, 19802, 14312, 8875, 15600, 13638, 12345, 1969)
left	u	672875	(568, 171)	[(-54, 864, 594), (-54, 864, 594), (-54, 864, 612), (-72, 864, 612), (-72, 882, 612), (-90, 882, 630), (0, 864, 612), (-36, 864, 540), (-72, 864, 558), (-36, 882, 612), (-36, 864, 666), (-54, 864, 630), (-72, 864, 594), (-36, 882, 576), (-36, 864, 630), (-36, 882, 612), (-36, 864, 576), (-36, 864, 594), (-54, 864, 612), (-54, 864, 558), (144, 900, 414), (54, 936, 612), (0, 918, 648), (18, 900, 558), (36, 882, 486)]	(9411, 10571, 9411, 10039, 11459, 9877, 8865, 10314, 7260, 7087, 8660, 10932, 10248, 6417, 7349, 8448, 12754, 19760, 14343, 8928, 15870, 13662, 12400, 1965)
right	l	674754	(667, 53)	[(-54, 864, 612), (-54, 864, 630), (-72, 846, 612), (-54, 846, 594), (-54, 864, 630), (-72, 846, 630), (-54, 864, 612), (-54, 864, 612), (-54, 846, 630), (-72, 864, 648), (-54, 882, 612), (-54, 846, 612), (-72, 864, 612), (-54, 864, 648), (-54, 864, 630), (-36, 846, 612), (-72, 864, 594), (-54, 864, 630), (-36, 864, 648), (-54, 828, 630), (-72, 846, 450), (-90, 828, 594), (-54, 882, 756), (-36, 900, 792), (18, 846, 504)]	(9385, 10596, 9413, 10039, 11429, 9734, 8324, 10676, 7120, 7012, 7240, 10748, 9994, 6388, 7342, 8094, 12820, 19748, 14313, 8920, 15824, 13661, 12316, 1971)
right	k	676603	(650, 106)	[(-36, 864, 612), (-54, 864, 612), (-36, 864, 630), (-54, 864, 612), (-54, 864, 630), (-54, 846, 594), (-54, 864, 630), (-54, 846, 630), (-36, 846, 630), (-54, 864, 630), (-54, 864, 576), (-54, 864, 630), (-54, 864, 612), (-54, 864, 612), (-54, 864, 612), (-54, 864, 594), (-54, 864, 612), (-54, 864, 630), (-54, 864, 594), (-36, 864, 630), (-54, 864, 594), (-36, 864, 612), (-72, 882, 576), (-36, 864, 594), (-72, 900, 648)]	(9380, 10574, 9435, 10069, 11430, 9721, 8307, 11910, 7411, 7078, 7498, 10958, 10268, 6468, 7375, 8284, 13062, 19800, 14384, 8931, 15810, 13698, 12380, 1971)
left	k	678771	(679, 109)	[(-54, 864, 612), (-54, 864, 612), (-72, 864, 612), (-54, 864, 630), (-54, 864, 612), (-36, 864, 594), (-54, 864, 594), (-72, 864, 612), (-54, 864, 594), (-54, 882, 630), (-72, 882, 630), (-54, 864, 630), (-54, 864, 594), (-36, 864, 576), (-72, 864, 558), (-54, 882, 594), (-54, 864, 576), (-54, 864, 594), (-72, 846, 576), (0, 864, 576), (-36, 864, 576), (54, 864, 540), (-36, 918, 648), (-72, 900, 702), (0, 864, 522)]	(9407, 10623, 9482, 10045, 11417, 9711, 7980, 9192, 7160, 6993, 7071, 10270, 9921, 6280, 7298, 8291, 12235, 19723, 14304, 8932, 16014, 13790, 12344, 1950)
left	z	680658	(745, 383)	[(-72, 864, 612), (-72, 864, 612), (-90, 846, 612), (-72, 864, 612), (-72, 846, 630), (-90, 864, 612), (-72, 846, 630), (-90, 846, 612), (-72, 846, 630), (-90, 864, 612), (-90, 846, 612), (-72, 846, 612), (-72, 864, 630), (-90, 864, 630), (-72, 846, 630), (-72, 864, 594), (-90, 864, 594), (-72, 864, 630), (-72, 846, 612), (-72, 864, 612), (-90, 846, 594), (-36, 882, 558), (-90, 900, 702), (-72, 864, 702), (-72, 828, 540)]	(9382, 10577, 9520, 10087, 11416, 9716, 8179, 11650, 7167, 7032, 7237, 11004, 10067, 6416, 7361, 8114, 13007, 19757, 14364, 8897, 15720, 13618, 12277, 1963)
right	h	682312	(645, 189)	[(-90, 864, 630), (-72, 846, 648), (-72, 846, 630), (-90, 846, 630), (-72, 846, 630), (-72, 846, 630), (-72, 864, 612), (-72, 846, 612), (-72, 846, 630), (-72, 846, 612), (-90, 846, 594), (-90, 864, 630), (-90, 864, 630), (-90, 846, 630), (-90, 846, 612), (-72, 846, 630), (-72, 864, 630), (-72, 864, 630), (-90, 846, 612), (-90, 846, 612), (-72, 864, 630), (-72, 828, 666), (-36, 864, 540), (-126, 882, 558), (-126, 882, 648)]	(9385, 10590, 9499, 10090, 11412, 9741, 7923, 11465, 7220, 7049, 7368, 10692, 10079, 6444, 7376, 8102, 13154, 19769, 14352, 8883, 15643, 13646, 12299, 1963)
right	t	685070	(590, 257)	[(-90, 864, 576), (-90, 882, 666), (-90, 882, 648), (-72, 882, 648), (-72, 864, 594), (-90, 828, 612), (-72, 864, 576), (-72, 900, 594), (-72, 882, 630), (-90, 882, 576), (-72, 864, 576), (-90, 846, 594), (-72, 882, 576), (-72, 882, 612), (-90, 882, 594), (-90, 882, 612), (-90, 882, 540), (-90, 882, 576), (-90, 882, 630), (-90, 882, 594), (-72, 846, 576), (-90, 882, 522), (-54, 900, 666), (-108, 954, 774), (-126, 882, 612)]	(9384, 10612, 9526, 10123, 11438, 9816, 8061, 11882, 7755, 7085, 7776, 11021, 10308, 6518, 7365, 7727, 13280, 19743, 14286, 8833, 15486, 13562, 12298, 1973)
left	n	687011	(753, 152)	[(-54, 846, 612), (-72, 846, 612), (-54, 864, 630), (-72, 864, 612), (-54, 846, 612), (-18, 846, 630), (-72, 846, 612), (-54, 864, 630), (-72, 828, 666), (-90, 846, 612), (-90, 846, 630), (-72, 828, 630), (-54, 864, 666), (-54, 864, 666), (-72, 846, 630), (-54, 846, 666), (-72, 864, 612), (-54, 846, 648), (-90, 846, 612), (36, 828, 576), (-36, 864, 612), (-90, 882, 684), (-54, 864, 576), (-72, 846, 576), (-36, 846, 612)]	(9392, 10606, 9433, 10027, 11420, 9705, 8031, 10136, 7165, 7007, 7105, 10444, 10372, 6279, 7305, 7880, 12257, 19723, 14274, 8887, 15812, 13766, 12256, 1952)
left	c	688619	(760, 297)	[(-72, 846, 630), (-54, 864, 612), (-72, 846, 594), (-72, 846, 630), (-72, 846, 612), (-54, 846, 612), (-72, 864, 594), (-72, 864, 612), (-72, 846, 630), (-72, 864, 630), (-54, 864, 630), (-72, 846, 612), (-72, 882, 630), (-72, 846, 630), (-72, 846, 612), (-72, 846, 630), (-72, 864, 630), (-72, 864, 630), (-90, 846, 630), (-54, 846, 612), (-72, 828, 594), (-36, 882, 594), (-72, 864, 720), (-54, 864, 594), (-72, 828, 522)]	(9386, 10619, 9467, 10051, 11424, 9725, 8509, 11037, 6979, 7038, 7317, 10808, 10136, 6354, 7326, 7979, 12680, 19748, 14325, 8887, 15730, 13688, 12231, 1960)
right	m	690353	(738, 112)	[(-72, 846, 612), (-72, 846, 630), (-54, 864, 648), (-54, 864, 630), (-72, 846, 612), (-54, 864, 576), (-72, 846, 630), (-72, 864, 648), (-72, 846, 630), (-72, 864, 612), (-72, 846, 612), (-54, 846, 612), (-72, 864, 612), (-72, 846, 630), (-72, 846, 576), (-54, 846, 576), (-72, 846, 666), (-72, 864, 648), (-54, 846, 648), (-54, 828, 612), (-36, 882, 504), (-162, 918, 612), (-54, 900, 720), (-90, 882, 684), (-90, 828, 576)]	(9390, 10629, 9461, 10082, 11443, 9760, 8563, 12035, 7249, 7078, 7368, 10939, 10272, 6387, 7351, 7925, 12765, 19766, 14335, 8875, 15698, 13677, 12259, 1962)
left	k	692342	(650, 116)	[(-72, 864, 648), (-54, 864, 630), (-90, 864, 594), (-72, 864, 612), (-108, 864, 666), (-108, 846, 630), (-90, 864, 648), (-72, 828, 648), (-72, 864, 594), (-90, 882, 612), (0, 864, 576), (-54, 846, 612), (-54, 864, 666), (-36, 864, 594), (-72, 864, 558), (-90, 846, 612), (-72, 846, 612), (-90, 864, 612), (-54, 882, 648), (-108, 864, 702), (108, 864, 486), (72, 918, 576), (0, 918, 630), (-54, 936, 522), (18, 882, 486)]	(9407, 10676, 9463, 10040, 11435, 9721, 8280, 8849, 7009, 6990, 7227, 10404, 9917, 6254, 7293, 8048, 11980, 19705, 14269, 8886, 15924, 13749, 12255, 1957)
right	o	694325	(577, 115)	[(-54, 864, 594), (-72, 864, 594), (-54, 882, 612), (-72, 846, 612), (-72, 864, 612), (-72, 864, 612), (-72, 864, 630), (-72, 864, 630), (-36, 828, 612), (-72, 900, 576), (-72, 882, 630), (-72, 864, 612), (-72, 864, 594), (-72, 846, 612), (-72, 864, 612), (-72, 864, 630), (-54, 882, 594), (-72, 864, 630), (-72, 864, 630), (-54, 864, 594), (-54, 882, 576), (-90, 900, 612), (-72, 864, 666), (-72, 846, 612), (-72, 846, 540)]	(9384, 10628, 9468, 10080, 11450, 9806, 8860, 11141, 7164, 7072, 7339, 10756, 10151, 6388, 7363, 7893, 12791, 19755, 14313, 8863, 15652, 13614, 12274, 1971)
left	y	697816	(597, 216)	[(-54, 864, 612), (-72, 864, 576), (-72, 882, 648), (-72, 864, 612), (-72, 864, 630), (-72, 864, 576), (-54, 864, 612), (-54, 864, 612), (-54, 882, 612), (-54, 864, 612), (-72, 864, 594), (-54, 864, 612), (-54, 864, 612), (-72, 864, 612), (-54, 882, 594), (-54, 864, 612), (-72, 864, 612), (-72, 846, 612), (-54, 882, 576), (-72, 882, 558), (90, 918, 522), (0, 918, 684), (-54, 918, 648), (0, 864, 558), (-54, 864, 522)]	(9388, 10611, 9450, 10062, 11450, 9812, 8928, 11244, 7185, 7091, 7730, 10836, 10257, 6383, 7347, 7965, 12702, 19739, 14304, 8851, 15630, 13621, 12310, 1960)
right	p	699877	(582, 33)	[(-72, 864, 612), (-54, 864, 594), (-72, 864, 630), (-54, 882, 630), (-54, 864, 630), (-54, 846, 612), (-72, 864, 612), (-72, 864, 648), (-54, 864, 630), (-54, 864, 612), (-54, 864, 594), (-72, 864, 594), (-54, 864, 612), (-54, 864, 594), (-54, 864, 594), (-72, 864, 612), (-54, 864, 630), (-72, 864, 504), (-162, 864, 468), (-54, 828, 738), (-72, 882, 900), (-72, 882, 756), (-72, 828, 414), (18, 828, 558), (-54, 864, 648)]	(9358, 10530, 9366, 10012, 11423, 9668, 8167, 11619, 7272, 7038, 6931, 10493, 10221, 6395, 7338, 7669, 12880, 19749, 14260, 8842, 15580, 13611, 12272, 1957)
right	s	711244	(670, 364)	[(-72, 828, 684), (-90, 846, 576), (-90, 846, 648), (-90, 846, 666), (-108, 864, 648), (-108, 864, 576), (-108, 828, 612), (-108, 828, 630), (-108, 846, 612), (-108, 864, 630), (-126, 828, 612), (-90, 846, 630), (-108, 864, 612), (-126, 864, 630), (-108, 864, 648), (-108, 846, 576), (-90, 846, 612), (-108, 846, 612), (-108, 828, 630), (-108, 846, 666), (-108, 882, 504), (-108, 900, 648), (-180, 936, 774), (-180, 810, 630), (-90, 846, 450)]	(9390, 10792, 9675, 10234, 11446, 9808, 8393, 10118, 7765, 7414, 9966, 0, 10055, 6607, 7372, 7613, 13472, 19730, 14319, 8861, 15472, 13595, 12234, 1960)
right	v	717807	(761, 241)	[(-36, 846, 630), (-36, 828, 630), (-72, 828, 648), (-72, 828, 684), (-54, 828, 684), (-54, 828, 684), (-54, 828, 648), (-54, 828, 630), (-54, 828, 612), (-54, 828, 666), (-54, 828, 648), (-72, 828, 648), (-54, 828, 648), (-72, 828, 648), (-72, 846, 648), (-54, 846, 666), (-72, 828, 648), (-90, 828, 630), (-72, 846, 594), (-54, 828, 666), (-108, 864, 522), (-54, 864, 576), (-72, 918, 792), (-108, 828, 720), (-90, 792, 630)]	(9362, 10687, 9555, 10113, 11458, 9825, 8236, 10901, 7369, 7043, 6955, 10592, 10366, 6439, 7334, 7824, 12642, 19706, 14303, 8875, 15585, 13670, 12140, 1960)
left	w	719496	(573, 406)	[(-54, 846, 612), (-36, 828, 612), (-36, 828, 630), (-72, 828, 666), (-54, 846, 666), (0, 864, 594), (-36, 864, 612), (-36, 846, 594), (-54, 828, 612), (-36, 864, 648), (-36, 864, 648), (-36, 846, 630), (-54, 846, 630), (-18, 846, 612), (-36, 846, 630), (-36, 846, 630), (-54, 846, 648), (-36, 846, 648), (-54, 846, 612), (0, 846, 504), (-36, 882, 702), (-72, 864, 648), (-36, 846, 576), (-54, 828, 630), (-54, 864, 594)]	(9359, 10643, 9471, 10070, 11428, 9683, 7960, 11419, 7545, 7044, 6752, 10930, 10456, 6423, 7332, 7863, 12603, 19705, 14290, 8894, 15647, 13681, 12167, 1962)
right	a	721981	(670, 411)	[(-54, 846, 648), (-54, 846, 648), (-54, 828, 594), (-72, 828, 630), (-54, 828, 630), (-54, 864, 702), (-54, 846, 738), (-90, 828, 522), (-54, 810, 558), (-90, 846, 576), (-72, 882, 684), (-126, 864, 666), (-108, 846, 666), (-36, 828, 612), (-126, 828, 576), (-90, 864, 594), (-126, 882, 594), (-90, 864, 612), (-108, 882, 612), (-216, 936, 396), (-72, 936, 450), (-126, 918, 702), (-180, 864, 594), (-90, 864, 522), (0, 810, 504)]	(9398, 10905, 9720, 10300, 11462, 9818, 8416, 8247, 7565, 7010, 7042, 8758, 9850, 6465, 7324, 7626, 12915, 19690, 14334, 8850, 15479, 13628, 12167, 1956)
right	w	723620	(579, 386)	[(-72, 846, 612), (-54, 828, 612), (-72, 846, 612), (-54, 846, 612), (-90, 846, 648), (-90, 846, 648), (-90, 828, 648), (-36, 828, 612), (-36, 846, 594), (-90, 864, 702), (-54, 864, 666), (-54, 882, 576), (-54, 846, 594), (-90, 864, 540), (-126, 864, 612), (-72, 864, 612), (-72, 882, 576), (-90, 900, 558), (-108, 864, 630), (-108, 864, 630), (-126, 900, 504), (-126, 900, 486), (-108, 918, 540), (-90, 936, 594), (-144, 918, 576)]	(9399, 10788, 9705, 10267, 11461, 9837, 8864, 9711, 7426, 7100, 7913, 10151, 9629, 6621, 7355, 7771, 13117, 19721, 14414, 8865, 15495, 13643, 12182, 1935)
right	y	725504	(595, 215)	[(-72, 846, 594), (-54, 864, 576), (-72, 864, 648), (-72, 864, 576), (-54, 864, 594), (-72, 864, 630), (-72, 864, 630), (-54, 864, 594), (-72, 846, 648), (-36, 864, 594), (-72, 864, 594), (-72, 846, 630), (-72, 864, 612), (-72, 882, 576), (-72, 882, 612), (-72, 864, 594), (-36, 864, 558), (-54, 846, 558), (-72, 882, 594), (-90, 882, 702), (-72, 882, 594), (-108, 900, 486), (-90, 864, 558), (-72, 900, 612), (-90, 864, 504)]	(9385, 10653, 9505, 10118, 11471, 9870, 8837, 11436, 7674, 7133, 7868, 11505, 10389, 6410, 7340, 7989, 12445, 19740, 14344, 8891, 15675, 13721, 12165, 1943)
right	c	727409	(756, 284)	[(-54, 864, 612), (-72, 846, 648), (-54, 846, 630), (-90, 846, 630), (-90, 846, 594), (-54, 846, 576), (-72, 864, 648), (-90, 846, 630), (-108, 846, 630), (-90, 846, 576), (-90, 846, 612), (-90, 864, 648), (-90, 864, 594), (-90, 846, 612), (-72, 846, 612), (-90, 846, 612), (-90, 846, 630), (-90, 864, 612), (-90, 864, 612), (-90, 864, 612), (-72, 846, 630), (-108, 864, 648), (-108, 864, 540), (-72, 882, 612), (-90, 918, 666)]	(9388, 10773, 9604, 10188, 11459, 9815, 8561, 10167, 7648, 7091, 7132, 10556, 10461, 6467, 7346, 7738, 12774, 19708, 14373, 8867, 15502, 13660, 12136, 1969)
left	n	729047	(750, 161)	[(-54, 846, 630), (-54, 846, 612), (-72, 846, 630), (-72, 864, 666), (-72, 846, 630), (-90, 864, 630), (-72, 828, 648), (-72, 846, 576), (-54, 846, 612), (-54, 846, 648), (-54, 846, 612), (-54, 846, 648), (-54, 846, 648), (-72, 846, 612), (-36, 846, 612), (-72, 846, 612), (-72, 864, 630), (-72, 846, 648), (-54, 846, 630), (-54, 846, 612), (-72, 846, 594), (-18, 846, 558), (-36, 864, 648), (-90, 882, 630), (-36, 864, 594)]	(9393, 10690, 9467, 10082, 11440, 9748, 8088, 11404, 7690, 7043, 6866, 10337, 10600, 6314, 7328, 8195, 12323, 19770, 14330, 8938, 15854, 13941, 12214, 1962)
right	b	731571	(742, 202)	[(-72, 846, 630), (-72, 864, 612), (-72, 846, 612), (-72, 864, 630), (-72, 864, 612), (-72, 846, 630), (-72, 864, 612), (-72, 864, 630), (-90, 864, 630), (-54, 846, 630), (-72, 846, 612), (-90, 846, 612), (-72, 846, 612), (-90, 846, 612), (-72, 864, 558), (-72, 864, 648), (-72, 846, 648), (-72, 846, 648), (-72, 846, 612), (-72, 828, 594), (-108, 882, 468), (-18, 918, 576), (-72, 918, 720), (-180, 828, 684), (-54, 828, 594)]	(9393, 10697, 9499, 10133, 11460, 9795, 8347, 11711, 7580, 7068, 6968, 10972, 10489, 6390, 7339, 7832, 12595, 19721, 14287, 8875, 15605, 13709, 12145, 1961)
right	g	733358	(654, 237)	[(-72, 864, 612), (-72, 846, 648), (-72, 864, 630), (-72, 864, 648), (-72, 846, 594), (-72, 864, 594), (-72, 864, 630), (-90, 864, 612), (-108, 846, 630), (-90, 846, 594), (-90, 864, 612), (-72, 882, 576), (-90, 864, 612), (-72, 864, 630), (-72, 882, 576), (-90, 864, 612), (-72, 864, 612), (-90, 846, 648), (-72, 846, 576), (-72, 882, 522), (-144, 936, 504), (-54, 918, 630), (-108, 900, 666), (-162, 846, 558), (-72, 864, 594)]	(9374, 10611, 9464, 10090, 11437, 9766, 8443, 11978, 7682, 7103, 7341, 10697, 10469, 6451, 7350, 7889, 12803, 19735, 14299, 8875, 15565, 13734, 12180, 1955)
right	h	754909	(668, 182)	[(-36, 720, 756), (-36, 702, 792), (-18, 720, 774), (-36, 702, 792), (-18, 702, 756), (0, 720, 756), (-54, 702, 792), (-36, 720, 774), (-18, 720, 774), (-36, 720, 756), (-54, 720, 774), (-36, 720, 792), (-36, 720, 756), (-18, 720, 738), (-54, 720, 774), (-36, 720, 774), (-36, 720, 774), (-54, 720, 774), (-54, 720, 756), (-54, 720, 756), (-54, 738, 720), (-54, 720, 720), (-36, 738, 774), (-36, 702, 792), (-36, 702, 666)]	(9394, 10669, 9389, 10010, 11505, 9821, 8638, 10879, 6357, 7110, 7588, 11918, 10396, 6504, 7368, 8088, 12749, 19704, 14331, 8912, 15586, 13715, 12098, 1965)
left	q	756545	(582, 460)	[(-36, 720, 756), (-36, 720, 756), (-36, 720, 774), (-54, 720, 792), (-36, 720, 810), (-36, 702, 774), (-36, 720, 774), (-36, 702, 810), (-54, 684, 756), (-36, 720, 756), (0, 720, 774), (-36, 702, 792), (-18, 720, 774), (-36, 720, 756), (-36, 702, 792), (-36, 702, 756), (-54, 702, 756), (-36, 702, 774), (-36, 702, 792), (-36, 720, 792), (-54, 702, 774), (-36, 720, 792), (-54, 720, 810), (-36, 702, 972), (-54, 720, 828)]	(9392, 10675, 9401, 10022, 11492, 9788, 8377, 11429, 6735, 7088, 7255, 12232, 10570, 6482, 7370, 8111, 12712, 19706, 14315, 8924, 15599, 13726, 12085, 1964)
right	n	768867	(747, 137)	[(-72, 702, 738), (-90, 684, 738), (-72, 684, 774), (-54, 684, 810), (-54, 684, 810), (-54, 684, 792), (-54, 702, 774), (-36, 702, 756), (-54, 684, 828), (-54, 684, 828), (-36, 666, 810), (-18, 684, 792), (-36, 666, 810), (-54, 684, 810), (-72, 684, 810), (-54, 684, 792), (-54, 702, 810), (-54, 684, 810), (-54, 684, 828), (-36, 684, 810), (-90, 684, 720), (-72, 684, 792), (-36, 684, 864), (-36, 684, 810), (-90, 666, 702)]	(9394, 10670, 9383, 9995, 11490, 9787, 8377, 11157, 6257, 7068, 7008, 11787, 10483, 6432, 7335, 7903, 12477, 19670, 14342, 8862, 15482, 13667, 12032, 1955)
left	z	774535	(761, 388)	[(-36, 702, 792), (-36, 702, 810), (-36, 684, 810), (-54, 702, 792), (-54, 684, 792), (-36, 702, 810), (-36, 702, 774), (-54, 702, 756), (-54, 702, 792), (-54, 684, 792), (-36, 684, 792), (-54, 684, 810), (-36, 702, 792), (-54, 720, 774), (-54, 684, 774), (-54, 702, 792), (-36, 702, 810), (-18, 702, 774), (-54, 702, 792), (-54, 684, 828), (0, 702, 702), (-36, 720, 846), (-36, 684, 900), (18, 684, 846), (-54, 666, 720)]	(9395, 10649, 9367, 9991, 11483, 9738, 8179, 11294, 6853, 7095, 7109, 12205, 10611, 6445, 7358, 7923, 12527, 19677, 14290, 8888, 15503, 13662, 12042, 1963)
left	q	776281	(574, 457)	[(-54, 684, 828), (-54, 702, 792), (-54, 666, 792), (-54, 684, 810), (-54, 684, 792), (-54, 684, 792), (-54, 684, 810), (-54, 684, 792), (-54, 684, 828), (-54, 666, 810), (-72, 684, 774), (-54, 684, 792), (-54, 702, 810), (-72, 684, 792), (-54, 684, 774), (-36, 684, 810), (-36, 702, 810), (-72, 684, 792), (-54, 684, 774), (-54, 684, 630), (-36, 702, 990), (-36, 648, 882), (-36, 702, 702), (-72, 666, 702), (-72, 702, 810)]	(9397, 10662, 9371, 9998, 11475, 9749, 8315, 11452, 6830, 7095, 7093, 12144, 10696, 6471, 7358, 7900, 12618, 19678, 14290, 8877, 15476, 13687, 12047, 1961)
right	y	778387	(585, 207)	[(-54, 684, 792), (-54, 684, 810), (-54, 684, 792), (-72, 684, 792), (-54, 684, 810), (-36, 684, 810), (-54, 684, 792), (-36, 702, 774), (-54, 684, 810), (-54, 684, 810), (-54, 684, 810), (-54, 684, 774), (-72, 684, 774), (-54, 720, 792), (-36, 702, 792), (-36, 702, 792), (-54, 702, 756), (-54, 720, 810), (-54, 702, 846), (-54, 702, 792), (-72, 738, 702), (-54, 720, 720), (0, 738, 846), (-54, 720, 792), (-36, 684, 594)]	(9402, 10633, 9416, 10049, 11498, 9775, 8468, 12267, 6885, 7129, 7714, 12105, 10873, 6462, 7357, 7964, 12471, 19699, 14358, 8891, 15520, 13724, 12041, 1955)
left	u	781461	(593, 170)	[(-36, 720, 774), (0, 720, 828), (-36, 684, 792), (0, 720, 774), (0, 720, 738), (18, 720, 756), (0, 702, 774), (-36, 702, 792), (-18, 702, 810), (-36, 720, 774), (0, 720, 774), (-18, 720, 774), (-36, 720, 774), (0, 720, 774), (0, 720, 756), (18, 738, 756), (18, 738, 756), (54, 738, 756), (36, 756, 738), (0, 720, 756), (144, 774, 576), (126, 792, 810), (54, 756, 954), (108, 756, 810), (72, 738, 612)]	(9404, 10690, 9388, 10064, 11483, 9695, 7655, 13145, 7681, 7103, 6935, 11793, 11043, 6387, 7350, 8163, 12358, 19723, 14303, 8964, 15786, 13907, 12087, 1974)
left	g	783606	(663, 236)	[(-36, 720, 792), (-54, 702, 792), (-36, 702, 774), (-36, 702, 756), (-36, 720, 792), (-36, 720, 792), (-54, 702, 810), (-54, 702, 810), (0, 702, 792), (-54, 702, 774), (-72, 720, 774), (-54, 702, 792), (-36, 702, 756), (-36, 720, 756), (-36, 720, 774), (-54, 720, 756), (0, 738, 756), (0, 720, 756), (18, 720, 756), (-54, 720, 774), (-36, 702, 756), (18, 738, 720), (36, 738, 918), (18, 720, 900), (36, 720, 612)]	(9393, 10670, 9395, 10051, 11471, 9680, 7819, 12949, 7355, 7094, 6903, 12007, 10994, 6414, 7351, 8010, 12516, 19713, 14278, 8920, 15633, 13852, 12074, 1970)
right	q	785664	(565, 431)	[(-54, 702, 810), (-54, 702, 774), (-36, 702, 792), (-54, 702, 792), (-36, 702, 792), (-36, 720, 774), (18, 720, 774), (0, 738, 792), (-72, 756, 702), (-54, 756, 720), (-108, 756, 774), (-90, 738, 756), (-108, 774, 774), (-90, 756, 684), (-54, 756, 648), (-90, 738, 756), (-90, 738, 828), (-108, 792, 702), (-108, 756, 702), (-270, 756, 432), (-54, 792, 738), (-90, 792, 990), (-108, 720, 756), (-36, 756, 504), (-90, 738, 594)]	(9394, 10795, 9509, 10190, 11471, 9694, 7992, 9524, 6038, 7017, 7074, 9419, 7020, 6436, 7317, 7571, 12883, 19745, 14447, 8930, 15499, 13855, 12070, 1964)
left	b	787609	(750, 212)	[(-54, 702, 774), (-54, 720, 774), (-36, 720, 756), (-54, 702, 810), (-36, 720, 774), (-36, 720, 774), (-72, 720, 792), (-54, 720, 792), (-54, 720, 738), (-54, 702, 756), (-36, 720, 738), (-36, 720, 756), (-54, 702, 756), (-72, 720, 738), (-54, 720, 756), (-36, 720, 792), (-36, 720, 774), (-54, 702, 774), (-90, 720, 756), (-36, 702, 720), (-36, 702, 702), (18, 738, 720), (-72, 720, 1080), (-18, 702, 828), (-36, 666, 648)]	(9399, 10730, 9451, 10130, 11480, 9710, 7653, 12640, 8008, 7081, 6646, 10797, 10987, 6340, 7333, 7855, 12185, 19734, 14273, 8937, 15712, 13981, 12053, 1956)
left	l	789319	(679, 63)	[(-72, 702, 828), (-72, 684, 792), (-72, 702, 774), (-36, 702, 738), (-54, 702, 756), (-90, 702, 756), (-54, 720, 792), (-36, 738, 792), (18, 648, 738), (-54, 702, 774), (0, 738, 738), (-54, 738, 828), (36, 684, 828), (-36, 720, 774), (0, 720, 774), (18, 702, 792), (-36, 702, 792), (-18, 702, 702), (-36, 720, 756), (18, 702, 810), (36, 720, 846), (36, 738, 702), (36, 738, 846), (18, 738, 810), (36, 720, 738)]	(9410, 10815, 9446, 10108, 11478, 9678, 7276, 9336, 7257, 6972, 6222, 9070, 8688, 6232, 7280, 8177, 12128, 19788, 14362, 9070, 16255, 14273, 12123, 1957)
left	r	791205	(586, 315)	[(-54, 702, 792), (-36, 720, 792), (-36, 702, 774), (-36, 720, 792), (-36, 720, 774), (-36, 720, 774), (-36, 720, 810), (-36, 720, 756), (-18, 720, 756), (-54, 720, 792), (-36, 720, 792), (-36, 720, 756), (-36, 720, 774), (-36, 720, 792), (-36, 720, 792), (-36, 720, 792), (-36, 720, 774), (-18, 738, 738), (-36, 720, 792), (-36, 720, 810), (-36, 720, 774), (18, 738, 612), (-54, 738, 864), (-54, 720, 954), (0, 720, 792)]	(9410, 10784, 9432, 10087, 11488, 9729, 8117, 10677, 7090, 7053, 6707, 11063, 10797, 6378, 7354, 8391, 12573, 19712, 14311, 8957, 15712, 13862, 12081, 1967)
left	v	793162	(755, 258)	[(-36, 702, 774), (-36, 738, 774), (-36, 702, 774), (-36, 720, 792), (-36, 702, 792), (-36, 702, 792), (-36, 684, 774), (-36, 702, 792), (-36, 702, 774), (-54, 702, 792), (-36, 720, 756), (-36, 702, 756), (-54, 702, 774), (-54, 684, 792), (-36, 702, 774), (-36, 702, 828), (-54, 720, 792), (-54, 702, 738), (-54, 702, 774), (-54, 702, 810), (-54, 702, 774), (-36, 720, 774), (-36, 720, 738), (-36, 738, 918), (18, 702, 810)]	(9413, 10730, 9385, 10040, 11477, 9682, 7945, 11009, 7086, 7035, 6719, 10985, 10749, 6359, 7341, 8147, 12400, 19676, 14258, 8913, 15635, 13829, 12038, 1972)
left	f	795163	(679, 286)	[(-54, 702, 756), (-54, 702, 792), (-54, 702, 810), (-36, 702, 774), (-54, 684, 774), (-54, 702, 810), (-36, 702, 792), (-54, 702, 792), (-54, 684, 774), (-54, 702, 774), (-36, 702, 810), (-72, 702, 810), (-54, 702, 792), (-54, 702, 774), (-54, 684, 774), (-54, 702, 774), (-54, 702, 810), (-54, 702, 774), (-54, 702, 774), (-72, 684, 792), (18, 720, 738), (-54, 720, 774), (-36, 702, 972), (0, 720, 918), (-36, 720, 720)]	(9409, 10762, 9430, 10096, 11481, 9733, 8135, 11549, 7368, 7082, 6723, 11136, 10874, 6394, 7345, 8236, 12555, 19697, 14297, 8932, 15626, 13849, 12057, 1970)
left	t	796802	(583, 265)	[(-54, 702, 792), (-54, 702, 774), (-72, 684, 756), (-54, 720, 828), (-18, 720, 864), (-36, 702, 792), (-36, 720, 720), (-54, 720, 774), (-18, 720, 792), (0, 720, 774), (-36, 720, 774), (0, 720, 774), (-36, 720, 774), (-36, 720, 738), (-36, 738, 774), (-36, 720, 756), (-36, 720, 774), (-36, 720, 774), (-72, 720, 792), (-54, 720, 720), (-36, 756, 702), (36, 756, 756), (-36, 738, 792), (-36, 756, 774), (0, 720, 738)]	(9409, 10709, 9388, 10051, 11455, 9671, 7812, 11419, 7167, 7073, 6760, 11057, 10757, 6451, 7361, 8328, 12623, 19677, 14270, 8930, 15622, 13770, 12051, 1961)
right	e	798489	(565, 347)	[(-36, 702, 792), (-36, 702, 810), (-36, 720, 792), (0, 720, 774), (-36, 720, 738), (-36, 720, 756), (-36, 720, 774), (-36, 720, 738), (-54, 738, 774), (-108, 756, 810), (-108, 738, 846), (-90, 738, 684), (-72, 756, 612), (-90, 756, 684), (-90, 756, 774), (-108, 756, 738), (-90, 756, 738), (-72, 738, 720), (-90, 756, 702), (-108, 756, 738), (-162, 810, 666), (-72, 774, 756), (-72, 792, 828), (-72, 738, 792), (-54, 720, 630)]	(9384, 10745, 9562, 10221, 11480, 9795, 8450, 11543, 7121, 7080, 7099, 10174, 10530, 6468, 7362, 7769, 12764, 19709, 14364, 8908, 15460, 13812, 12065, 1966)
left	o	800820	(590, 100)	[(-54, 738, 774), (-36, 720, 774), (-54, 720, 738), (-36, 738, 738), (-54, 720, 774), (-36, 738, 792), (-36, 738, 792), (0, 738, 756), (0, 756, 756), (18, 756, 738), (0, 738, 756), (-18, 756, 774), (18, 738, 774), (36, 738, 702), (18, 756, 720), (36, 774, 756), (36, 774, 738), (54, 774, 702), (36, 774, 702), (18, 774, 540), (90, 810, 612), (162, 810, 828), (90, 792, 900), (90, 792, 738), (90, 774, 594)]	(9410, 10707, 9346, 10041, 11452, 9600, 7312, 11731, 7494, 7030, 6588, 9901, 10824, 6350, 7346, 8406, 12279, 19681, 14236, 8976, 15930, 13895, 12057, 1966)
right	j	802748	(678, 144)	[(-36, 720, 738), (-36, 738, 774), (-36, 738, 756), (-36, 720, 756), (-36, 720, 738), (-36, 738, 792), (-54, 720, 792), (-54, 720, 792), (-54, 720, 792), (-36, 720, 774), (-54, 720, 738), (-54, 738, 792), (-54, 720, 810), (-36, 720, 774), (-36, 720, 720), (-54, 738, 756), (-54, 720, 828), (-36, 738, 756), (-54, 738, 756), (-36, 720, 792), (-54, 738, 756), (-72, 738, 756), (-54, 756, 810), (-18, 738, 810), (0, 684, 612)]	(9401, 10749, 9420, 10101, 11480, 9698, 7532, 11861, 7171, 7038, 6553, 10962, 10989, 6371, 7343, 8066, 12303, 19689, 14235, 8909, 15645, 13719, 12022, 1975)
left	c	804392	(764, 300)	[(-36, 720, 774), (-36, 720, 774), (-54, 702, 774), (-54, 720, 774), (-18, 720, 774), (-18, 720, 756), (-36, 702, 756), (-36, 720, 774), (-36, 702, 792), (-54, 720, 774), (-36, 720, 774), (-36, 720, 774), (-36, 720, 774), (-54, 720, 774), (-54, 720, 774), (-54, 702, 756), (-36, 702, 810), (-54, 702, 756), (-54, 720, 756), (-54, 720, 738), (-54, 720, 756), (-36, 702, 756), (0, 756, 720), (0, 720, 954), (0, 702, 846)]	(9407, 10789, 9429, 10104, 11478, 9659, 7355, 12216, 7432, 7055, 6520, 11012, 11115, 6377, 7358, 8188, 12365, 19714, 14258, 8935, 15673, 13801, 12041, 1967)
left	x	806285	(766, 347)	[(-54, 684, 792), (-36, 702, 810), (-54, 702, 774), (-54, 702, 774), (-54, 702, 810), (-54, 702, 792), (-54, 702, 756), (-54, 702, 774), (-54, 702, 774), (-54, 702, 792), (-36, 702, 774), (-54, 702, 774), (-54, 702, 792), (-54, 702, 774), (-36, 702, 774), (-54, 720, 792), (-54, 702, 792), (-54, 702, 756), (-54, 702, 792), (-36, 702, 792), (-54, 702, 792), (-18, 702, 684), (-72, 720, 774), (-18, 720, 900), (0, 702, 972)]	(9404, 10795, 9438, 10124, 11480, 9694, 7526, 12280, 7367, 7064, 6571, 11092, 10959, 6385, 7353, 8174, 12341, 19683, 14219, 8915, 15606, 13735, 12022, 1969)
right	d	809290	(644, 322)	[(-54, 684, 792), (-72, 702, 792), (-72, 684, 792), (-72, 720, 738), (-72, 720, 810), (-72, 684, 846), (-72, 702, 810), (-72, 702, 774), (-72, 720, 810), (-72, 702, 828), (-72, 702, 756), (-54, 702, 702), (-72, 702, 792), (-90, 720, 864), (-72, 684, 882), (-90, 702, 828), (-72, 720, 702), (-72, 702, 684), (-90, 720, 792), (-144, 738, 810), (-90, 720, 684), (-18, 756, 864), (-54, 738, 864), (-36, 630, 702), (-54, 720, 522)]	(9385, 10662, 9425, 10104, 11468, 9712, 8050, 11822, 7467, 7095, 7418, 11109, 10990, 6425, 7348, 7760, 12297, 19683, 14207, 8878, 15423, 13738, 12025, 1965)
right	a	811457	(658, 431)	[(-72, 684, 774), (-72, 702, 792), (-72, 702, 810), (-72, 702, 774), (-72, 702, 774), (-72, 702, 810), (-72, 702, 792), (-54, 702, 720), (-90, 702, 828), (-72, 720, 792), (-54, 720, 756), (-72, 720, 774), (-54, 738, 810), (-18, 738, 828), (-54, 738, 756), (-54, 738, 756), (-144, 756, 738), (-108, 720, 666), (-90, 720, 630), (-90, 720, 774), (-180, 756, 774), (-126, 828, 450), (-90, 792, 936), (-144, 684, 918), (-36, 684, 558)]	(9405, 10939, 9499, 10252, 11511, 9805, 8458, 9536, 6617, 7045, 7158, 9575, 7910, 6352, 7304, 7747, 12290, 19716, 14328, 8930, 15515, 13855, 12028, 1968)
right	c	816004	(756, 280)	[(-72, 684, 792), (-72, 666, 810), (-72, 684, 792), (-72, 666, 810), (-72, 684, 810), (-72, 684, 792), (-54, 684, 810), (-72, 684, 792), (-72, 702, 792), (-72, 684, 810), (-72, 684, 792), (-54, 684, 792), (-72, 702, 792), (-90, 684, 810), (-90, 684, 828), (-72, 684, 792), (-72, 684, 756), (-72, 684, 774), (-90, 702, 864), (-72, 702, 882), (-108, 702, 810), (-90, 702, 630), (-72, 702, 738), (-36, 738, 846), (-72, 666, 720)]	(9401, 10878, 9484, 10172, 11520, 9859, 8974, 10930, 6482, 7093, 7170, 10972, 10018, 6392, 7318, 7736, 12070, 19693, 14383, 8882, 15436, 13790, 11997, 1971)
right	i	818856	(586, 132)	[(-54, 702, 792), (-72, 702, 756), (-54, 684, 792), (-54, 702, 792), (-54, 684, 810), (-72, 702, 792), (-54, 702, 792), (-36, 702, 792), (-54, 702, 774), (-54, 702, 774), (-72, 702, 792), (-72, 684, 792), (-54, 702, 810), (-54, 702, 810), (-54, 702, 792), (-54, 684, 774), (-72, 702, 774), (-72, 684, 828), (-54, 702, 792), (-54, 702, 756), (-90, 702, 738), (-36, 702, 1008), (-54, 720, 936), (0, 648, 522), (-72, 702, 486)]	(9400, 10807, 9424, 10109, 11513, 9786, 8165, 11200, 6390, 7067, 6790, 11683, 10352, 6343, 7312, 7724, 11928, 19665, 14221, 8902, 15547, 13797, 11985, 1955)
right	i	820966	(583, 110)	[(-54, 684, 810), (-54, 684, 810), (-54, 702, 774), (-36, 702, 774), (-54, 684, 792), (-54, 702, 792), (-54, 702, 792), (-36, 684, 792), (-36, 702, 810), (-36, 684, 792), (-54, 702, 774), (-36, 684, 810), (-54, 702, 792), (-36, 702, 792), (-54, 702, 792), (-36, 684, 792), (-54, 684, 774), (-54, 684, 810), (-54, 666, 792), (-54, 702, 774), (-36, 702, 810), (-54, 702, 828), (-54, 702, 756), (-54, 702, 810), (-54, 702, 756)]	(9403, 10803, 9425, 10126, 11517, 9773, 8040, 12035, 6752, 7088, 6784, 11800, 10751, 6356, 7328, 7790, 11961, 19688, 14265, 8913, 15575, 13828, 11990, 1957)
left	r	825136	(585, 315)	[(-36, 684, 828), (-54, 684, 774), (-54, 702, 774), (-36, 702, 792), (-54, 702, 846), (-36, 684, 774), (-54, 702, 756), (-54, 684, 792), (-18, 702, 810), (-54, 702, 810), (-36, 702, 792), (-54, 702, 792), (-54, 684, 774), (-36, 702, 756), (-54, 702, 792), (-54, 720, 810), (-36, 720, 810), (-54, 720, 738), (-54, 738, 648), (18, 738, 648), (18, 738, 828), (-18, 720, 900), (0, 702, 828), (-36, 720, 720), (-36, 720, 630)]	(9401, 10783, 9395, 10077, 11497, 9714, 7901, 11934, 6866, 7087, 6756, 11895, 10679, 6419, 7345, 7755, 12259, 19675, 14231, 8904, 15521, 13795, 12003, 1968)
left	f	826798	(678, 285)	[(-54, 720, 774), (-36, 702, 774), (-54, 702, 774), (-54, 702, 792), (-36, 702, 774), (-36, 702, 774), (-54, 684, 828), (-36, 702, 792), (-36, 684, 774), (-36, 720, 774), (-36, 720, 774), (-36, 702, 756), (-36, 720, 792), (-36, 702, 810), (-54, 720, 738), (-36, 702, 792), (-36, 702, 792), (-36, 702, 774), (-54, 702, 774), (-54, 684, 792), (18, 720, 702), (0, 702, 900), (-36, 702, 882), (0, 720, 792), (-36, 684, 666)]	(9409, 10811, 9440, 10109, 11496, 9756, 7904, 12503, 7118, 7078, 6730, 11930, 10863, 6399, 7350, 7800, 12253, 19686, 14250, 8920, 15558, 13834, 12010, 1966)
right	f	828736	(670, 265)	[(-72, 684, 792), (-54, 702, 774), (-72, 738, 792), (-72, 720, 828), (-72, 702, 738), (-72, 720, 720), (-54, 738, 774), (-72, 738, 828), (-90, 720, 774), (-72, 720, 702), (-72, 720, 702), (-72, 738, 774), (-72, 738, 828), (-72, 720, 774), (-72, 720, 720), (-72, 702, 792), (-72, 738, 792), (-72, 720, 774), (-72, 738, 774), (-72, 720, 774), (-90, 702, 792), (-144, 738, 702), (-72, 738, 720), (-36, 756, 828), (-36, 756, 810)]	(9408, 10808, 9475, 10174, 11519, 9840, 8818, 11690, 6924, 7110, 7295, 11685, 10616, 6442, 7337, 7835, 12305, 19698, 14322, 8911, 15484, 13841, 12008, 1968)
left	s	830695	(679, 376)	[(-72, 702, 774), (-54, 702, 774), (-72, 702, 774), (-36, 702, 792), (-54, 702, 792), (-72, 702, 792), (-54, 702, 774), (-54, 702, 756), (-72, 684, 774), (-54, 702, 774), (-36, 702, 810), (-54, 702, 774), (-54, 702, 756), (-54, 702, 810), (-72, 702, 810), (-72, 684, 792), (-72, 702, 774), (-54, 720, 792), (-72, 702, 792), (-36, 702, 756), (-36, 702, 756), (-54, 738, 846), (0, 684, 918), (-54, 702, 738), (-54, 702, 666)]	(9395, 10750, 9406, 10078, 11496, 9736, 7941, 12171, 6920, 7103, 6750, 11789, 10641, 6400, 7335, 7777, 12150, 19675, 14232, 8907, 15526, 13801, 11998, 1964)
left	h	832812	(671, 192)	[(-54, 702, 792), (-72, 702, 810), (-90, 702, 792), (-36, 702, 810), (-72, 702, 756), (-36, 702, 774), (-54, 702, 828), (-54, 702, 792), (-54, 720, 756), (-36, 702, 774), (-54, 684, 810), (-54, 702, 792), (-54, 702, 792), (-36, 702, 792), (-36, 720, 774), (-36, 702, 774), (-72, 702, 792), (-54, 702, 774), (-72, 702, 738), (-54, 720, 630), (36, 756, 792), (36, 720, 1008), (54, 720, 864), (18, 684, 684), (-36, 702, 630)]	(9396, 10774, 9396, 10072, 11498, 9720, 7764, 12253, 7140, 7079, 6701, 11201, 10901, 6357, 7331, 7833, 12185, 19678, 14218, 8923, 15601, 13842, 12003, 1967)
left	s	834567	(679, 374)	[(-36, 702, 792), (-54, 702, 792), (-54, 702, 792), (-54, 702, 792), (-54, 702, 774), (-54, 702, 792), (-54, 684, 810), (-54, 702, 756), (-54, 702, 810), (-54, 702, 810), (-54, 684, 792), (-54, 702, 774), (-54, 702, 792), (-54, 684, 792), (-54, 702, 792), (-72, 684, 774), (-36, 684, 810), (-54, 702, 792), (-72, 684, 792), (-54, 702, 792), (-54, 702, 774), (-36, 702, 738), (-54, 702, 774), (-36, 702, 918), (-36, 684, 774)]	(9402, 10804, 9426, 10095, 11495, 9728, 7928, 12104, 7031, 7081, 6717, 11860, 10973, 6382, 7339, 7813, 12110, 19686, 14262, 8925, 15593, 13826, 11992, 1969)
right	q	836827	(577, 444)	[(-72, 684, 792), (-108, 702, 774), (-72, 720, 828), (-72, 720, 792), (-72, 702, 774), (-90, 720, 720), (-72, 702, 774), (-90, 702, 810), (-72, 702, 846), (-72, 720, 828), (-72, 720, 792), (-90, 720, 702), (-54, 720, 738), (-72, 738, 792), (-72, 756, 738), (-90, 738, 720), (-144, 720, 774), (-126, 720, 846), (-162, 738, 720), (-54, 738, 684), (-198, 774, 360), (-54, 756, 936), (-108, 810, 1098), (-90, 684, 864), (-108, 684, 522)]	(9413, 10920, 9430, 10215, 11496, 9717, 8919, 9866, 8160, 7027, 9520, 13465, 6867, 6321, 7281, 7645, 12301, 19716, 14364, 8958, 15547, 13947, 12031, 1966)
right	d	838638	(675, 328)	[(-54, 738, 756), (-90, 738, 774), (-54, 738, 720), (-72, 756, 720), (-72, 738, 720), (-90, 756, 756), (-90, 756, 792), (-72, 738, 756), (-72, 738, 720), (-72, 738, 756), (-72, 756, 792), (-72, 756, 738), (-90, 738, 720), (-72, 756, 738), (-90, 738, 756), (-72, 738, 756), (-90, 738, 738), (-90, 738, 774), (-90, 738, 792), (-144, 756, 684), (-72, 738, 738), (-72, 756, 900), (-90, 738, 828), (0, 666, 558), (-108, 756, 612)]	(9402, 10865, 9466, 10156, 11490, 9699, 8510, 12450, 9406, 7069, 9429, 15683, 9582, 6340, 7292, 7701, 12052, 19676, 14298, 8923, 15530, 13845, 11991, 1969)
left	a	840017	(670, 448)	[(-72, 720, 774), (-72, 720, 738), (-72, 720, 738), (-90, 738, 756), (-72, 738, 756), (-54, 738, 738), (-72, 720, 774), (-72, 720, 774), (-72, 720, 774), (-72, 738, 738), (-72, 738, 756), (-72, 720, 792), (-72, 720, 774), (-90, 720, 738), (-72, 720, 738), (-72, 720, 810), (-72, 720, 774), (-72, 738, 756), (-72, 720, 738), (-72, 720, 738), (-108, 738, 648), (-72, 756, 792), (-54, 720, 846), (-72, 720, 810), (-72, 702, 648)]	(9423, 10862, 9446, 10110, 11500, 9703, 7696, 10326, 6801, 7039, 6637, 11833, 9923, 6337, 7315, 7701, 12027, 19675, 14288, 8945, 15596, 13882, 11991, 1970)
right	m	841882	(740, 110)	[(-54, 702, 810), (-54, 702, 774), (-54, 720, 774), (-54, 720, 774), (-72, 702, 792), (-72, 702, 774), (-72, 702, 774), (-72, 702, 792), (-72, 702, 774), (-54, 702, 792), (-72, 702, 792), (-72, 702, 792), (-54, 702, 774), (-72, 702, 774), (-72, 702, 756), (-54, 702, 828), (-72, 702, 774), (-36, 702, 774), (-54, 702, 774), (-72, 702, 846), (-54, 684, 828), (-108, 756, 738), (-36, 738, 792), (-36, 702, 792), (-72, 684, 612)]	(9398, 10785, 9400, 10066, 11486, 9677, 7418, 10873, 6851, 7036, 6497, 11504, 10236, 6313, 7311, 7632, 11842, 19667, 14246, 8909, 15584, 13855, 11975, 1960)
left	y	844021	(588, 225)	[(-72, 720, 792), (-72, 720, 756), (-54, 702, 774), (-54, 702, 792), (-72, 720, 756), (-72, 738, 774), (-72, 720, 756), (-54, 702, 792), (-72, 720, 774), (-54, 720, 756), (-72, 738, 774), (-72, 738, 774), (-72, 738, 756), (-90, 720, 774), (-72, 720, 756), (-72, 738, 738), (-36, 756, 792), (18, 738, 738), (-54, 738, 756), (-90, 702, 774), (-126, 720, 684), (72, 792, 540), (108, 810, 792), (54, 756, 954), (36, 738, 810)]	(9415, 10855, 9430, 10128, 11513, 9750, 7828, 11782, 7219, 7069, 6640, 11337, 10723, 6426, 7324, 7816, 12410, 19708, 14282, 8971, 15653, 13941, 12034, 1967)
right	z	845710	(761, 392)	[(-72, 720, 756), (-54, 720, 756), (-54, 738, 774), (-72, 720, 774), (-54, 738, 774), (-90, 738, 702), (-90, 738, 756), (-90, 738, 810), (-72, 738, 774), (-90, 720, 720), (-72, 720, 720), (-126, 738, 810), (-90, 720, 792), (-54, 738, 774), (-90, 720, 774), (-90, 738, 738), (-72, 756, 720), (-54, 756, 702), (-72, 756, 738), (-108, 738, 774), (-90, 720, 738), (-198, 774, 702), (-108, 738, 666), (-72, 756, 774), (-36, 792, 846)]	(9426, 11261, 9596, 10414, 11526, 9798, 7768, 8706, 6878, 7005, 6381, 9376, 8395, 6356, 7311, 7684, 12249, 19698, 14412, 8929, 15462, 13821, 12008, 1959)
left	h	848287	(667, 203)	[(-72, 720, 774), (-54, 720, 756), (-54, 720, 774), (-72, 720, 774), (-54, 720, 756), (-36, 738, 756), (-54, 720, 756), (-54, 702, 792), (-72, 720, 774), (-54, 720, 756), (-72, 720, 756), (-54, 720, 774), (-72, 720, 738), (-54, 738, 756), (-54, 738, 774), (-72, 720, 738), (-72, 720, 792), (-36, 738, 792), (-54, 738, 738), (-54, 720, 720), (0, 756, 648), (36, 774, 756), (0, 738, 882), (18, 738, 792), (-36, 720, 702)]	(9394, 10739, 9372, 10055, 11471, 9674, 7301, 11931, 7194, 7061, 6513, 10938, 10594, 6334, 7326, 7713, 12070, 19688, 14219, 8931, 15645, 13934, 12005, 1967)
left	e	849975	(596, 346)	[(-72, 720, 792), (-90, 720, 774), (-54, 720, 756), (-54, 738, 738), (-72, 720, 774), (-72, 720, 702), (-72, 720, 738), (-72, 738, 810), (-72, 720, 810), (-72, 720, 738), (-54, 720, 738), (-72, 738, 738), (-54, 738, 792), (-72, 738, 756), (-72, 738, 738), (-72, 720, 756), (-72, 738, 810), (-72, 720, 792), (-72, 738, 738), (-72, 756, 720), (-54, 720, 684), (-54, 720, 918), (-54, 738, 756), (-54, 720, 630), (-90, 756, 684)]	(9403, 10737, 9380, 10060, 11479, 9695, 7635, 11969, 7040, 7074, 6650, 11631, 10519, 6370, 7332, 7703, 12112, 19680, 14235, 8922, 15565, 13844, 11984, 1970)
left	b	851703	(750, 215)	[(-72, 720, 774), (-72, 720, 792), (-72, 702, 810), (-72, 720, 774), (-90, 702, 774), (-72, 702, 792), (-90, 720, 774), (-54, 720, 774), (-54, 720, 828), (-72, 702, 810), (-72, 720, 792), (-72, 720, 774), (-72, 702, 792), (-54, 720, 774), (-72, 702, 756), (-54, 720, 792), (-72, 720, 792), (-54, 720, 756), (-72, 720, 738), (-72, 720, 756), (-72, 702, 756), (-54, 720, 810), (-36, 720, 828), (-54, 720, 792), (-36, 702, 792)]	(9399, 10769, 9424, 10100, 11482, 9686, 7411, 12498, 7499, 7074, 6560, 11278, 10815, 6322, 7338, 7707, 11963, 19701, 14235, 8924, 15643, 13945, 12015, 1960)
left	j	853541	(672, 145)	[(-54, 720, 810), (-54, 702, 774), (-72, 720, 756), (-54, 702, 792), (-54, 720, 756), (-54, 720, 774), (-72, 720, 792), (-54, 720, 792), (-36, 720, 756), (-54, 738, 756), (-54, 738, 738), (-54, 738, 756), (-72, 684, 738), (-36, 720, 756), (-54, 738, 756), (-54, 720, 756), (-54, 720, 756), (-54, 738, 738), (0, 738, 756), (-18, 738, 774), (36, 720, 738), (36, 756, 756), (-18, 738, 810), (18, 738, 792), (18, 738, 756)]	(9418, 10845, 9428, 10108, 11490, 9707, 7526, 11815, 7431, 7040, 6502, 10355, 10972, 6296, 7322, 7787, 11748, 19684, 14220, 8939, 15717, 13939, 12013, 1961)
left	p	855337	(584, 36)	[(-54, 702, 774), (-54, 702, 774), (-54, 720, 756), (-72, 720, 810), (-72, 720, 810), (-72, 720, 792), (-72, 702, 774), (-54, 738, 774), (-36, 720, 792), (-36, 702, 756), (-36, 702, 756), (-72, 702, 738), (54, 720, 792), (-36, 738, 738), (-36, 738, 756), (18, 720, 756), (18, 738, 756), (18, 738, 774), (-54, 702, 810), (-36, 720, 756), (18, 738, 738), (-36, 738, 630), (180, 774, 774), (108, 774, 918), (108, 774, 828)]	(9434, 10921, 9446, 10177, 11500, 9725, 7360, 8125, 7395, 6979, 6161, 8591, 9580, 6240, 7275, 7827, 11763, 19680, 14274, 9012, 16088, 14068, 12013, 1965)
right	e	858301	(575, 452)	[(-72, 738, 756), (-90, 720, 774), (-90, 720, 774), (-54, 738, 738), (-90, 738, 774), (-90, 738, 738), (-90, 738, 756), (-54, 756, 756), (-72, 738, 756), (-90, 774, 720), (-108, 738, 684), (-108, 774, 702), (-90, 774, 720), (-90, 774, 738), (-90, 774, 720), (-108, 756, 738), (-108, 756, 720), (-108, 774, 738), (-126, 756, 702), (-144, 774, 612), (-216, 828, 630), (-90, 828, 954), (-126, 774, 864), (-54, 702, 540), (-144, 738, 522)]	(9415, 11116, 9699, 10583, 11506, 9777, 8135, 9014, 5886, 7030, 6797, 9273, 6376, 6399, 7310, 7797, 12657, 19754, 14500, 8956, 15590, 13862, 12057, 1967)
right	r	860876	(583, 312)	[(-108, 756, 756), (-90, 738, 720), (-90, 756, 720), (-90, 756, 756), (-90, 774, 702), (-90, 774, 720), (-90, 756, 702), (-90, 756, 720), (-90, 756, 720), (-108, 774, 720), (-108, 774, 720), (-90, 756, 720), (-90, 774, 720), (-90, 756, 756), (-90, 756, 720), (-90, 774, 720), (-90, 774, 720), (-90, 774, 702), (-90, 756, 702), (-108, 738, 738), (-180, 792, 666), (-72, 792, 792), (-54, 810, 828), (-72, 738, 702), (-108, 738, 540)]	(9396, 10807, 9550, 10205, 11472, 9661, 7450, 10352, 6378, 7022, 6548, 10656, 8202, 6349, 7302, 7803, 12282, 19724, 14426, 8959, 15665, 13890, 12019, 1962)
right	x	863085	(741, 337)	[(-90, 720, 774), (-108, 720, 774), (-90, 720, 774), (-108, 720, 774), (-126, 720, 774), (-90, 738, 774), (-90, 720, 756), (-108, 756, 756), (-90, 720, 756), (-108, 738, 738), (-108, 720, 774), (-108, 756, 756), (-108, 738, 738), (-126, 738, 738), (-90, 738, 756), (-90, 738, 756), (-108, 756, 774), (-90, 738, 720), (-108, 738, 702), (-144, 738, 846), (-180, 738, 702), (-90, 774, 738), (-90, 792, 864), (-36, 648, 702), (-54, 738, 504)]	(9398, 11090, 9700, 10332, 11486, 9717, 6945, 9925, 6744, 6972, 6192, 9957, 9149, 6331, 7308, 7560, 11984, 19684, 14507, 8886, 15469, 13716, 12005, 1976)
right	s	865596	(672, 361)	[(-72, 720, 774), (-72, 702, 756), (-72, 738, 738), (-72, 720, 774), (-90, 738, 756), (-54, 738, 774), (-90, 720, 738), (-108, 738, 756), (-72, 738, 756), (-72, 738, 738), (-72, 738, 738), (-72, 756, 720), (-90, 738, 756), (-90, 738, 774), (-72, 738, 720), (-90, 756, 756), (-90, 738, 738), (-72, 756, 774), (-72, 774, 828), (-90, 756, 720), (-36, 756, 576), (-144, 828, 720), (18, 774, 954), (-72, 756, 810), (-36, 720, 558)]	(9418, 11072, 9702, 10397, 11511, 9771, 7738, 10094, 6850, 7032, 6627, 10673, 9265, 6346, 7320, 7818, 12105, 19735, 14534, 8965, 15688, 13932, 12024, 1967)
left	x	867616	(756, 345)	[(-72, 702, 756), (-90, 720, 738), (-54, 720, 774), (-72, 702, 810), (-72, 720, 774), (-72, 702, 792), (-72, 702, 792), (-72, 702, 774), (-72, 702, 792), (-72, 702, 756), (-72, 720, 792), (-72, 702, 792), (-72, 702, 774), (-72, 702, 774), (-72, 702, 774), (-72, 702, 792), (-72, 684, 792), (-90, 720, 756), (-90, 720, 792), (-90, 702, 774), (-54, 720, 720), (-54, 756, 774), (-54, 702, 882), (-36, 702, 810), (-72, 702, 684)]	(9386, 10747, 9472, 10105, 11465, 9632, 6945, 11048, 7340, 7016, 6437, 10936, 10216, 6355, 7338, 7819, 12099, 19719, 14304, 8970, 15738, 13927, 12013, 1959)
right	u	869579	(619, 160)	[(-90, 720, 774), (-72, 720, 756), (-90, 720, 756), (-72, 720, 774), (-90, 720, 756), (-90, 738, 738), (-90, 720, 774), (-90, 720, 756), (-90, 720, 756), (-90, 738, 774), (-72, 720, 774), (-90, 720, 756), (-72, 738, 738), (-90, 738, 756), (-90, 702, 792), (-90, 720, 738), (-90, 720, 756), (-72, 738, 720), (-108, 720, 810), (-108, 738, 846), (-72, 738, 684), (-108, 720, 702), (-54, 738, 864), (-54, 756, 792), (-72, 684, 594)]	(9389, 10824, 9539, 10201, 11478, 9721, 7396, 11668, 7329, 7056, 6537, 11212, 10300, 6389, 7349, 7834, 12273, 19735, 14332, 8963, 15677, 13936, 12029, 1963)
right	j	872537	(666, 151)	[(-54, 702, 810), (-54, 702, 792), (-54, 720, 774), (-54, 702, 756), (-72, 702, 774), (-54, 720, 774), (-54, 702, 792), (-54, 684, 774), (-54, 702, 792), (-54, 702, 810), (-54, 702, 774), (-54, 702, 738), (-54, 720, 828), (-72, 702, 792), (-54, 702, 756), (-72, 702, 774), (-72, 684, 810), (-54, 684, 756), (-72, 702, 810), (-72, 702, 792), (-54, 702, 774), (-54, 720, 846), (-90, 738, 756), (-36, 720, 810), (-72, 720, 738)]	(9403, 10857, 9504, 10189, 11482, 9730, 7316, 11721, 7367, 7060, 6466, 11449, 11239, 6386, 7352, 7838, 12210, 19707, 14301, 8945, 15641, 13871, 12003, 1975)
right	u	874428	(584, 173)	[(-72, 702, 792), (-54, 702, 810), (-54, 702, 774), (-72, 702, 774), (-72, 702, 792), (-54, 720, 774), (-54, 702, 756), (-54, 702, 792), (-54, 702, 774), (-72, 702, 756), (-72, 702, 774), (-54, 720, 774), (-72, 720, 792), (-72, 720, 774), (-54, 720, 720), (-72, 720, 774), (-54, 720, 810), (-72, 720, 774), (-54, 720, 774), (-54, 720, 810), (-90, 756, 684), (-108, 738, 684), (-36, 756, 882), (-54, 774, 846), (0, 684, 612)]	(9404, 10847, 9539, 10226, 11507, 9795, 7770, 12223, 7429, 7086, 6656, 11770, 11454, 6395, 7350, 7817, 12122, 19702, 14305, 8926, 15599, 13860, 12011, 1970)
left	i	876331	(594, 130)	[(-54, 720, 738), (-36, 720, 756), (-36, 738, 774), (-54, 720, 792), (-54, 720, 774), (-54, 720, 756), (-36, 738, 774), (-36, 738, 756), (-36, 720, 756), (-36, 720, 792), (-36, 738, 756), (-54, 738, 792), (-36, 720, 774), (18, 756, 720), (18, 756, 702), (0, 756, 756), (18, 756, 720), (-36, 738, 702), (0, 756, 702), (54, 792, 702), (126, 792, 720), (72, 792, 846), (72, 792, 738), (54, 774, 648), (36, 774, 576)]	(9417, 10748, 9363, 10090, 11485, 9714, 7758, 12117, 7064, 7047, 6588, 9801, 11073, 6369, 7330, 7811, 12300, 19676, 14215, 8940, 15712, 13897, 12030, 1959)
left	j	878842	(659, 147)	[(-54, 738, 756), (-54, 720, 774), (-54, 738, 774), (-36, 720, 774), (-72, 720, 756), (-72, 720, 810), (-36, 738, 774), (-54, 720, 738), (-72, 738, 756), (-54, 720, 756), (-54, 720, 756), (-54, 738, 756), (-36, 756, 774), (0, 720, 738), (-54, 720, 738), (-36, 720, 738), (-36, 720, 774), (-36, 720, 774), (-36, 756, 684), (36, 738, 666), (54, 756, 792), (-54, 738, 810), (0, 738, 720), (36, 720, 738), (18, 720, 738)]	(9415, 10808, 9459, 10157, 11484, 9703, 7587, 12403, 7514, 7079, 6570, 10441, 11493, 6341, 7350, 7981, 12118, 19700, 14256, 8964, 15759, 13887, 12017, 1979)
right	o	880812	(572, 90)	[(-54, 720, 756), (-36, 720, 792), (-54, 702, 774), (-54, 720, 774), (-54, 720, 738), (-54, 702, 792), (-36, 720, 774), (-54, 702, 792), (-54, 702, 756), (-54, 720, 774), (-54, 720, 810), (-36, 720, 774), (-36, 720, 756), (-54, 702, 792), (-54, 720, 774), (-54, 720, 756), (-54, 720, 792), (-54, 720, 756), (-54, 702, 738), (-54, 702, 792), (-54, 720, 792), (-54, 738, 738), (-72, 738, 666), (-72, 702, 882), (-72, 738, 954)]	(9399, 10798, 9482, 10207, 11507, 9781, 7755, 12835, 7477, 7103, 6620, 11385, 11520, 6380, 7346, 7859, 12073, 19691, 14269, 8919, 15623, 13731, 12003, 1947)
left	p	883704	(583, 38)	[(-36, 738, 774), (-54, 720, 792), (-54, 720, 756), (-36, 720, 756), (-18, 702, 774), (0, 720, 774), (18, 720, 774), (0, 738, 738), (-18, 720, 738), (-36, 720, 810), (-18, 720, 792), (0, 720, 756), (0, 720, 756), (18, 738, 738), (0, 738, 792), (54, 720, 774), (18, 756, 774), (-54, 738, 756), (0, 720, 738), (-54, 756, 666), (108, 774, 666), (144, 774, 774), (108, 756, 954), (108, 774, 738), (72, 738, 612)]	(9440, 10911, 9500, 10217, 11503, 9734, 7333, 9317, 8020, 7006, 6258, 9191, 10996, 6288, 7313, 7972, 11839, 19663, 14255, 8968, 15973, 13992, 12020, 1959)
right	z	885617	(768, 391)	[(-72, 702, 792), (-72, 684, 702), (-72, 720, 792), (-36, 738, 828), (-54, 702, 792), (-90, 720, 756), (-36, 738, 738), (-36, 738, 792), (-36, 738, 774), (-72, 756, 774), (-72, 756, 720), (-90, 756, 666), (-108, 756, 738), (-54, 720, 720), (-108, 702, 774), (-126, 738, 792), (-90, 738, 720), (-126, 738, 756), (-126, 738, 738), (-144, 738, 756), (-234, 756, 720), (-144, 792, 558), (-108, 774, 774), (-90, 810, 936), (-36, 702, 810)]	(9415, 11108, 9828, 10486, 11511, 9760, 6660, 9120, 7089, 6996, 6410, 9535, 7672, 6343, 7313, 7639, 12415, 19747, 14448, 8930, 15489, 13827, 12050, 1972)
right	t	887527	(582, 258)	[(-36, 720, 810), (-36, 738, 720), (-36, 738, 666), (-36, 720, 756), (-72, 720, 828), (-54, 702, 828), (0, 738, 720), (-72, 738, 666), (-90, 720, 774), (-108, 738, 846), (-54, 738, 774), (-54, 738, 720), (-72, 720, 702), (-72, 756, 756), (-90, 720, 792), (-90, 738, 756), (-90, 720, 774), (-72, 756, 738), (-72, 738, 738), (-144, 756, 648), (-36, 756, 936), (-90, 864, 972), (72, 630, 558), (-90, 720, 414), (-162, 738, 756)]	(9389, 10721, 9488, 10162, 11488, 9748, 7541, 11886, 7175, 7067, 6693, 11691, 11042, 6384, 7348, 7661, 12157, 19698, 14248, 8900, 15508, 13711, 12017, 1966)
right	r	889305	(601, 276)	[(-54, 720, 792), (-54, 702, 738), (-72, 720, 756), (-54, 720, 810), (-54, 720, 774), (-54, 720, 756), (-72, 756, 774), (-72, 738, 756), (-72, 720, 774), (-108, 738, 792), (-126, 720, 792), (-90, 738, 738), (-72, 756, 720), (-90, 720, 738), (-126, 756, 810), (-108, 756, 828), (-72, 738, 720), (-126, 756, 666), (-108, 738, 792), (-108, 738, 792), (-126, 756, 774), (-108, 738, 702), (-90, 774, 702), (-90, 792, 738), (-90, 738, 738)]	(9388, 10761, 9580, 10243, 11485, 9736, 7299, 12103, 7509, 7082, 6554, 11380, 11042, 6428, 7362, 7702, 12336, 19715, 14308, 8911, 15464, 13740, 12022, 1965)
right	b	891699	(749, 184)	[(-54, 720, 738), (-54, 720, 756), (-54, 720, 756), (-72, 720, 828), (-72, 720, 810), (-54, 720, 738), (-72, 702, 810), (-54, 720, 792), (-36, 738, 774), (-90, 720, 828), (-90, 702, 738), (-54, 720, 738), (-54, 738, 774), (-90, 702, 774), (-90, 720, 756), (-90, 720, 756), (-72, 720, 792), (-72, 720, 774), (-90, 702, 774), (-54, 702, 810), (-90, 702, 774), (-90, 756, 756), (-36, 792, 828), (0, 666, 756), (-54, 720, 648)]	(9392, 10795, 9545, 10185, 11489, 9728, 7223, 12352, 7148, 7075, 6510, 11810, 11450, 6377, 7345, 7662, 12161, 19688, 14275, 8897, 15496, 13770, 12007, 1966)
