Please hold the phone in your left hand and type with your left thumb
m	2373994	(752, 112)	[(90, 414, 846), (-36, 486, 936), (180, 360, 918), (54, 468, 1008), (18, 468, 846), (18, 468, 1008), (-72, 522, 990), (-126, 540, 900), (-54, 540, 864), (-54, 504, 972), (90, 324, 792), (18, 450, 900), (-252, 720, 900), (-108, 558, 1062), (-36, 504, 972), (36, 414, 774), (-90, 594, 918), (-144, 594, 846), (-90, 540, 936), (0, 522, 846), (-54, 540, 846), (-72, 522, 882), (-162, 594, 936), (-90, 558, 846), (-54, 594, 864)]	(9655, 11323, 10288, 10872, 12027, 9999, 5094, 5748, 4681, 8440, 5610, 6034, 4343, 6223, 8200, 7014, 11947, 20772, 17898, 9563, 19055, 14993, 12446, 2312)
i	2374500	(590, 117)	[(0, 522, 846), (-54, 540, 846), (-72, 522, 882), (-162, 594, 936), (-90, 558, 846), (-54, 594, 864), (-18, 522, 936), (18, 522, 900), (-36, 540, 882), (-72, 576, 936), (-90, 558, 900), (-72, 522, 792), (-144, 594, 864), (-54, 576, 1008), (0, 522, 990), (-36, 540, 936), (-90, 576, 774), (-126, 630, 828), (-36, 594, 864), (18, 558, 882), (-18, 594, 864), (-72, 612, 828), (-54, 594, 882), (-72, 594, 900), (-36, 612, 882)]	(9665, 11406, 10522, 10843, 12017, 9975, 5097, 5845, 4582, 8534, 5697, 6145, 4363, 6263, 8873, 7039, 12421, 21351, 18473, 9498, 18470, 15011, 12676, 2323)
k	2375210	(674, 89)	[(-36, 612, 792), (-54, 612, 810), (-36, 612, 900), (0, 576, 828), (-54, 594, 828), (-54, 594, 954), (-54, 576, 900), (-54, 594, 846), (0, 558, 846), (-36, 594, 864), (-90, 648, 918), (-36, 540, 882), (-54, 576, 792), (-108, 630, 792), (-144, 648, 864), (-162, 666, 864), (-126, 648, 792), (-126, 648, 774), (-126, 666, 846), (-72, 630, 936), (-36, 612, 792), (-36, 630, 738), (-54, 630, 810), (-36, 666, 846), (0, 630, 864)]	(9663, 11401, 10705, 10820, 12064, 10020, 5189, 5865, 4595, 8645, 5755, 6180, 4370, 6261, 8855, 7040, 12247, 21141, 18242, 9495, 18620, 14953, 12565, 2321)
e	2375923	(571, 351)	[(-54, 648, 738), (-108, 648, 846), (-72, 648, 864), (-54, 630, 882), (-90, 648, 792), (-72, 666, 828), (-72, 612, 900), (-54, 630, 828), (-54, 648, 792), (-36, 648, 792), (-54, 648, 846), (-72, 648, 828), (-36, 630, 828), (0, 648, 828), (-36, 648, 828), (-36, 648, 864), (0, 648, 864), (0, 630, 828), (-36, 648, 792), (0, 648, 810), (0, 666, 882), (-36, 648, 864), (-54, 630, 846), (-54, 630, 810), (-54, 630, 792)]	(9665, 11373, 10673, 10798, 12100, 10034, 5195, 5974, 4662, 8938, 5920, 6335, 4421, 6320, 9075, 7090, 12400, 21221, 18511, 9361, 17713, 14736, 12590, 2325)
 	2376683	(853, 230)	[(-54, 594, 936), (-72, 630, 864), (-18, 558, 810), (18, 522, 792), (-108, 594, 864), (-144, 630, 900), (-198, 612, 936), (-162, 558, 936), (-108, 558, 900), (-126, 594, 936), (-162, 558, 900), (-180, 576, 918), (-180, 576, 972), (-108, 558, 990), (-108, 576, 846), (-144, 594, 684), (-162, 576, 720), (-216, 612, 882), (-180, 594, 954), (-180, 594, 936), (-90, 576, 756), (-108, 594, 810), (-144, 612, 954), (-126, 612, 972), (-90, 558, 864)]	(9657, 11224, 10515, 10758, 12111, 9987, 4976, 5908, 4737, 8768, 5900, 6298, 4387, 6268, 8351, 6997, 11839, 20584, 16576, 9378, 18056, 14643, 12364, 2321)
i	2377393	(596, 118)	[(-126, 594, 756), (-144, 648, 882), (-162, 648, 990), (-144, 630, 828), (-144, 612, 828), (-108, 612, 756), (-144, 648, 792), (-180, 684, 846), (-180, 684, 900), (-162, 666, 774), (-126, 648, 774), (-108, 648, 846), (-54, 648, 918), (-108, 648, 810), (-108, 648, 792), (-108, 666, 810), (-126, 666, 864), (-108, 666, 846), (-108, 648, 774), (-144, 666, 810), (-144, 702, 828), (-144, 684, 828), (-90, 684, 828), (-108, 648, 792), (-36, 648, 792)]	(9660, 11374, 10731, 10874, 12035, 9985, 5087, 5974, 4745, 8530, 5893, 6323, 4399, 6303, 8953, 7080, 12169, 21128, 18100, 9324, 17734, 14643, 12523, 2333)
s	2378158	(650, 378)	[(-54, 666, 792), (-108, 612, 954), (-108, 630, 972), (-54, 576, 972), (0, 558, 918), (18, 576, 882), (-108, 612, 810), (-144, 630, 828), (-180, 630, 864), (-162, 630, 918), (-90, 576, 828), (-72, 612, 738), (-90, 612, 846), (-126, 612, 936), (-108, 594, 900), (-90, 612, 828), (-90, 630, 810), (-72, 630, 882), (-90, 612, 846), (-72, 612, 828), (-72, 612, 882), (-90, 594, 954), (-90, 594, 936), (-90, 612, 846), (-90, 630, 792)]	(9636, 11355, 10681, 10832, 12173, 10036, 5176, 5892, 4594, 8770, 5785, 6242, 4371, 6300, 8218, 7081, 12091, 20677, 18457, 9388, 17856, 14759, 12398, 2310)
 	2378869	(850, 238)	[(-90, 630, 882), (-72, 612, 900), (-54, 612, 828), (-72, 594, 774), (-72, 630, 792), (-108, 648, 792), (-162, 612, 900), (-144, 630, 810), (-126, 612, 828), (-90, 594, 882), (-126, 594, 918), (-144, 594, 882), (-162, 612, 828), (-144, 612, 846), (-90, 576, 918), (-126, 540, 954), (-180, 612, 864), (-216, 648, 756), (-180, 612, 792), (-144, 630, 828), (-216, 648, 828), (-180, 648, 846), (-126, 630, 828), (-126, 612, 756), (-90, 594, 828)]	(9655, 11266, 10541, 10789, 12326, 10032, 5072, 5953, 4735, 9133, 5912, 6310, 4346, 6285, 8059, 7021, 11845, 20542, 16916, 9387, 18103, 14695, 12343, 2317)
p	2379579	(604, 29)	[(-126, 648, 792), (-162, 684, 882), (-162, 648, 900), (-162, 648, 846), (-126, 648, 810), (-162, 648, 792), (-162, 666, 774), (-108, 648, 864), (-90, 648, 864), (-90, 648, 846), (-126, 648, 774), (-126, 666, 756), (-144, 684, 864), (-144, 648, 864), (-108, 648, 810), (-126, 666, 774), (-126, 684, 756), (-90, 666, 828), (-72, 666, 864), (-90, 648, 846), (-108, 648, 810), (-90, 648, 846), (-108, 648, 846), (-126, 648, 864), (-108, 648, 864)]	(9649, 11381, 10682, 10865, 12124, 10029, 5248, 5942, 4689, 8679, 5781, 6256, 4383, 6296, 8558, 7049, 12325, 20866, 18060, 9392, 17927, 14780, 12488, 2318)
u	2380339	(582, 154)	[(-108, 684, 810), (-72, 666, 756), (-108, 648, 936), (-90, 684, 702), (-90, 666, 828), (-90, 684, 936), (-90, 630, 846), (-90, 666, 702), (-90, 648, 720), (-90, 684, 846), (-90, 666, 936), (-90, 630, 846), (-72, 648, 792), (-72, 648, 792), (-90, 666, 792), (-108, 684, 846), (-90, 648, 882), (-90, 648, 810), (-54, 648, 774), (-54, 666, 810), (-90, 666, 882), (-90, 666, 918), (-108, 666, 810), (-126, 666, 684), (-90, 666, 738)]	(9649, 11398, 10704, 10895, 12115, 10011, 5240, 5981, 4737, 8734, 5850, 6289, 4393, 6312, 8697, 7061, 12648, 20990, 17972, 9367, 17698, 14780, 12570, 2319)
t	2381099	(583, 255)	[(-72, 666, 828), (-90, 648, 810), (-90, 666, 918), (-54, 648, 810), (-18, 666, 702), (-54, 684, 738), (-126, 702, 810), (-108, 684, 846), (-54, 666, 756), (-54, 684, 792), (-72, 666, 882), (-54, 666, 810), (-72, 684, 774), (-90, 684, 774), (-72, 684, 846), (-54, 684, 828), (-36, 666, 810), (-54, 666, 756), (-72, 702, 774), (-72, 666, 882), (-72, 666, 828), (-72, 684, 810), (-72, 684, 756), (-54, 684, 756), (-36, 666, 864)]	(9645, 11377, 10695, 10892, 12178, 10015, 5340, 6020, 4764, 8910, 5908, 6345, 4414, 6352, 8693, 7080, 12626, 20855, 17973, 9305, 17413, 14667, 12516, 2316)
t	2381413	(581, 253)	[(-54, 684, 792), (-72, 666, 882), (-54, 666, 810), (-72, 684, 774), (-90, 684, 774), (-72, 684, 846), (-54, 684, 828), (-36, 666, 810), (-54, 666, 756), (-72, 702, 774), (-72, 666, 882), (-72, 666, 828), (-72, 684, 810), (-72, 684, 756), (-54, 684, 756), (-36, 666, 864), (-54, 666, 882), (-90, 702, 828), (-54, 666, 774), (-36, 702, 774), (-54, 684, 810), (-54, 684, 792), (-36, 684, 846), (-72, 684, 828), (-36, 684, 810)]	(9653, 11423, 10754, 10930, 12193, 10040, 5359, 6055, 4820, 8986, 5912, 6372, 4404, 6359, 8799, 7096, 12762, 20967, 18081, 9321, 17457, 14720, 12562, 2324)
i	2381751	(570, 157)	[(-72, 666, 828), (-72, 684, 810), (-72, 684, 756), (-54, 684, 756), (-36, 666, 864), (-54, 666, 882), (-90, 702, 828), (-54, 666, 774), (-36, 702, 774), (-54, 684, 810), (-54, 684, 792), (-36, 684, 846), (-72, 684, 828), (-36, 684, 810), (-36, 684, 792), (-72, 702, 828), (-72, 666, 828), (-36, 684, 756), (-36, 666, 792), (-90, 684, 810), (-90, 684, 846), (-36, 666, 810), (-54, 666, 828), (-54, 702, 774), (-54, 666, 828)]	(9654, 11424, 10758, 10940, 12151, 10025, 5300, 6037, 4787, 8842, 5889, 6340, 4423, 6343, 8824, 7089, 12799, 21050, 18008, 9337, 17553, 14752, 12593, 2330)
n	2383899	(725, 139)	[(-90, 648, 792), (-90, 648, 828), (-90, 648, 810), (-90, 666, 828), (-90, 648, 864), (-108, 648, 846), (-90, 666, 828), (-90, 648, 810), (-90, 648, 846), (-90, 648, 828), (-90, 648, 846), (-108, 648, 810), (-108, 648, 810), (-72, 648, 792), (-90, 648, 828), (-108, 666, 828), (-108, 666, 882), (-72, 648, 828), (-90, 630, 810), (-108, 630, 828), (-108, 648, 846), (-90, 666, 846), (-108, 666, 900), (-126, 648, 792), (-90, 648, 810)]	(9652, 11347, 10685, 10869, 12153, 10050, 5337, 5913, 4628, 8636, 5783, 6230, 4308, 6286, 8283, 7047, 12185, 20751, 17931, 9426, 18232, 14897, 12444, 2318)
g	2384556	(672, 241)	[(-108, 666, 792), (-144, 666, 810), (-108, 666, 810), (-126, 648, 792), (-108, 666, 810), (-144, 684, 828), (-90, 666, 882), (-108, 648, 846), (-108, 648, 846), (-126, 648, 828), (-126, 648, 828), (-108, 648, 792), (-72, 648, 846), (-54, 630, 864), (-90, 630, 846), (-90, 648, 828), (-90, 648, 792), (-90, 648, 828), (-108, 648, 828), (-108, 648, 846), (-90, 648, 828), (-72, 630, 828), (-54, 648, 846), (-72, 648, 828), (-90, 666, 810)]	(9649, 11333, 10664, 10860, 12219, 10051, 5273, 5990, 4705, 8992, 5900, 6311, 4391, 6327, 8497, 7067, 12273, 20757, 17967, 9393, 17830, 14802, 12448, 2313)
 	2385389	(853, 249)	[(-126, 648, 756), (-144, 612, 900), (-144, 576, 1044), (-90, 558, 990), (-72, 522, 900), (-54, 540, 846), (-108, 558, 882), (-198, 612, 918), (-216, 612, 864), (-180, 594, 900), (-126, 558, 918), (-180, 594, 882), (-198, 612, 864), (-198, 612, 828), (-180, 594, 864), (-162, 594, 918), (-162, 630, 882), (-180, 612, 774), (-162, 630, 738), (-180, 630, 792), (-198, 630, 846), (-198, 612, 882), (-162, 630, 828), (-144, 576, 828), (-180, 612, 882)]	(9635, 11215, 10467, 10755, 12348, 10043, 5098, 5962, 4688, 9135, 5921, 6346, 4372, 6296, 7974, 6995, 11791, 20464, 16410, 9349, 17853, 14620, 12326, 2316)
p	2386097	(594, 28)	[(-126, 630, 810), (-126, 630, 702), (-162, 648, 702), (-216, 702, 774), (-252, 702, 882), (-216, 666, 882), (-144, 648, 792), (-108, 648, 792), (-126, 666, 792), (-108, 666, 828), (-126, 648, 828), (-144, 666, 864), (-180, 666, 810), (-162, 666, 774), (-144, 666, 756), (-144, 648, 810), (-144, 666, 864), (-144, 684, 792), (-126, 666, 756), (-108, 666, 810), (-162, 684, 900), (-162, 666, 972), (-126, 684, 774), (-72, 684, 648), (-108, 666, 702)]	(9650, 11401, 10877, 11026, 12266, 10083, 5305, 6069, 4816, 9357, 5961, 6395, 4437, 6353, 8820, 7107, 12388, 20945, 18365, 9378, 17940, 14828, 12504, 2324)
r	2386961	(607, 300)	[(-144, 702, 792), (-144, 684, 882), (-108, 684, 774), (-72, 666, 738), (-108, 702, 882), (-90, 666, 810), (-72, 684, 756), (-72, 666, 756), (-72, 684, 828), (-108, 684, 900), (-144, 684, 810), (-108, 666, 702), (-108, 684, 720), (-108, 684, 846), (-72, 684, 846), (-72, 666, 774), (-90, 666, 756), (-108, 666, 828), (-126, 684, 846), (-126, 666, 900), (-126, 666, 864), (-54, 666, 792), (-54, 666, 792), (-90, 666, 828), (-126, 684, 846)]	(9644, 11343, 10740, 10926, 12268, 10045, 5235, 6056, 4779, 9351, 6011, 6407, 4426, 6340, 8685, 7096, 12255, 20785, 18182, 9308, 17510, 14647, 12440, 2323)
e	2387300	(564, 338)	[(-108, 666, 702), (-108, 684, 720), (-108, 684, 846), (-72, 684, 846), (-72, 666, 774), (-90, 666, 756), (-108, 666, 828), (-126, 684, 846), (-126, 666, 900), (-126, 666, 864), (-54, 666, 792), (-54, 666, 792), (-90, 666, 828), (-126, 684, 846), (-144, 684, 810), (-90, 666, 774), (-90, 666, 792), (-54, 666, 846), (-90, 666, 846), (-90, 648, 792), (-126, 702, 810), (-126, 702, 864), (-72, 666, 810), (-90, 684, 810), (-108, 684, 792)]	(9631, 11334, 10729, 10910, 12263, 10051, 5198, 6063, 4799, 9408, 6012, 6420, 4425, 6352, 8760, 7092, 12234, 20773, 18110, 9291, 17435, 14609, 12448, 2318)
s	2387863	(662, 397)	[(-126, 702, 864), (-72, 666, 810), (-90, 684, 810), (-108, 684, 792), (-108, 684, 828), (-72, 684, 810), (-72, 666, 810), (-90, 684, 846), (-108, 684, 756), (-72, 666, 756), (-54, 666, 756), (-108, 648, 846), (-72, 630, 828), (-72, 630, 810), (-126, 648, 846), (-126, 666, 846), (-90, 630, 846), (-54, 630, 810), (-90, 648, 864), (-90, 666, 828), (-90, 648, 864), (-72, 630, 828), (-72, 648, 792), (-108, 630, 828), (-90, 648, 792)]	(9637, 11337, 10655, 10846, 12428, 10042, 5300, 5940, 4619, 8990, 5852, 6287, 4355, 6347, 7836, 7091, 12094, 20540, 18439, 9361, 17715, 14748, 12367, 2307)
s	2388205	(661, 383)	[(-108, 648, 846), (-72, 630, 828), (-72, 630, 810), (-126, 648, 846), (-126, 666, 846), (-90, 630, 846), (-54, 630, 810), (-90, 648, 864), (-90, 666, 828), (-90, 648, 864), (-72, 630, 828), (-72, 648, 792), (-108, 630, 828), (-90, 648, 792), (-90, 648, 900), (-72, 648, 918), (-36, 612, 828), (-90, 648, 774), (-108, 684, 864), (-108, 648, 882), (-72, 648, 792), (-90, 630, 864), (-72, 630, 810), (-90, 648, 846), (-90, 648, 882)]	(9645, 11353, 10689, 10889, 12568, 10070, 5321, 6022, 4718, 9522, 5974, 6368, 4388, 6385, 8066, 7112, 12264, 20602, 18536, 9391, 17759, 14803, 12396, 2317)
u	2388866	(609, 156)	[(-72, 630, 792), (-54, 666, 828), (-126, 648, 792), (-108, 648, 846), (-72, 630, 774), (-108, 666, 810), (-90, 648, 846), (-90, 648, 882), (-108, 648, 846), (-36, 630, 828), (-36, 630, 810), (-72, 666, 828), (-108, 666, 846), (-108, 648, 810), (-90, 666, 810), (-72, 648, 846), (-72, 648, 846), (-72, 648, 810), (-90, 648, 810), (-90, 666, 846), (-90, 666, 828), (-72, 648, 792), (-72, 648, 828), (-90, 666, 846), (-72, 666, 882)]	(9647, 11335, 10723, 10907, 12487, 10055, 5249, 6054, 4751, 9582, 5981, 6387, 4375, 6407, 8519, 7074, 12703, 20762, 17977, 9404, 17942, 14856, 12492, 2315)
r	2389526	(598, 295)	[(-36, 630, 810), (-36, 648, 828), (-72, 666, 882), (-126, 666, 882), (-72, 666, 792), (-54, 648, 792), (-54, 648, 810), (-36, 648, 810), (-36, 648, 846), (-72, 666, 828), (-108, 684, 828), (-90, 666, 810), (0, 630, 828), (-36, 648, 828), (-54, 648, 828), (-90, 648, 846), (-72, 666, 846), (-54, 648, 864), (-54, 666, 828), (-72, 648, 846), (-54, 648, 792), (-36, 630, 864), (-54, 648, 864), (0, 630, 774), (-54, 666, 756)]	(9644, 11330, 10698, 10874, 12532, 10064, 5285, 6079, 4767, 9777, 6023, 6405, 4420, 6412, 8454, 7110, 12584, 20711, 18373, 9401, 17799, 14818, 12460, 2318)
e	2389869	(569, 356)	[(-90, 666, 810), (0, 630, 828), (-36, 648, 828), (-54, 648, 828), (-90, 648, 846), (-72, 666, 846), (-54, 648, 864), (-54, 666, 828), (-72, 648, 846), (-54, 648, 792), (-36, 630, 864), (-54, 648, 864), (0, 630, 774), (-54, 666, 756), (-72, 666, 864), (-90, 666, 954), (-36, 630, 828), (0, 630, 720), (-54, 666, 828), (-36, 648, 846), (-54, 666, 774), (-54, 666, 810), (-36, 666, 774), (-54, 648, 792), (-54, 666, 882)]	(9653, 11360, 10721, 10918, 12683, 10120, 5373, 6203, 4907, 10333, 6165, 6508, 4450, 6463, 8650, 7145, 12832, 20760, 18502, 9400, 17718, 14840, 12491, 2321)
 	2390284	(816, 283)	[(-90, 666, 954), (-36, 630, 828), (0, 630, 720), (-54, 666, 828), (-36, 648, 846), (-54, 666, 774), (-54, 666, 810), (-36, 666, 774), (-54, 648, 792), (-54, 666, 882), (-54, 666, 810), (-36, 666, 738), (-54, 666, 684), (-54, 630, 774), (-36, 630, 882), (-90, 612, 846), (-108, 594, 882), (-90, 594, 882), (-72, 576, 918), (-90, 558, 900), (-108, 558, 846), (-72, 576, 954), (-72, 522, 1008), (-108, 540, 1026), (-72, 576, 846)]	(9630, 11303, 10555, 10790, 12276, 10039, 5268, 5852, 4548, 8652, 5740, 6133, 4308, 6265, 7654, 7025, 11903, 20550, 17518, 9493, 18634, 15003, 12361, 2311)
o	2390794	(564, 52)	[(-72, 576, 918), (-90, 558, 900), (-108, 558, 846), (-72, 576, 954), (-72, 522, 1008), (-108, 540, 1026), (-72, 576, 846), (-144, 630, 792), (-108, 594, 828), (-144, 630, 828), (-144, 612, 864), (-144, 612, 828), (-108, 576, 846), (-126, 612, 792), (-72, 558, 900), (-90, 576, 864), (-72, 558, 756), (-54, 612, 738), (-90, 630, 936), (-90, 594, 990), (-108, 612, 918), (-72, 612, 774), (-18, 594, 774), (-54, 594, 954), (-54, 630, 810)]	(9646, 11343, 10725, 10911, 12332, 10089, 5424, 6039, 4752, 9500, 5934, 6327, 4415, 6391, 8688, 7098, 12837, 20912, 18110, 9489, 18251, 15040, 12568, 2319)
n	2391336	(751, 160)	[(-108, 612, 918), (-72, 612, 774), (-18, 594, 774), (-54, 594, 954), (-54, 630, 810), (-36, 612, 720), (-90, 648, 846), (-108, 648, 900), (-108, 612, 828), (-54, 630, 792), (-36, 612, 756), (-36, 612, 684), (-72, 594, 900), (-36, 558, 882), (-36, 558, 954), (-72, 558, 990), (-108, 576, 828), (-108, 576, 828), (-126, 594, 900), (-108, 594, 936), (-108, 576, 846), (-72, 558, 828), (-72, 576, 918), (-72, 594, 918), (-90, 594, 810)]	(9633, 11335, 10686, 10827, 12192, 10045, 5301, 5840, 4480, 8656, 5720, 6119, 4293, 6259, 7811, 7011, 11985, 20604, 17819, 9520, 18798, 15024, 12397, 2307)
 	2391944	(842, 207)	[(-72, 594, 918), (-90, 594, 810), (-126, 594, 828), (-90, 594, 882), (-90, 612, 900), (-90, 612, 864), (-108, 594, 828), (-126, 612, 810), (-144, 612, 810), (-108, 630, 828), (-126, 558, 828), (-162, 558, 900), (-162, 558, 936), (-144, 540, 954), (-162, 558, 954), (-144, 558, 900), (-162, 558, 864), (-108, 630, 828), (-216, 630, 882), (-162, 612, 846), (-126, 576, 810), (-162, 612, 846), (-162, 612, 846), (-144, 558, 828), (-144, 594, 846)]	(9646, 11362, 10809, 10917, 12510, 10097, 5158, 5903, 4560, 9337, 5803, 6180, 4325, 6255, 7745, 7011, 11808, 20550, 17349, 9512, 18984, 14891, 12345, 2307)
m	2392134	(767, 94)	[(-90, 612, 900), (-90, 612, 864), (-108, 594, 828), (-126, 612, 810), (-144, 612, 810), (-108, 630, 828), (-126, 558, 828), (-162, 558, 900), (-162, 558, 936), (-144, 540, 954), (-162, 558, 954), (-144, 558, 900), (-162, 558, 864), (-108, 630, 828), (-216, 630, 882), (-162, 612, 846), (-126, 576, 810), (-162, 612, 846), (-162, 612, 846), (-144, 558, 828), (-144, 594, 846), (-144, 594, 882), (-72, 540, 954), (-90, 540, 882), (-90, 558, 846)]	(9651, 11352, 10811, 10950, 12287, 10084, 5182, 5923, 4524, 9317, 5797, 6172, 4323, 6285, 8231, 7044, 12041, 20720, 18168, 9606, 19250, 15049, 12420, 2316)
e	2392695	(599, 343)	[(-144, 594, 882), (-72, 540, 954), (-90, 540, 882), (-90, 558, 846), (-90, 594, 846), (-162, 612, 918), (-180, 630, 882), (-144, 612, 756), (-108, 594, 810), (-90, 612, 900), (-108, 558, 882), (-144, 612, 792), (-198, 630, 882), (-162, 612, 882), (-72, 576, 846), (-90, 558, 1008), (-90, 576, 810), (-126, 594, 738), (-126, 612, 828), (-108, 576, 954), (-90, 576, 990), (-54, 558, 918), (-54, 594, 756), (-72, 630, 810), (-108, 594, 936)]	(9652, 11360, 10836, 10930, 12420, 10112, 5261, 6070, 4682, 9962, 6005, 6390, 4432, 6377, 8660, 7117, 12262, 20746, 18685, 9443, 18144, 14867, 12440, 2314)
t	2396248	(583, 244)	[(-126, 648, 828), (-90, 630, 846), (-108, 648, 846), (-126, 648, 846), (-126, 648, 846), (-126, 648, 828), (-108, 648, 846), (-108, 666, 828), (-126, 648, 792), (-126, 666, 774), (-108, 666, 846), (-108, 648, 864), (-90, 666, 810), (-108, 666, 810), (-108, 666, 828), (-90, 684, 828), (-108, 666, 756), (-126, 684, 774), (-126, 684, 792), (-126, 702, 828), (-90, 648, 846), (-72, 666, 810), (-108, 684, 846), (-144, 684, 774), (-108, 684, 828)]	(9637, 11357, 10803, 10886, 13804, 10155, 5273, 6159, 4755, 10069, 6156, 6476, 4390, 6556, 7869, 7176, 12330, 20545, 18361, 9403, 17809, 14760, 12339, 2312)
h	2396805	(667, 178)	[(-90, 648, 846), (-72, 666, 810), (-108, 684, 846), (-144, 684, 774), (-108, 684, 828), (-108, 684, 828), (-90, 666, 774), (-90, 666, 774), (-126, 684, 828), (-108, 684, 810), (-108, 666, 756), (-108, 666, 828), (-72, 648, 774), (-126, 702, 828), (-90, 684, 774), (-108, 666, 828), (-144, 702, 864), (-108, 666, 828), (-90, 666, 792), (-126, 666, 774), (-126, 684, 810), (-126, 666, 846), (-108, 666, 828), (-108, 666, 810), (-126, 684, 774)]	(9640, 11373, 10804, 10871, 13586, 10130, 5251, 6083, 4655, 9864, 6020, 6392, 4360, 6515, 7863, 7148, 12309, 20551, 18044, 9440, 18030, 14809, 12350, 2300)
e	2397411	(586, 352)	[(-108, 666, 810), (-126, 684, 774), (-90, 684, 828), (-108, 702, 864), (-90, 666, 828), (-90, 684, 756), (-126, 684, 774), (-126, 666, 828), (-126, 684, 756), (-126, 702, 828), (-72, 684, 792), (-108, 684, 882), (-126, 684, 828), (-90, 684, 738), (-126, 684, 810), (-126, 702, 828), (-90, 684, 846), (-54, 648, 792), (-72, 684, 756), (-90, 684, 792), (-108, 702, 846), (-108, 684, 864), (-90, 684, 792), (-72, 684, 756), (-54, 684, 792)]	(9652, 11366, 10802, 10896, 14149, 10208, 5354, 6351, 4956, 10496, 6398, 6640, 4423, 6600, 8015, 7217, 12389, 20567, 18533, 9386, 17655, 14697, 12343, 2311)
y	2397968	(600, 201)	[(-108, 684, 864), (-90, 684, 792), (-72, 684, 756), (-54, 684, 792), (-90, 702, 846), (-108, 684, 810), (-126, 702, 756), (-108, 702, 774), (-90, 702, 810), (-72, 684, 774), (-126, 684, 846), (-90, 666, 774), (-90, 684, 774), (-108, 684, 810), (-108, 684, 864), (-90, 684, 846), (-72, 666, 774), (-72, 684, 756), (-108, 720, 774), (-126, 684, 846), (-108, 684, 846), (-90, 666, 756), (-72, 684, 810), (-54, 684, 774), (-144, 702, 810)]	(9652, 11365, 10814, 10887, 13789, 10160, 5257, 6204, 4794, 10331, 6210, 6523, 4395, 6577, 8082, 7188, 12527, 20607, 18269, 9405, 17825, 14752, 12364, 2311)
 	2398627	(810, 250)	[(-90, 684, 792), (-90, 666, 774), (-90, 702, 792), (-90, 702, 846), (-72, 666, 792), (-72, 666, 756), (-72, 684, 774), (-108, 666, 702), (-72, 648, 774), (-144, 648, 756), (-162, 666, 792), (-144, 648, 918), (-126, 630, 864), (-90, 612, 774), (-90, 576, 792), (-126, 612, 810), (-126, 594, 900), (-126, 594, 936), (-144, 594, 972), (-126, 576, 954), (-108, 594, 846), (-126, 594, 828), (-144, 630, 864), (-162, 612, 918), (-108, 594, 900)]	(9631, 11308, 10731, 10818, 13071, 10091, 5119, 5890, 4492, 9223, 5787, 6172, 4308, 6343, 7615, 7043, 11923, 20492, 16645, 9575, 18774, 14980, 12315, 2311)
m	2399219	(754, 106)	[(-144, 630, 864), (-162, 612, 918), (-108, 594, 900), (-126, 612, 756), (-162, 630, 792), (-180, 630, 864), (-198, 648, 792), (-180, 630, 792), (-162, 630, 846), (-108, 594, 900), (-108, 594, 900), (-144, 612, 864), (-126, 630, 846), (-144, 612, 846), (-162, 612, 864), (-162, 630, 864), (-144, 630, 864), (-180, 630, 810), (-144, 630, 828), (-144, 612, 846), (-144, 630, 882), (-162, 648, 864), (-162, 630, 828), (-144, 630, 810), (-126, 630, 792)]	(9644, 11335, 10787, 10872, 13191, 10110, 5145, 5958, 4565, 9655, 5864, 6241, 4335, 6391, 7773, 7080, 12055, 20582, 17485, 9598, 18930, 15030, 12352, 2307)
a	2399724	(665, 443)	[(-144, 630, 828), (-144, 612, 846), (-144, 630, 882), (-162, 648, 864), (-162, 630, 828), (-144, 630, 810), (-126, 630, 792), (-108, 666, 792), (-144, 630, 882), (-144, 630, 810), (-126, 648, 810), (-162, 684, 792), (-162, 648, 774), (-144, 612, 738), (-180, 666, 846), (-162, 612, 918), (-144, 594, 900), (-126, 594, 846), (-108, 594, 846), (-144, 612, 792), (-108, 612, 864), (-126, 612, 900), (-126, 630, 936), (-108, 612, 774), (-72, 594, 738)]	(9643, 11327, 10733, 10837, 13424, 10135, 5234, 6027, 4608, 9538, 5956, 6350, 4349, 6398, 7611, 7144, 11978, 20518, 18242, 9517, 18204, 14879, 12316, 2304)
y	2400383	(582, 198)	[(-126, 630, 936), (-144, 630, 954), (-90, 594, 846), (-90, 612, 774), (-108, 612, 846), (-90, 612, 828), (-108, 594, 828), (-108, 612, 882), (-108, 612, 882), (-162, 648, 918), (-108, 612, 864), (-108, 612, 792), (-72, 612, 846), (-90, 612, 864), (-90, 612, 900), (-108, 612, 918), (-108, 612, 918), (-108, 612, 810), (-72, 630, 828), (-126, 648, 828), (-90, 612, 846), (-54, 630, 846), (-90, 612, 882), (-90, 630, 864), (-54, 648, 756)]	(9637, 11365, 10833, 10892, 13337, 10142, 5240, 6113, 4708, 10075, 6045, 6413, 4364, 6455, 7958, 7150, 12287, 20626, 18356, 9530, 18313, 14953, 12383, 2309)
 	2401197	(846, 261)	[(-126, 648, 918), (-108, 612, 846), (-126, 612, 918), (-126, 558, 954), (-126, 558, 954), (-90, 576, 900), (-108, 594, 882), (-144, 594, 864), (-162, 594, 882), (-144, 558, 882), (-180, 594, 810), (-180, 630, 792), (-198, 630, 810), (-162, 594, 864), (-162, 540, 918), (-162, 576, 936), (-180, 576, 864), (-90, 540, 828), (-90, 576, 882), (-162, 612, 936), (-198, 594, 900), (-198, 612, 792), (-180, 612, 792), (-198, 612, 810), (-180, 612, 846)]	(9647, 11299, 10698, 10817, 13360, 10133, 5182, 6011, 4681, 9502, 5944, 6321, 4357, 6366, 7612, 7058, 11851, 20484, 16569, 9540, 18528, 14938, 12327, 2304)
w	2402226	(574, 394)	[(-108, 630, 828), (-126, 630, 810), (-144, 666, 810), (-144, 648, 864), (-126, 630, 846), (-108, 630, 810), (-126, 666, 792), (-162, 666, 828), (-144, 648, 864), (-126, 648, 828), (-108, 648, 810), (-108, 630, 828), (-108, 648, 864), (-144, 630, 864), (-126, 666, 810), (-108, 630, 792), (-144, 666, 846), (-162, 684, 882), (-108, 630, 828), (-90, 630, 792), (-90, 666, 828), (-126, 666, 828), (-126, 666, 810), (-90, 666, 756), (-108, 666, 828)]	(9641, 11305, 10690, 10798, 14094, 10195, 5278, 6217, 4819, 9892, 6278, 6552, 4400, 6444, 7644, 7179, 11956, 20497, 18274, 9384, 17675, 14652, 12300, 2307)
a	2402835	(662, 463)	[(-90, 666, 756), (-108, 666, 828), (-108, 666, 792), (-108, 666, 792), (-90, 648, 846), (-72, 648, 846), (-108, 648, 792), (-126, 648, 846), (-108, 648, 774), (-144, 666, 792), (-162, 684, 846), (-108, 648, 810), (-72, 630, 792), (-72, 630, 846), (-126, 648, 900), (-108, 648, 828), (-108, 630, 774), (-108, 648, 828), (-108, 648, 846), (-108, 630, 828), (-108, 630, 756), (-126, 666, 864), (-144, 648, 828), (-90, 648, 774), (-90, 648, 936)]	(9638, 11310, 10670, 10784, 13926, 10184, 5283, 6140, 4748, 9614, 6133, 6465, 4368, 6422, 7580, 7176, 11914, 20480, 18271, 9407, 17770, 14676, 12296, 2308)
n	2403594	(763, 150)	[(-90, 648, 774), (-162, 648, 900), (-144, 630, 918), (-90, 630, 846), (-126, 648, 738), (-126, 648, 810), (-126, 648, 918), (-108, 630, 936), (-108, 612, 828), (-90, 630, 756), (-126, 648, 810), (-144, 648, 846), (-144, 648, 864), (-108, 630, 846), (-108, 648, 792), (-126, 666, 828), (-108, 612, 810), (-126, 648, 810), (-144, 648, 846), (-144, 666, 846), (-126, 648, 828), (-108, 648, 792), (-108, 648, 792), (-126, 666, 864), (-144, 666, 864)]	(9640, 11326, 10714, 10822, 13426, 10132, 5228, 5996, 4630, 9575, 5917, 6294, 4336, 6386, 7683, 7106, 12004, 20565, 17664, 9576, 18788, 15021, 12343, 2310)
t	2404555	(574, 260)	[(-108, 666, 828), (-108, 648, 810), (-108, 648, 792), (-108, 666, 828), (-72, 648, 864), (-108, 648, 864), (-90, 648, 846), (-108, 648, 810), (-126, 666, 774), (-90, 666, 864), (-72, 648, 882), (-108, 648, 864), (-90, 648, 810), (-108, 666, 774), (-108, 684, 828), (-90, 648, 846), (-72, 666, 846), (-54, 648, 792), (-72, 666, 846), (-90, 666, 882), (-54, 648, 792), (-54, 666, 738), (-90, 666, 828), (-108, 702, 846), (-108, 648, 900)]	(9641, 11325, 10743, 10856, 13612, 10149, 5235, 6254, 4865, 10336, 6269, 6551, 4388, 6481, 8086, 7163, 12303, 20608, 18083, 9474, 17996, 14841, 12371, 2310)
 	2405118	(841, 254)	[(-54, 648, 792), (-54, 666, 738), (-90, 666, 828), (-108, 702, 846), (-108, 648, 900), (-36, 648, 792), (-18, 648, 774), (-90, 684, 846), (-90, 666, 810), (-54, 648, 810), (-72, 666, 774), (-108, 666, 810), (-126, 648, 864), (-126, 648, 846), (-126, 666, 792), (-108, 648, 828), (-90, 630, 900), (-126, 630, 900), (-108, 612, 864), (-72, 594, 828), (-90, 594, 810), (-108, 576, 900), (-162, 594, 936), (-198, 630, 954), (-162, 594, 900)]	(9632, 11290, 10635, 10806, 13308, 10079, 5109, 5903, 4569, 9112, 5800, 6201, 4316, 6329, 7532, 7044, 11775, 20458, 16784, 9540, 18720, 14888, 12303, 2306)
t	2405726	(582, 233)	[(-198, 630, 954), (-162, 594, 900), (-162, 630, 828), (-144, 648, 846), (-144, 630, 828), (-180, 630, 756), (-198, 648, 774), (-162, 612, 864), (-162, 612, 792), (-90, 594, 990), (-72, 612, 774), (-162, 648, 738), (-198, 666, 810), (-198, 666, 882), (-144, 630, 900), (-108, 612, 810), (-72, 630, 774), (-90, 648, 774), (-90, 612, 936), (-90, 630, 954), (-108, 612, 846), (-72, 630, 774), (-90, 630, 756), (-72, 630, 882), (-108, 648, 954)]	(9640, 11343, 10765, 10890, 13540, 10146, 5188, 6115, 4756, 9920, 6085, 6429, 4390, 6463, 7852, 7165, 12169, 20584, 18175, 9510, 18133, 14870, 12355, 2309)
o	2406122	(601, 72)	[(-198, 666, 882), (-144, 630, 900), (-108, 612, 810), (-72, 630, 774), (-90, 648, 774), (-90, 612, 936), (-90, 630, 954), (-108, 612, 846), (-72, 630, 774), (-90, 630, 756), (-72, 630, 882), (-108, 648, 954), (-126, 630, 882), (-72, 594, 756), (-126, 648, 846), (-108, 666, 864), (-90, 612, 810), (-90, 630, 810), (-126, 648, 864), (-126, 630, 828), (-126, 630, 774), (-108, 666, 846), (-144, 648, 882), (-126, 666, 846), (-90, 666, 774)]	(9638, 11359, 10801, 10923, 13469, 10142, 5227, 6131, 4768, 10008, 6070, 6441, 4398, 6449, 7890, 7152, 12214, 20601, 18146, 9496, 18215, 14903, 12370, 2308)
 	2407103	(853, 227)	[(-144, 612, 882), (-162, 576, 918), (-198, 594, 864), (-162, 576, 882), (-162, 612, 882), (-162, 648, 882), (-180, 630, 828), (-162, 612, 846), (-162, 576, 828), (-234, 648, 810), (-252, 648, 846), (-216, 630, 864), (-162, 594, 900), (-144, 594, 864), (-198, 594, 828), (-198, 612, 810), (-252, 630, 828), (-252, 648, 828), (-270, 666, 864), (-198, 630, 846), (-180, 594, 846), (-198, 594, 846), (-216, 630, 738), (-252, 630, 756), (-234, 648, 882)]	(9635, 11288, 10695, 10785, 13715, 10120, 5109, 5958, 4577, 9197, 5907, 6295, 4343, 6338, 7475, 7067, 11711, 20405, 16571, 9482, 18411, 14726, 12280, 2297)
d	2407812	(670, 330)	[(-162, 612, 864), (-162, 630, 846), (-162, 630, 828), (-162, 612, 810), (-180, 612, 846), (-162, 630, 864), (-144, 594, 846), (-126, 612, 792), (-180, 648, 810), (-198, 648, 882), (-180, 630, 828), (-144, 630, 810), (-144, 612, 828), (-162, 630, 918), (-180, 612, 918), (-180, 630, 828), (-126, 612, 774), (-126, 612, 774), (-144, 648, 846), (-180, 630, 900), (-198, 630, 918), (-162, 594, 900), (-90, 594, 828), (-126, 630, 792), (-126, 630, 882)]	(9633, 11320, 10740, 10821, 13773, 10146, 5208, 6046, 4645, 9524, 6033, 6405, 4363, 6389, 7569, 7146, 11876, 20487, 18156, 9459, 18073, 14729, 12295, 2303)
i	2408405	(580, 126)	[(-90, 594, 828), (-126, 630, 792), (-126, 630, 882), (-144, 630, 900), (-126, 612, 882), (-126, 630, 846), (-162, 648, 846), (-126, 630, 828), (-90, 630, 756), (-126, 630, 828), (-126, 630, 810), (-126, 612, 918), (-126, 612, 864), (-126, 630, 828), (-108, 630, 792), (-90, 630, 810), (-144, 648, 900), (-126, 612, 846), (-126, 630, 810), (-126, 648, 810), (-108, 648, 864), (-54, 612, 864), (-36, 594, 900), (-18, 612, 864), (-54, 630, 828)]	(9648, 11378, 10865, 10906, 13325, 10152, 5239, 6088, 4679, 9904, 6007, 6400, 4387, 6449, 7843, 7156, 12237, 20617, 18105, 9557, 18416, 14963, 12381, 2306)
s	2409066	(651, 407)	[(-144, 666, 846), (-108, 630, 828), (-72, 630, 810), (-90, 612, 792), (-90, 612, 792), (-108, 612, 882), (-72, 594, 864), (-162, 630, 774), (-144, 630, 810), (-90, 594, 954), (-72, 576, 882), (-54, 594, 774), (-72, 612, 810), (-126, 630, 900), (-144, 630, 882), (-126, 612, 864), (-72, 612, 846), (-90, 612, 864), (-90, 612, 846), (-108, 630, 864), (-72, 612, 882), (-90, 594, 846), (-90, 594, 846), (-90, 612, 918), (-108, 630, 918)]	(9641, 11360, 10787, 10842, 13345, 10133, 5260, 6018, 4606, 9384, 5924, 6330, 4366, 6424, 7599, 7163, 12068, 20526, 18423, 9531, 18227, 14903, 12327, 2311)
c	2409524	(750, 289)	[(-72, 612, 846), (-90, 612, 864), (-90, 612, 846), (-108, 630, 864), (-72, 612, 882), (-90, 594, 846), (-90, 594, 846), (-90, 612, 918), (-108, 630, 918), (-90, 594, 828), (-72, 612, 810), (-90, 612, 810), (-126, 630, 936), (-90, 594, 936), (-72, 594, 810), (-90, 612, 810), (-90, 612, 864), (-90, 612, 882), (-126, 612, 828), (-126, 612, 864), (-72, 594, 900), (-90, 612, 900), (-54, 576, 900), (-72, 594, 864), (-90, 612, 810)]	(9632, 11341, 10773, 10831, 13372, 10125, 5241, 6023, 4611, 9434, 5944, 6341, 4345, 6418, 7610, 7136, 12051, 20526, 18034, 9555, 18429, 14957, 12331, 2304)
u	2410183	(588, 154)	[(-126, 648, 864), (-126, 630, 882), (-72, 612, 846), (-72, 612, 828), (-72, 594, 828), (-72, 594, 864), (-90, 630, 864), (-108, 630, 882), (-90, 630, 864), (-72, 612, 918), (-90, 612, 882), (-90, 612, 810), (-90, 630, 774), (-108, 630, 846), (-144, 648, 918), (-108, 630, 882), (-72, 612, 828), (-72, 612, 846), (-72, 612, 828), (-144, 648, 846), (-126, 648, 864), (-108, 630, 810), (-72, 630, 828), (-54, 612, 864), (-54, 630, 864)]	(9649, 11365, 10825, 10887, 13684, 10169, 5279, 6195, 4781, 9987, 6152, 6492, 4381, 6480, 7864, 7160, 12244, 20603, 18182, 9548, 18340, 14957, 12375, 2305)
s	2410842	(674, 410)	[(-126, 666, 810), (-108, 630, 846), (-108, 648, 864), (-72, 648, 864), (-72, 612, 828), (-36, 612, 738), (-72, 648, 792), (-90, 612, 918), (-90, 630, 864), (-126, 666, 900), (-126, 648, 918), (-72, 630, 864), (-36, 612, 792), (-54, 630, 810), (-90, 630, 864), (-108, 648, 846), (-126, 648, 792), (-90, 612, 810), (-36, 612, 864), (-72, 630, 918), (-108, 630, 774), (-108, 630, 756), (-72, 630, 828), (-90, 630, 936), (-72, 612, 936)]	(9637, 11359, 10769, 10855, 13602, 10165, 5294, 6102, 4688, 9591, 6012, 6391, 4356, 6422, 7616, 7163, 12020, 20526, 18553, 9501, 18121, 14846, 12335, 2304)
s	2411906	(657, 374)	[(-72, 612, 900), (-72, 630, 882), (-72, 630, 828), (-72, 630, 828), (-90, 630, 882), (-108, 630, 882), (-72, 630, 792), (-72, 630, 810), (-72, 630, 882), (-126, 630, 882), (-90, 612, 864), (-54, 630, 864), (-72, 630, 828), (-72, 630, 846), (-90, 630, 864), (-90, 612, 900), (-72, 612, 810), (-72, 630, 810), (-72, 648, 918), (-90, 630, 846), (-90, 630, 792), (-72, 612, 864), (-72, 630, 882), (-54, 612, 864), (-90, 630, 810)]	(9634, 11325, 10751, 10830, 13657, 10148, 5260, 6156, 4772, 9773, 6109, 6482, 4386, 6466, 7708, 7161, 12101, 20547, 18494, 9500, 18098, 14845, 12338, 2303)
 	2412716	(837, 279)	[(-72, 648, 792), (-126, 648, 846), (-108, 648, 792), (-108, 630, 810), (-126, 630, 846), (-126, 630, 846), (-126, 612, 864), (-108, 594, 864), (-144, 612, 846), (-90, 576, 936), (-90, 576, 936), (-90, 558, 918), (-90, 540, 882), (-126, 594, 846), (-144, 630, 864), (-144, 630, 900), (-144, 630, 828), (-126, 630, 792), (-144, 630, 846), (-144, 630, 792), (-162, 612, 810), (-162, 612, 846), (-126, 594, 882), (-144, 630, 846), (-108, 612, 864)]	(9622, 11266, 10644, 10775, 13692, 10139, 5161, 6067, 4703, 9598, 6044, 6407, 4341, 6395, 7620, 7077, 11905, 20468, 16673, 9534, 18483, 14909, 12313, 2292)
w	2413124	(581, 406)	[(-144, 630, 864), (-144, 630, 900), (-144, 630, 828), (-126, 630, 792), (-144, 630, 846), (-144, 630, 792), (-162, 612, 810), (-162, 612, 846), (-126, 594, 882), (-144, 630, 846), (-108, 612, 864), (-72, 576, 846), (-72, 576, 954), (-72, 594, 846), (-90, 612, 774), (-90, 630, 774), (-90, 630, 846), (-126, 630, 882), (-72, 612, 810), (-72, 594, 846), (-72, 594, 882), (-54, 612, 900), (-72, 612, 900), (-90, 612, 828), (-54, 612, 792)]	(9630, 11300, 10698, 10788, 13735, 10154, 5229, 6152, 4743, 9790, 6156, 6473, 4370, 6451, 7698, 7148, 12044, 20505, 18059, 9487, 18047, 14818, 12317, 2302)
i	2413731	(570, 100)	[(-90, 612, 828), (-54, 612, 792), (-72, 630, 864), (-108, 630, 936), (-90, 594, 882), (-36, 594, 828), (-54, 630, 846), (-72, 612, 900), (-72, 594, 828), (-72, 612, 864), (-72, 630, 900), (-90, 612, 864), (-126, 630, 810), (-90, 612, 846), (-54, 594, 900), (-72, 594, 846), (-54, 594, 900), (-72, 612, 882), (-90, 612, 828), (-72, 612, 882), (-54, 594, 936), (-54, 576, 882), (-54, 612, 810), (-36, 594, 792), (-72, 648, 972)]	(9643, 11384, 10853, 10904, 13366, 10152, 5289, 6122, 4750, 9851, 6040, 6427, 4389, 6493, 7869, 7177, 12384, 20637, 18342, 9583, 18520, 15056, 12396, 2310)
t	2414540	(587, 268)	[(-36, 594, 864), (-72, 630, 828), (-72, 630, 936), (-54, 594, 918), (-36, 612, 828), (-54, 612, 774), (-54, 630, 864), (-54, 612, 900), (-90, 612, 864), (-54, 612, 810), (-54, 612, 846), (-54, 612, 864), (-54, 612, 864), (-72, 612, 900), (-72, 612, 864), (-36, 594, 846), (-36, 612, 810), (-72, 612, 846), (-54, 630, 900), (-72, 612, 918), (-36, 612, 810), (-18, 594, 810), (-54, 630, 864), (-72, 630, 900), (-72, 630, 828)]	(9637, 11330, 10775, 10842, 13484, 10133, 5249, 6161, 4772, 9935, 6126, 6476, 4378, 6488, 7896, 7158, 12348, 20584, 18325, 9520, 18195, 14932, 12382, 2305)
h	2414933	(649, 188)	[(-72, 612, 900), (-72, 612, 864), (-36, 594, 846), (-36, 612, 810), (-72, 612, 846), (-54, 630, 900), (-72, 612, 918), (-36, 612, 810), (-18, 594, 810), (-54, 630, 864), (-72, 630, 900), (-72, 630, 828), (-36, 594, 846), (0, 612, 828), (-36, 630, 918), (-72, 612, 900), (-72, 612, 792), (-54, 612, 846), (-54, 612, 846), (-72, 612, 918), (-54, 612, 846), (-54, 630, 828), (-54, 630, 828), (-54, 612, 846), (0, 630, 882)]	(9639, 11362, 10806, 10872, 13351, 10122, 5252, 6115, 4700, 9882, 6043, 6418, 4385, 6490, 7916, 7155, 12394, 20611, 18110, 9560, 18374, 14996, 12393, 2301)
 	2415391	(810, 229)	[(-54, 612, 846), (-54, 612, 846), (-72, 612, 918), (-54, 612, 846), (-54, 630, 828), (-54, 630, 828), (-54, 612, 846), (0, 630, 882), (-72, 630, 918), (-54, 612, 810), (-36, 612, 792), (-54, 630, 882), (-54, 612, 846), (-72, 612, 756), (-108, 648, 846), (-90, 558, 990), (-72, 558, 972), (-72, 540, 882), (-90, 558, 882), (-90, 522, 918), (-108, 540, 990), (-126, 540, 1008), (-126, 540, 900), (-144, 594, 792), (-126, 594, 900)]	(9628, 11299, 10720, 10807, 13155, 10092, 5135, 5910, 4529, 9099, 5797, 6185, 4329, 6339, 7564, 7065, 11860, 20504, 17001, 9604, 18992, 14987, 12322, 2302)
y	2416001	(592, 197)	[(-144, 594, 792), (-126, 594, 900), (-162, 594, 936), (-90, 558, 828), (-144, 594, 846), (-162, 612, 846), (-144, 576, 864), (-144, 594, 828), (-126, 558, 828), (-72, 540, 864), (-90, 540, 954), (-108, 558, 900), (-90, 576, 864), (-108, 576, 918), (-108, 576, 918), (-90, 576, 864), (-54, 558, 792), (-54, 594, 828), (-108, 612, 900), (-108, 612, 846), (-90, 594, 810), (-90, 630, 846), (-90, 612, 882), (-72, 612, 900), (-54, 612, 828)]	(9637, 11375, 10881, 10895, 13329, 10147, 5251, 6087, 4696, 9904, 6032, 6404, 4385, 6437, 7868, 7148, 12197, 20608, 18338, 9551, 18395, 14958, 12370, 2306)
o	2416393	(604, 90)	[(-108, 576, 918), (-108, 576, 918), (-90, 576, 864), (-54, 558, 792), (-54, 594, 828), (-108, 612, 900), (-108, 612, 846), (-90, 594, 810), (-90, 630, 846), (-90, 612, 882), (-72, 612, 900), (-54, 612, 828), (-36, 612, 828), (-54, 612, 846), (-108, 630, 864), (-144, 648, 864), (-54, 594, 846), (-72, 612, 810), (-36, 630, 828), (-72, 612, 900), (-90, 630, 864), (-72, 612, 846), (-18, 594, 864), (-36, 612, 882), (-72, 648, 882)]	(9642, 11369, 10882, 10905, 13290, 10120, 5237, 6129, 4680, 9920, 6029, 6405, 4375, 6454, 7954, 7143, 12307, 20635, 18290, 9554, 18461, 14982, 12385, 2298)
u	2417051	(601, 181)	[(-90, 630, 828), (-90, 648, 864), (-36, 612, 846), (-36, 630, 828), (-72, 648, 846), (-90, 648, 810), (-108, 630, 810), (-72, 630, 864), (-72, 630, 918), (-36, 612, 792), (-126, 648, 972), (-36, 594, 792), (-36, 612, 828), (-54, 612, 936), (-72, 630, 864), (-72, 612, 756), (-90, 630, 810), (-90, 630, 846), (-72, 648, 864), (-54, 612, 918), (-36, 612, 918), (-72, 630, 810), (-72, 630, 702), (-90, 648, 846), (-90, 630, 990)]	(9635, 11351, 10859, 10900, 13287, 10140, 5253, 6129, 4738, 9976, 6080, 6427, 4385, 6439, 7954, 7152, 12294, 20630, 18381, 9538, 18322, 14948, 12394, 2300)
