Please hold the phone in your left hand and type with your left thumb
r	482604	(576, 302)	[(-108, 684, 774), (-126, 684, 774), (-108, 702, 792), (-108, 702, 792), (-108, 702, 774), (-108, 702, 774), (-90, 702, 774), (-108, 720, 810), (-126, 702, 774), (-108, 702, 756), (-108, 720, 756), (-108, 738, 756), (-108, 720, 756), (-108, 702, 756), (-90, 720, 774), (-108, 720, 774), (-108, 720, 756), (-108, 720, 774), (-108, 702, 774), (-90, 720, 774), (-108, 720, 774), (-108, 738, 792), (-108, 720, 810), (-90, 738, 828), (-72, 720, 792)]	(10258, 12474, 11118, 11733, 14812, 10464, 5660, 7413, 5858, 10309, 6569, 7430, 5067, 7044, 8582, 7576, 13219, 20919, 18425, 9630, 19695, 16065, 12805, 2073)
g	484134	(672, 239)	[(-72, 738, 756), (-72, 720, 738), (-54, 720, 774), (-72, 720, 756), (-72, 720, 756), (-72, 738, 774), (-54, 738, 756), (-54, 720, 756), (-72, 738, 756), (-72, 738, 756), (-54, 738, 774), (-54, 756, 756), (-72, 720, 756), (-72, 738, 756), (-72, 738, 738), (-54, 738, 756), (-72, 720, 738), (-72, 738, 738), (-72, 738, 774), (-54, 756, 756), (-72, 738, 738), (-72, 738, 774), (-54, 738, 756), (-54, 738, 738), (-72, 738, 720)]	(10559, 12501, 11065, 11720, 15144, 10527, 5873, 7625, 6131, 10696, 6862, 7652, 5269, 7380, 8925, 7579, 14413, 21229, 17923, 19348, 19586, 16066, 12830, 2070)
x	485934	(758, 342)	[(-90, 738, 738), (-72, 738, 720), (-72, 720, 792), (-72, 702, 756), (-72, 738, 756), (-90, 738, 756), (-36, 720, 756), (-36, 720, 756), (-54, 738, 738), (-54, 738, 756), (-36, 720, 720), (-36, 702, 738), (-72, 720, 774), (-72, 738, 756), (-72, 756, 738), (-54, 756, 738), (-90, 756, 774), (-72, 756, 720), (-90, 756, 720), (-54, 738, 774), (-36, 720, 774), (-54, 756, 756), (-36, 738, 756), (-36, 738, 756)]	(9662, 12026, 10586, 11207, 14502, 10370, 5679, 7372, 5902, 9865, 6662, 7434, 5043, 6883, 8330, 7523, 12505, 20641, 17120, 9515, 19133, 15838, 12685, 2067)
k	487507	(679, 105)	[(-72, 756, 756), (-72, 774, 738), (-36, 756, 756), (18, 738, 684), (-36, 774, 666), (-72, 774, 702), (-36, 738, 720), (-18, 774, 774), (0, 756, 720), (-36, 774, 738), (0, 756, 702), (-54, 774, 720), (-36, 774, 738), (-18, 774, 738), (18, 756, 702), (-36, 774, 720), (-54, 792, 720), (-36, 756, 756), (-36, 792, 720), (-72, 792, 738), (-54, 810, 720), (-18, 774, 702), (36, 756, 738), (0, 774, 702), (-72, 774, 702)]	(9577, 11910, 10597, 11145, 14060, 10196, 5787, 7350, 5835, 9970, 6513, 7331, 5205, 7236, 8624, 7530, 14045, 20786, 16555, 9520, 18914, 15784, 12826, 2059)
r	489066	(595, 297)	[(-54, 756, 756), (-90, 774, 684), (-54, 774, 774), (-36, 720, 738), (-72, 738, 738), (-108, 756, 720), (-54, 756, 792), (-54, 756, 720), (-90, 756, 720), (-90, 774, 720), (-36, 756, 738), (-54, 756, 756), (-90, 774, 738), (-54, 756, 756), (-18, 756, 738), (-36, 738, 738), (-54, 756, 702), (-72, 774, 756), (-72, 774, 774), (-36, 756, 702), (-54, 756, 684), (-90, 774, 720), (-54, 774, 738), (-72, 774, 756), (0, 756, 684)]	(9535, 12070, 10751, 11316, 14143, 10316, 5649, 7368, 5872, 9808, 6539, 7410, 5043, 6926, 8311, 7557, 12694, 20643, 17918, 9510, 19175, 15725, 12488, 2059)
w	490696	(592, 401)	[(-36, 756, 720), (-54, 738, 702), (-72, 774, 756), (-72, 774, 738), (-36, 756, 774), (-36, 756, 756), (-72, 774, 720), (-54, 756, 756), (-36, 756, 738), (-54, 738, 720), (-72, 774, 738), (-36, 738, 720), (-54, 756, 738), (-36, 756, 756), (18, 738, 720), (-54, 756, 720), (-90, 774, 738), (-36, 738, 774), (-36, 756, 756), (-54, 756, 756), (-90, 774, 720), (-54, 774, 738), (0, 756, 720), (-36, 756, 738), (-72, 774, 702)]	(9523, 11963, 10632, 11220, 14020, 10314, 5670, 7354, 5861, 9688, 6531, 7392, 5037, 6913, 8272, 7523, 12647, 20574, 17688, 9472, 18898, 15629, 12480, 2054)
n	493216	(764, 152)	[(162, 756, 702), (144, 738, 702), (126, 738, 666), (162, 720, 684), (162, 738, 738), (126, 738, 738), (72, 774, 684), (18, 810, 612), (90, 792, 630), (18, 774, 666), (72, 792, 702), (126, 774, 792), (108, 792, 774), (36, 810, 720), (72, 792, 774), (126, 774, 792), (90, 756, 738), (72, 792, 630), (72, 774, 666), (72, 774, 684), (162, 756, 720), (144, 792, 792), (90, 810, 756), (108, 792, 720), (126, 756, 684)]	(9526, 11826, 10603, 11289, 13866, 10220, 5760, 7428, 5966, 9863, 6574, 7390, 5172, 7152, 8507, 7521, 13871, 20703, 16562, 9521, 18954, 15650, 12597, 2055)
z	494840	(755, 409)	[(0, 738, 756), (18, 738, 774), (36, 738, 828), (0, 774, 792), (18, 774, 738), (-36, 774, 684), (-36, 774, 756), (0, 756, 738), (18, 756, 720), (-54, 774, 666), (18, 756, 738), (36, 738, 792), (72, 738, 756), (72, 702, 756), (-36, 774, 702), (18, 774, 720), (36, 774, 756), (36, 756, 702), (54, 774, 684), (54, 738, 720), (18, 774, 738), (36, 774, 756), (54, 774, 774), (54, 756, 738), (72, 756, 666)]	(9511, 11390, 10272, 10922, 14009, 10323, 5792, 7407, 6015, 9089, 6651, 7414, 5018, 6792, 8015, 7505, 12084, 20374, 16405, 9391, 18303, 15394, 12324, 2061)
e	496423	(590, 343)	[(18, 792, 630), (-36, 810, 612), (36, 756, 756), (54, 774, 774), (18, 792, 720), (0, 792, 684), (18, 810, 684), (36, 774, 684), (54, 774, 684), (-36, 828, 684), (18, 810, 630), (72, 774, 738), (54, 792, 684), (0, 810, 720), (18, 810, 702), (36, 792, 666), (54, 810, 648), (36, 810, 702), (0, 810, 702), (18, 810, 666), (36, 810, 720), (72, 792, 702), (0, 846, 720), (54, 792, 648), (72, 792, 666)]	(9515, 11940, 10520, 11136, 13975, 10280, 5642, 7365, 5977, 9499, 6623, 7363, 5021, 6869, 8084, 7530, 12399, 20523, 17475, 9407, 18764, 15546, 12411, 2061)
m	497749	(767, 82)	[(54, 792, 702), (54, 792, 756), (54, 792, 684), (36, 810, 666), (36, 810, 648), (36, 828, 720), (54, 810, 702), (36, 828, 666), (54, 810, 684), (72, 810, 684), (36, 828, 666), (36, 810, 648), (54, 810, 666), (72, 810, 702), (72, 810, 702), (72, 828, 684), (54, 846, 648), (72, 810, 648), (90, 810, 684), (72, 810, 648), (54, 828, 630), (36, 828, 666), (54, 828, 666), (90, 810, 648), (54, 810, 684)]	(9537, 11854, 10580, 11205, 13397, 10109, 5752, 7246, 5872, 9664, 6455, 7285, 5040, 6992, 8247, 7485, 13098, 20627, 16841, 9508, 19001, 15720, 12566, 2054)
q	499230	(579, 458)	[(54, 810, 666), (90, 774, 684), (54, 792, 648), (18, 810, 702), (54, 810, 684), (90, 792, 738), (90, 792, 720), (36, 810, 702), (72, 810, 648), (54, 774, 702), (72, 792, 720), (54, 810, 666), (36, 810, 684), (90, 792, 756), (54, 810, 684), (72, 792, 630), (72, 810, 702), (36, 810, 702), (72, 792, 684), (108, 774, 720), (90, 792, 684), (54, 810, 738), (72, 810, 702), (108, 792, 666), (108, 774, 684)]	(9517, 11730, 10527, 11135, 13092, 10120, 5671, 7190, 5812, 9028, 6295, 7281, 5015, 6856, 7999, 7481, 12502, 20470, 17174, 9459, 18571, 15620, 12457, 2052)
p	500766	(594, 20)	[(90, 756, 756), (36, 792, 720), (72, 792, 684), (108, 792, 720), (72, 792, 738), (54, 792, 720), (72, 828, 630), (90, 846, 648), (54, 864, 648), (36, 828, 648), (18, 864, 648), (126, 846, 648), (126, 810, 648), (36, 828, 612), (90, 828, 630), (144, 846, 558), (144, 828, 612), (90, 846, 630), (108, 846, 630), (72, 864, 630), (108, 846, 666), (72, 864, 630), (36, 864, 576), (90, 882, 594), (180, 810, 576)]	(9547, 11889, 10554, 11190, 12186, 10001, 6058, 7147, 6072, 7805, 6271, 7215, 5014, 6791, 7962, 7430, 12918, 20533, 17100, 9419, 18479, 15662, 12669, 2048)
h	502246	(672, 174)	[(54, 846, 648), (108, 810, 720), (108, 810, 702), (90, 828, 630), (54, 828, 666), (126, 810, 684), (126, 810, 648), (72, 810, 594), (54, 810, 666), (108, 810, 684), (90, 810, 666), (72, 846, 666), (90, 828, 666), (90, 828, 666), (108, 810, 666), (108, 810, 684), (54, 846, 666), (126, 828, 612), (126, 810, 702), (90, 810, 648), (72, 846, 666), (72, 846, 648), (72, 828, 684), (108, 792, 684), (90, 864, 630)]	(9545, 12025, 10574, 11284, 12649, 10052, 5644, 7178, 5945, 8990, 6364, 7282, 5129, 7042, 8176, 7476, 13795, 20663, 16896, 9457, 18549, 15672, 12663, 2054)
y	503894	(582, 209)	[(90, 810, 648), (90, 828, 648), (90, 810, 666), (90, 828, 666), (90, 810, 666), (90, 846, 648), (72, 828, 648), (90, 828, 666), (90, 810, 702), (72, 828, 630), (90, 846, 612), (90, 828, 648), (54, 828, 648), (90, 828, 648), (108, 828, 666), (90, 828, 648), (90, 828, 612), (90, 846, 648), (108, 828, 648), (90, 828, 630), (90, 828, 666), (108, 846, 630), (72, 846, 666), (126, 828, 612), (108, 846, 684)]	(9539, 12066, 10590, 11283, 12730, 10060, 5628, 7245, 5948, 8990, 6377, 7322, 5167, 7200, 8254, 7490, 13934, 20708, 17071, 9438, 18410, 15569, 12677, 2043)
e	505547	(593, 355)	[(18, 810, 666), (-36, 828, 684), (-18, 828, 666), (18, 828, 666), (18, 810, 630), (0, 828, 702), (-36, 828, 684), (0, 828, 666), (0, 810, 666), (-36, 810, 666), (-36, 828, 666), (18, 828, 648), (0, 810, 666), (0, 810, 684), (0, 810, 666), (18, 828, 684), (36, 828, 666), (-18, 846, 648), (0, 828, 666), (18, 828, 684), (36, 810, 666), (18, 828, 648), (18, 828, 648), (0, 828, 666), (18, 828, 684)]	(9495, 11700, 10377, 11047, 12187, 10473, 5648, 7315, 5960, 8080, 6486, 7345, 4972, 6862, 7695, 7462, 12252, 20449, 17753, 9441, 18795, 15657, 12395, 2045)
a	508403	(671, 452)	[(18, 828, 630), (0, 828, 666), (18, 828, 648), (36, 810, 684), (18, 828, 648), (18, 828, 666), (36, 810, 666), (54, 810, 720), (18, 828, 648), (36, 828, 684), (36, 828, 666), (54, 810, 684), (36, 810, 684), (18, 846, 666), (36, 810, 648), (18, 792, 648), (36, 810, 684), (54, 828, 666), (18, 828, 666), (18, 828, 630), (54, 828, 702), (36, 828, 684), (18, 828, 666), (18, 828, 684), (72, 810, 648)]	(9481, 11615, 10349, 10995, 12044, 10612, 5693, 7274, 5915, 7768, 6383, 7244, 4927, 6799, 7617, 7427, 12050, 20379, 17223, 9423, 18605, 15580, 12330, 2047)
n	510453	(748, 156)	[(36, 828, 648), (36, 828, 648), (54, 810, 666), (18, 828, 630), (18, 828, 630), (54, 828, 648), (36, 828, 648), (18, 846, 666), (36, 846, 630), (54, 828, 612), (18, 828, 684), (36, 828, 648), (18, 846, 648), (18, 846, 666), (36, 828, 684), (18, 828, 630), (0, 864, 594), (18, 828, 666), (36, 828, 648), (36, 828, 666), (18, 846, 648), (36, 846, 648), (36, 846, 666), (18, 846, 648), (36, 828, 666)]	(9504, 11691, 10409, 11073, 12126, 10224, 5678, 7201, 5934, 8161, 6449, 7329, 4918, 6898, 7719, 7419, 12334, 20441, 16939, 9467, 18854, 15684, 12442, 2045)
f	511934	(661, 269)	[(36, 828, 666), (18, 828, 720), (18, 828, 666), (54, 828, 684), (54, 810, 612), (36, 828, 594), (36, 828, 648), (54, 828, 648), (72, 810, 666), (36, 828, 666), (54, 828, 648), (18, 828, 648), (72, 828, 630), (18, 828, 648), (54, 828, 612), (18, 846, 630), (18, 846, 630), (54, 828, 666), (72, 828, 684), (36, 846, 666), (18, 864, 630), (54, 846, 630), (72, 810, 648), (18, 828, 612), (36, 846, 612)]	(9499, 11717, 10403, 11052, 12065, 10184, 5604, 7127, 5839, 8056, 6377, 7240, 4926, 6861, 7675, 7407, 12261, 20415, 17113, 9440, 18688, 15613, 12409, 2045)
f	513865	(666, 294)	[(18, 846, 594), (36, 828, 594), (54, 828, 630), (36, 828, 630), (36, 846, 666), (18, 882, 666), (36, 846, 648), (18, 864, 666), (18, 864, 666), (36, 846, 666), (54, 828, 648), (36, 846, 630), (36, 828, 630), (54, 828, 666), (54, 828, 684), (18, 846, 684), (54, 828, 594), (54, 828, 630), (36, 846, 612), (54, 828, 630), (18, 846, 630), (54, 846, 630), (72, 828, 684), (54, 828, 648), (54, 828, 594)]	(9505, 11765, 10425, 11123, 12069, 10191, 5613, 7142, 5943, 8144, 6445, 7294, 4933, 6900, 7699, 7423, 12361, 20448, 17133, 9457, 18757, 15678, 12442, 2056)
c	515710	(742, 297)	[(36, 828, 648), (18, 828, 684), (18, 846, 630), (18, 846, 648), (54, 810, 666), (54, 828, 666), (18, 846, 648), (36, 828, 648), (72, 828, 666), (36, 828, 630), (18, 846, 630), (36, 846, 648), (54, 828, 648), (0, 846, 648), (36, 846, 648), (36, 846, 666), (36, 846, 630), (0, 846, 630), (0, 846, 630), (54, 828, 648), (54, 828, 648), (36, 828, 648), (72, 846, 630), (36, 828, 648), (54, 828, 648)]	(9491, 11689, 10378, 11036, 12050, 10235, 5594, 7080, 5888, 8000, 6405, 7262, 4902, 6854, 7655, 7382, 12223, 20400, 17029, 9435, 18713, 15604, 12394, 2047)
k	517220	(684, 102)	[(36, 846, 648), (36, 828, 666), (36, 828, 612), (36, 846, 612), (36, 846, 630), (18, 864, 648), (54, 846, 630), (36, 864, 648), (18, 864, 648), (18, 846, 630), (54, 846, 630), (36, 846, 648), (18, 882, 576), (36, 864, 576), (54, 846, 630), (36, 864, 612), (54, 864, 648), (54, 828, 648), (54, 828, 630), (36, 864, 594), (18, 864, 612), (18, 864, 648), (36, 864, 648), (54, 864, 594), (36, 864, 594)]	(9516, 11862, 10520, 11240, 11998, 10049, 5687, 7047, 5886, 8087, 6305, 7139, 4901, 6929, 7695, 7385, 12614, 20476, 17059, 9473, 18849, 15755, 12518, 2050)
v	519028	(734, 252)	[(54, 846, 648), (36, 846, 630), (54, 846, 630), (36, 828, 648), (18, 846, 648), (36, 846, 612), (36, 846, 594), (54, 828, 630), (36, 846, 612), (36, 864, 630), (36, 864, 648), (72, 846, 630), (54, 828, 648), (0, 864, 612), (18, 864, 612), (36, 846, 648), (54, 846, 648), (36, 846, 630), (36, 846, 648), (54, 846, 630), (54, 846, 630), (36, 864, 612), (54, 846, 648), (54, 846, 612), (0, 864, 648)]	(9506, 11765, 10455, 11121, 12021, 10041, 5592, 7024, 5862, 8124, 6365, 7173, 4894, 6876, 7643, 7373, 12351, 20425, 17056, 9448, 18727, 15665, 12449, 2053)
i	520628	(587, 122)	[(36, 846, 630), (54, 846, 594), (72, 846, 576), (72, 846, 594), (72, 846, 630), (36, 846, 630), (72, 846, 630), (54, 864, 630), (36, 864, 612), (36, 864, 630), (54, 846, 648), (54, 864, 612), (36, 864, 594), (54, 864, 630), (72, 846, 576), (36, 846, 648), (72, 864, 594), (54, 864, 576), (54, 846, 612), (54, 846, 666), (36, 882, 594), (54, 882, 594), (54, 846, 648), (108, 828, 612), (36, 864, 594)]	(9508, 11696, 10421, 11112, 11959, 10017, 5764, 7103, 5850, 8157, 6330, 7226, 4898, 6932, 7713, 7386, 12544, 20462, 17171, 9434, 18670, 15638, 12488, 2052)
y	522164	(579, 211)	[(18, 846, 576), (36, 828, 684), (54, 846, 648), (54, 846, 630), (36, 864, 612), (54, 864, 612), (36, 846, 666), (72, 846, 630), (36, 864, 630), (54, 864, 612), (54, 846, 630), (36, 846, 594), (36, 846, 594), (36, 864, 612), (36, 846, 630), (90, 828, 612), (72, 846, 612), (18, 864, 612), (36, 846, 648), (36, 846, 648), (36, 864, 666), (54, 846, 594), (54, 828, 594), (36, 846, 630), (36, 864, 630)]	(9509, 11754, 10446, 11157, 11997, 10013, 5744, 7140, 5945, 8140, 6378, 7232, 4916, 6905, 7695, 7395, 12397, 20447, 17449, 9411, 18625, 15615, 12457, 2045)
t	523726	(580, 265)	[(36, 864, 648), (36, 864, 612), (36, 864, 612), (36, 846, 612), (72, 846, 594), (54, 828, 612), (0, 864, 612), (54, 846, 630), (90, 846, 666), (36, 864, 630), (36, 864, 612), (36, 846, 594), (36, 846, 648), (36, 864, 630), (36, 864, 648), (54, 846, 612), (18, 846, 612), (36, 846, 612), (54, 846, 630), (54, 828, 666), (36, 864, 630), (36, 864, 648), (72, 846, 648), (36, 846, 576), (54, 846, 630)]	(9505, 11723, 10417, 11124, 11987, 10035, 5743, 7122, 5889, 8115, 6344, 7220, 4916, 6897, 7697, 7409, 12348, 20433, 17527, 9413, 18591, 15598, 12445, 2051)
o	524985	(577, 77)	[(54, 846, 648), (36, 846, 594), (54, 846, 612), (18, 846, 648), (18, 846, 612), (36, 846, 612), (72, 828, 630), (72, 810, 666), (54, 846, 630), (36, 846, 612), (18, 846, 612), (18, 882, 630), (90, 846, 630), (36, 864, 630), (36, 882, 576), (54, 864, 648), (54, 828, 630), (54, 846, 612), (36, 864, 558), (36, 846, 612), (54, 846, 684), (72, 864, 630), (36, 882, 630), (54, 882, 630), (72, 846, 612)]	(9525, 11872, 10600, 11393, 11893, 9986, 5962, 7166, 6093, 7771, 6213, 7198, 4913, 6910, 7717, 7426, 12524, 20534, 18083, 9442, 18791, 15717, 12526, 2048)
d	526583	(663, 334)	[(36, 864, 630), (54, 846, 594), (54, 846, 630), (54, 864, 630), (36, 882, 612), (54, 864, 630), (72, 846, 648), (54, 846, 630), (18, 864, 612), (54, 846, 630), (72, 846, 630), (54, 846, 612), (36, 864, 612), (36, 846, 630), (54, 846, 630), (54, 828, 648), (36, 864, 630), (54, 864, 630), (54, 846, 630), (54, 846, 630), (54, 864, 594), (36, 864, 648), (72, 864, 666), (72, 846, 612), (54, 846, 630)]	(9500, 11681, 10402, 11150, 11881, 10126, 5762, 7275, 6068, 7957, 6409, 7350, 4929, 6910, 7706, 7449, 12327, 20450, 18038, 9406, 18521, 15584, 12434, 2043)
g	528062	(654, 231)	[(54, 846, 612), (54, 846, 648), (54, 846, 594), (36, 846, 612), (36, 846, 612), (54, 846, 648), (54, 846, 630), (54, 846, 594), (54, 864, 630), (36, 864, 612), (36, 846, 612), (54, 846, 612), (72, 846, 612), (36, 864, 594), (36, 864, 648), (90, 846, 612), (54, 846, 612), (36, 864, 612), (36, 882, 666), (36, 864, 612), (54, 864, 630), (36, 864, 630), (90, 846, 594), (72, 846, 612), (36, 864, 666)]	(9498, 11705, 10431, 11185, 11863, 10049, 5734, 7193, 6034, 7910, 6390, 7268, 4913, 6893, 7700, 7438, 12323, 20420, 17550, 9400, 18548, 15586, 12434, 2039)
t	529591	(590, 256)	[(54, 846, 648), (54, 846, 594), (36, 846, 594), (54, 846, 594), (54, 846, 630), (54, 864, 630), (36, 864, 612), (36, 882, 612), (54, 864, 612), (36, 864, 612), (18, 864, 630), (36, 864, 612), (36, 846, 612), (54, 846, 612), (36, 864, 630), (36, 864, 648), (54, 864, 612), (54, 846, 630), (72, 846, 630), (36, 864, 648), (36, 864, 612), (18, 882, 612), (36, 864, 594), (72, 828, 594), (18, 846, 648)]	(9482, 11682, 10363, 11055, 11853, 10349, 5778, 7264, 6140, 7714, 6449, 7352, 4925, 6925, 7694, 7457, 12237, 20435, 17880, 9403, 18613, 15596, 12395, 2053)
o	530756	(584, 97)	[(-126, 828, 648), (-126, 810, 648), (-144, 828, 648), (-126, 828, 666), (-126, 864, 702), (-72, 828, 702), (-54, 810, 684), (-90, 810, 666), (-108, 828, 612), (-72, 828, 630), (36, 756, 720), (-18, 810, 756), (-54, 828, 684), (18, 810, 666), (36, 792, 666), (18, 792, 684), (0, 810, 666), (0, 810, 648), (18, 810, 648), (36, 810, 684), (72, 774, 720), (18, 810, 630), (-36, 828, 630), (18, 828, 648), (18, 810, 666)]	(9475, 11775, 10392, 11170, 11793, 10907, 5993, 7614, 6497, 7523, 6743, 7579, 4946, 6991, 7647, 7526, 12289, 20490, 18647, 9363, 18619, 15580, 12386, 2052)
c	531145	(585, 86)	[(-90, 810, 666), (-108, 828, 612), (-72, 828, 630), (36, 756, 720), (-18, 810, 756), (-54, 828, 684), (18, 810, 666), (36, 792, 666), (18, 792, 684), (0, 810, 666), (0, 810, 648), (18, 810, 648), (36, 810, 684), (72, 774, 720), (18, 810, 630), (-36, 828, 630), (18, 828, 648), (18, 810, 666), (0, 846, 612), (0, 828, 648), (18, 810, 648), (0, 828, 630), (18, 828, 666), (18, 810, 666), (-72, 846, 666)]	(9466, 11700, 10321, 11071, 11735, 10771, 5857, 7399, 6267, 7437, 6527, 7426, 4959, 6978, 7649, 7503, 12217, 20448, 18332, 9357, 18564, 15550, 12378, 2055)
b	532993	(724, 199)	[(0, 828, 648), (18, 828, 666), (36, 810, 684), (18, 828, 666), (0, 828, 648), (0, 810, 684), (36, 810, 684), (18, 810, 666), (18, 828, 648), (-18, 828, 684), (36, 810, 666), (18, 828, 684), (-36, 828, 684), (18, 810, 630), (18, 828, 666), (18, 828, 702), (0, 828, 666), (-18, 846, 666), (18, 828, 666), (18, 810, 684), (18, 828, 648), (36, 810, 666), (36, 810, 666), (0, 810, 666), (36, 810, 666)]	(9470, 11676, 10332, 11068, 11739, 10903, 5922, 7449, 6317, 7386, 6621, 7472, 4955, 6955, 7635, 7476, 12120, 20431, 17814, 9392, 18786, 15633, 12352, 2046)
z	534473	(749, 419)	[(18, 810, 666), (36, 810, 684), (-36, 828, 756), (0, 810, 630), (-36, 828, 630), (18, 810, 684), (18, 810, 702), (-36, 810, 702), (-18, 828, 630), (36, 792, 684), (18, 792, 738), (-54, 828, 738), (18, 810, 666), (18, 810, 684), (36, 792, 702), (36, 792, 666), (18, 810, 666), (18, 810, 684), (18, 792, 684), (54, 810, 702), (0, 828, 702), (18, 792, 684), (36, 774, 702), (18, 792, 666), (36, 792, 684)]	(9464, 11347, 10151, 10790, 11809, 11202, 6381, 7889, 6700, 7450, 7179, 7757, 4951, 6870, 7567, 7477, 11897, 20353, 17316, 9349, 18398, 15445, 12263, 2041)
i	536163	(593, 120)	[(36, 810, 648), (36, 810, 666), (18, 810, 666), (0, 828, 666), (18, 828, 666), (54, 828, 630), (-36, 864, 630), (-18, 828, 594), (-36, 828, 666), (-36, 846, 648), (18, 828, 648), (36, 828, 648), (54, 810, 666), (18, 828, 630), (0, 828, 648), (18, 828, 648), (54, 810, 684), (18, 828, 666), (-18, 864, 630), (-36, 846, 648), (18, 846, 684), (36, 846, 648), (0, 846, 612), (18, 828, 648), (36, 810, 612)]	(9459, 11477, 10258, 10939, 11785, 10972, 6348, 7830, 6753, 7465, 6935, 7715, 4970, 7044, 7630, 7507, 12329, 20461, 17801, 9380, 18660, 15613, 12401, 2046)
w	537688	(582, 390)	[(18, 810, 666), (36, 810, 666), (54, 810, 666), (0, 828, 648), (18, 810, 648), (54, 810, 738), (36, 828, 666), (36, 810, 648), (-36, 810, 666), (18, 828, 666), (18, 828, 666), (36, 810, 702), (72, 810, 684), (-36, 828, 666), (36, 810, 648), (36, 810, 666), (72, 792, 702), (36, 828, 666), (18, 828, 630), (18, 828, 684), (36, 810, 702), (18, 810, 648), (18, 828, 666), (54, 828, 666), (54, 810, 666)]	(9470, 11540, 10262, 10955, 11775, 11040, 6258, 7795, 6727, 7393, 7049, 7733, 4965, 6953, 7557, 7533, 12116, 20432, 18510, 9370, 18494, 15516, 12323, 2047)
q	539108	(581, 459)	[(36, 828, 684), (18, 828, 684), (36, 828, 666), (36, 828, 648), (18, 828, 666), (36, 828, 648), (36, 828, 648), (36, 828, 648), (72, 810, 630), (36, 810, 684), (36, 828, 648), (54, 810, 648), (54, 810, 702), (54, 828, 630), (36, 810, 666), (36, 828, 684), (36, 828, 648), (18, 828, 666), (90, 810, 684), (90, 810, 720), (18, 810, 684), (54, 828, 666), (54, 810, 648), (54, 810, 630), (36, 828, 630)]	(9468, 11490, 10244, 10941, 11756, 11094, 6211, 7745, 6669, 7387, 6963, 7655, 4976, 6947, 7568, 7524, 12085, 20420, 18481, 9379, 18416, 15499, 12323, 2037)
j	540734	(667, 146)	[(18, 828, 648), (36, 810, 702), (18, 828, 684), (18, 828, 648), (54, 828, 666), (54, 828, 666), (36, 810, 666), (18, 810, 666), (18, 810, 666), (18, 810, 702), (36, 810, 684), (18, 828, 630), (18, 828, 648), (54, 810, 702), (36, 828, 666), (18, 828, 666), (0, 828, 630), (36, 810, 684), (36, 810, 684), (18, 810, 684), (0, 828, 648), (18, 846, 648), (18, 810, 684), (36, 828, 684), (18, 810, 648)]	(9461, 11599, 10290, 10979, 11744, 11011, 6174, 7665, 6623, 7391, 6793, 7637, 4953, 6983, 7592, 7508, 12185, 20458, 17902, 9408, 18740, 15634, 12359, 2060)
m	542120	(737, 114)	[(36, 828, 648), (54, 810, 702), (36, 828, 648), (18, 828, 666), (36, 810, 666), (36, 810, 666), (18, 846, 648), (54, 810, 630), (54, 828, 666), (72, 810, 666), (36, 810, 666), (36, 846, 684), (36, 828, 612), (36, 810, 666), (0, 828, 666), (18, 828, 684), (36, 828, 666), (36, 828, 684), (18, 828, 648), (18, 828, 666), (36, 792, 666), (18, 828, 666), (54, 810, 666), (18, 810, 720), (36, 828, 630)]	(9478, 11622, 10325, 11038, 11690, 10796, 6065, 7435, 6465, 7330, 6531, 7418, 4946, 6887, 7542, 7462, 12014, 20418, 17541, 9430, 18953, 15659, 12325, 2049)
d	543945	(656, 326)	[(36, 792, 684), (18, 810, 648), (18, 810, 684), (54, 792, 738), (54, 792, 684), (18, 828, 648), (36, 810, 684), (54, 810, 702), (36, 810, 666), (0, 810, 702), (18, 810, 666), (54, 792, 720), (36, 810, 702), (18, 828, 666), (18, 828, 666), (54, 810, 702), (36, 792, 666), (0, 810, 666), (-36, 828, 648), (54, 792, 684), (36, 810, 738), (36, 828, 702), (18, 810, 684), (18, 810, 648), (54, 792, 666)]	(9460, 11454, 10187, 10890, 11728, 11006, 6183, 7770, 6740, 7364, 6980, 7646, 4981, 6925, 7564, 7497, 12021, 20406, 18231, 9365, 18555, 15502, 12299, 2045)
l	545737	(688, 40)	[(72, 810, 648), (0, 828, 684), (0, 810, 684), (54, 810, 666), (54, 810, 684), (72, 810, 720), (36, 828, 648), (54, 810, 684), (72, 810, 702), (18, 810, 630), (0, 828, 666), (18, 828, 684), (18, 828, 666), (0, 828, 666), (54, 792, 648), (54, 810, 702), (36, 846, 684), (54, 828, 648), (36, 828, 684), (36, 828, 648), (36, 810, 648), (18, 810, 666), (18, 828, 648), (36, 846, 648), (54, 810, 666)]	(9476, 11555, 10303, 11039, 11691, 10479, 6105, 7581, 6617, 7324, 6628, 7470, 4948, 6952, 7570, 7450, 12126, 20413, 17735, 9417, 18830, 15657, 12349, 2047)
l	547417	(669, 48)	[(0, 828, 702), (36, 810, 684), (54, 828, 684), (54, 810, 702), (0, 810, 630), (0, 810, 648), (36, 792, 684), (36, 810, 666), (18, 810, 648), (18, 810, 684), (36, 810, 666), (54, 792, 684), (36, 792, 666), (0, 810, 648), (18, 810, 612), (36, 810, 666), (72, 792, 702), (0, 846, 702), (-36, 846, 666), (54, 828, 702), (36, 828, 720), (54, 810, 630), (18, 846, 594), (0, 792, 666), (54, 792, 648)]	(9476, 11538, 10292, 11035, 11685, 10151, 6003, 7432, 6447, 7267, 6563, 7387, 4950, 6965, 7573, 7456, 12110, 20391, 17633, 9400, 18722, 15597, 12340, 2058)
b	549067	(724, 204)	[(36, 810, 684), (54, 810, 666), (54, 810, 666), (54, 792, 684), (36, 810, 666), (36, 810, 648), (18, 828, 684), (18, 810, 684), (36, 810, 648), (54, 810, 684), (18, 810, 684), (36, 828, 702), (54, 828, 666), (54, 828, 648), (36, 810, 648), (36, 810, 684), (54, 792, 648), (36, 810, 666), (54, 810, 666), (18, 846, 666), (18, 810, 666), (36, 810, 666), (36, 792, 684), (36, 828, 684), (0, 846, 684)]	(9465, 11547, 10266, 10992, 11699, 10867, 6178, 7583, 6612, 7348, 6712, 7552, 4973, 6947, 7569, 7490, 12081, 20423, 17815, 9405, 18795, 15620, 12333, 2048)
u	550648	(585, 154)	[(18, 810, 684), (54, 810, 648), (36, 810, 666), (18, 828, 648), (36, 828, 612), (36, 810, 648), (54, 810, 666), (18, 828, 666), (36, 810, 666), (36, 828, 648), (18, 810, 648), (18, 828, 684), (18, 828, 666), (36, 828, 666), (36, 828, 702), (18, 828, 612), (18, 828, 684), (54, 810, 666), (36, 828, 648), (18, 828, 648), (18, 828, 648), (36, 846, 684), (36, 828, 684), (54, 810, 648), (18, 810, 666)]	(9466, 11600, 10300, 11070, 11775, 11179, 6380, 7993, 7060, 7458, 7227, 7861, 5005, 7023, 7588, 7517, 12207, 20463, 18328, 9394, 18661, 15589, 12360, 2048)
j	552231	(668, 138)	[(54, 810, 630), (36, 828, 630), (36, 810, 630), (36, 810, 666), (36, 810, 702), (36, 828, 666), (0, 846, 648), (36, 828, 630), (36, 828, 702), (36, 810, 666), (18, 828, 630), (18, 828, 684), (54, 828, 666), (36, 846, 648), (36, 810, 630), (36, 828, 648), (36, 828, 702), (18, 846, 648), (18, 828, 666), (54, 828, 702), (54, 828, 648), (18, 828, 648), (36, 810, 666), (54, 810, 666), (18, 810, 630)]	(9465, 11626, 10310, 11085, 11753, 11134, 6263, 7847, 6877, 7403, 7015, 7761, 4976, 7005, 7577, 7484, 12205, 20460, 18126, 9402, 18790, 15635, 12370, 2044)
h	554095	(651, 187)	[(36, 828, 666), (36, 828, 666), (36, 810, 684), (54, 810, 702), (18, 828, 630), (36, 810, 648), (54, 792, 702), (54, 810, 702), (18, 828, 666), (18, 828, 648), (36, 810, 648), (54, 810, 684), (18, 828, 666), (36, 810, 666), (18, 810, 684), (36, 810, 684), (54, 810, 648), (18, 810, 684), (18, 810, 666), (54, 792, 702), (54, 810, 684), (36, 828, 666), (36, 810, 666), (54, 810, 684), (36, 828, 648)]	(9462, 11600, 10289, 11052, 11740, 11088, 6206, 7806, 6878, 7408, 6995, 7722, 4972, 7001, 7584, 7489, 12192, 20453, 18136, 9396, 18707, 15600, 12362, 2048)
s	555375	(678, 425)	[(0, 846, 630), (54, 846, 684), (18, 828, 684), (54, 810, 666), (54, 792, 720), (54, 810, 666), (36, 828, 630), (54, 810, 666), (90, 792, 648), (72, 810, 648), (18, 828, 666), (72, 828, 648), (54, 810, 684), (36, 810, 648), (0, 828, 648), (0, 810, 720), (72, 810, 720), (90, 810, 666), (36, 828, 666), (36, 828, 648), (54, 792, 720), (54, 810, 684), (36, 810, 648), (18, 828, 666), (54, 810, 702)]	(9460, 11474, 10240, 10975, 11741, 11094, 6345, 7867, 6908, 7352, 7775, 0, 4963, 6939, 7527, 7500, 12031, 20420, 18526, 9356, 18478, 15470, 12287, 2036)
a	556751	(668, 425)	[(72, 810, 702), (72, 810, 702), (72, 810, 666), (54, 828, 648), (36, 828, 684), (36, 810, 684), (54, 828, 684), (72, 810, 666), (36, 810, 648), (36, 828, 666), (54, 828, 684), (54, 810, 684), (54, 810, 666), (54, 810, 648), (54, 810, 666), (54, 828, 666), (72, 810, 684), (36, 828, 648), (54, 828, 702), (54, 828, 702), (54, 810, 666), (18, 828, 648), (90, 810, 648), (54, 810, 648), (54, 810, 666)]	(9456, 11450, 10190, 10929, 11723, 11017, 6236, 7749, 6824, 7329, 7025, 7677, 4965, 6920, 7527, 7489, 12002, 20392, 18395, 9340, 18412, 15432, 12279, 2046)
v	558326	(740, 248)	[(36, 810, 666), (36, 810, 684), (72, 810, 702), (18, 810, 684), (36, 828, 630), (36, 810, 666), (54, 792, 684), (54, 810, 666), (0, 828, 666), (54, 828, 648), (54, 810, 684), (36, 810, 666), (18, 828, 684), (54, 810, 666), (18, 828, 684), (18, 828, 666), (72, 810, 666), (54, 810, 684), (36, 828, 648), (18, 810, 648), (36, 810, 666), (54, 810, 684), (54, 828, 630), (36, 810, 666), (36, 828, 666)]	(9460, 11504, 10247, 11011, 11725, 10996, 6189, 7670, 6747, 7372, 6873, 7602, 4952, 6952, 7539, 7461, 12090, 20409, 17780, 9382, 18666, 15556, 12319, 2050)
p	559704	(583, 21)	[(36, 828, 684), (54, 810, 684), (72, 792, 666), (0, 792, 630), (36, 810, 666), (72, 792, 684), (72, 810, 666), (36, 846, 666), (36, 810, 684), (36, 846, 684), (54, 828, 630), (54, 828, 666), (54, 810, 684), (36, 810, 630), (18, 828, 666), (72, 810, 648), (126, 846, 558), (-36, 828, 720), (72, 846, 684), (36, 846, 684), (36, 828, 684), (36, 828, 648), (36, 846, 648), (36, 864, 612), (54, 846, 612)]	(9475, 11522, 10300, 11195, 11705, 10126, 6567, 7782, 6995, 7371, 6683, 7561, 4962, 7023, 7595, 7482, 12335, 20450, 18397, 9393, 18623, 15605, 12397, 2048)
x	561435	(750, 350)	[(36, 810, 702), (36, 828, 684), (18, 828, 684), (36, 810, 684), (36, 810, 684), (18, 810, 648), (18, 810, 666), (36, 810, 684), (18, 810, 684), (36, 810, 684), (36, 810, 666), (36, 792, 684), (18, 828, 630), (0, 828, 666), (18, 810, 684), (54, 792, 684), (36, 810, 666), (18, 810, 648), (36, 810, 666), (18, 810, 648), (54, 810, 630), (36, 810, 684), (18, 828, 684), (54, 828, 684), (54, 828, 684)]	(9458, 11425, 10200, 10917, 11769, 11137, 6468, 7957, 7104, 7396, 7128, 7791, 4974, 6933, 7532, 7479, 12005, 20380, 17829, 9330, 18441, 15441, 12279, 2039)
s	563107	(654, 371)	[(54, 792, 648), (18, 828, 648), (54, 810, 666), (18, 810, 684), (36, 810, 684), (36, 810, 666), (36, 810, 648), (36, 828, 666), (36, 810, 684), (36, 810, 666), (36, 810, 684), (36, 828, 666), (36, 810, 648), (36, 810, 684), (36, 810, 684), (36, 828, 630), (18, 828, 666), (54, 792, 684), (36, 810, 702), (18, 828, 648), (36, 828, 702), (54, 828, 702), (36, 828, 666), (36, 828, 666), (36, 810, 648)]	(9456, 11399, 10154, 10887, 11749, 11061, 6295, 7788, 6907, 7380, 7073, 7695, 4974, 6945, 7557, 7478, 12008, 20367, 17872, 9325, 18331, 15392, 12285, 2042)
u	564537	(560, 152)	[(36, 828, 648), (18, 810, 702), (54, 810, 648), (18, 828, 666), (36, 810, 666), (54, 810, 684), (36, 810, 648), (18, 828, 666), (54, 828, 684), (54, 810, 684), (36, 810, 702), (36, 810, 684), (18, 846, 666), (36, 846, 630), (18, 828, 648), (36, 810, 630), (18, 810, 684), (36, 828, 648), (36, 828, 702), (36, 810, 684), (36, 810, 666), (54, 828, 648), (36, 828, 630), (54, 810, 702)]	(9461, 11470, 10232, 11000, 11703, 10803, 6085, 7578, 6725, 7321, 6727, 7540, 4964, 6966, 7565, 7478, 12110, 20400, 17927, 9338, 18484, 15472, 12316, 2057)
