Please hold the phone in your left hand and type with your left thumb
r	1038560	(587, 316)	[(-234, 792, 756), (-180, 756, 702), (-198, 774, 666), (-108, 720, 810), (-144, 738, 774), (-162, 720, 738), (-90, 702, 810), (-72, 702, 720), (-72, 702, 756), (-144, 738, 810), (-126, 720, 828), (-90, 666, 792), (-108, 702, 738), (-126, 738, 756), (-144, 738, 774), (-126, 702, 810), (-90, 702, 792), (-108, 702, 756), (-126, 720, 774), (-144, 774, 774), (-126, 738, 792), (-108, 720, 792), (-108, 720, 828), (-90, 738, 810), (-90, 738, 810)]	(9553, 11081, 10559, 10800, 11799, 10221, 8258, 6694, 5445, 7353, 7674, 7420, 5055, 6548, 7658, 8885, 11749, 20912, 14931, 9216, 17919, 15731, 13935, 2179)
z	1040264	(759, 409)	[(-252, 702, 774), (-234, 684, 738), (-216, 684, 720), (-252, 702, 720), (-270, 720, 792), (-270, 684, 810), (-252, 684, 738), (-252, 684, 756), (-252, 684, 774), (-216, 666, 846), (-198, 648, 810), (-216, 684, 774), (-234, 666, 792), (-234, 684, 810), (-234, 684, 792), (-270, 702, 756), (-234, 684, 774), (-198, 666, 774), (-234, 684, 810), (-216, 684, 774), (-216, 684, 738), (-216, 684, 756), (-234, 684, 738), (-234, 702, 774), (-234, 702, 828)]	(9548, 11065, 10294, 10541, 12165, 10027, 7931, 6652, 5510, 7317, 7453, 7316, 4975, 6571, 7516, 8702, 11852, 20479, 15044, 9407, 18315, 15495, 12652, 2163)
l	1041746	(673, 26)	[(-126, 684, 774), (-108, 684, 720), (-126, 702, 702), (-126, 720, 756), (-144, 738, 846), (-162, 702, 810), (-126, 684, 738), (-72, 684, 738), (-90, 684, 774), (-126, 720, 810), (-108, 684, 828), (-108, 666, 792), (-90, 684, 756), (-108, 702, 792), (-144, 702, 846), (-144, 684, 828), (-72, 738, 720), (-90, 666, 810), (-72, 702, 810), (-72, 702, 810), (-90, 702, 792), (-108, 720, 756), (-162, 738, 756), (-108, 702, 756), (-108, 666, 720)]	(9482, 10911, 10070, 10413, 11717, 10170, 10141, 6768, 5728, 7165, 7643, 7311, 4983, 6415, 7409, 8580, 11581, 20492, 15520, 9260, 18830, 15432, 12695, 2166)
i	1043128	(587, 102)	[(-180, 702, 846), (-162, 702, 810), (-108, 666, 810), (-126, 666, 792), (-162, 684, 828), (-180, 684, 792), (-180, 720, 774), (-180, 720, 774), (-144, 702, 720), (-162, 720, 738), (-180, 702, 846), (-144, 684, 810), (-108, 684, 774), (-144, 702, 792), (-126, 702, 810), (-144, 684, 810), (-108, 702, 792), (-126, 684, 720), (-126, 738, 702), (-144, 702, 828), (-126, 702, 828), (-126, 684, 792), (-126, 702, 774), (-126, 702, 684), (-126, 702, 702)]	(9525, 10983, 10198, 10496, 11768, 10183, 9803, 6785, 5702, 7210, 7609, 7289, 4950, 6430, 7430, 8558, 11751, 20567, 15445, 9317, 18737, 15764, 12865, 2160)
y	1044661	(597, 203)	[(-144, 720, 846), (-162, 702, 702), (-108, 702, 756), (-90, 666, 756), (-126, 702, 738), (-180, 720, 756), (-126, 684, 774), (-108, 684, 810), (-144, 702, 828), (-162, 720, 828), (-162, 684, 720), (-162, 702, 738), (-180, 720, 774), (-180, 702, 828), (-126, 684, 810), (-144, 684, 792), (-180, 684, 792), (-162, 702, 846), (-144, 738, 684), (-126, 720, 738), (-162, 720, 846), (-180, 702, 828), (-144, 702, 846), (-126, 702, 774), (-108, 648, 738)]	(9561, 11076, 10296, 10565, 12038, 10133, 7943, 6615, 5627, 7351, 7305, 7107, 4925, 6414, 7507, 8410, 11993, 20608, 15139, 9351, 18425, 15835, 13048, 2153)
s	1046200	(674, 362)	[(-162, 720, 756), (-180, 738, 810), (-162, 720, 792), (-162, 720, 756), (-144, 720, 738), (-162, 738, 720), (-162, 738, 756), (-162, 738, 774), (-180, 756, 738), (-162, 738, 810), (-144, 738, 792), (-108, 720, 720), (-144, 720, 702), (-126, 756, 720), (-144, 738, 756), (-126, 738, 774), (-162, 738, 756), (-126, 756, 738), (-126, 720, 720), (-126, 756, 702), (-144, 756, 738), (-126, 756, 738), (-144, 738, 756), (-126, 720, 756), (-108, 720, 756)]	(9572, 11081, 10353, 10572, 12557, 10131, 6785, 6507, 5351, 7680, 7045, 6909, 4843, 6398, 7579, 8218, 12105, 20685, 15074, 9344, 18321, 15722, 13045, 2167)
n	1047772	(743, 161)	[(-162, 720, 720), (-144, 738, 720), (-144, 738, 792), (-126, 738, 774), (-108, 738, 756), (-108, 738, 720), (-90, 738, 684), (-108, 738, 738), (-126, 756, 756), (-162, 774, 774), (-144, 738, 702), (-144, 738, 702), (-144, 756, 720), (-144, 756, 774), (-126, 738, 774), (-72, 756, 720), (-108, 756, 720), (-126, 774, 684), (-108, 756, 738), (-144, 756, 720), (-108, 774, 738), (-144, 756, 774), (-126, 756, 702), (-126, 756, 684), (-126, 738, 684)]	(9544, 11035, 10344, 10547, 11854, 10099, 7274, 6440, 5387, 7169, 6860, 6812, 4782, 6286, 7406, 7991, 11734, 20571, 15178, 9330, 18709, 15833, 12912, 2168)
f	1049499	(668, 279)	[(-90, 684, 738), (-108, 684, 756), (-126, 702, 774), (-180, 738, 774), (-216, 720, 792), (-126, 720, 792), (-126, 702, 774), (-162, 702, 738), (-144, 702, 810), (-144, 720, 756), (-144, 720, 756), (-162, 720, 810), (-108, 702, 756), (-108, 684, 738), (-126, 702, 774), (-126, 720, 810), (-162, 720, 792), (-162, 720, 738), (-144, 702, 756), (-108, 720, 756), (-162, 702, 828), (-144, 720, 810), (-108, 720, 738), (-108, 720, 774), (-126, 702, 810)]	(9573, 11098, 10431, 10612, 12111, 10127, 7186, 6430, 5345, 7415, 6707, 6827, 4754, 6295, 7469, 7898, 11933, 20648, 15219, 9376, 18714, 15943, 13024, 2165)
m	1051507	(743, 92)	[(-90, 720, 828), (-126, 720, 828), (-108, 720, 792), (-144, 738, 720), (-108, 738, 774), (-108, 720, 792), (-126, 738, 720), (-108, 738, 702), (-108, 720, 756), (-90, 738, 756), (-108, 720, 774), (-108, 738, 738), (-126, 756, 720), (-108, 720, 756), (-108, 720, 792), (-126, 756, 756), (-126, 774, 702), (-90, 738, 738), (-54, 720, 792), (-90, 738, 756), (-126, 756, 702), (-90, 756, 792), (-72, 738, 792), (-72, 720, 684), (-90, 720, 702)]	(9564, 11122, 10426, 10581, 12114, 10113, 7139, 6345, 5269, 7538, 6450, 6699, 4674, 6219, 7427, 7602, 11685, 20599, 15231, 9356, 19060, 16042, 12967, 2166)
p	1052736	(569, 8)	[(-72, 720, 774), (-108, 738, 792), (-108, 738, 792), (-126, 756, 756), (-144, 756, 720), (-108, 738, 756), (-126, 738, 774), (-108, 756, 792), (-108, 720, 828), (-108, 738, 810), (-54, 684, 828), (0, 684, 774), (-72, 720, 738), (-90, 720, 684), (-90, 756, 720), (-72, 810, 810), (-90, 756, 864), (-90, 738, 792), (-144, 882, 432), (-72, 792, 684), (36, 756, 738), (-36, 738, 774), (-36, 792, 720), (54, 738, 612), (36, 720, 558)]	(9550, 11119, 10490, 10640, 12257, 10226, 9396, 6531, 5542, 7927, 6492, 6961, 4656, 6219, 7513, 7407, 11936, 20815, 15847, 9429, 19424, 16319, 13281, 2172)
h	1054352	(667, 192)	[(-72, 756, 756), (-72, 756, 738), (-90, 756, 720), (-72, 738, 684), (-72, 756, 738), (-54, 756, 774), (-54, 756, 738), (-72, 756, 738), (-72, 756, 738), (-54, 738, 756), (-54, 756, 702), (-90, 756, 702), (-72, 756, 720), (-36, 756, 774), (-54, 738, 756), (-54, 756, 774), (-72, 756, 756), (-90, 774, 738), (-54, 756, 720), (-72, 756, 738), (-72, 756, 756), (-36, 738, 738), (-54, 756, 720), (-54, 756, 702), (-36, 756, 756)]	(9570, 11175, 10464, 10616, 12535, 10104, 6714, 6308, 5114, 7842, 6114, 6665, 4634, 6189, 7443, 7180, 11765, 20608, 15557, 9405, 19163, 16081, 12988, 2164)
b	1055933	(742, 205)	[(-54, 738, 738), (-72, 738, 684), (-72, 774, 756), (-54, 756, 756), (-54, 738, 738), (-72, 738, 738), (-54, 756, 756), (-36, 738, 774), (-54, 756, 756), (-54, 756, 720), (-54, 756, 738), (-72, 738, 720), (-72, 756, 738), (-54, 756, 738), (-72, 756, 738), (-72, 774, 774), (-54, 756, 738), (-54, 756, 738), (-90, 774, 702), (-90, 774, 702), (-72, 756, 738), (-72, 774, 738), (-54, 756, 756), (-90, 774, 702), (-72, 756, 738)]	(9577, 11192, 10521, 10640, 12625, 10115, 6246, 6292, 5100, 7935, 6090, 6577, 4584, 6178, 7425, 7111, 11692, 20610, 15383, 9414, 19435, 16211, 12945, 2156)
e	1057353	(572, 348)	[(-36, 738, 774), (-72, 774, 720), (-90, 756, 720), (-54, 738, 738), (-54, 738, 756), (-54, 756, 756), (-90, 756, 774), (-72, 756, 756), (-72, 738, 702), (-54, 738, 720), (-72, 738, 738), (-90, 756, 792), (-90, 738, 774), (-54, 756, 792), (-54, 738, 756), (-54, 720, 756), (-36, 738, 774), (-54, 720, 738), (-54, 738, 702), (-54, 738, 738), (-90, 774, 792), (-72, 774, 810), (-54, 738, 774), (-36, 720, 720)]	(9576, 11149, 10480, 10611, 12978, 10170, 6181, 6357, 5096, 8295, 6219, 6635, 4635, 6214, 7446, 7143, 11806, 20615, 15637, 9406, 19046, 15985, 12948, 2164)
u	1058830	(589, 162)	[(-54, 756, 738), (-36, 738, 720), (-54, 756, 720), (-54, 774, 720), (-36, 756, 720), (-54, 756, 756), (-54, 756, 720), (-54, 774, 702), (-54, 756, 720), (-54, 774, 720), (-54, 774, 756), (-36, 756, 792), (-36, 738, 738), (-54, 756, 684), (-54, 756, 720), (-36, 774, 774), (-54, 774, 756), (-72, 756, 702), (-54, 756, 720), (-36, 774, 738), (-36, 792, 738), (-54, 792, 720), (-36, 756, 702), (-36, 756, 720), (18, 756, 702)]	(9576, 11133, 10440, 10620, 12991, 10190, 7696, 6415, 5356, 8564, 6333, 6851, 4605, 6193, 7560, 7156, 11931, 20762, 15706, 9436, 19224, 16186, 13191, 2163)
x	1060308	(751, 346)	[(-90, 738, 720), (-90, 756, 774), (-72, 738, 792), (-36, 720, 792), (-36, 720, 774), (-54, 720, 774), (-72, 720, 792), (-54, 720, 756), (-72, 720, 774), (-72, 738, 774), (-90, 738, 756), (-54, 702, 810), (-72, 720, 774), (-90, 720, 738), (-54, 738, 792), (-54, 720, 828), (-54, 720, 738), (-54, 738, 666), (-90, 720, 756), (-54, 720, 792), (-90, 738, 792), (-54, 738, 738), (-36, 702, 756), (-72, 738, 756), (-54, 738, 774)]	(9569, 11148, 10433, 10584, 13140, 10126, 6071, 6289, 5050, 8235, 6190, 6619, 4575, 6189, 7451, 7105, 11783, 20586, 15293, 9402, 18973, 16029, 12965, 2158)
v	1061794	(725, 234)	[(-54, 720, 774), (-36, 738, 738), (-54, 738, 738), (-72, 738, 738), (-72, 738, 774), (-72, 720, 792), (-90, 738, 756), (-72, 738, 738), (-54, 720, 738), (-54, 738, 756), (-90, 756, 774), (-72, 720, 792), (-72, 738, 756), (-72, 738, 738), (-72, 738, 738), (-54, 720, 774), (-72, 756, 756), (-54, 738, 720), (-90, 774, 738), (-54, 720, 756), (-72, 738, 774), (-36, 738, 720), (-54, 738, 756), (-72, 738, 684), (-90, 738, 756)]	(9568, 11139, 10461, 10600, 12825, 10081, 6063, 6220, 4897, 8122, 6049, 6514, 4533, 6177, 7431, 7054, 11713, 20610, 15249, 9388, 19037, 16064, 12983, 2160)
k	1063331	(673, 101)	[(-72, 756, 738), (-54, 774, 702), (-36, 738, 720), (0, 720, 774), (-54, 756, 756), (-54, 756, 738), (-54, 738, 738), (-54, 756, 738), (-72, 756, 756), (-72, 756, 756), (-90, 756, 720), (-54, 738, 720), (-36, 738, 756), (-36, 738, 756), (-72, 774, 738), (-36, 738, 756), (-36, 738, 756), (-54, 756, 774), (-54, 774, 738), (-18, 756, 738), (-54, 756, 738), (-36, 756, 774), (-54, 738, 738), (-54, 756, 684), (-54, 756, 666)]	(9575, 11133, 10473, 10611, 12825, 10087, 6645, 6243, 5108, 8333, 6155, 6630, 4538, 6189, 7509, 7035, 11821, 20723, 15336, 9402, 19138, 16199, 13178, 2162)
t	1064762	(598, 259)	[(-54, 756, 738), (-36, 756, 774), (-36, 720, 720), (-36, 720, 720), (-54, 756, 738), (-54, 756, 774), (-72, 774, 738), (-54, 756, 738), (-36, 738, 720), (-54, 756, 756), (-36, 738, 810), (-18, 738, 792), (-54, 738, 738), (-72, 756, 756), (-72, 738, 792), (-72, 756, 756), (0, 756, 702), (-36, 756, 702), (-54, 756, 774), (-36, 756, 774), (-36, 756, 774), (-36, 774, 738), (0, 756, 720), (-36, 738, 720), (-54, 756, 774)]	(9563, 11123, 10429, 10582, 13105, 10121, 6305, 6275, 5087, 8608, 6195, 6658, 4554, 6175, 7557, 7091, 11926, 20761, 15437, 9399, 18964, 16087, 13201, 2170)
d	1066443	(663, 319)	[(-54, 738, 756), (-36, 756, 774), (-36, 738, 756), (-54, 756, 738), (-36, 738, 738), (0, 738, 792), (-36, 738, 738), (-54, 738, 756), (-36, 756, 738), (18, 738, 774), (-18, 738, 756), (-36, 756, 774), (0, 720, 756), (-36, 738, 738), (-72, 774, 738), (-36, 720, 792), (-36, 756, 756), (-36, 756, 792), (0, 738, 756), (-36, 738, 720), (-36, 756, 702), (-18, 720, 792), (0, 738, 774), (-36, 756, 756), (0, 738, 756)]	(9563, 11144, 10409, 10570, 13292, 10155, 6278, 6391, 5156, 8551, 6291, 6706, 4545, 6181, 7511, 7099, 11874, 20658, 15425, 9399, 18945, 16037, 13068, 2164)
n	1067921	(729, 162)	[(0, 720, 792), (-54, 756, 756), (-54, 756, 720), (-54, 720, 720), (-36, 738, 720), (-54, 756, 792), (-36, 738, 774), (-36, 738, 738), (-54, 756, 720), (-36, 738, 738), (0, 738, 756), (-36, 756, 774), (-54, 738, 738), (-72, 756, 738), (-54, 756, 756), (-54, 738, 756), (-54, 738, 738), (-54, 756, 720), (-54, 756, 720), (-54, 738, 774), (-54, 756, 756), (-72, 756, 756), (-54, 738, 756), (-36, 738, 756), (-36, 738, 810)]	(9583, 11179, 10468, 10617, 12958, 10090, 6554, 7150, 6154, 8235, 7819, 9464, 4551, 6166, 7466, 7092, 11795, 20669, 15277, 9423, 19299, 16334, 13122, 2153)
e	1069498	(575, 358)	[(-36, 720, 774), (-36, 702, 756), (-36, 720, 756), (-54, 738, 774), (0, 720, 792), (-36, 720, 792), (-36, 738, 756), (-36, 720, 774), (18, 702, 792), (-54, 720, 774), (-36, 720, 774), (-36, 720, 774), (-72, 738, 774), (-36, 720, 774), (-54, 738, 756), (-36, 720, 756), (-36, 738, 792), (18, 720, 774), (-36, 720, 720), (-54, 738, 756), (0, 720, 756), (-36, 738, 792), (-36, 738, 756), (-54, 738, 774), (-18, 720, 774)]	(9578, 11151, 10434, 10587, 13215, 10110, 6544, 7323, 6335, 8529, 8255, 9929, 4538, 6174, 7486, 7071, 11842, 20636, 15380, 9397, 18859, 15991, 13064, 2165)
o	1071086	(578, 79)	[(0, 738, 774), (-36, 738, 774), (-36, 738, 702), (0, 738, 738), (-36, 756, 756), (-54, 756, 684), (-36, 756, 738), (0, 738, 756), (18, 738, 738), (-36, 756, 738), (0, 756, 756), (0, 756, 756), (0, 738, 756), (-36, 756, 774), (-54, 792, 756), (-36, 774, 684), (36, 720, 756), (0, 738, 720), (-36, 792, 738), (-36, 774, 756), (-36, 756, 774), (-36, 756, 774), (-36, 774, 720), (0, 756, 684), (18, 738, 684)]	(9567, 11131, 10454, 10625, 12764, 10117, 8170, 7328, 6370, 8478, 8001, 9700, 4550, 6172, 7563, 7069, 11961, 20866, 15514, 9417, 19175, 16301, 13354, 2170)
a	1072516	(673, 432)	[(0, 720, 738), (-36, 702, 792), (-54, 756, 792), (-72, 774, 720), (-72, 756, 774), (-54, 720, 684), (-36, 738, 702), (0, 720, 792), (-54, 738, 756), (-36, 738, 738), (-36, 702, 774), (-36, 702, 810), (-36, 738, 828), (-36, 738, 810), (-36, 720, 720), (-54, 738, 666), (-54, 720, 774), (0, 720, 828), (-36, 756, 810), (18, 720, 774), (-36, 720, 738), (-36, 738, 738), (-36, 720, 792), (0, 720, 828), (-36, 738, 774)]	(9564, 11128, 10388, 10570, 13011, 10106, 6845, 7380, 6352, 8163, 8088, 9861, 4504, 6181, 7417, 7044, 11760, 20568, 15345, 9382, 18854, 15919, 12930, 2148)
q	1073894	(578, 478)	[(18, 684, 810), (-36, 720, 792), (0, 720, 774), (-54, 720, 756), (-36, 738, 774), (18, 720, 810), (0, 702, 774), (-36, 738, 720), (-54, 720, 774), (0, 702, 792), (-36, 720, 774), (-54, 738, 720), (-36, 738, 756), (-54, 738, 756), (-36, 720, 756), (-36, 738, 756), (-36, 720, 774), (54, 720, 792), (-18, 720, 792), (54, 720, 774), (18, 720, 774), (18, 720, 774), (18, 720, 792), (-18, 720, 792), (-36, 720, 738)]	(9571, 11116, 10406, 10553, 13134, 10099, 6564, 7408, 6398, 8300, 8253, 9989, 4470, 6154, 7439, 7050, 11773, 20572, 15359, 9367, 18724, 15852, 12961, 2160)
z	1075373	(756, 382)	[(-54, 738, 792), (-18, 720, 774), (18, 720, 774), (-36, 702, 738), (-36, 738, 738), (0, 702, 792), (0, 702, 792), (-18, 720, 774), (-36, 702, 792), (0, 702, 810), (-18, 702, 792), (-36, 684, 774), (-54, 702, 792), (-72, 738, 792), (-54, 720, 774), (-72, 738, 774), (-36, 720, 756), (-36, 720, 738), (0, 684, 774), (0, 702, 774), (-54, 738, 756), (-36, 702, 792), (-36, 702, 792), (-54, 720, 756), (-36, 720, 774)]	(9555, 11123, 10361, 10514, 13038, 10099, 6710, 7350, 6337, 8170, 8077, 9843, 4458, 6163, 7399, 7035, 11758, 20530, 15224, 9374, 18759, 15916, 12950, 2159)
m	1076909	(743, 95)	[(0, 720, 792), (-72, 720, 756), (-72, 738, 720), (-72, 720, 738), (-54, 738, 828), (-54, 720, 810), (-36, 702, 792), (0, 684, 756), (-54, 702, 738), (0, 684, 810), (0, 702, 828), (-54, 702, 774), (-36, 720, 738), (-36, 720, 774), (-54, 702, 774), (-72, 720, 792), (-72, 720, 828), (-72, 738, 828), (0, 720, 810), (0, 684, 738), (-36, 702, 738), (-36, 702, 792), (0, 702, 810), (-36, 702, 810), (-36, 720, 756)]	(9572, 11166, 10485, 10602, 12532, 10043, 6519, 6913, 5835, 8109, 7531, 9109, 4399, 6105, 7439, 6985, 11706, 20643, 15140, 9373, 19191, 16278, 13122, 2160)
h	1078444	(674, 180)	[(-54, 756, 756), (-72, 756, 774), (-54, 756, 774), (-72, 738, 702), (-54, 738, 738), (-54, 738, 774), (-54, 756, 792), (-36, 738, 756), (-36, 720, 738), (-36, 738, 720), (-54, 738, 756), (-54, 756, 756), (-36, 756, 774), (-54, 738, 738), (-54, 756, 720), (-54, 738, 756), (-36, 738, 810), (-54, 756, 774), (-54, 738, 756), (-36, 774, 666), (-36, 720, 720), (-18, 738, 738), (-54, 756, 792), (-36, 702, 828), (36, 720, 792)]	(9575, 11163, 10480, 10582, 13035, 10095, 6701, 7096, 6082, 8342, 7920, 9559, 4399, 6165, 7441, 7003, 11806, 20662, 15348, 9408, 19164, 16249, 13092, 2160)
a	1079796	(668, 450)	[(-36, 738, 756), (-108, 756, 774), (-36, 774, 756), (0, 702, 774), (18, 666, 774), (-54, 702, 792), (-72, 756, 774), (18, 702, 756), (-36, 702, 774), (0, 702, 810), (-54, 720, 774), (-36, 720, 720), (0, 702, 810), (-36, 720, 810), (-72, 720, 756), (-54, 702, 756), (-18, 702, 810), (-54, 738, 756), (-54, 720, 738), (36, 702, 828), (18, 720, 828), (-54, 720, 756), (-18, 720, 774), (18, 684, 864), (18, 666, 792)]	(9569, 11114, 10349, 10560, 13011, 10108, 7288, 7836, 6894, 8198, 8259, 10200, 4400, 6180, 7382, 7017, 11753, 20526, 15310, 9405, 18911, 15995, 12931, 2143)
r	1081378	(598, 287)	[(-36, 720, 774), (-36, 720, 792), (-36, 720, 774), (-36, 720, 792), (-18, 702, 756), (-36, 738, 792), (-54, 720, 774), (-54, 720, 792), (-54, 702, 774), (-36, 720, 756), (-54, 720, 792), (-36, 720, 792), (-36, 720, 774), (-36, 702, 828), (0, 720, 792), (0, 720, 792), (18, 720, 756), (-18, 738, 702), (-18, 720, 756), (-18, 720, 774), (-18, 720, 810), (-36, 738, 756), (-36, 738, 774), (0, 720, 738), (0, 702, 774)]	(9557, 11126, 10429, 10541, 12932, 10068, 6290, 6114, 4836, 8158, 5987, 6385, 4389, 6160, 7411, 7000, 11778, 20593, 15402, 9392, 18947, 16062, 13013, 2161)
g	1082904	(668, 230)	[(-72, 756, 738), (-54, 738, 756), (-54, 738, 738), (-36, 738, 756), (-36, 756, 756), (-36, 720, 738), (-54, 738, 756), (-36, 738, 756), (-54, 738, 774), (-72, 738, 756), (-54, 738, 774), (-54, 720, 756), (-54, 738, 756), (-72, 756, 756), (-36, 738, 756), (-36, 720, 756), (-36, 738, 774), (-72, 774, 720), (-54, 738, 738), (0, 702, 738), (-36, 702, 774), (-54, 756, 792), (-36, 738, 774), (0, 720, 756), (-36, 720, 756)]	(9569, 11165, 10489, 10594, 13056, 10105, 6322, 6080, 4719, 8215, 6014, 6371, 4339, 6140, 7412, 6974, 11770, 20602, 15606, 9440, 19287, 16197, 12970, 2156)
p	1084284	(587, 15)	[(-36, 720, 774), (-18, 738, 756), (18, 702, 774), (-36, 720, 810), (-36, 756, 792), (-72, 738, 720), (-54, 738, 738), (-36, 738, 720), (-36, 738, 774), (-54, 738, 792), (-54, 774, 756), (-18, 756, 756), (0, 720, 738), (-36, 738, 756), (0, 738, 774), (0, 756, 792), (36, 756, 684), (0, 720, 756), (-36, 756, 738), (36, 738, 810), (18, 738, 756), (-54, 756, 702), (-36, 738, 720), (36, 756, 648), (-18, 756, 666)]	(9568, 11130, 10583, 10698, 12632, 10119, 7894, 6202, 5090, 8412, 6153, 6544, 4363, 6147, 7490, 7033, 11903, 20851, 15920, 9464, 19568, 16547, 13352, 2164)
t	1085714	(597, 237)	[(-36, 738, 774), (-36, 738, 810), (-54, 738, 756), (-54, 720, 702), (-54, 756, 756), (-36, 738, 828), (-18, 738, 774), (-54, 720, 720), (-54, 738, 702), (-54, 738, 756), (-36, 738, 792), (-54, 756, 774), (-72, 756, 738), (-36, 720, 738), (-36, 720, 774), (-54, 720, 756), (-36, 756, 756), (-36, 720, 774), (-18, 738, 738), (-36, 756, 738), (-36, 738, 738), (-36, 738, 738), (-36, 720, 756), (-36, 720, 756), (-36, 756, 774)]	(9556, 11093, 10406, 10534, 12953, 10042, 7210, 6281, 5024, 8347, 6167, 6556, 4381, 6119, 7471, 6972, 11852, 20635, 15654, 9412, 19048, 16075, 13075, 2156)
f	1087281	(661, 283)	[(-54, 756, 774), (-18, 738, 774), (-36, 738, 756), (-54, 738, 738), (-36, 738, 738), (0, 720, 774), (0, 738, 792), (0, 738, 738), (0, 738, 720), (-36, 738, 774), (-36, 738, 792), (-36, 738, 774), (-36, 756, 720), (-36, 756, 738), (-36, 738, 810), (-18, 720, 774), (0, 720, 774), (-54, 774, 756), (-36, 756, 738), (-36, 720, 774), (-36, 756, 756), (-36, 738, 774), (-18, 756, 756), (-18, 738, 720), (-36, 738, 720)]	(9548, 11087, 10407, 10558, 13033, 10068, 6913, 6207, 4990, 8404, 6209, 6588, 4381, 6135, 7437, 7010, 11794, 20649, 15609, 9412, 19055, 16087, 13061, 2162)
g	1088767	(672, 243)	[(-54, 756, 720), (-54, 756, 738), (0, 720, 792), (-36, 738, 774), (0, 738, 774), (-36, 738, 702), (-18, 738, 774), (-36, 738, 774), (-54, 756, 756), (-54, 738, 738), (-36, 738, 756), (-36, 738, 756), (-36, 738, 774), (-36, 756, 756), (-36, 738, 720), (0, 720, 738), (-36, 756, 756), (-36, 756, 756), (0, 738, 738), (-36, 738, 738), (-54, 774, 774), (-36, 756, 756), (-54, 738, 756), (-36, 720, 738), (-18, 738, 738)]	(9565, 11100, 10428, 10550, 13031, 10036, 6648, 6169, 4952, 8450, 6147, 6528, 4366, 6160, 7445, 6977, 11804, 20641, 15555, 9407, 19071, 16116, 13085, 2160)
w	1090484	(580, 387)	[(0, 720, 756), (-54, 738, 774), (-54, 756, 756), (-36, 720, 738), (0, 720, 792), (-54, 756, 756), (-54, 756, 756), (-36, 738, 738), (0, 738, 738), (-54, 738, 756), (-36, 738, 756), (-36, 738, 756), (-36, 738, 792), (-36, 738, 738), (-36, 738, 756), (-54, 738, 738), (-36, 756, 774), (-36, 738, 774), (-36, 738, 738), (-18, 738, 738), (-72, 756, 756), (0, 738, 828), (-54, 738, 684), (-36, 738, 702), (0, 720, 828)]	(9543, 11069, 10365, 10522, 13169, 10099, 6540, 6177, 4926, 8407, 6243, 6581, 4388, 6138, 7462, 6981, 11780, 20573, 15633, 9389, 18840, 15885, 12975, 2165)
c	1091857	(728, 305)	[(-36, 738, 774), (-36, 720, 756), (-36, 720, 738), (0, 720, 738), (-36, 738, 756), (-36, 720, 792), (-54, 738, 792), (-36, 738, 738), (-36, 738, 720), (-36, 720, 774), (-54, 756, 756), (-36, 738, 756), (-36, 738, 756), (-36, 738, 738), (-54, 738, 738), (-36, 756, 756), (-54, 738, 756), (-54, 756, 738), (-18, 756, 702), (-36, 738, 756), (-36, 756, 756), (-54, 756, 756), (-36, 756, 738), (-54, 738, 774), (-54, 756, 738)]	(9565, 11108, 10427, 10551, 13099, 10036, 6911, 6198, 4980, 8406, 6159, 6568, 4330, 6176, 7428, 7005, 11795, 20640, 15590, 9433, 19197, 16192, 13067, 2155)
i	1093190	(583, 108)	[(-36, 720, 810), (-72, 738, 756), (-90, 756, 720), (-72, 720, 756), (-36, 720, 792), (-72, 738, 774), (-54, 738, 756), (-54, 738, 720), (-18, 720, 738), (-36, 720, 774), (-54, 720, 738), (-54, 738, 774), (-72, 738, 756), (-72, 738, 738), (-54, 738, 756), (-72, 738, 774), (-54, 738, 792), (-54, 720, 756), (-54, 720, 738), (-54, 738, 792), (-36, 756, 738), (-54, 738, 756), (-36, 720, 720), (-36, 738, 756), (-54, 774, 792)]	(9568, 11111, 10452, 10574, 13045, 10072, 7208, 6212, 5049, 8505, 6154, 6531, 4320, 6175, 7507, 6970, 11830, 20687, 15668, 9424, 19181, 16200, 13157, 2157)
y	1094620	(586, 192)	[(-108, 756, 828), (-108, 756, 792), (-126, 738, 720), (-108, 720, 702), (-108, 756, 738), (-108, 756, 810), (-90, 756, 810), (-108, 720, 774), (-108, 738, 720), (-108, 720, 702), (-90, 756, 756), (-90, 738, 792), (-108, 738, 774), (-90, 738, 738), (-90, 738, 720), (-72, 738, 774), (-90, 756, 756), (-108, 756, 792), (-90, 738, 720), (-90, 720, 738), (-90, 738, 774), (-90, 738, 810), (-108, 756, 756), (-72, 738, 738), (-54, 720, 702)]	(9550, 11091, 10393, 10529, 13049, 10060, 7359, 6183, 4991, 8383, 6114, 6568, 4379, 6129, 7463, 6995, 11784, 20612, 15766, 9431, 19104, 16053, 13020, 2164)
o	1095886	(581, 84)	[(-90, 702, 738), (-126, 756, 810), (-108, 756, 774), (-72, 720, 756), (-90, 702, 738), (-72, 720, 774), (-108, 756, 828), (-108, 738, 774), (-90, 720, 738), (-90, 720, 756), (-90, 720, 738), (-108, 738, 756), (-90, 756, 738), (-108, 756, 792), (-90, 720, 774), (-108, 756, 702), (-72, 756, 720), (-36, 738, 774), (-108, 756, 792), (-126, 774, 810), (-108, 756, 774), (-72, 720, 738), (-54, 720, 702), (-54, 738, 666), (-72, 756, 720)]	(9545, 11065, 10278, 10477, 12753, 10059, 7600, 6131, 5005, 8207, 6085, 6455, 4368, 6150, 7425, 7002, 11809, 20632, 15658, 9410, 19023, 16073, 13057, 2157)
u	1097112	(588, 164)	[(-108, 756, 810), (-144, 756, 792), (-126, 738, 720), (-126, 720, 702), (-90, 720, 720), (-126, 720, 810), (-72, 720, 792), (-108, 720, 720), (-126, 738, 756), (-108, 720, 810), (-144, 774, 738), (-144, 720, 738), (-108, 720, 720), (-126, 720, 738), (-126, 720, 774), (-126, 738, 792), (-108, 720, 774), (-90, 720, 756), (-90, 702, 720), (-108, 720, 774), (-144, 756, 792), (-126, 756, 792), (-108, 720, 774), (-90, 702, 720), (-54, 720, 738)]	(9560, 11125, 10405, 10550, 12915, 10119, 7735, 6246, 4961, 8269, 6123, 6559, 4378, 6145, 7416, 7015, 11767, 20629, 15753, 9420, 19128, 16101, 13010, 2162)
k	1098792	(665, 119)	[(36, 738, 576), (0, 738, 612), (-36, 756, 648), (54, 756, 720), (-36, 774, 756), (0, 702, 756), (-36, 720, 720), (36, 738, 756), (18, 774, 828), (18, 774, 846), (-54, 738, 810), (-54, 756, 738), (-54, 774, 702), (-90, 738, 720), (-72, 738, 774), (-54, 774, 792), (18, 738, 792), (108, 720, 810), (72, 702, 630), (72, 702, 738), (-18, 792, 846), (-54, 792, 756), (-54, 738, 738), (36, 720, 702), (36, 720, 720)]	(9570, 11248, 10375, 10591, 13076, 9968, 7373, 6273, 4995, 8661, 6091, 6542, 4349, 6141, 7598, 6913, 11978, 20876, 15303, 9394, 19070, 16383, 13443, 2166)
v	1100323	(754, 255)	[(-36, 720, 756), (0, 702, 738), (-18, 720, 810), (0, 720, 828), (18, 702, 810), (0, 684, 756), (0, 702, 774), (18, 702, 792), (18, 702, 792), (0, 702, 738), (-36, 720, 738), (18, 720, 774), (18, 720, 810), (-36, 720, 792), (18, 702, 792), (0, 702, 792), (0, 720, 792), (18, 702, 810), (0, 738, 738), (18, 720, 756), (18, 738, 792), (18, 720, 792), (0, 720, 756), (18, 720, 774), (18, 720, 774)]	(9856, 11932, 10789, 10754, 12246, 9861, 5047, 5518, 4235, 7208, 5476, 5746, 4232, 6025, 7239, 6846, 11646, 20657, 15736, 9592, 20497, 17173, 12887, 2133)
l	1101705	(676, 65)	[(0, 738, 738), (18, 738, 774), (0, 738, 756), (0, 738, 756), (18, 720, 810), (18, 738, 774), (18, 756, 756), (18, 756, 756), (18, 720, 756), (0, 738, 738), (0, 756, 738), (36, 720, 774), (18, 738, 756), (18, 738, 720), (18, 720, 720), (18, 738, 756), (18, 738, 792), (18, 720, 792), (18, 720, 774), (36, 738, 756), (18, 756, 756), (18, 774, 774), (36, 738, 810), (0, 756, 756), (-36, 774, 684)]	(9675, 11608, 10745, 10774, 12257, 9940, 5392, 5688, 4406, 7311, 5643, 5892, 4235, 6096, 7269, 6864, 11764, 20635, 15630, 9561, 20078, 17031, 12996, 2140)
j	1102763	(669, 200)	[(-54, 684, 720), (-72, 702, 792), (-90, 720, 846), (-108, 738, 828), (-126, 720, 792), (-72, 684, 756), (-90, 702, 756), (-108, 720, 774), (-144, 720, 774), (-162, 756, 810), (-108, 720, 756), (-90, 720, 792), (-90, 720, 810), (-126, 720, 756), (-90, 702, 720), (-90, 702, 774), (-108, 720, 810), (-72, 702, 828), (-90, 720, 774), (-126, 756, 774), (-72, 702, 720), (-72, 684, 738), (-90, 738, 828), (-144, 792, 810), (-144, 756, 756)]	(9570, 11341, 10328, 10547, 12687, 10123, 5636, 5896, 4871, 7447, 5786, 6317, 4364, 6113, 7317, 6974, 11763, 20532, 15520, 9449, 18978, 16139, 12836, 2134)
b	1103152	(667, 158)	[(-108, 720, 774), (-144, 720, 774), (-162, 756, 810), (-108, 720, 756), (-90, 720, 792), (-90, 720, 810), (-126, 720, 756), (-90, 702, 720), (-90, 702, 774), (-108, 720, 810), (-72, 702, 828), (-90, 720, 774), (-126, 756, 774), (-72, 702, 720), (-72, 684, 738), (-90, 738, 828), (-144, 792, 810), (-144, 756, 756), (-108, 756, 864), (-54, 702, 720), (-90, 792, 648), (-54, 756, 720), (-54, 774, 738), (-36, 720, 702), (-18, 684, 666)]	(9571, 11339, 10376, 10590, 12506, 10015, 5652, 6056, 4692, 7386, 5846, 6287, 4333, 6154, 7315, 6956, 11674, 20496, 15610, 9461, 19189, 16251, 12819, 2139)
w	1104850	(578, 399)	[(-72, 720, 702), (-36, 720, 702), (-90, 756, 738), (-90, 738, 792), (-54, 720, 756), (-36, 720, 756), (-54, 756, 720), (-90, 738, 756), (-90, 738, 738), (-90, 738, 774), (-72, 720, 738), (-54, 738, 738), (-90, 738, 756), (-90, 756, 810), (-90, 738, 774), (-72, 720, 774), (-54, 720, 756), (-54, 756, 720), (-90, 738, 774), (-54, 738, 774), (-72, 738, 756), (-90, 738, 792), (-36, 738, 792), (-54, 738, 756), (-36, 702, 702)]	(9568, 11292, 10433, 10636, 12479, 10281, 5697, 6159, 4771, 7292, 6041, 6330, 4318, 6148, 7309, 6983, 11688, 20477, 15732, 9471, 19144, 16090, 12756, 2143)
d	1107056	(686, 336)	[(270, 324, 918), (216, 342, 900), (180, 360, 846), (126, 396, 846), (90, 432, 864), (144, 378, 972), (216, 342, 972), (252, 324, 900), (234, 324, 900), (216, 306, 1026), (180, 324, 1008), (198, 306, 1044), (252, 270, 1044), (288, 252, 1062), (234, 306, 918), (252, 324, 918), (252, 288, 972), (270, 270, 1008), (306, 288, 1026), (306, 288, 1044), (306, 288, 972), (288, 324, 918), (252, 306, 1062), (306, 306, 1008), (324, 306, 954)]	(9579, 11961, 10436, 10926, 13382, 9948, 5095, 6167, 4959, 8345, 5817, 6339, 4344, 6442, 7460, 7073, 12392, 20538, 15632, 9712, 19371, 16066, 12716, 2150)
x	1108680	(748, 342)	[(234, 288, 900), (252, 270, 1026), (234, 306, 1008), (252, 306, 918), (252, 288, 900), (234, 288, 936), (252, 288, 1008), (216, 306, 1026), (270, 270, 954), (234, 306, 954), (252, 288, 972), (252, 288, 972), (270, 288, 972), (252, 324, 936), (252, 324, 936), (252, 306, 972), (270, 306, 864), (270, 306, 972), (288, 306, 990), (270, 342, 918), (216, 360, 954), (234, 342, 1044), (288, 324, 900), (306, 324, 846), (324, 306, 900)]	(9569, 12880, 10075, 12105, 13039, 9863, 4511, 6235, 4581, 8297, 5594, 6116, 4299, 6245, 7407, 7017, 11883, 20619, 16315, 9993, 21097, 16168, 12627, 2139)
q	1109857	(563, 472)	[(288, 324, 954), (288, 324, 936), (288, 342, 936), (288, 342, 936), (252, 360, 954), (270, 342, 972), (306, 342, 936), (306, 324, 936), (288, 342, 918), (288, 342, 918), (252, 360, 900), (288, 324, 936), (288, 342, 990), (270, 342, 1044), (288, 360, 900), (288, 342, 846), (288, 324, 936), (270, 342, 990), (270, 360, 954), (288, 342, 900), (342, 342, 864), (288, 360, 918), (252, 396, 1008), (306, 360, 882), (306, 324, 936)]	(9585, 12828, 10125, 12026, 13405, 9906, 4645, 6436, 4817, 8743, 5759, 6367, 4338, 6333, 7468, 7045, 12054, 20670, 16506, 9968, 20962, 16195, 12667, 2137)
s	1110250	(556, 469)	[(306, 324, 936), (288, 342, 918), (288, 342, 918), (252, 360, 900), (288, 324, 936), (288, 342, 990), (270, 342, 1044), (288, 360, 900), (288, 342, 846), (288, 324, 936), (270, 342, 990), (270, 360, 954), (288, 342, 900), (342, 342, 864), (288, 360, 918), (252, 396, 1008), (306, 360, 882), (306, 324, 936), (216, 378, 990), (234, 360, 864), (360, 234, 918), (234, 288, 1008), (198, 252, 1026), (234, 216, 1008), (216, 252, 972)]	(9575, 12353, 10077, 11600, 13358, 9852, 4775, 6100, 4475, 8902, 5749, 6215, 4270, 6338, 7577, 7027, 12214, 20578, 15695, 9863, 20333, 16048, 12694, 2139)
j	1112343	(664, 146)	[(252, 342, 1008), (252, 360, 1026), (216, 396, 936), (234, 360, 882), (252, 342, 882), (252, 360, 954), (270, 378, 918), (252, 396, 954), (270, 378, 990), (270, 378, 954), (270, 396, 900), (270, 396, 936), (270, 360, 936), (288, 378, 936), (252, 414, 882), (252, 414, 918), (270, 396, 936), (306, 396, 936), (288, 414, 918), (306, 414, 918), (306, 396, 936), (288, 432, 882), (252, 432, 900), (306, 414, 882), (360, 396, 792)]	(9613, 13181, 10357, 12187, 12492, 9884, 4486, 6261, 4616, 8778, 5561, 6084, 4351, 6260, 7839, 7027, 12868, 20917, 16183, 9992, 20860, 16296, 12927, 2148)
c	1114055	(743, 284)	[(252, 378, 954), (234, 378, 954), (234, 378, 954), (216, 396, 918), (216, 414, 918), (234, 378, 954), (270, 396, 918), (252, 396, 918), (216, 414, 936), (234, 396, 936), (252, 396, 900), (252, 414, 936), (252, 414, 954), (234, 396, 936), (234, 414, 900), (234, 396, 954), (234, 414, 954), (252, 414, 918), (234, 414, 900), (252, 432, 900), (252, 414, 936), (270, 432, 954), (252, 432, 918), (288, 450, 882), (288, 396, 918)]	(9604, 12989, 10433, 12072, 12492, 9864, 4578, 6245, 4630, 8748, 5565, 6173, 4387, 6261, 7913, 7002, 13019, 21059, 16174, 18744, 20397, 16117, 12866, 2145)
