Please hold the phone in your right hand and type with your left index finger
w	1534871	(572, 406)	[(0, 486, 936), (0, 504, 918), (0, 504, 900), (-36, 504, 936), (-36, 504, 936), (-18, 486, 882), (-54, 486, 900), (-72, 486, 936), (-54, 486, 936), (-54, 486, 936), (-54, 468, 918), (-36, 486, 954), (0, 504, 918), (-36, 504, 918), (-54, 504, 936), (-36, 504, 900), (18, 522, 882), (0, 504, 900), (-36, 504, 918), (-18, 504, 900), (18, 504, 864), (-18, 486, 918), (-36, 504, 954), (0, 486, 972), (-36, 486, 972)]	(9460, 12222, 10561, 11123, 12717, 9928, 5045, 8836, 7037, 7133, 6721, 7058, 4991, 6275, 7339, 11153, 11450, 20176, 17611, 9286, 16905, 13890, 12327, 2159)
o	1535378	(574, 84)	[(-36, 504, 918), (-18, 504, 900), (18, 504, 864), (-18, 486, 918), (-36, 504, 954), (0, 486, 972), (-36, 486, 972), (-36, 468, 936), (0, 486, 918), (36, 504, 900), (54, 504, 918), (36, 504, 936), (0, 504, 936), (18, 486, 918), (54, 504, 918), (54, 504, 918), (36, 504, 918), (36, 504, 954), (36, 486, 918), (36, 504, 918), (54, 504, 936), (72, 504, 936), (72, 522, 864), (54, 504, 936), (54, 504, 954)]	(9469, 12241, 10571, 11149, 12760, 9940, 5082, 8897, 7166, 7162, 6725, 7077, 5006, 6280, 7355, 11200, 11459, 20186, 17663, 9300, 16929, 13896, 12323, 2174)
n	1535869	(756, 160)	[(36, 486, 918), (36, 504, 918), (54, 504, 936), (72, 504, 936), (72, 522, 864), (54, 504, 936), (54, 504, 954), (54, 504, 918), (18, 486, 882), (18, 486, 900), (18, 468, 936), (0, 468, 954), (18, 468, 936), (36, 486, 936), (0, 468, 954), (18, 486, 954), (0, 468, 936), (0, 486, 918), (18, 486, 936), (18, 486, 936), (36, 486, 846), (18, 486, 828), (18, 504, 900), (18, 486, 972), (36, 486, 1008)]	(9465, 12235, 10574, 11165, 12728, 9933, 5074, 8910, 7196, 7135, 6715, 7058, 5013, 6285, 7333, 11230, 11464, 20199, 17715, 9298, 16955, 13900, 12325, 2169)
d	1536325	(677, 346)	[(0, 468, 936), (0, 486, 918), (18, 486, 936), (18, 486, 936), (36, 486, 846), (18, 486, 828), (18, 504, 900), (18, 486, 972), (36, 486, 1008), (18, 486, 936), (0, 468, 900), (-36, 468, 936), (0, 468, 954), (0, 468, 936), (-36, 468, 936), (0, 486, 936), (0, 468, 936), (0, 486, 936), (0, 486, 936), (0, 468, 936), (0, 486, 900), (18, 468, 864), (0, 486, 918), (0, 486, 990), (-36, 468, 990)]	(9463, 12225, 10567, 11138, 12746, 9939, 5084, 8917, 7151, 7135, 6750, 7090, 4988, 6279, 7354, 11263, 11460, 20196, 17731, 9295, 16960, 13902, 12318, 2175)
e	1536617	(578, 377)	[(18, 486, 936), (0, 468, 900), (-36, 468, 936), (0, 468, 954), (0, 468, 936), (-36, 468, 936), (0, 486, 936), (0, 468, 936), (0, 486, 936), (0, 486, 936), (0, 468, 936), (0, 486, 900), (18, 468, 864), (0, 486, 918), (0, 486, 990), (-36, 468, 990), (18, 486, 936), (18, 486, 900), (36, 486, 846), (18, 468, 882), (-36, 486, 972), (0, 486, 1026), (0, 468, 990), (0, 468, 936), (18, 468, 918)]	(9445, 12177, 10526, 11109, 12710, 9922, 5089, 8853, 7106, 7134, 6731, 7077, 5001, 6281, 7342, 11251, 11460, 20185, 17688, 9296, 16946, 13882, 12320, 2167)
r	1536807	(574, 326)	[(0, 468, 936), (-36, 468, 936), (0, 486, 936), (0, 468, 936), (0, 486, 936), (0, 486, 936), (0, 468, 936), (0, 486, 900), (18, 468, 864), (0, 486, 918), (0, 486, 990), (-36, 468, 990), (18, 486, 936), (18, 486, 900), (36, 486, 846), (18, 468, 882), (-36, 486, 972), (0, 486, 1026), (0, 468, 990), (0, 468, 936), (18, 468, 918), (36, 486, 828), (18, 486, 1008), (0, 468, 1008), (18, 468, 954)]	(9457, 12212, 10554, 11131, 12718, 9929, 5103, 8898, 7161, 7147, 6756, 7100, 4988, 6282, 7346, 11270, 11455, 20188, 17701, 9293, 16943, 13891, 12320, 2173)
 	1537163	(816, 303)	[(18, 486, 936), (18, 486, 900), (36, 486, 846), (18, 468, 882), (-36, 486, 972), (0, 486, 1026), (0, 468, 990), (0, 468, 936), (18, 468, 918), (36, 486, 828), (18, 486, 1008), (0, 468, 1008), (18, 468, 954), (18, 486, 864), (0, 468, 954), (0, 486, 936), (0, 486, 954), (0, 486, 972), (0, 468, 936), (0, 486, 936), (-36, 486, 1008), (36, 486, 864), (36, 468, 810), (-36, 486, 954), (0, 468, 1080)]	(9460, 12217, 10567, 11142, 12730, 9937, 5110, 8948, 7170, 7144, 6763, 7107, 5000, 6288, 7356, 11290, 11454, 20183, 17697, 9293, 16942, 13892, 12322, 2176)
w	1537804	(564, 392)	[(0, 486, 954), (0, 486, 918), (-36, 468, 918), (-36, 468, 936), (0, 468, 918), (-36, 468, 954), (-36, 468, 936), (18, 486, 972), (-36, 486, 954), (-36, 468, 936), (0, 468, 918), (18, 486, 918), (0, 486, 936), (-36, 468, 936), (-18, 468, 936), (0, 468, 936), (-36, 468, 954), (0, 468, 954), (36, 486, 918), (54, 486, 882), (36, 486, 882), (0, 486, 954), (0, 486, 1044), (-36, 468, 1008), (-18, 450, 936)]	(9464, 12225, 10565, 11139, 12727, 9935, 5156, 8967, 7216, 7145, 6778, 7128, 5010, 6277, 7342, 11342, 11464, 20193, 17708, 9286, 16954, 13892, 12323, 2168)
h	1538211	(668, 209)	[(-18, 468, 936), (0, 468, 936), (-36, 468, 954), (0, 468, 954), (36, 486, 918), (54, 486, 882), (36, 486, 882), (0, 486, 954), (0, 486, 1044), (-36, 468, 1008), (-18, 450, 936), (-36, 450, 918), (36, 486, 990), (18, 486, 972), (18, 486, 936), (18, 468, 972), (0, 468, 954), (18, 468, 936), (18, 486, 918), (-18, 468, 918), (18, 486, 882), (18, 486, 918), (18, 486, 990), (0, 468, 990), (18, 486, 954)]	(9454, 12223, 10558, 11142, 12721, 9934, 5169, 8976, 7253, 7148, 6790, 7131, 4999, 6285, 7345, 11344, 11466, 20188, 17725, 9301, 16972, 13893, 12317, 2170)
a	1538603	(682, 426)	[(18, 486, 972), (18, 486, 936), (18, 468, 972), (0, 468, 954), (18, 468, 936), (18, 486, 918), (-18, 468, 918), (18, 486, 882), (18, 486, 918), (18, 486, 990), (0, 468, 990), (18, 486, 954), (18, 468, 918), (-36, 450, 936), (-36, 468, 936), (0, 450, 972), (-18, 468, 954), (-36, 450, 954), (-18, 486, 972), (36, 468, 900), (18, 468, 864), (-54, 450, 918), (-54, 450, 990), (-54, 450, 1044), (-36, 468, 990)]	(9440, 12187, 10538, 11114, 12691, 9926, 5134, 8928, 7204, 7142, 6759, 7115, 5010, 6281, 7353, 11336, 11453, 20187, 17709, 9278, 16968, 13886, 12320, 2170)
t	1538859	(576, 267)	[(18, 486, 882), (18, 486, 918), (18, 486, 990), (0, 468, 990), (18, 486, 954), (18, 468, 918), (-36, 450, 936), (-36, 468, 936), (0, 450, 972), (-18, 468, 954), (-36, 450, 954), (-18, 486, 972), (36, 468, 900), (18, 468, 864), (-54, 450, 918), (-54, 450, 990), (-54, 450, 1044), (-36, 468, 990), (-18, 450, 900), (36, 468, 1008), (54, 468, 972), (36, 468, 954), (36, 486, 882), (18, 450, 918), (0, 450, 954)]	(9473, 12255, 10586, 11174, 12750, 9959, 5187, 9069, 7366, 7138, 6804, 7147, 4992, 6290, 7360, 11385, 11471, 20197, 17761, 9299, 16983, 13902, 12325, 2172)
 	1539250	(853, 284)	[(18, 468, 864), (-54, 450, 918), (-54, 450, 990), (-54, 450, 1044), (-36, 468, 990), (-18, 450, 900), (36, 468, 1008), (54, 468, 972), (36, 468, 954), (36, 486, 882), (18, 450, 918), (0, 450, 954), (-36, 450, 918), (-18, 450, 900), (-36, 450, 954), (-36, 450, 954), (-36, 450, 990), (-18, 468, 954), (18, 450, 936), (0, 450, 918), (-18, 450, 1008), (18, 468, 900), (-36, 432, 810), (-36, 450, 972), (-36, 450, 1080)]	(9455, 12207, 10565, 11155, 12718, 9924, 5174, 9043, 7372, 7157, 6783, 7143, 5019, 6289, 7358, 11381, 11465, 20200, 17774, 9300, 16987, 13892, 12322, 2166)
n	1541474	(758, 150)	[(0, 450, 954), (0, 468, 936), (0, 450, 954), (0, 450, 954), (0, 450, 936), (0, 468, 936), (18, 468, 936), (0, 468, 954), (0, 468, 936), (0, 450, 972), (-36, 450, 936), (-18, 450, 918), (0, 450, 936), (18, 468, 936), (18, 468, 954), (18, 468, 954), (18, 468, 936), (18, 468, 954), (18, 468, 936), (36, 468, 954), (36, 450, 864), (0, 450, 900), (-18, 468, 1008), (18, 468, 990), (18, 450, 918)]	(9444, 12192, 10543, 11124, 12699, 9915, 5185, 9067, 7377, 7148, 6795, 7144, 5013, 6286, 7352, 11406, 11465, 20190, 17712, 9295, 16992, 13904, 12327, 2173)
e	1541965	(555, 361)	[(18, 468, 936), (36, 468, 954), (36, 450, 864), (0, 450, 900), (-18, 468, 1008), (18, 468, 990), (18, 450, 918), (18, 468, 918), (-54, 450, 954), (0, 450, 954), (0, 468, 936), (-36, 450, 954), (18, 468, 954), (18, 468, 936), (18, 468, 936), (18, 468, 954), (0, 450, 972), (-18, 468, 936), (0, 468, 936), (0, 468, 936), (36, 486, 882), (36, 450, 864), (-36, 432, 936), (-36, 450, 1008), (18, 504, 1008)]	(9453, 12245, 10581, 11172, 12748, 9948, 5229, 9175, 7481, 7164, 6822, 7173, 5033, 6289, 7367, 11546, 11470, 20200, 17793, 9309, 17020, 13907, 12322, 2169)
x	1542320	(743, 347)	[(-36, 450, 954), (18, 468, 954), (18, 468, 936), (18, 468, 936), (18, 468, 954), (0, 450, 972), (-18, 468, 936), (0, 468, 936), (0, 468, 936), (36, 486, 882), (36, 450, 864), (-36, 432, 936), (-36, 450, 1008), (18, 504, 1008), (36, 486, 882), (-36, 450, 954), (0, 450, 972), (-36, 450, 972), (-36, 450, 972), (-36, 450, 972), (18, 486, 936), (18, 468, 846), (0, 468, 846), (0, 450, 1008), (-54, 450, 1008)]	(9448, 12235, 10576, 11165, 12716, 9930, 5211, 9167, 7503, 7148, 6799, 7146, 5024, 6289, 7359, 11494, 11471, 20199, 17761, 9306, 17019, 13903, 12324, 2170)
t	1542611	(574, 266)	[(36, 486, 882), (36, 450, 864), (-36, 432, 936), (-36, 450, 1008), (18, 504, 1008), (36, 486, 882), (-36, 450, 954), (0, 450, 972), (-36, 450, 972), (-36, 450, 972), (-36, 450, 972), (18, 486, 936), (18, 468, 846), (0, 468, 846), (0, 450, 1008), (-54, 450, 1008), (-18, 450, 936), (18, 468, 936), (18, 486, 954), (18, 468, 936), (54, 468, 882), (-36, 450, 972), (-18, 486, 1026), (0, 486, 1008), (0, 450, 972)]	(9460, 12260, 10597, 11184, 12741, 9944, 5260, 9224, 7533, 7167, 6829, 7179, 5028, 6285, 7354, 11550, 11476, 20199, 17759, 9307, 17005, 13902, 12323, 2169)
 	1543271	(836, 279)	[(-18, 468, 900), (18, 468, 954), (0, 468, 954), (-36, 450, 954), (-36, 450, 954), (0, 450, 954), (18, 468, 936), (0, 468, 936), (0, 468, 918), (0, 468, 954), (-18, 468, 954), (0, 450, 954), (0, 450, 954), (-36, 450, 954), (-18, 468, 936), (18, 450, 936), (0, 450, 954), (0, 468, 954), (18, 468, 918), (-36, 468, 972), (18, 450, 900), (-36, 468, 918), (-18, 468, 1008), (-36, 468, 1026), (0, 450, 936)]	(9425, 12171, 10515, 11111, 12653, 9900, 5217, 9089, 7423, 7138, 6798, 7147, 5009, 6287, 7359, 11483, 11462, 20184, 17713, 9296, 16991, 13898, 12314, 2167)
w	1544029	(576, 410)	[(0, 468, 918), (-36, 450, 954), (0, 468, 954), (-36, 450, 954), (0, 468, 954), (-36, 450, 954), (-36, 450, 936), (0, 450, 954), (-36, 450, 972), (0, 468, 954), (0, 468, 900), (18, 468, 900), (0, 468, 936), (0, 450, 936), (-36, 450, 936), (-36, 468, 954), (18, 468, 936), (-18, 468, 936), (0, 450, 990), (36, 468, 882), (36, 450, 864), (-36, 468, 936), (-36, 450, 1026), (0, 450, 1008), (-36, 450, 936)]	(9439, 12198, 10543, 11128, 12668, 9906, 5231, 9151, 7494, 7125, 6806, 7185, 5030, 6290, 7354, 11568, 11465, 20191, 17728, 9297, 16994, 13893, 12320, 2168)
e	1544220	(588, 364)	[(0, 468, 954), (-36, 450, 954), (-36, 450, 936), (0, 450, 954), (-36, 450, 972), (0, 468, 954), (0, 468, 900), (18, 468, 900), (0, 468, 936), (0, 450, 936), (-36, 450, 936), (-36, 468, 954), (18, 468, 936), (-18, 468, 936), (0, 450, 990), (36, 468, 882), (36, 450, 864), (-36, 468, 936), (-36, 450, 1026), (0, 450, 1008), (-36, 450, 936), (18, 468, 900), (18, 486, 864), (-36, 450, 972), (-54, 432, 1080)]	(9454, 12238, 10585, 11168, 12708, 9928, 5239, 9238, 7608, 7163, 6829, 7196, 5033, 6294, 7359, 11645, 11475, 20205, 17808, 9309, 17032, 13918, 12322, 2173)
e	1544410	(584, 371)	[(-36, 450, 972), (0, 468, 954), (0, 468, 900), (18, 468, 900), (0, 468, 936), (0, 450, 936), (-36, 450, 936), (-36, 468, 954), (18, 468, 936), (-18, 468, 936), (0, 450, 990), (36, 468, 882), (36, 450, 864), (-36, 468, 936), (-36, 450, 1026), (0, 450, 1008), (-36, 450, 936), (18, 468, 900), (18, 486, 864), (-36, 450, 972), (-54, 432, 1080), (0, 450, 918), (0, 468, 954), (-36, 468, 1062), (-36, 432, 1026)]	(9451, 12239, 10584, 11173, 12695, 9929, 5252, 9225, 7618, 7150, 6819, 7191, 5031, 6290, 7350, 11609, 11475, 20190, 17782, 9305, 17011, 13898, 12323, 2163)
k	1544868	(652, 114)	[(-36, 450, 936), (18, 468, 900), (18, 486, 864), (-36, 450, 972), (-54, 432, 1080), (0, 450, 918), (0, 468, 954), (-36, 468, 1062), (-36, 432, 1026), (18, 450, 918), (0, 468, 918), (18, 468, 954), (18, 468, 936), (18, 450, 936), (18, 450, 954), (18, 468, 954), (18, 468, 954), (18, 450, 954), (36, 468, 954), (18, 468, 936), (54, 486, 864), (18, 450, 954), (18, 468, 972), (36, 450, 936), (0, 450, 954)]	(9431, 12171, 10538, 11123, 12660, 9898, 5198, 9143, 7553, 7152, 6794, 7188, 5023, 6283, 7334, 11559, 11465, 20190, 17759, 9299, 17005, 13896, 12321, 2172)
 	1545208	(847, 236)	[(18, 468, 954), (18, 468, 936), (18, 450, 936), (18, 450, 954), (18, 468, 954), (18, 468, 954), (18, 450, 954), (36, 468, 954), (18, 468, 936), (54, 486, 864), (18, 450, 954), (18, 468, 972), (36, 450, 936), (0, 450, 954), (18, 468, 918), (-36, 432, 954), (-36, 450, 972), (18, 468, 936), (0, 450, 954), (36, 432, 846), (0, 468, 864), (18, 468, 990), (-36, 432, 1098), (-36, 450, 1008), (0, 450, 918)]	(9425, 12156, 10510, 11109, 12640, 9904, 5227, 9141, 7542, 7130, 6785, 7161, 5011, 6291, 7348, 11544, 11470, 20193, 17747, 9293, 16993, 13895, 12320, 2161)
w	1545768	(581, 399)	[(0, 468, 864), (18, 468, 990), (-36, 432, 1098), (-36, 450, 1008), (0, 450, 918), (0, 450, 900), (-36, 450, 936), (-36, 432, 954), (-36, 450, 972), (-36, 450, 954), (0, 468, 936), (18, 450, 918), (18, 468, 936), (0, 450, 936), (0, 468, 954), (18, 468, 954), (-36, 450, 972), (-36, 450, 972), (0, 450, 954), (0, 450, 936), (18, 450, 918), (-18, 450, 936), (0, 450, 936), (-36, 450, 1008), (-54, 432, 1026)]	(9449, 12217, 10565, 11158, 12689, 9925, 5256, 9206, 7654, 7162, 6815, 7205, 5032, 6295, 7354, 11611, 11468, 20193, 17758, 9291, 17015, 13903, 12316, 2169)
i	1546208	(572, 138)	[(-36, 450, 972), (-36, 450, 972), (0, 450, 954), (0, 450, 936), (18, 450, 918), (-18, 450, 936), (0, 450, 936), (-36, 450, 1008), (-54, 432, 1026), (-36, 432, 972), (18, 468, 918), (36, 468, 918), (54, 486, 1008), (36, 468, 990), (54, 468, 954), (54, 468, 936), (54, 468, 954), (18, 468, 936), (36, 468, 918), (54, 468, 864), (18, 468, 918), (0, 450, 1026), (36, 450, 1008), (36, 450, 972), (18, 450, 954)]	(9454, 12232, 10577, 11160, 12703, 9930, 5260, 9257, 7708, 7160, 6831, 7213, 5032, 6301, 7352, 11603, 11463, 20193, 17762, 9301, 17035, 13900, 12317, 2163)
l	1546449	(687, 81)	[(0, 450, 936), (-36, 450, 1008), (-54, 432, 1026), (-36, 432, 972), (18, 468, 918), (36, 468, 918), (54, 486, 1008), (36, 468, 990), (54, 468, 954), (54, 468, 936), (54, 468, 954), (18, 468, 936), (36, 468, 918), (54, 468, 864), (18, 468, 918), (0, 450, 1026), (36, 450, 1008), (36, 450, 972), (18, 450, 954), (36, 468, 882), (36, 468, 936), (36, 450, 972), (54, 468, 900), (18, 450, 990), (18, 450, 1062)]	(9445, 12221, 10569, 11160, 12694, 9928, 5272, 9265, 7711, 7160, 6827, 7214, 5023, 6294, 7358, 11594, 11470, 20190, 17752, 9296, 17033, 13894, 12321, 2176)
l	1546640	(691, 64)	[(36, 468, 918), (54, 486, 1008), (36, 468, 990), (54, 468, 954), (54, 468, 936), (54, 468, 954), (18, 468, 936), (36, 468, 918), (54, 468, 864), (18, 468, 918), (0, 450, 1026), (36, 450, 1008), (36, 450, 972), (18, 450, 954), (36, 468, 882), (36, 468, 936), (36, 450, 972), (54, 468, 900), (18, 450, 990), (18, 450, 1062), (0, 468, 990), (36, 450, 918), (18, 486, 954), (0, 450, 1098), (18, 468, 1044)]	(9447, 12207, 10536, 11133, 12680, 9923, 5276, 9247, 7720, 7159, 6826, 7209, 5047, 6298, 7368, 11618, 11471, 20196, 17759, 9301, 17030, 13902, 12321, 2167)
 	1547248	(826, 233)	[(0, 450, 1098), (18, 468, 1044), (54, 468, 918), (0, 450, 918), (0, 450, 954), (-18, 450, 954), (-54, 432, 972), (-36, 432, 972), (-36, 432, 954), (-36, 450, 936), (-18, 450, 954), (0, 468, 936), (0, 450, 936), (0, 450, 918), (0, 468, 936), (0, 450, 954), (-36, 468, 954), (0, 450, 972), (0, 450, 954), (0, 468, 972), (0, 468, 954), (18, 468, 864), (0, 468, 828), (-36, 450, 936), (-36, 450, 1008)]	(9443, 12219, 10573, 11171, 12664, 9916, 5274, 9288, 7821, 7152, 6808, 7196, 5043, 6297, 7362, 11640, 11465, 20200, 17773, 9308, 17046, 13905, 12322, 2168)
b	1547704	(747, 204)	[(-36, 468, 954), (0, 450, 972), (0, 450, 954), (0, 468, 972), (0, 468, 954), (18, 468, 864), (0, 468, 828), (-36, 450, 936), (-36, 450, 1008), (-36, 450, 936), (-36, 450, 918), (-18, 468, 954), (0, 450, 954), (0, 450, 954), (0, 468, 972), (-36, 450, 954), (18, 450, 936), (18, 468, 918), (0, 468, 936), (0, 450, 972), (-18, 468, 936), (18, 450, 882), (0, 468, 900), (-36, 450, 1008), (-36, 450, 1044)]	(9447, 12213, 10586, 11186, 12674, 9913, 5281, 9324, 7845, 7160, 6816, 7193, 5057, 6298, 7355, 11665, 11475, 20206, 17788, 9315, 17062, 13913, 12323, 2165)
r	1548097	(590, 314)	[(0, 450, 954), (0, 468, 972), (-36, 450, 954), (18, 450, 936), (18, 468, 918), (0, 468, 936), (0, 450, 972), (-18, 468, 936), (18, 450, 882), (0, 468, 900), (-36, 450, 1008), (-36, 450, 1044), (0, 450, 936), (0, 468, 954), (0, 450, 954), (-36, 450, 954), (0, 450, 936), (-18, 468, 954), (18, 450, 936), (0, 468, 936), (18, 450, 900), (0, 450, 918), (-36, 450, 990), (-18, 468, 1008), (0, 468, 936)]	(9452, 12219, 10576, 11170, 12690, 9922, 5277, 9293, 7770, 7156, 6821, 7190, 5044, 6293, 7365, 11675, 11470, 20195, 17751, 9303, 17035, 13912, 12318, 2170)
i	1548456	(564, 135)	[(-36, 450, 1044), (0, 450, 936), (0, 468, 954), (0, 450, 954), (-36, 450, 954), (0, 450, 936), (-18, 468, 954), (18, 450, 936), (0, 468, 936), (18, 450, 900), (0, 450, 918), (-36, 450, 990), (-18, 468, 1008), (0, 468, 936), (-36, 450, 918), (18, 468, 936), (18, 468, 936), (18, 468, 972), (18, 468, 954), (18, 468, 954), (54, 468, 900), (0, 468, 918), (-36, 468, 954), (0, 486, 990), (36, 450, 972)]	(9436, 12199, 10560, 11151, 12660, 9907, 5268, 9281, 7776, 7156, 6804, 7189, 5041, 6299, 7359, 11653, 11468, 20193, 17716, 9300, 17042, 13908, 12320, 2166)
n	1548845	(760, 169)	[(0, 468, 936), (-36, 450, 918), (18, 468, 936), (18, 468, 936), (18, 468, 972), (18, 468, 954), (18, 468, 954), (54, 468, 900), (0, 468, 918), (-36, 468, 954), (0, 486, 990), (36, 450, 972), (18, 468, 918), (-36, 450, 954), (0, 468, 954), (-36, 450, 954), (-36, 450, 972), (0, 450, 954), (-36, 468, 936), (0, 468, 936), (0, 468, 972), (18, 486, 846), (18, 468, 900), (-36, 450, 1008), (-36, 450, 1044)]	(9440, 12222, 10577, 11177, 12669, 9926, 5295, 9328, 7850, 7162, 6812, 7192, 5047, 6291, 7358, 11673, 11468, 20199, 17764, 9310, 17063, 13914, 12322, 2180)
g	1549136	(660, 257)	[(-36, 468, 954), (0, 486, 990), (36, 450, 972), (18, 468, 918), (-36, 450, 954), (0, 468, 954), (-36, 450, 954), (-36, 450, 972), (0, 450, 954), (-36, 468, 936), (0, 468, 936), (0, 468, 972), (18, 486, 846), (18, 468, 900), (-36, 450, 1008), (-36, 450, 1044), (0, 468, 936), (-36, 450, 954), (36, 468, 936), (36, 468, 846), (0, 468, 900), (-36, 468, 972), (-36, 450, 1044), (-36, 450, 1044), (-36, 450, 972)]	(9442, 12232, 10585, 11191, 12685, 9927, 5294, 9347, 7891, 7162, 6822, 7190, 5054, 6292, 7365, 11718, 11471, 20201, 17773, 9300, 17071, 13915, 12320, 2164)
t	1550744	(585, 257)	[(0, 450, 936), (0, 450, 954), (0, 468, 936), (0, 468, 954), (-36, 450, 954), (0, 450, 936), (18, 450, 936), (18, 468, 954), (0, 468, 954), (18, 468, 936), (18, 468, 936), (18, 468, 954), (36, 468, 936), (0, 468, 936), (-36, 450, 936), (0, 450, 936), (0, 450, 936), (0, 468, 954), (0, 468, 954), (18, 468, 936), (54, 486, 882), (54, 468, 864), (-54, 450, 954), (18, 486, 1008), (0, 468, 1026)]	(9448, 12216, 10574, 11177, 12683, 9923, 5285, 9315, 7926, 7167, 6828, 7217, 5059, 6291, 7357, 11666, 11455, 20193, 17703, 9298, 17053, 13899, 12328, 2165)
a	1551186	(672, 454)	[(0, 450, 936), (0, 468, 954), (0, 468, 954), (18, 468, 936), (54, 486, 882), (54, 468, 864), (-54, 450, 954), (18, 486, 1008), (0, 468, 1026), (18, 486, 936), (-54, 450, 936), (-54, 432, 972), (-36, 450, 954), (-36, 450, 972), (0, 468, 954), (18, 468, 936), (0, 450, 918), (0, 468, 1008), (54, 486, 828), (18, 450, 864), (-36, 468, 972), (-54, 450, 1026), (-36, 450, 1026), (-54, 432, 1008), (-72, 432, 954)]	(9419, 12143, 10516, 11122, 12626, 9890, 5241, 9208, 7816, 7142, 6763, 7166, 5057, 6285, 7353, 11669, 11453, 20176, 17658, 9293, 17047, 13901, 12312, 2174)
k	1551596	(672, 115)	[(0, 468, 954), (18, 468, 936), (0, 450, 918), (0, 468, 1008), (54, 486, 828), (18, 450, 864), (-36, 468, 972), (-54, 450, 1026), (-36, 450, 1026), (-54, 432, 1008), (-72, 432, 954), (0, 450, 918), (36, 468, 936), (36, 486, 990), (18, 468, 990), (18, 468, 954), (18, 468, 936), (0, 450, 936), (18, 468, 882), (18, 486, 846), (18, 450, 900), (0, 468, 972), (18, 450, 1008), (0, 468, 954), (18, 468, 936)]	(9418, 12145, 10521, 11117, 12635, 9888, 5252, 9237, 7895, 7151, 6775, 7174, 5047, 6287, 7350, 11661, 11458, 20186, 17677, 9299, 17036, 13896, 12319, 2161)
e	1551935	(588, 353)	[(0, 450, 918), (36, 468, 936), (36, 486, 990), (18, 468, 990), (18, 468, 954), (18, 468, 936), (0, 450, 936), (18, 468, 882), (18, 486, 846), (18, 450, 900), (0, 468, 972), (18, 450, 1008), (0, 468, 954), (18, 468, 936), (-36, 450, 900), (-36, 450, 954), (-18, 468, 954), (-18, 468, 954), (36, 450, 972), (72, 486, 864), (36, 486, 882), (-36, 450, 990), (-36, 450, 1044), (0, 468, 1026), (0, 468, 1008)]	(9436, 12215, 10580, 11176, 12700, 9928, 5289, 9370, 7993, 7167, 6818, 7200, 5071, 6286, 7364, 11771, 11461, 20190, 17703, 9301, 17061, 13906, 12315, 2166)
 	1552694	(839, 283)	[(0, 468, 936), (0, 468, 936), (0, 450, 918), (0, 468, 918), (18, 468, 954), (0, 468, 936), (0, 450, 936), (0, 468, 936), (-18, 468, 954), (-36, 468, 954), (-18, 468, 954), (0, 468, 936), (0, 468, 936), (0, 468, 954), (0, 468, 936), (18, 468, 954), (0, 468, 936), (0, 468, 936), (-36, 468, 954), (0, 468, 972), (36, 486, 882), (0, 432, 810), (-36, 468, 1008), (0, 468, 1098), (-36, 468, 990)]	(9433, 12193, 10554, 11159, 12661, 9905, 5283, 9328, 7995, 7149, 6788, 7206, 5069, 6286, 7358, 11715, 11456, 20190, 17677, 9306, 17050, 13911, 12317, 2177)
w	1553352	(552, 399)	[(18, 468, 882), (-54, 468, 936), (-36, 450, 954), (0, 468, 954), (-36, 468, 954), (18, 486, 936), (0, 468, 918), (18, 468, 936), (0, 450, 918), (0, 468, 954), (0, 468, 936), (-36, 450, 954), (-36, 468, 936), (-36, 468, 936), (-54, 468, 954), (0, 468, 936), (0, 468, 936), (0, 468, 954), (36, 486, 882), (18, 468, 882), (-36, 450, 918), (-36, 468, 1008), (0, 468, 1026), (-54, 450, 972), (-36, 468, 936)]	(9427, 12182, 10549, 11152, 12652, 9908, 5277, 9303, 7990, 7155, 6803, 7200, 5067, 6294, 7360, 11715, 11455, 20180, 17646, 9302, 17049, 13898, 12313, 2174)
h	1553795	(655, 183)	[(0, 468, 936), (0, 468, 954), (36, 486, 882), (18, 468, 882), (-36, 450, 918), (-36, 468, 1008), (0, 468, 1026), (-54, 450, 972), (-36, 468, 936), (18, 468, 918), (-36, 468, 954), (18, 486, 972), (0, 468, 936), (0, 450, 954), (18, 468, 936), (0, 468, 936), (18, 468, 936), (0, 450, 936), (0, 468, 936), (0, 468, 936), (36, 468, 846), (-54, 450, 882), (-72, 432, 990), (36, 468, 1026), (-36, 468, 972)]	(9438, 12214, 10566, 11178, 12665, 9910, 5305, 9365, 8056, 7164, 6811, 7206, 5078, 6287, 7356, 11736, 11461, 20189, 17688, 9305, 17060, 13905, 12318, 2179)
a	1554151	(669, 440)	[(0, 468, 936), (0, 450, 954), (18, 468, 936), (0, 468, 936), (18, 468, 936), (0, 450, 936), (0, 468, 936), (0, 468, 936), (36, 468, 846), (-54, 450, 882), (-72, 432, 990), (36, 468, 1026), (-36, 468, 972), (0, 468, 918), (-36, 450, 936), (-36, 468, 954), (-36, 450, 954), (-36, 468, 936), (0, 468, 900), (18, 486, 918), (18, 486, 972), (-54, 450, 1026), (-54, 432, 1044), (-18, 450, 936), (0, 468, 882)]	(9415, 12127, 10505, 11114, 12619, 9887, 5264, 9240, 7945, 7152, 6775, 7177, 5066, 6292, 7353, 11683, 11451, 20177, 17628, 9295, 17053, 13903, 12318, 2158)
t	1554390	(573, 247)	[(0, 468, 936), (0, 468, 936), (36, 468, 846), (-54, 450, 882), (-72, 432, 990), (36, 468, 1026), (-36, 468, 972), (0, 468, 918), (-36, 450, 936), (-36, 468, 954), (-36, 450, 954), (-36, 468, 936), (0, 468, 900), (18, 486, 918), (18, 486, 972), (-54, 450, 1026), (-54, 432, 1044), (-18, 450, 936), (0, 468, 882), (18, 468, 882), (36, 486, 972), (0, 486, 900), (18, 468, 936), (0, 450, 990), (18, 468, 990)]	(9432, 12190, 10558, 11160, 12661, 9916, 5290, 9344, 8060, 7162, 6811, 7203, 5067, 6281, 7338, 11711, 11459, 20181, 17661, 9299, 17057, 13903, 12316, 2177)
 	1554730	(837, 290)	[(-36, 468, 936), (0, 468, 900), (18, 486, 918), (18, 486, 972), (-54, 450, 1026), (-54, 432, 1044), (-18, 450, 936), (0, 468, 882), (18, 468, 882), (36, 486, 972), (0, 486, 900), (18, 468, 936), (0, 450, 990), (18, 468, 990), (18, 468, 918), (-36, 450, 954), (-36, 450, 954), (-36, 450, 954), (-36, 450, 972), (18, 486, 990), (54, 468, 792), (18, 468, 864), (-36, 450, 1098), (-36, 450, 1026), (-36, 450, 918)]	(9429, 12190, 10557, 11168, 12656, 9914, 5299, 9384, 8105, 7153, 6822, 7204, 5072, 6288, 7358, 11721, 11466, 20186, 17670, 9311, 17070, 13910, 12315, 2170)
y	1555709	(591, 228)	[(0, 450, 936), (0, 468, 936), (-36, 450, 936), (-36, 468, 936), (-18, 450, 936), (0, 450, 972), (36, 468, 954), (18, 486, 954), (18, 486, 936), (36, 486, 900), (36, 468, 900), (54, 486, 954), (36, 486, 936), (18, 468, 900), (18, 486, 936), (18, 468, 954), (18, 450, 936), (36, 468, 954), (36, 504, 918), (54, 486, 900), (36, 468, 918), (18, 486, 990), (-18, 468, 1008), (18, 450, 900), (0, 468, 900)]	(9424, 12153, 10524, 11139, 12636, 9896, 5292, 9321, 8088, 7158, 6798, 7206, 5069, 6290, 7361, 11715, 11460, 20189, 17684, 9304, 17071, 13900, 12328, 2173)
o	1555999	(580, 66)	[(36, 486, 900), (36, 468, 900), (54, 486, 954), (36, 486, 936), (18, 468, 900), (18, 486, 936), (18, 468, 954), (18, 450, 936), (36, 468, 954), (36, 504, 918), (54, 486, 900), (36, 468, 918), (18, 486, 990), (-18, 468, 1008), (18, 450, 900), (0, 468, 900), (36, 468, 918), (54, 486, 972), (36, 486, 954), (54, 486, 918), (54, 468, 882), (36, 486, 918), (18, 486, 972), (18, 486, 990), (54, 486, 972)]	(9437, 12226, 10583, 11207, 12684, 9917, 5339, 9468, 8305, 7169, 6833, 7214, 5079, 6294, 7365, 11800, 11472, 20208, 17777, 9315, 17109, 13921, 12331, 2173)
u	1556458	(575, 173)	[(36, 468, 918), (54, 486, 972), (36, 486, 954), (54, 486, 918), (54, 468, 882), (36, 486, 918), (18, 486, 972), (18, 486, 990), (54, 486, 972), (36, 486, 918), (0, 468, 918), (-36, 468, 936), (18, 468, 954), (18, 486, 954), (18, 486, 972), (18, 468, 954), (36, 486, 936), (36, 486, 918), (36, 468, 936), (36, 486, 918), (54, 486, 864), (36, 468, 900), (0, 468, 972), (36, 486, 1008), (18, 486, 990)]	(9432, 12191, 10562, 11176, 12673, 9921, 5301, 9380, 8190, 7168, 6816, 7220, 5079, 6288, 7363, 11741, 11469, 20178, 17716, 9301, 17077, 13913, 12316, 2179)
 	1558820	(829, 290)	[(-36, 468, 936), (18, 468, 936), (0, 468, 936), (-36, 468, 936), (0, 468, 936), (18, 468, 936), (0, 468, 936), (18, 468, 954), (0, 468, 954), (0, 468, 954), (18, 468, 936), (0, 468, 954), (-36, 468, 936), (0, 486, 954), (0, 468, 936), (0, 468, 936), (0, 468, 954), (18, 468, 954), (0, 468, 954), (18, 468, 918), (18, 468, 846), (-36, 468, 918), (0, 468, 1044), (-36, 486, 1026), (18, 468, 900)]	(9421, 12130, 10507, 11120, 12622, 9886, 5287, 9342, 8188, 7162, 6798, 7200, 5065, 6285, 7356, 11718, 11464, 20186, 17672, 9305, 17075, 13912, 12315, 2162)
c	1559260	(747, 287)	[(0, 468, 954), (18, 468, 954), (0, 468, 954), (18, 468, 918), (18, 468, 846), (-36, 468, 918), (0, 468, 1044), (-36, 486, 1026), (18, 468, 900), (0, 450, 918), (0, 468, 954), (0, 468, 936), (0, 468, 936), (18, 468, 936), (18, 468, 936), (0, 468, 936), (18, 468, 954), (0, 468, 936), (0, 468, 936), (-18, 468, 936), (0, 468, 918), (0, 486, 918), (0, 468, 972), (0, 468, 972), (18, 486, 918)]	(9427, 12176, 10548, 11165, 12652, 9893, 5314, 9411, 8291, 7161, 6824, 7222, 5068, 6289, 7358, 11744, 11460, 20189, 17706, 9307, 17085, 13911, 12322, 2171)
a	1559615	(656, 430)	[(0, 468, 936), (0, 468, 936), (18, 468, 936), (18, 468, 936), (0, 468, 936), (18, 468, 954), (0, 468, 936), (0, 468, 936), (-18, 468, 936), (0, 468, 918), (0, 486, 918), (0, 468, 972), (0, 468, 972), (18, 486, 918), (0, 468, 918), (0, 450, 936), (-18, 450, 936), (0, 486, 936), (36, 486, 882), (36, 486, 918), (0, 468, 972), (0, 468, 972), (-36, 468, 990), (-36, 468, 972), (-18, 450, 900)]	(9417, 12150, 10532, 11136, 12627, 9887, 5308, 9375, 8253, 7168, 6811, 7208, 5075, 6294, 7362, 11729, 11459, 20181, 17681, 9300, 17076, 13904, 12315, 2171)
n	1560007	(750, 168)	[(18, 486, 918), (0, 468, 918), (0, 450, 936), (-18, 450, 936), (0, 486, 936), (36, 486, 882), (36, 486, 918), (0, 468, 972), (0, 468, 972), (-36, 468, 990), (-36, 468, 972), (-18, 450, 900), (18, 486, 900), (18, 468, 972), (18, 486, 972), (18, 468, 954), (18, 486, 936), (0, 468, 918), (0, 468, 936), (18, 468, 936), (0, 468, 954), (18, 468, 864), (0, 486, 918), (0, 450, 1026), (0, 468, 972)]	(9414, 12130, 10513, 11125, 12620, 9879, 5311, 9360, 8252, 7154, 6801, 7212, 5052, 6291, 7357, 11735, 11457, 20184, 17688, 9305, 17082, 13913, 12312, 2173)
 	1560313	(823, 275)	[(-36, 468, 990), (-36, 468, 972), (-18, 450, 900), (18, 486, 900), (18, 468, 972), (18, 486, 972), (18, 468, 954), (18, 486, 936), (0, 468, 918), (0, 468, 936), (18, 468, 936), (0, 468, 954), (18, 468, 864), (0, 486, 918), (0, 450, 1026), (0, 468, 972), (0, 468, 900), (0, 486, 918), (0, 468, 918), (0, 468, 918), (18, 468, 864), (18, 468, 900), (0, 450, 1080), (-36, 468, 990), (18, 468, 918)]	(9423, 12175, 10553, 11174, 12646, 9898, 5329, 9458, 8402, 7172, 6815, 7223, 5077, 6289, 7340, 11772, 11454, 20188, 17682, 9306, 17096, 13917, 12321, 2161)
g	1560864	(669, 247)	[(18, 468, 900), (0, 450, 1080), (-36, 468, 990), (18, 468, 918), (0, 468, 900), (0, 468, 900), (0, 468, 972), (0, 468, 972), (18, 486, 972), (18, 468, 954), (0, 468, 936), (0, 468, 936), (18, 468, 936), (18, 486, 936), (0, 450, 936), (-18, 468, 936), (0, 468, 954), (0, 468, 954), (0, 468, 936), (18, 486, 882), (0, 486, 900), (-18, 486, 972), (0, 450, 1026), (-54, 468, 972), (18, 450, 936)]	(9423, 12174, 10545, 11171, 12648, 9903, 5330, 9440, 8350, 7169, 6818, 7227, 5080, 6290, 7358, 11744, 11460, 20185, 17691, 9311, 17092, 13913, 12318, 2171)
e	1561220	(586, 358)	[(0, 468, 936), (18, 468, 936), (18, 486, 936), (0, 450, 936), (-18, 468, 936), (0, 468, 954), (0, 468, 954), (0, 468, 936), (18, 486, 882), (0, 486, 900), (-18, 486, 972), (0, 450, 1026), (-54, 468, 972), (18, 450, 936), (0, 450, 918), (-18, 468, 954), (0, 468, 954), (0, 468, 936), (0, 486, 936), (18, 468, 918), (18, 468, 900), (0, 468, 936), (-36, 468, 990), (-36, 468, 1008), (-36, 450, 972)]	(9424, 12171, 10545, 11163, 12645, 9901, 5330, 9430, 8368, 7165, 6816, 7208, 5066, 6289, 7361, 11756, 11467, 20192, 17712, 9310, 17106, 13909, 12315, 2167)
t	1561460	(569, 264)	[(0, 468, 954), (0, 468, 936), (18, 486, 882), (0, 486, 900), (-18, 486, 972), (0, 450, 1026), (-54, 468, 972), (18, 450, 936), (0, 450, 918), (-18, 468, 954), (0, 468, 954), (0, 468, 936), (0, 486, 936), (18, 468, 918), (18, 468, 900), (0, 468, 936), (-36, 468, 990), (-36, 468, 1008), (-36, 450, 972), (18, 486, 900), (18, 468, 954), (36, 504, 918), (0, 468, 972), (0, 468, 1026), (-18, 486, 1008)]	(9427, 12197, 10572, 11196, 12666, 9918, 5347, 9495, 8451, 7177, 6834, 7221, 5083, 6299, 7369, 11810, 11469, 20202, 17749, 9315, 17123, 13919, 12321, 2176)
