Please hold the phone in your right hand and type with you right thumb
w	1956177	(590, 393)	[(-54, 558, 1080), (108, 432, 990), (144, 450, 810), (198, 468, 738), (144, 486, 882), (-36, 450, 882), (-72, 378, 918), (-36, 378, 864), (36, 414, 1008), (-108, 486, 1098), (-198, 468, 1080), (-126, 432, 1026), (-54, 432, 1044), (-72, 414, 954), (-108, 414, 882), (-90, 432, 936), (-72, 468, 1026), (-54, 450, 990), (-90, 450, 936), (-90, 450, 864), (-72, 486, 900), (-90, 450, 1008), (-198, 432, 990), (-162, 414, 972), (-54, 450, 936)]	(9626, 12074, 10096, 10831, 11616, 9720, 8586, 7070, 6660, 7052, 7640, 7457, 5228, 6293, 7371, 13234, 11379, 20037, 16960, 9070, 16229, 13609, 12305, 2175)
i	1956532	(576, 106)	[(-54, 432, 1044), (-72, 414, 954), (-108, 414, 882), (-90, 432, 936), (-72, 468, 1026), (-54, 450, 990), (-90, 450, 936), (-90, 450, 864), (-72, 486, 900), (-90, 450, 1008), (-198, 432, 990), (-162, 414, 972), (-54, 450, 936), (54, 486, 864), (0, 450, 918), (-36, 468, 972), (0, 468, 954), (-54, 450, 936), (-72, 432, 972), (-36, 432, 954), (0, 468, 936), (0, 450, 1008), (-54, 450, 1026), (0, 450, 972), (-18, 450, 918)]	(9553, 11978, 9992, 10614, 11601, 9770, 9699, 7253, 6627, 7094, 8454, 7690, 5304, 6331, 7358, 13983, 11383, 20008, 16674, 9048, 16128, 13585, 12299, 2186)
s	1956771	(689, 381)	[(-90, 450, 936), (-90, 450, 864), (-72, 486, 900), (-90, 450, 1008), (-198, 432, 990), (-162, 414, 972), (-54, 450, 936), (54, 486, 864), (0, 450, 918), (-36, 468, 972), (0, 468, 954), (-54, 450, 936), (-72, 432, 972), (-36, 432, 954), (0, 468, 936), (0, 450, 1008), (-54, 450, 1026), (0, 450, 972), (-18, 450, 918), (-162, 396, 918), (18, 468, 882), (0, 468, 900), (18, 486, 918), (36, 486, 1008), (-72, 504, 954)]	(9644, 12200, 10145, 10714, 11624, 9802, 9956, 7265, 5929, 7100, 8475, 7685, 5253, 6336, 7397, 14025, 11390, 20029, 16856, 9048, 16203, 13594, 12305, 2181)
h	1957110	(653, 177)	[(-54, 450, 936), (-72, 432, 972), (-36, 432, 954), (0, 468, 936), (0, 450, 1008), (-54, 450, 1026), (0, 450, 972), (-18, 450, 918), (-162, 396, 918), (18, 468, 882), (0, 468, 900), (18, 486, 918), (36, 486, 1008), (-72, 504, 954), (-54, 468, 918), (0, 450, 936), (-36, 486, 936), (-72, 450, 990), (-54, 450, 990), (-18, 432, 990), (-72, 486, 954), (0, 450, 918), (-72, 468, 954), (-36, 468, 990), (-126, 486, 936)]	(9578, 12111, 10079, 10661, 11624, 9836, 10404, 7398, 6114, 7113, 8847, 7787, 5334, 6366, 7418, 14402, 11382, 20013, 16620, 9038, 16145, 13578, 12295, 2193)
 	1957296	(812, 204)	[(0, 450, 1008), (-54, 450, 1026), (0, 450, 972), (-18, 450, 918), (-162, 396, 918), (18, 468, 882), (0, 468, 900), (18, 486, 918), (36, 486, 1008), (-72, 504, 954), (-54, 468, 918), (0, 450, 936), (-36, 486, 936), (-72, 450, 990), (-54, 450, 990), (-18, 432, 990), (-72, 486, 954), (0, 450, 918), (-72, 468, 954), (-36, 468, 990), (-126, 486, 936), (-54, 432, 882), (0, 468, 900), (-54, 432, 990), (-90, 450, 1026)]	(9603, 12170, 10096, 10585, 11587, 9764, 9538, 7035, 6419, 7081, 8472, 7604, 5365, 6375, 7411, 14519, 11389, 20009, 16436, 9062, 16190, 13609, 12297, 2182)
m	1957552	(738, 111)	[(18, 486, 918), (36, 486, 1008), (-72, 504, 954), (-54, 468, 918), (0, 450, 936), (-36, 486, 936), (-72, 450, 990), (-54, 450, 990), (-18, 432, 990), (-72, 486, 954), (0, 450, 918), (-72, 468, 954), (-36, 468, 990), (-126, 486, 936), (-54, 432, 882), (0, 468, 900), (-54, 432, 990), (-90, 450, 1026), (0, 396, 936), (-90, 414, 990), (0, 432, 918), (0, 432, 972), (36, 432, 1026), (36, 450, 972), (18, 468, 918)]	(9565, 12116, 10070, 10483, 11597, 9767, 9685, 7061, 5696, 7084, 8610, 7624, 5339, 6373, 7401, 14502, 11375, 19985, 16298, 9051, 16160, 13574, 12290, 2178)
e	1957792	(586, 355)	[(-72, 450, 990), (-54, 450, 990), (-18, 432, 990), (-72, 486, 954), (0, 450, 918), (-72, 468, 954), (-36, 468, 990), (-126, 486, 936), (-54, 432, 882), (0, 468, 900), (-54, 432, 990), (-90, 450, 1026), (0, 396, 936), (-90, 414, 990), (0, 432, 918), (0, 432, 972), (36, 432, 1026), (36, 450, 972), (18, 468, 918), (-36, 486, 918), (-108, 486, 900), (0, 486, 1080), (-54, 504, 954), (-54, 504, 828), (-126, 468, 774)]	(9623, 12131, 10143, 10609, 11595, 9795, 9907, 7103, 5719, 7098, 8562, 7563, 5212, 6351, 7395, 14418, 11387, 20020, 16655, 9072, 16259, 13586, 12304, 2188)
 	1958081	(817, 265)	[(0, 468, 900), (-54, 432, 990), (-90, 450, 1026), (0, 396, 936), (-90, 414, 990), (0, 432, 918), (0, 432, 972), (36, 432, 1026), (36, 450, 972), (18, 468, 918), (-36, 486, 918), (-108, 486, 900), (0, 486, 1080), (-54, 504, 954), (-54, 504, 828), (-126, 468, 774), (0, 486, 954), (18, 450, 972), (18, 468, 990), (-36, 468, 990), (0, 450, 954), (-90, 432, 972), (-54, 432, 972), (-36, 432, 972), (-72, 450, 882)]	(9657, 12190, 10136, 10509, 11594, 9757, 9339, 6996, 5810, 7093, 8528, 7609, 5391, 6382, 7416, 14604, 11364, 19971, 16019, 9060, 16135, 13578, 12292, 2184)
l	1958470	(669, 55)	[(-54, 504, 954), (-54, 504, 828), (-126, 468, 774), (0, 486, 954), (18, 450, 972), (18, 468, 990), (-36, 468, 990), (0, 450, 954), (-90, 432, 972), (-54, 432, 972), (-36, 432, 972), (-72, 450, 882), (18, 432, 936), (-36, 432, 990), (18, 450, 990), (-36, 450, 936), (18, 432, 936), (-36, 432, 990), (0, 450, 954), (0, 432, 954), (-54, 432, 936), (-36, 378, 972), (18, 450, 954), (-36, 468, 972), (-36, 450, 990)]	(9558, 12008, 9959, 10561, 11598, 9786, 10051, 7354, 6960, 7123, 8910, 7794, 5540, 6395, 7424, 14797, 11377, 19973, 16034, 9011, 16023, 13570, 12287, 2192)
u	1958824	(581, 166)	[(18, 432, 936), (-36, 432, 990), (18, 450, 990), (-36, 450, 936), (18, 432, 936), (-36, 432, 990), (0, 450, 954), (0, 432, 954), (-54, 432, 936), (-36, 378, 972), (18, 450, 954), (-36, 468, 972), (-36, 450, 990), (18, 450, 936), (-18, 432, 972), (-54, 432, 972), (-54, 450, 972), (-54, 450, 1008), (-90, 432, 954), (-54, 468, 882), (-36, 414, 936), (-90, 468, 1008), (-72, 486, 954), (-72, 432, 882), (-54, 432, 918)]	(9624, 12172, 10139, 10521, 11620, 9838, 10531, 7288, 5817, 7150, 9026, 7757, 5362, 6386, 7414, 14735, 11384, 19977, 16292, 9025, 16070, 13561, 12293, 2185)
c	1959265	(773, 289)	[(-54, 432, 972), (-54, 450, 972), (-54, 450, 1008), (-90, 432, 954), (-54, 468, 882), (-36, 414, 936), (-90, 468, 1008), (-72, 486, 954), (-72, 432, 882), (-54, 432, 918), (-108, 450, 918), (-54, 450, 990), (-54, 450, 972), (-54, 468, 936), (-90, 432, 936), (-90, 432, 954), (-54, 432, 936), (-72, 450, 918), (-90, 450, 954), (-90, 432, 1008), (-36, 432, 954), (-144, 450, 954), (-36, 450, 864), (-72, 450, 900), (-72, 414, 954)]	(9607, 12261, 10239, 10621, 11609, 9826, 10420, 7251, 5967, 7122, 8974, 7673, 5385, 6390, 7424, 14922, 11399, 20012, 16492, 9053, 16170, 13586, 12295, 2181)
k	1959824	(663, 87)	[(-144, 450, 954), (-36, 450, 864), (-72, 450, 900), (-72, 414, 954), (-72, 432, 990), (-72, 432, 954), (-54, 432, 954), (-54, 414, 936), (-54, 432, 1026), (-72, 450, 990), (-36, 450, 972), (-36, 450, 936), (-72, 432, 954), (-72, 432, 936), (-54, 432, 936), (-72, 414, 918), (-72, 432, 918), (-54, 432, 954), (-72, 432, 972), (-72, 414, 972), (-90, 414, 990), (-54, 450, 990), (0, 450, 936), (-54, 432, 972), (-72, 432, 954)]	(9580, 12165, 10120, 10353, 11616, 9820, 10595, 7239, 5649, 7133, 9109, 7722, 5385, 6401, 7416, 14962, 11382, 19982, 16351, 9044, 16113, 13563, 12288, 2180)
 	1960281	(807, 191)	[(-72, 432, 918), (-54, 432, 954), (-72, 432, 972), (-72, 414, 972), (-90, 414, 990), (-54, 450, 990), (0, 450, 936), (-54, 432, 972), (-72, 432, 954), (-90, 414, 936), (-36, 432, 972), (-36, 432, 954), (-72, 414, 936), (-90, 414, 972), (-54, 414, 954), (-54, 432, 954), (-72, 414, 972), (-72, 414, 918), (-54, 432, 936), (-54, 432, 954), (-72, 432, 972), (-126, 432, 1026), (-36, 414, 900), (-90, 432, 954), (-108, 414, 1098)]	(9603, 12250, 10199, 10344, 11612, 9824, 10605, 7179, 5590, 7121, 9091, 7687, 5365, 6397, 7431, 15029, 11388, 19986, 16395, 9042, 16100, 13570, 12292, 2185)
w	1960621	(587, 387)	[(-36, 432, 954), (-72, 414, 936), (-90, 414, 972), (-54, 414, 954), (-54, 432, 954), (-72, 414, 972), (-72, 414, 918), (-54, 432, 936), (-54, 432, 954), (-72, 432, 972), (-126, 432, 1026), (-36, 414, 900), (-90, 432, 954), (-108, 414, 1098), (-144, 468, 828), (-54, 468, 918), (-90, 486, 864), (-90, 468, 972), (-54, 504, 990), (-54, 522, 1008), (-90, 504, 882), (-36, 486, 828), (-72, 504, 864), (-108, 486, 846), (-54, 486, 828)]	(9686, 12283, 10301, 10530, 11623, 9823, 10435, 7289, 5631, 7129, 9027, 7615, 5251, 6379, 7407, 14774, 11396, 20007, 16680, 9066, 16120, 13572, 12289, 2181)
i	1960911	(594, 112)	[(-72, 432, 972), (-126, 432, 1026), (-36, 414, 900), (-90, 432, 954), (-108, 414, 1098), (-144, 468, 828), (-54, 468, 918), (-90, 486, 864), (-90, 468, 972), (-54, 504, 990), (-54, 522, 1008), (-90, 504, 882), (-36, 486, 828), (-72, 504, 864), (-108, 486, 846), (-54, 486, 828), (-36, 486, 936), (-90, 486, 990), (-90, 468, 900), (-126, 468, 900), (18, 468, 972), (0, 486, 972), (0, 486, 936), (0, 504, 936), (54, 468, 936)]	(9598, 12114, 10164, 10354, 11604, 9784, 10422, 7364, 5624, 7119, 9075, 7685, 5257, 6384, 7420, 14870, 11386, 19994, 16586, 9015, 16125, 13568, 12294, 2185)
t	1961153	(571, 262)	[(-54, 468, 918), (-90, 486, 864), (-90, 468, 972), (-54, 504, 990), (-54, 522, 1008), (-90, 504, 882), (-36, 486, 828), (-72, 504, 864), (-108, 486, 846), (-54, 486, 828), (-36, 486, 936), (-90, 486, 990), (-90, 468, 900), (-126, 468, 900), (18, 468, 972), (0, 486, 972), (0, 486, 936), (0, 504, 936), (54, 468, 936), (-126, 468, 936), (-72, 504, 846), (36, 486, 972), (-72, 504, 1026), (-54, 540, 936), (-90, 468, 810)]	(9648, 12188, 10196, 10442, 11614, 9807, 10755, 7381, 5657, 7147, 9261, 7749, 5255, 6368, 7417, 14898, 11388, 20000, 16656, 9030, 16131, 13572, 12288, 2175)
h	1961356	(659, 183)	[(-90, 504, 882), (-36, 486, 828), (-72, 504, 864), (-108, 486, 846), (-54, 486, 828), (-36, 486, 936), (-90, 486, 990), (-90, 468, 900), (-126, 468, 900), (18, 468, 972), (0, 486, 972), (0, 486, 936), (0, 504, 936), (54, 468, 936), (-126, 468, 936), (-72, 504, 846), (36, 486, 972), (-72, 504, 1026), (-54, 540, 936), (-90, 468, 810), (-36, 504, 900), (-90, 450, 936), (-54, 486, 954), (18, 504, 936), (-72, 486, 972)]	(9629, 12179, 10197, 10377, 11618, 9839, 10898, 7425, 5735, 7145, 9233, 7746, 5280, 6400, 7418, 15090, 11402, 20021, 16712, 9042, 16152, 13585, 12298, 2182)
 	1961646	(792, 214)	[(18, 468, 972), (0, 486, 972), (0, 486, 936), (0, 504, 936), (54, 468, 936), (-126, 468, 936), (-72, 504, 846), (36, 486, 972), (-72, 504, 1026), (-54, 540, 936), (-90, 468, 810), (-36, 504, 900), (-90, 450, 936), (-54, 486, 954), (18, 504, 936), (-72, 486, 972), (-108, 432, 918), (18, 468, 936), (-36, 468, 918), (-36, 468, 990), (-18, 468, 900), (-108, 432, 1008), (-90, 450, 1044), (-90, 450, 954), (-72, 450, 882)]	(9642, 12183, 10100, 10227, 11589, 9770, 10604, 7122, 5454, 7114, 8965, 7617, 5357, 6393, 7422, 14867, 11377, 19985, 16376, 9020, 16116, 13559, 12286, 2179)
l	1961886	(668, 52)	[(-72, 504, 846), (36, 486, 972), (-72, 504, 1026), (-54, 540, 936), (-90, 468, 810), (-36, 504, 900), (-90, 450, 936), (-54, 486, 954), (18, 504, 936), (-72, 486, 972), (-108, 432, 918), (18, 468, 936), (-36, 468, 918), (-36, 468, 990), (-18, 468, 900), (-108, 432, 1008), (-90, 450, 1044), (-90, 450, 954), (-72, 450, 882), (-90, 414, 918), (-126, 432, 1044), (-54, 414, 1008), (-36, 468, 954), (0, 468, 990), (-36, 450, 936)]	(9617, 12134, 10016, 10239, 11597, 9776, 10583, 7220, 5534, 7130, 9115, 7703, 5370, 6390, 7419, 14910, 11382, 19974, 16217, 8990, 16090, 13557, 12288, 2190)
i	1962075	(565, 124)	[(-90, 468, 810), (-36, 504, 900), (-90, 450, 936), (-54, 486, 954), (18, 504, 936), (-72, 486, 972), (-108, 432, 918), (18, 468, 936), (-36, 468, 918), (-36, 468, 990), (-18, 468, 900), (-108, 432, 1008), (-90, 450, 1044), (-90, 450, 954), (-72, 450, 882), (-90, 414, 918), (-126, 432, 1044), (-54, 414, 1008), (-36, 468, 954), (0, 468, 990), (-36, 450, 936), (0, 450, 846), (-90, 450, 936), (-54, 486, 972), (-90, 450, 972)]	(9669, 12254, 10251, 10413, 11625, 9860, 10852, 7399, 5841, 7130, 9223, 7779, 5386, 6406, 7433, 15113, 11400, 20004, 16412, 9012, 16151, 13571, 12297, 2186)
n	1962264	(751, 163)	[(18, 504, 936), (-72, 486, 972), (-108, 432, 918), (18, 468, 936), (-36, 468, 918), (-36, 468, 990), (-18, 468, 900), (-108, 432, 1008), (-90, 450, 1044), (-90, 450, 954), (-72, 450, 882), (-90, 414, 918), (-126, 432, 1044), (-54, 414, 1008), (-36, 468, 954), (0, 468, 990), (-36, 450, 936), (0, 450, 846), (-90, 450, 936), (-54, 486, 972), (-90, 450, 972), (-72, 450, 918), (-36, 468, 936), (36, 450, 918), (-54, 468, 1044)]	(9651, 12243, 10179, 10302, 11611, 9824, 10738, 7261, 5655, 7129, 9079, 7678, 5373, 6403, 7423, 15051, 11397, 20009, 16474, 9027, 16178, 13579, 12298, 2194)
d	1962552	(674, 323)	[(-90, 450, 954), (-72, 450, 882), (-90, 414, 918), (-126, 432, 1044), (-54, 414, 1008), (-36, 468, 954), (0, 468, 990), (-36, 450, 936), (0, 450, 846), (-90, 450, 936), (-54, 486, 972), (-90, 450, 972), (-72, 450, 918), (-36, 468, 936), (36, 450, 918), (-54, 468, 1044), (-90, 450, 882), (-72, 450, 954), (-108, 450, 918), (-90, 468, 954), (-36, 540, 900), (-72, 486, 918), (-72, 504, 990), (-72, 504, 882), (-90, 486, 900)]	(9675, 12236, 10286, 10394, 11587, 9799, 10356, 7124, 5415, 7092, 8771, 7546, 5220, 6387, 7416, 14889, 11412, 20034, 16800, 9087, 16295, 13615, 12301, 2185)
a	1962756	(685, 431)	[(-36, 468, 954), (0, 468, 990), (-36, 450, 936), (0, 450, 846), (-90, 450, 936), (-54, 486, 972), (-90, 450, 972), (-72, 450, 918), (-36, 468, 936), (36, 450, 918), (-54, 468, 1044), (-90, 450, 882), (-72, 450, 954), (-108, 450, 918), (-90, 468, 954), (-36, 540, 900), (-72, 486, 918), (-72, 504, 990), (-72, 504, 882), (-90, 486, 900), (-54, 486, 864), (-54, 504, 954), (-36, 522, 918), (-72, 504, 900), (-36, 522, 972)]	(9711, 12348, 10422, 10440, 11597, 9799, 10302, 7105, 5444, 7082, 8610, 7521, 5225, 6372, 7387, 14748, 11401, 20022, 16701, 9085, 16282, 13610, 12295, 2190)
n	1964256	(755, 143)	[(-54, 468, 918), (-36, 468, 936), (-72, 450, 954), (-54, 450, 972), (0, 468, 936), (-36, 468, 936), (-54, 468, 954), (-54, 450, 954), (-54, 468, 936), (-18, 450, 918), (-54, 450, 954), (-54, 450, 954), (-72, 450, 954), (-54, 414, 954), (0, 450, 954), (-36, 432, 972), (-54, 432, 954), (-36, 432, 972), (-54, 432, 972), (-54, 432, 972), (-90, 414, 954), (-72, 414, 936), (-54, 468, 972), (18, 432, 882), (-54, 432, 972)]	(9650, 12252, 10167, 10334, 11614, 9817, 10532, 7199, 5671, 7106, 9014, 7670, 5364, 6409, 7421, 15121, 11405, 20000, 16400, 9047, 16173, 13595, 12294, 2195)
o	1964495	(580, 75)	[(-54, 468, 954), (-54, 450, 954), (-54, 468, 936), (-18, 450, 918), (-54, 450, 954), (-54, 450, 954), (-72, 450, 954), (-54, 414, 954), (0, 450, 954), (-36, 432, 972), (-54, 432, 954), (-36, 432, 972), (-54, 432, 972), (-54, 432, 972), (-90, 414, 954), (-72, 414, 936), (-54, 468, 972), (18, 432, 882), (-54, 432, 972), (0, 450, 972), (-126, 396, 900), (-72, 396, 936), (-108, 450, 990), (18, 450, 990), (-36, 450, 972)]	(9647, 12255, 10182, 10365, 11606, 9834, 10724, 7311, 5735, 7136, 9188, 7758, 5393, 6407, 7432, 15207, 11406, 20002, 16413, 9052, 16184, 13590, 12294, 2183)
 	1964784	(808, 179)	[(-36, 432, 972), (-54, 432, 954), (-36, 432, 972), (-54, 432, 972), (-54, 432, 972), (-90, 414, 954), (-72, 414, 936), (-54, 468, 972), (18, 432, 882), (-54, 432, 972), (0, 450, 972), (-126, 396, 900), (-72, 396, 936), (-108, 450, 990), (18, 450, 990), (-36, 450, 972), (-54, 432, 918), (-126, 396, 954), (0, 450, 918), (90, 486, 990), (-18, 468, 1062), (-54, 450, 864), (-54, 414, 954), (-90, 414, 1008), (-72, 432, 1008)]	(9644, 12302, 10238, 10336, 11590, 9800, 10387, 7157, 5584, 7102, 8965, 7643, 5389, 6404, 7429, 15076, 11395, 20001, 16455, 9050, 16189, 13590, 12288, 2188)
b	1964972	(737, 191)	[(-54, 432, 972), (-90, 414, 954), (-72, 414, 936), (-54, 468, 972), (18, 432, 882), (-54, 432, 972), (0, 450, 972), (-126, 396, 900), (-72, 396, 936), (-108, 450, 990), (18, 450, 990), (-36, 450, 972), (-54, 432, 918), (-126, 396, 954), (0, 450, 918), (90, 486, 990), (-18, 468, 1062), (-54, 450, 864), (-54, 414, 954), (-90, 414, 1008), (-72, 432, 1008), (-108, 414, 972), (-72, 414, 900), (-54, 450, 1062), (0, 468, 1062)]	(9613, 12290, 10324, 10599, 11611, 9832, 10408, 7341, 5964, 7128, 8999, 7701, 5428, 6409, 7433, 15143, 11407, 20017, 16491, 9060, 16224, 13601, 12279, 2183)
u	1965212	(594, 170)	[(0, 450, 972), (-126, 396, 900), (-72, 396, 936), (-108, 450, 990), (18, 450, 990), (-36, 450, 972), (-54, 432, 918), (-126, 396, 954), (0, 450, 918), (90, 486, 990), (-18, 468, 1062), (-54, 450, 864), (-54, 414, 954), (-90, 414, 1008), (-72, 432, 1008), (-108, 414, 972), (-72, 414, 900), (-54, 450, 1062), (0, 468, 1062), (-108, 414, 990), (-54, 450, 882), (-144, 396, 972), (-72, 450, 954), (18, 486, 936), (18, 504, 918)]	(9693, 12303, 10259, 10408, 11617, 9858, 10739, 7318, 5722, 7133, 9194, 7737, 5378, 6407, 7446, 15334, 11419, 20023, 16559, 9060, 16246, 13608, 12300, 2187)
t	1965454	(592, 250)	[(-126, 396, 954), (0, 450, 918), (90, 486, 990), (-18, 468, 1062), (-54, 450, 864), (-54, 414, 954), (-90, 414, 1008), (-72, 432, 1008), (-108, 414, 972), (-72, 414, 900), (-54, 450, 1062), (0, 468, 1062), (-108, 414, 990), (-54, 450, 882), (-144, 396, 972), (-72, 450, 954), (18, 486, 936), (18, 504, 918), (0, 468, 972), (-108, 432, 972), (-108, 468, 936), (0, 468, 954), (-54, 486, 954), (0, 504, 990), (-36, 468, 882)]	(9689, 12300, 10306, 10419, 11619, 9835, 10614, 7240, 5538, 7123, 9130, 7688, 5287, 6399, 7430, 15186, 11412, 20018, 16535, 9057, 16220, 13594, 12292, 2187)
 	1965711	(805, 239)	[(-72, 432, 1008), (-108, 414, 972), (-72, 414, 900), (-54, 450, 1062), (0, 468, 1062), (-108, 414, 990), (-54, 450, 882), (-144, 396, 972), (-72, 450, 954), (18, 486, 936), (18, 504, 918), (0, 468, 972), (-108, 432, 972), (-108, 468, 936), (0, 468, 954), (-54, 486, 954), (0, 504, 990), (-36, 468, 882), (-54, 432, 954), (-36, 432, 900), (0, 432, 1062), (-36, 450, 972), (18, 468, 954), (-36, 450, 972), (-90, 432, 1044)]	(9703, 12361, 10364, 10403, 11611, 9792, 10039, 7119, 5508, 7092, 8767, 7578, 5286, 6393, 7413, 15035, 11404, 20013, 16575, 9068, 16244, 13607, 12291, 2183)
t	1966201	(581, 261)	[(-54, 432, 954), (-36, 432, 900), (0, 432, 1062), (-36, 450, 972), (18, 468, 954), (-36, 450, 972), (-90, 432, 1044), (-36, 450, 936), (-36, 450, 936), (-54, 468, 882), (-54, 468, 918), (-54, 486, 972), (-36, 486, 972), (-36, 468, 900), (-36, 486, 900), (-72, 486, 900), (-54, 468, 936), (-54, 486, 918), (-54, 486, 900), (-72, 486, 954), (-72, 468, 936), (-36, 504, 936), (18, 486, 936), (-90, 504, 954), (-90, 468, 918)]	(9706, 12314, 10306, 10483, 11635, 9880, 11022, 7354, 5655, 7152, 9307, 7723, 5286, 6420, 7439, 15415, 11419, 20026, 16782, 9067, 16263, 13606, 12296, 2187)
h	1966441	(670, 193)	[(-90, 432, 1044), (-36, 450, 936), (-36, 450, 936), (-54, 468, 882), (-54, 468, 918), (-54, 486, 972), (-36, 486, 972), (-36, 468, 900), (-36, 486, 900), (-72, 486, 900), (-54, 468, 936), (-54, 486, 918), (-54, 486, 900), (-72, 486, 954), (-72, 468, 936), (-36, 504, 936), (18, 486, 936), (-90, 504, 954), (-90, 468, 918), (-36, 468, 972), (-72, 486, 954), (18, 486, 882), (36, 450, 954), (-72, 486, 1008), (-54, 504, 954)]	(9683, 12255, 10274, 10340, 11614, 9799, 10352, 7067, 5398, 7101, 8911, 7544, 5236, 6384, 7421, 14998, 11395, 20016, 16694, 9059, 16247, 13601, 12291, 2181)
a	1966647	(687, 433)	[(-54, 468, 918), (-54, 486, 972), (-36, 486, 972), (-36, 468, 900), (-36, 486, 900), (-72, 486, 900), (-54, 468, 936), (-54, 486, 918), (-54, 486, 900), (-72, 486, 954), (-72, 468, 936), (-36, 504, 936), (18, 486, 936), (-90, 504, 954), (-90, 468, 918), (-36, 468, 972), (-72, 486, 954), (18, 486, 882), (36, 450, 954), (-72, 486, 1008), (-54, 504, 954), (-126, 468, 918), (54, 504, 954), (-90, 504, 882), (0, 522, 864)]	(9773, 12453, 10484, 10564, 11632, 9838, 10231, 7110, 5508, 7100, 8740, 7538, 5240, 6379, 7416, 14744, 11406, 20021, 16788, 9089, 16284, 13602, 12293, 2189)
n	1966938	(732, 141)	[(-72, 486, 954), (-72, 468, 936), (-36, 504, 936), (18, 486, 936), (-90, 504, 954), (-90, 468, 918), (-36, 468, 972), (-72, 486, 954), (18, 486, 882), (36, 450, 954), (-72, 486, 1008), (-54, 504, 954), (-126, 468, 918), (54, 504, 954), (-90, 504, 882), (0, 522, 864), (-72, 414, 936), (36, 450, 954), (18, 468, 1008), (18, 432, 1044), (-90, 450, 954), (0, 414, 864), (-18, 504, 972), (36, 450, 954)]	(9637, 12253, 10282, 10516, 11607, 9831, 10550, 7340, 5853, 7158, 8997, 7708, 5400, 6393, 7427, 15045, 11395, 19995, 16339, 9036, 16158, 13585, 12289, 2189)
k	1967179	(659, 88)	[(-36, 468, 972), (-72, 486, 954), (18, 486, 882), (36, 450, 954), (-72, 486, 1008), (-54, 504, 954), (-126, 468, 918), (54, 504, 954), (-90, 504, 882), (0, 522, 864), (-72, 414, 936), (36, 450, 954), (18, 468, 1008), (18, 432, 1044), (-90, 450, 954), (0, 414, 864), (-18, 504, 972), (36, 450, 954), (-72, 468, 990), (-36, 468, 972), (-72, 450, 918), (18, 450, 900), (-18, 486, 990), (0, 450, 1026), (36, 468, 990)]	(9670, 12274, 10242, 10294, 11604, 9809, 10580, 7191, 5546, 7119, 9027, 7673, 5354, 6403, 7422, 15071, 11380, 19990, 16316, 9031, 16150, 13583, 12294, 2185)
 	1967836	(810, 218)	[(18, 468, 918), (-18, 468, 936), (0, 450, 936), (18, 450, 972), (36, 468, 954), (0, 468, 936), (-54, 450, 954), (-72, 432, 954), (-36, 450, 972), (-36, 450, 918), (-18, 432, 918), (-18, 450, 936), (18, 450, 936), (18, 450, 972), (-54, 432, 936), (-54, 432, 972), (-54, 432, 990), (-54, 450, 990), (0, 450, 936), (-36, 432, 954), (-36, 432, 936), (-90, 432, 954), (0, 432, 900), (-36, 432, 990), (-54, 450, 1044)]	(9691, 12332, 10273, 10296, 11614, 9819, 10524, 7160, 5521, 7110, 9005, 7633, 5390, 6398, 7432, 15110, 11398, 19989, 16432, 9048, 16160, 13585, 12278, 2182)
y	1968227	(594, 210)	[(18, 450, 972), (-54, 432, 936), (-54, 432, 972), (-54, 432, 990), (-54, 450, 990), (0, 450, 936), (-36, 432, 954), (-36, 432, 936), (-90, 432, 954), (0, 432, 900), (-36, 432, 990), (-54, 450, 1044), (-18, 450, 918), (-36, 450, 936), (-36, 432, 936), (-54, 450, 972), (-54, 450, 972), (-54, 450, 972), (-54, 450, 954), (-36, 432, 954), (-90, 432, 918), (-72, 450, 900), (18, 414, 972), (-54, 486, 990), (-72, 486, 936)]	(9711, 12381, 10376, 10434, 11650, 9903, 11008, 7421, 5776, 7151, 9352, 7813, 5405, 6421, 7437, 15415, 11413, 20031, 16724, 9067, 16268, 13607, 12290, 2184)
o	1968485	(585, 71)	[(-36, 432, 936), (-90, 432, 954), (0, 432, 900), (-36, 432, 990), (-54, 450, 1044), (-18, 450, 918), (-36, 450, 936), (-36, 432, 936), (-54, 450, 972), (-54, 450, 972), (-54, 450, 972), (-54, 450, 954), (-36, 432, 954), (-90, 432, 918), (-72, 450, 900), (18, 414, 972), (-54, 486, 990), (-72, 486, 936), (-54, 432, 882), (-72, 396, 990), (-126, 468, 990), (18, 468, 990), (0, 432, 936), (-18, 450, 972), (18, 450, 972)]	(9635, 12220, 10260, 10308, 11621, 9845, 10787, 7291, 5609, 7129, 9207, 7728, 5348, 6402, 7440, 15245, 11395, 19994, 16515, 9047, 16199, 13581, 12286, 2194)
u	1968726	(577, 176)	[(-36, 450, 936), (-36, 432, 936), (-54, 450, 972), (-54, 450, 972), (-54, 450, 972), (-54, 450, 954), (-36, 432, 954), (-90, 432, 918), (-72, 450, 900), (18, 414, 972), (-54, 486, 990), (-72, 486, 936), (-54, 432, 882), (-72, 396, 990), (-126, 468, 990), (18, 468, 990), (0, 432, 936), (-18, 450, 972), (18, 450, 972), (-90, 414, 882), (0, 468, 882), (18, 450, 954), (-72, 486, 1026), (-90, 432, 900), (-90, 432, 900)]	(9666, 12335, 10369, 10439, 11648, 9909, 11225, 7447, 5771, 7134, 9417, 7816, 5347, 6416, 7443, 15307, 11404, 20012, 16556, 9047, 16204, 13584, 12295, 2177)
 	1968968	(810, 233)	[(-90, 432, 918), (-72, 450, 900), (18, 414, 972), (-54, 486, 990), (-72, 486, 936), (-54, 432, 882), (-72, 396, 990), (-126, 468, 990), (18, 468, 990), (0, 432, 936), (-18, 450, 972), (18, 450, 972), (-90, 414, 882), (0, 468, 882), (18, 450, 954), (-72, 486, 1026), (-90, 432, 900), (-90, 432, 900), (-36, 414, 972), (-90, 414, 900), (18, 468, 972), (18, 450, 954), (-54, 432, 936), (-90, 432, 1008), (-90, 432, 972)]	(9658, 12297, 10301, 10289, 11605, 9804, 10387, 7105, 5444, 7108, 8962, 7595, 5309, 6401, 7415, 15173, 11395, 20004, 16533, 9053, 16204, 13593, 12286, 2167)
f	1969257	(678, 277)	[(18, 468, 990), (0, 432, 936), (-18, 450, 972), (18, 450, 972), (-90, 414, 882), (0, 468, 882), (18, 450, 954), (-72, 486, 1026), (-90, 432, 900), (-90, 432, 900), (-36, 414, 972), (-90, 414, 900), (18, 468, 972), (18, 450, 954), (-54, 432, 936), (-90, 432, 1008), (-90, 432, 972), (-72, 432, 936), (-18, 450, 954), (-54, 450, 918), (-72, 432, 972), (-108, 450, 954), (0, 450, 900), (-54, 486, 918), (-108, 468, 990)]	(9682, 12380, 10382, 10419, 11636, 9877, 10862, 7323, 5628, 7142, 9222, 7701, 5334, 6410, 7439, 15319, 11416, 20024, 16655, 9054, 16258, 13608, 12295, 2188)
o	1969495	(583, 79)	[(18, 450, 954), (-72, 486, 1026), (-90, 432, 900), (-90, 432, 900), (-36, 414, 972), (-90, 414, 900), (18, 468, 972), (18, 450, 954), (-54, 432, 936), (-90, 432, 1008), (-90, 432, 972), (-72, 432, 936), (-18, 450, 954), (-54, 450, 918), (-72, 432, 972), (-108, 450, 954), (0, 450, 900), (-54, 486, 918), (-108, 468, 990), (-108, 432, 936), (-72, 414, 1008), (-54, 396, 918), (-108, 468, 936), (-18, 450, 972), (-36, 432, 990)]	(9610, 12240, 10232, 10349, 11636, 9885, 11170, 7528, 5802, 7170, 9388, 7801, 5359, 6422, 7436, 15405, 11404, 20007, 16550, 9040, 16226, 13595, 12290, 2181)
r	1969800	(590, 312)	[(-90, 432, 1008), (-90, 432, 972), (-72, 432, 936), (-18, 450, 954), (-54, 450, 918), (-72, 432, 972), (-108, 450, 954), (0, 450, 900), (-54, 486, 918), (-108, 468, 990), (-108, 432, 936), (-72, 414, 1008), (-54, 396, 918), (-108, 468, 936), (-18, 450, 972), (-36, 432, 990), (18, 468, 1008), (-108, 468, 972), (-72, 468, 972), (0, 486, 972), (18, 504, 918), (18, 540, 846), (0, 504, 936), (0, 486, 972), (-90, 504, 846)]	(9704, 12327, 10296, 10391, 11649, 9902, 11329, 7408, 5618, 7155, 9450, 7771, 5279, 6405, 7440, 15306, 11409, 20027, 16736, 9038, 16236, 13588, 12289, 2182)
 	1970140	(796, 237)	[(-72, 414, 1008), (-54, 396, 918), (-108, 468, 936), (-18, 450, 972), (-36, 432, 990), (18, 468, 1008), (-108, 468, 972), (-72, 468, 972), (0, 486, 972), (18, 504, 918), (18, 540, 846), (0, 504, 936), (0, 486, 972), (-90, 504, 846), (-126, 522, 846), (36, 504, 900), (18, 504, 936), (-108, 486, 936), (-144, 486, 1008), (-54, 504, 774), (-36, 486, 846), (-90, 504, 990), (-108, 486, 1044), (-162, 504, 918), (-90, 504, 900)]	(9694, 12323, 10296, 10324, 11603, 9797, 10273, 7135, 5456, 7086, 8905, 7626, 5355, 6396, 7426, 15033, 11384, 19994, 16352, 9046, 16165, 13593, 12287, 2183)
o	1970599	(594, 79)	[(18, 504, 936), (-108, 486, 936), (-144, 486, 1008), (-54, 504, 774), (-36, 486, 846), (-90, 504, 990), (-108, 486, 1044), (-162, 504, 918), (-90, 504, 900), (-72, 522, 882), (-18, 522, 882), (-36, 522, 882), (-126, 486, 936), (-90, 486, 918), (-36, 486, 954), (-54, 522, 936), (-108, 486, 954), (-90, 486, 936), (-90, 486, 936), (-90, 504, 1008), (-108, 522, 936), (-90, 486, 918), (-108, 504, 936), (-36, 504, 882), (-126, 504, 936)]	(9635, 12215, 10244, 10427, 11625, 9848, 10829, 7421, 5778, 7152, 9281, 7771, 5396, 6410, 7428, 15175, 11375, 19980, 16236, 9031, 16110, 13574, 12285, 2191)
f	1970990	(684, 279)	[(-90, 486, 918), (-36, 486, 954), (-54, 522, 936), (-108, 486, 954), (-90, 486, 936), (-90, 486, 936), (-90, 504, 1008), (-108, 522, 936), (-90, 486, 918), (-108, 504, 936), (-36, 504, 882), (-126, 504, 936), (-108, 504, 900), (-36, 540, 954), (-72, 522, 918), (-54, 522, 900), (-54, 540, 918), (-54, 522, 1008), (-90, 558, 990), (-36, 540, 792), (-72, 504, 864), (-90, 540, 918), (-108, 522, 918), (-144, 504, 882), (-36, 522, 990)]	(9658, 12201, 10193, 10299, 11593, 9814, 10709, 7204, 5469, 7119, 9025, 7607, 5292, 6395, 7426, 15254, 11410, 20018, 16685, 9048, 16217, 13593, 12287, 2194)
f	1971181	(687, 278)	[(-90, 486, 936), (-90, 486, 936), (-90, 504, 1008), (-108, 522, 936), (-90, 486, 918), (-108, 504, 936), (-36, 504, 882), (-126, 504, 936), (-108, 504, 900), (-36, 540, 954), (-72, 522, 918), (-54, 522, 900), (-54, 540, 918), (-54, 522, 1008), (-90, 558, 990), (-36, 540, 792), (-72, 504, 864), (-90, 540, 918), (-108, 522, 918), (-144, 504, 882), (-36, 522, 990), (-126, 504, 990), (-54, 540, 810), (-90, 504, 864), (-162, 522, 972)]	(9648, 12190, 10202, 10304, 11612, 9823, 10821, 7256, 5520, 7113, 9136, 7660, 5274, 6408, 7433, 15241, 11405, 20022, 16712, 9037, 16210, 13592, 12296, 2193)
e	1971371	(591, 355)	[(-90, 486, 918), (-108, 504, 936), (-36, 504, 882), (-126, 504, 936), (-108, 504, 900), (-36, 540, 954), (-72, 522, 918), (-54, 522, 900), (-54, 540, 918), (-54, 522, 1008), (-90, 558, 990), (-36, 540, 792), (-72, 504, 864), (-90, 540, 918), (-108, 522, 918), (-144, 504, 882), (-36, 522, 990), (-126, 504, 990), (-54, 540, 810), (-90, 504, 864), (-162, 522, 972), (-162, 522, 936), (-54, 540, 900), (-108, 540, 864), (-126, 522, 792)]	(9715, 12324, 10298, 10456, 11652, 9910, 11545, 7526, 5728, 7180, 9491, 7848, 5292, 6395, 7439, 15347, 11410, 20035, 16811, 9050, 16241, 13586, 12290, 2191)
r	1972753	(587, 301)	[(-90, 504, 900), (-72, 522, 864), (-90, 522, 882), (-90, 504, 936), (-54, 522, 900), (0, 540, 936), (-72, 504, 936), (-72, 504, 900), (-72, 504, 918), (-72, 486, 936), (-72, 486, 954), (-72, 486, 954), (-108, 486, 936), (-90, 504, 954), (-108, 486, 936), (-72, 486, 900), (-36, 522, 936), (-54, 504, 954), (-72, 504, 936), (-90, 504, 882), (18, 486, 936), (0, 504, 990), (-90, 540, 936), (-126, 504, 882), (-54, 486, 864)]	(9647, 12224, 10254, 10375, 11634, 9864, 11228, 7354, 5576, 7145, 9317, 7735, 5311, 6409, 7442, 15361, 11413, 20020, 16744, 9042, 16193, 13579, 12294, 2189)
i	1973010	(570, 115)	[(-72, 504, 900), (-72, 504, 918), (-72, 486, 936), (-72, 486, 954), (-72, 486, 954), (-108, 486, 936), (-90, 504, 954), (-108, 486, 936), (-72, 486, 900), (-36, 522, 936), (-54, 504, 954), (-72, 504, 936), (-90, 504, 882), (18, 486, 936), (0, 504, 990), (-90, 540, 936), (-126, 504, 882), (-54, 486, 864), (-72, 504, 936), (-72, 468, 936), (-126, 504, 954), (-18, 468, 972), (-72, 486, 900), (-54, 504, 882), (-108, 450, 918)]	(9635, 12283, 10343, 10467, 11646, 9897, 11258, 7532, 5774, 7174, 9443, 7832, 5376, 6418, 7448, 15464, 11425, 20032, 16774, 9057, 16214, 13588, 12294, 2184)
n	1973249	(744, 151)	[(-90, 504, 954), (-108, 486, 936), (-72, 486, 900), (-36, 522, 936), (-54, 504, 954), (-72, 504, 936), (-90, 504, 882), (18, 486, 936), (0, 504, 990), (-90, 540, 936), (-126, 504, 882), (-54, 486, 864), (-72, 504, 936), (-72, 468, 936), (-126, 504, 954), (-18, 468, 972), (-72, 486, 900), (-54, 504, 882), (-108, 450, 918), (-54, 450, 972), (18, 414, 1080), (-72, 468, 936), (-36, 450, 918), (-36, 432, 990), (-18, 468, 1008)]	(9639, 12321, 10306, 10379, 11625, 9839, 10862, 7241, 5582, 7127, 9088, 7626, 5403, 6407, 7438, 15250, 11404, 20010, 16653, 9048, 16158, 13591, 12294, 2184)
g	1973439	(662, 243)	[(-54, 504, 954), (-72, 504, 936), (-90, 504, 882), (18, 486, 936), (0, 504, 990), (-90, 540, 936), (-126, 504, 882), (-54, 486, 864), (-72, 504, 936), (-72, 468, 936), (-126, 504, 954), (-18, 468, 972), (-72, 486, 900), (-54, 504, 882), (-108, 450, 918), (-54, 450, 972), (18, 414, 1080), (-72, 468, 936), (-36, 450, 918), (-36, 432, 990), (-18, 468, 1008), (0, 468, 846), (-90, 432, 936), (-54, 486, 972), (-36, 450, 936)]	(9668, 12349, 10341, 10359, 11611, 9847, 10841, 7213, 5492, 7133, 9153, 7666, 5352, 6400, 7429, 15264, 11411, 20009, 16686, 9050, 16174, 13588, 12290, 2178)
