Please hold the phone in your right hand and type with your left index finger
h	1977354	(674, 189)	[(54, 414, 954), (36, 414, 918), (18, 396, 936), (18, 414, 972), (0, 378, 1008), (36, 396, 990), (18, 396, 972), (-36, 378, 972), (-36, 378, 954), (18, 378, 954), (18, 378, 990), (36, 396, 972), (54, 396, 954), (36, 414, 954), (36, 378, 990), (36, 396, 972), (72, 396, 972), (54, 414, 972), (36, 396, 936), (72, 396, 972), (54, 432, 882), (90, 414, 864), (54, 414, 954), (72, 432, 1062), (90, 396, 1098)]	(9650, 12370, 10484, 10954, 11883, 9873, 6678, 6960, 6039, 7080, 7573, 7465, 5234, 6362, 7396, 13966, 11419, 20031, 16809, 9106, 16335, 13632, 12290, 2186)
a	1977743	(677, 443)	[(36, 414, 954), (36, 378, 990), (36, 396, 972), (72, 396, 972), (54, 414, 972), (36, 396, 936), (72, 396, 972), (54, 432, 882), (90, 414, 864), (54, 414, 954), (72, 432, 1062), (90, 396, 1098), (54, 396, 936), (18, 378, 954), (18, 378, 972), (-18, 378, 954), (0, 360, 954), (-54, 360, 1008), (-36, 378, 1026), (72, 396, 918), (54, 396, 846), (0, 396, 954), (36, 396, 1062), (36, 378, 1044), (18, 378, 1080)]	(9633, 12356, 10435, 10801, 11858, 9862, 6696, 6876, 5708, 7056, 7657, 7423, 5202, 6363, 7380, 14020, 11389, 20003, 16688, 9092, 16297, 13617, 12283, 2182)
p	1978250	(605, 1)	[(-36, 378, 1026), (72, 396, 918), (54, 396, 846), (0, 396, 954), (36, 396, 1062), (36, 378, 1044), (18, 378, 1080), (54, 396, 972), (36, 396, 954), (36, 378, 954), (72, 396, 954), (54, 396, 972), (36, 396, 972), (36, 396, 954), (36, 396, 954), (54, 378, 936), (72, 396, 972), (72, 396, 990), (90, 396, 972), (90, 396, 828), (18, 450, 864), (90, 414, 972), (90, 396, 1008), (90, 432, 990), (72, 414, 954)]	(9627, 12343, 10399, 10770, 11858, 9854, 6581, 6876, 5712, 7054, 7559, 7418, 5219, 6357, 7405, 13959, 11392, 20003, 16657, 9080, 16307, 13618, 12285, 2176)
p	1978439	(592, 16)	[(36, 396, 1062), (36, 378, 1044), (18, 378, 1080), (54, 396, 972), (36, 396, 954), (36, 378, 954), (72, 396, 954), (54, 396, 972), (36, 396, 972), (36, 396, 954), (36, 396, 954), (54, 378, 936), (72, 396, 972), (72, 396, 990), (90, 396, 972), (90, 396, 828), (18, 450, 864), (90, 414, 972), (90, 396, 1008), (90, 432, 990), (72, 414, 954), (-18, 450, 828), (108, 378, 1044), (36, 396, 990), (72, 396, 954)]	(9637, 12347, 10405, 10748, 11856, 9851, 6674, 6889, 5708, 7037, 7577, 7395, 5219, 6371, 7393, 14011, 11393, 20002, 16665, 9095, 16319, 13617, 12278, 2170)
y	1978779	(576, 230)	[(54, 378, 936), (72, 396, 972), (72, 396, 990), (90, 396, 972), (90, 396, 828), (18, 450, 864), (90, 414, 972), (90, 396, 1008), (90, 432, 990), (72, 414, 954), (-18, 450, 828), (108, 378, 1044), (36, 396, 990), (72, 396, 954), (54, 396, 954), (36, 378, 990), (54, 378, 990), (18, 378, 990), (36, 378, 972), (72, 414, 900), (72, 396, 936), (54, 396, 1026), (36, 396, 1026), (54, 378, 1044), (54, 396, 990)]	(9633, 12391, 10479, 10880, 11871, 9884, 6812, 6959, 5895, 7060, 7755, 7448, 5225, 6368, 7400, 14153, 11400, 20015, 16700, 9100, 16336, 13634, 12286, 2188)
 	1979066	(833, 286)	[(72, 414, 954), (-18, 450, 828), (108, 378, 1044), (36, 396, 990), (72, 396, 954), (54, 396, 954), (36, 378, 990), (54, 378, 990), (18, 378, 990), (36, 378, 972), (72, 414, 900), (72, 396, 936), (54, 396, 1026), (36, 396, 1026), (54, 378, 1044), (54, 396, 990), (54, 396, 972), (18, 360, 990), (18, 378, 1026), (18, 378, 1116), (36, 378, 918), (36, 396, 900), (36, 396, 954), (18, 396, 1026), (18, 378, 1080)]	(9612, 12373, 10490, 10955, 11857, 9878, 6793, 6996, 6161, 7073, 7726, 7430, 5284, 6376, 7412, 14327, 11411, 20034, 16800, 9121, 16387, 13644, 12294, 2180)
t	1979476	(602, 261)	[(54, 378, 1044), (54, 396, 990), (54, 396, 972), (18, 360, 990), (18, 378, 1026), (18, 378, 1116), (36, 378, 918), (36, 396, 900), (36, 396, 954), (18, 396, 1026), (18, 378, 1080), (36, 414, 954), (18, 378, 954), (36, 378, 972), (18, 396, 990), (36, 396, 990), (36, 396, 972), (54, 378, 972), (54, 396, 954), (18, 378, 1008), (36, 396, 954), (72, 414, 864), (18, 378, 972), (18, 378, 1062), (18, 378, 1044)]	(9633, 12407, 10472, 10854, 11867, 9876, 6949, 6976, 5870, 7072, 7868, 7467, 5262, 6386, 7407, 14339, 11412, 20024, 16741, 9110, 16343, 13632, 12292, 2181)
r	1979664	(578, 315)	[(18, 378, 1026), (18, 378, 1116), (36, 378, 918), (36, 396, 900), (36, 396, 954), (18, 396, 1026), (18, 378, 1080), (36, 414, 954), (18, 378, 954), (36, 378, 972), (18, 396, 990), (36, 396, 990), (36, 396, 972), (54, 378, 972), (54, 396, 954), (18, 378, 1008), (36, 396, 954), (72, 414, 864), (18, 378, 972), (18, 378, 1062), (18, 378, 1044), (18, 360, 990), (72, 396, 918), (36, 396, 954), (36, 378, 1062)]	(9635, 12409, 10469, 10817, 11860, 9862, 6985, 6984, 5857, 7077, 7850, 7456, 5293, 6390, 7407, 14476, 11413, 20032, 16787, 9117, 16370, 13642, 12289, 2175)
a	1980053	(666, 477)	[(54, 378, 972), (54, 396, 954), (18, 378, 1008), (36, 396, 954), (72, 414, 864), (18, 378, 972), (18, 378, 1062), (18, 378, 1044), (18, 360, 990), (72, 396, 918), (36, 396, 954), (36, 378, 1062), (36, 396, 954), (18, 378, 918), (0, 360, 972), (0, 378, 990), (-36, 360, 990), (0, 360, 1062), (36, 378, 990), (36, 414, 882), (18, 396, 918), (18, 360, 1008), (36, 378, 1044), (0, 378, 1080), (-36, 360, 1026)]	(9606, 12359, 10451, 10803, 11841, 9865, 7013, 6960, 5811, 7069, 7875, 7456, 5252, 6359, 7401, 14397, 11399, 20005, 16680, 9099, 16321, 13625, 12280, 2187)
v	1980357	(749, 257)	[(72, 396, 918), (36, 396, 954), (36, 378, 1062), (36, 396, 954), (18, 378, 918), (0, 360, 972), (0, 378, 990), (-36, 360, 990), (0, 360, 1062), (36, 378, 990), (36, 414, 882), (18, 396, 918), (18, 360, 1008), (36, 378, 1044), (0, 378, 1080), (-36, 360, 1026), (0, 360, 954), (18, 378, 1008), (18, 378, 1026), (18, 360, 1026), (54, 378, 900), (54, 396, 828), (18, 378, 972), (-36, 342, 1134), (0, 396, 1062)]	(9614, 12379, 10452, 10749, 11846, 9862, 7076, 6974, 5732, 7070, 7910, 7481, 5251, 6389, 7408, 14391, 11405, 20018, 16710, 9114, 16328, 13629, 12289, 2182)
e	1980646	(540, 359)	[(36, 378, 990), (36, 414, 882), (18, 396, 918), (18, 360, 1008), (36, 378, 1044), (0, 378, 1080), (-36, 360, 1026), (0, 360, 954), (18, 378, 1008), (18, 378, 1026), (18, 360, 1026), (54, 378, 900), (54, 396, 828), (18, 378, 972), (-36, 342, 1134), (0, 396, 1062), (36, 378, 954), (36, 360, 1008), (72, 414, 936), (54, 378, 918), (0, 378, 990), (18, 396, 1080), (18, 378, 1044), (18, 342, 1008), (0, 360, 954)]	(9602, 12346, 10450, 10777, 11829, 9855, 7059, 6999, 5807, 7072, 7903, 7467, 5264, 6388, 7414, 14472, 11405, 20014, 16697, 9110, 16330, 13630, 12287, 2185)
l	1981307	(678, 54)	[(18, 378, 972), (36, 378, 954), (54, 378, 990), (0, 378, 1008), (36, 360, 990), (18, 378, 972), (36, 360, 990), (36, 378, 990), (36, 378, 972), (18, 360, 954), (18, 378, 954), (36, 378, 972), (72, 378, 990), (18, 360, 990), (18, 378, 990), (54, 378, 990), (36, 378, 1008), (54, 378, 990), (18, 360, 990), (54, 360, 990), (72, 396, 864), (18, 378, 972), (18, 360, 1062), (18, 378, 1080), (36, 378, 954)]	(9601, 12365, 10462, 10757, 11848, 9869, 7160, 7015, 5797, 7081, 7953, 7497, 5280, 6385, 7409, 14525, 11411, 20013, 16685, 9113, 16344, 13621, 12285, 2179)
i	1981549	(575, 139)	[(36, 360, 990), (36, 378, 990), (36, 378, 972), (18, 360, 954), (18, 378, 954), (36, 378, 972), (72, 378, 990), (18, 360, 990), (18, 378, 990), (54, 378, 990), (36, 378, 1008), (54, 378, 990), (18, 360, 990), (54, 360, 990), (72, 396, 864), (18, 378, 972), (18, 360, 1062), (18, 378, 1080), (36, 378, 954), (36, 378, 972), (18, 378, 990), (36, 396, 1062), (54, 378, 1062), (18, 360, 1026), (18, 378, 972)]	(9600, 12365, 10466, 10786, 11831, 9872, 7250, 7057, 5822, 7078, 8002, 7519, 5285, 6392, 7417, 14625, 11407, 20015, 16697, 9113, 16356, 13625, 12280, 2186)
n	1981789	(770, 159)	[(72, 378, 990), (18, 360, 990), (18, 378, 990), (54, 378, 990), (36, 378, 1008), (54, 378, 990), (18, 360, 990), (54, 360, 990), (72, 396, 864), (18, 378, 972), (18, 360, 1062), (18, 378, 1080), (36, 378, 954), (36, 378, 972), (18, 378, 990), (36, 396, 1062), (54, 378, 1062), (18, 360, 1026), (18, 378, 972), (36, 378, 954), (18, 360, 990), (18, 360, 972), (54, 378, 900), (18, 378, 972), (0, 360, 1116)]	(9583, 12373, 10503, 10957, 11833, 9895, 7409, 7125, 6221, 7099, 8043, 7525, 5300, 6399, 7423, 14787, 11417, 20041, 16785, 9121, 16403, 13650, 12290, 2191)
g	1982093	(660, 266)	[(18, 378, 972), (18, 360, 1062), (18, 378, 1080), (36, 378, 954), (36, 378, 972), (18, 378, 990), (36, 396, 1062), (54, 378, 1062), (18, 360, 1026), (18, 378, 972), (36, 378, 954), (18, 360, 990), (18, 360, 972), (54, 378, 900), (18, 378, 972), (0, 360, 1116), (36, 378, 954), (0, 360, 972), (18, 378, 1008), (36, 360, 936), (18, 396, 936), (0, 396, 1062), (36, 378, 1080), (36, 360, 1008), (36, 360, 936)]	(9594, 12370, 10474, 10789, 11836, 9865, 7404, 7067, 5860, 7086, 8064, 7533, 5296, 6397, 7420, 14674, 11413, 20019, 16711, 9113, 16357, 13630, 12284, 2184)
i	1983415	(572, 128)	[(18, 360, 972), (36, 378, 972), (36, 378, 954), (36, 378, 972), (18, 360, 972), (-18, 360, 972), (-18, 360, 972), (18, 360, 972), (-18, 360, 1026), (-18, 378, 972), (0, 360, 990), (54, 378, 972), (36, 378, 972), (36, 378, 990), (18, 378, 990), (36, 378, 954), (36, 378, 972), (18, 360, 990), (54, 378, 954), (54, 396, 918), (72, 378, 954), (36, 396, 954), (0, 378, 1026), (36, 360, 1044), (18, 378, 1026)]	(9591, 12403, 10509, 10929, 11832, 9905, 7630, 7142, 6142, 7111, 8233, 7597, 5305, 6403, 7429, 14899, 11423, 20027, 16743, 9128, 16375, 13644, 12287, 2188)
 	1983727	(840, 223)	[(-18, 378, 972), (0, 360, 990), (54, 378, 972), (36, 378, 972), (36, 378, 990), (18, 378, 990), (36, 378, 954), (36, 378, 972), (18, 360, 990), (54, 378, 954), (54, 396, 918), (72, 378, 954), (36, 396, 954), (0, 378, 1026), (36, 360, 1044), (18, 378, 1026), (54, 360, 936), (0, 342, 1080), (0, 360, 936), (54, 378, 864), (0, 378, 954), (-18, 360, 1080), (36, 396, 954), (36, 378, 936), (18, 378, 972)]	(9584, 12373, 10476, 10768, 11826, 9874, 7529, 7090, 5868, 7093, 8181, 7574, 5293, 6395, 7426, 14770, 11401, 20016, 16698, 9115, 16345, 13624, 12286, 2181)
w	1984121	(574, 392)	[(0, 378, 1026), (36, 360, 1044), (18, 378, 1026), (54, 360, 936), (0, 342, 1080), (0, 360, 936), (54, 378, 864), (0, 378, 954), (-18, 360, 1080), (36, 396, 954), (36, 378, 936), (18, 378, 972), (-18, 360, 1008), (-36, 360, 1008), (0, 360, 1008), (18, 378, 972), (18, 378, 972), (36, 378, 954), (54, 396, 936), (36, 396, 936), (0, 360, 972), (-36, 342, 990), (18, 378, 1008), (0, 378, 1026), (18, 360, 1008)]	(9576, 12346, 10457, 10778, 11825, 9875, 7515, 7070, 5890, 7090, 8145, 7561, 5309, 6393, 7415, 14779, 11414, 20018, 16694, 9107, 16342, 13620, 12279, 2190)
a	1984366	(676, 473)	[(54, 378, 864), (0, 378, 954), (-18, 360, 1080), (36, 396, 954), (36, 378, 936), (18, 378, 972), (-18, 360, 1008), (-36, 360, 1008), (0, 360, 1008), (18, 378, 972), (18, 378, 972), (36, 378, 954), (54, 396, 936), (36, 396, 936), (0, 360, 972), (-36, 342, 990), (18, 378, 1008), (0, 378, 1026), (18, 360, 1008), (0, 360, 954), (54, 378, 972), (36, 378, 864), (18, 378, 936), (18, 378, 1062), (-36, 360, 1080)]	(9587, 12374, 10489, 10873, 11839, 9888, 7557, 7134, 6075, 7105, 8207, 7608, 5313, 6398, 7434, 14930, 11418, 20024, 16733, 9125, 16372, 13633, 12295, 2182)
n	1984725	(762, 185)	[(36, 378, 954), (54, 396, 936), (36, 396, 936), (0, 360, 972), (-36, 342, 990), (18, 378, 1008), (0, 378, 1026), (18, 360, 1008), (0, 360, 954), (54, 378, 972), (36, 378, 864), (18, 378, 936), (18, 378, 1062), (-36, 360, 1080), (18, 342, 972), (18, 378, 1008), (36, 378, 1008), (36, 396, 1008), (18, 360, 1008), (18, 342, 990), (18, 360, 1008), (18, 396, 900), (18, 378, 990), (0, 360, 1098), (18, 378, 990)]	(9593, 12380, 10478, 10804, 11831, 9878, 7563, 7103, 5914, 7090, 8186, 7590, 5294, 6402, 7420, 14833, 11415, 20022, 16703, 9118, 16342, 13631, 12289, 2177)
t	1984967	(574, 268)	[(0, 378, 1026), (18, 360, 1008), (0, 360, 954), (54, 378, 972), (36, 378, 864), (18, 378, 936), (18, 378, 1062), (-36, 360, 1080), (18, 342, 972), (18, 378, 1008), (36, 378, 1008), (36, 396, 1008), (18, 360, 1008), (18, 342, 990), (18, 360, 1008), (18, 396, 900), (18, 378, 990), (0, 360, 1098), (18, 378, 990), (18, 360, 972), (72, 378, 882), (18, 342, 954), (-36, 378, 1044), (54, 378, 1080), (18, 360, 1026)]	(9593, 12391, 10490, 10862, 11837, 9893, 7631, 7136, 6045, 7100, 8243, 7624, 5314, 6414, 7404, 14910, 11418, 20022, 16740, 9126, 16367, 13639, 12288, 2186)
 	1985258	(819, 282)	[(18, 378, 1008), (36, 378, 1008), (36, 396, 1008), (18, 360, 1008), (18, 342, 990), (18, 360, 1008), (18, 396, 900), (18, 378, 990), (0, 360, 1098), (18, 378, 990), (18, 360, 972), (72, 378, 882), (18, 342, 954), (-36, 378, 1044), (54, 378, 1080), (18, 360, 1026), (0, 360, 954), (36, 360, 972), (-36, 360, 1026), (18, 378, 954), (36, 378, 828), (18, 378, 900), (18, 378, 1044), (18, 360, 1044), (0, 378, 1080)]	(9559, 12360, 10509, 10986, 11817, 9888, 7563, 7177, 6410, 7106, 8177, 7592, 5339, 6414, 7436, 15024, 11435, 20043, 16808, 9133, 16423, 13653, 12294, 2186)
t	1985720	(578, 260)	[(0, 360, 954), (36, 360, 972), (-36, 360, 1026), (18, 378, 954), (36, 378, 828), (18, 378, 900), (18, 378, 1044), (18, 360, 1044), (0, 378, 1080), (36, 396, 954), (18, 360, 972), (18, 360, 990), (18, 378, 990), (18, 360, 1008), (36, 378, 972), (18, 378, 972), (18, 378, 972), (18, 378, 954), (18, 378, 954), (0, 360, 972), (54, 396, 936), (54, 378, 918), (-36, 360, 1026), (18, 378, 1044), (18, 378, 1026)]	(9596, 12396, 10503, 10859, 11835, 9908, 7648, 7161, 6048, 7104, 8289, 7642, 5341, 6415, 7430, 15000, 11427, 20036, 16779, 9126, 16403, 13642, 12287, 2182)
h	1986012	(688, 215)	[(36, 396, 954), (18, 360, 972), (18, 360, 990), (18, 378, 990), (18, 360, 1008), (36, 378, 972), (18, 378, 972), (18, 378, 972), (18, 378, 954), (18, 378, 954), (0, 360, 972), (54, 396, 936), (54, 378, 918), (-36, 360, 1026), (18, 378, 1044), (18, 378, 1026), (36, 378, 954), (0, 360, 990), (18, 360, 990), (18, 378, 990), (36, 378, 1008), (54, 396, 864), (18, 378, 936), (0, 360, 1098), (36, 378, 1080)]	(9564, 12390, 10504, 10860, 11843, 9897, 7650, 7172, 6055, 7087, 8275, 7644, 5321, 6405, 7423, 14952, 11423, 20030, 16733, 9122, 16374, 13634, 12286, 2184)
e	1986305	(582, 348)	[(18, 378, 954), (0, 360, 972), (54, 396, 936), (54, 378, 918), (-36, 360, 1026), (18, 378, 1044), (18, 378, 1026), (36, 378, 954), (0, 360, 990), (18, 360, 990), (18, 378, 990), (36, 378, 1008), (54, 396, 864), (18, 378, 936), (0, 360, 1098), (36, 378, 1080), (18, 378, 954), (0, 342, 990), (-18, 360, 1044), (36, 378, 972), (36, 360, 918), (36, 396, 972), (18, 378, 1062), (36, 360, 1008)]	(9576, 12393, 10486, 10853, 11841, 9900, 7694, 7151, 6055, 7103, 8292, 7628, 5326, 6415, 7434, 15005, 11420, 20029, 16735, 9112, 16366, 13634, 12285, 2181)
 	1986651	(811, 284)	[(36, 378, 1008), (54, 396, 864), (18, 378, 936), (0, 360, 1098), (36, 378, 1080), (18, 378, 954), (0, 342, 990), (-18, 360, 1044), (36, 378, 972), (36, 360, 918), (36, 396, 972), (18, 378, 1062), (36, 360, 1008), (18, 360, 972), (0, 360, 972), (18, 360, 990), (0, 378, 1008), (18, 360, 990), (0, 396, 1062), (54, 396, 864), (54, 378, 846), (-18, 378, 990), (-36, 360, 1098), (0, 360, 1080), (18, 378, 954)]	(9561, 12345, 10465, 10762, 11816, 9882, 7623, 7124, 5925, 7091, 8233, 7603, 5301, 6399, 7427, 14897, 11418, 20015, 16685, 9121, 16334, 13634, 12276, 2180)
p	1987107	(577, 24)	[(0, 378, 1008), (18, 360, 990), (0, 396, 1062), (54, 396, 864), (54, 378, 846), (-18, 378, 990), (-36, 360, 1098), (0, 360, 1080), (18, 378, 954), (36, 378, 954), (36, 378, 990), (36, 378, 990), (54, 378, 1008), (36, 378, 990), (54, 378, 936), (54, 378, 972), (54, 378, 1008), (54, 378, 954), (36, 396, 918), (54, 378, 954), (54, 378, 990), (72, 378, 954), (54, 396, 972), (54, 396, 1044), (108, 378, 1062)]	(9570, 12368, 10468, 10811, 11822, 9885, 7678, 7133, 6011, 7100, 8304, 7643, 5332, 6417, 7429, 14994, 11410, 20016, 16693, 9111, 16330, 13634, 12281, 2179)
a	1987565	(663, 467)	[(54, 378, 1008), (54, 378, 954), (36, 396, 918), (54, 378, 954), (54, 378, 990), (72, 378, 954), (54, 396, 972), (54, 396, 1044), (108, 378, 1062), (36, 378, 936), (-36, 342, 954), (-54, 324, 990), (-72, 324, 990), (-36, 342, 1008), (-36, 342, 990), (0, 342, 990), (-36, 342, 990), (-18, 360, 972), (18, 360, 954), (54, 378, 900), (18, 378, 936), (0, 360, 990), (-18, 360, 1044), (-72, 342, 1080), (0, 342, 990)]	(9564, 12370, 10492, 10866, 11830, 9886, 7678, 7185, 6130, 7105, 8332, 7648, 5330, 6415, 7434, 15072, 11419, 20025, 16711, 9127, 16352, 13640, 12289, 2191)
y	1988007	(595, 225)	[(0, 342, 990), (-36, 342, 990), (-18, 360, 972), (18, 360, 954), (54, 378, 900), (18, 378, 936), (0, 360, 990), (-18, 360, 1044), (-72, 342, 1080), (0, 342, 990), (18, 378, 936), (18, 360, 972), (18, 360, 1008), (36, 378, 1008), (36, 360, 1008), (18, 378, 990), (18, 360, 972), (18, 360, 972), (36, 360, 972), (36, 378, 972), (36, 360, 918), (18, 342, 954), (18, 360, 1026), (18, 360, 1080), (18, 360, 1044)]	(9581, 12382, 10483, 10837, 11841, 9891, 7722, 7170, 6034, 7092, 8331, 7655, 5327, 6405, 7432, 15031, 11416, 20019, 16694, 9117, 16324, 13632, 12281, 2185)
m	1988417	(737, 123)	[(18, 378, 990), (18, 360, 972), (18, 360, 972), (36, 360, 972), (36, 378, 972), (36, 360, 918), (18, 342, 954), (18, 360, 1026), (18, 360, 1080), (18, 360, 1044), (18, 378, 954), (18, 378, 936), (0, 360, 1026), (18, 360, 1008), (36, 360, 990), (18, 360, 990), (18, 360, 972), (18, 360, 972), (18, 360, 990), (18, 360, 936), (18, 378, 900), (0, 378, 990), (18, 378, 1044), (36, 360, 1062), (36, 360, 1008)]	(9565, 12357, 10471, 10814, 11820, 9874, 7698, 7145, 6021, 7101, 8309, 7640, 5330, 6411, 7431, 15016, 11413, 20021, 16678, 9115, 16329, 13633, 12288, 2179)
e	1988809	(587, 332)	[(18, 360, 1008), (36, 360, 990), (18, 360, 990), (18, 360, 972), (18, 360, 972), (18, 360, 990), (18, 360, 936), (18, 378, 900), (0, 378, 990), (18, 378, 1044), (36, 360, 1062), (36, 360, 1008), (18, 360, 954), (-18, 342, 990), (0, 342, 1008), (0, 360, 990), (36, 360, 990), (36, 360, 990), (36, 378, 990), (18, 360, 972), (54, 378, 954), (54, 360, 900), (-36, 342, 972), (0, 342, 1044), (36, 360, 1044)]	(9582, 12376, 10498, 10871, 11836, 9888, 7743, 7183, 6130, 7097, 8347, 7674, 5349, 6421, 7441, 15146, 11427, 20035, 16755, 9130, 16372, 13640, 12287, 2183)
n	1989151	(758, 186)	[(36, 360, 1008), (18, 360, 954), (-18, 342, 990), (0, 342, 1008), (0, 360, 990), (36, 360, 990), (36, 360, 990), (36, 378, 990), (18, 360, 972), (54, 378, 954), (54, 360, 900), (-36, 342, 972), (0, 342, 1044), (36, 360, 1044), (18, 360, 972), (0, 360, 972), (18, 378, 990), (36, 360, 990), (18, 378, 990), (0, 360, 1044), (54, 396, 882), (36, 378, 864), (-18, 378, 990), (-18, 342, 1062), (0, 342, 1080)]	(9571, 12369, 10498, 10866, 11823, 9892, 7785, 7204, 6115, 7111, 8363, 7670, 5341, 6408, 7434, 15062, 11430, 20022, 16702, 9123, 16334, 13635, 12284, 2184)
t	1989409	(562, 273)	[(36, 378, 990), (18, 360, 972), (54, 378, 954), (54, 360, 900), (-36, 342, 972), (0, 342, 1044), (36, 360, 1044), (18, 360, 972), (0, 360, 972), (18, 378, 990), (36, 360, 990), (18, 378, 990), (0, 360, 1044), (54, 396, 882), (36, 378, 864), (-18, 378, 990), (-18, 342, 1062), (0, 342, 1080), (36, 378, 954), (0, 360, 990), (18, 342, 954), (54, 360, 918), (-36, 342, 990), (0, 378, 1080), (54, 378, 1062)]	(9572, 12387, 10509, 10926, 11830, 9913, 7819, 7234, 6294, 7112, 8380, 7682, 5379, 6421, 7435, 15226, 11435, 20045, 16788, 9138, 16370, 13653, 12285, 2179)
 	1990325	(842, 287)	[(-36, 342, 1008), (18, 360, 972), (0, 360, 990), (0, 360, 954), (18, 360, 972), (18, 360, 972), (18, 360, 990), (0, 342, 1008), (18, 342, 972), (18, 360, 990), (0, 342, 990), (0, 342, 972), (18, 360, 990), (0, 360, 972), (0, 342, 990), (18, 342, 972), (0, 360, 972), (18, 360, 1008), (18, 342, 972), (18, 360, 936), (0, 360, 918), (18, 360, 972), (18, 360, 1008), (0, 342, 1098), (-36, 360, 1044)]	(9539, 12350, 10480, 10875, 11820, 9887, 7780, 7209, 6155, 7115, 8365, 7695, 5339, 6421, 7441, 15089, 11415, 20024, 16689, 9128, 16314, 13620, 12284, 2176)
f	1990721	(665, 295)	[(0, 360, 972), (0, 342, 990), (18, 342, 972), (0, 360, 972), (18, 360, 1008), (18, 342, 972), (18, 360, 936), (0, 360, 918), (18, 360, 972), (18, 360, 1008), (0, 342, 1098), (-36, 360, 1044), (0, 360, 936), (0, 360, 1008), (0, 360, 1008), (0, 360, 990), (0, 360, 990), (36, 342, 990), (18, 360, 972), (18, 360, 936), (18, 360, 900), (0, 378, 990), (-18, 342, 1098), (18, 360, 1080), (36, 378, 972)]	(9559, 12341, 10457, 10807, 11811, 9891, 7770, 7164, 6058, 7100, 8359, 7669, 5330, 6416, 7439, 15075, 11415, 20022, 16699, 9117, 16310, 13625, 12283, 2179)
r	1991034	(574, 316)	[(18, 360, 1008), (0, 342, 1098), (-36, 360, 1044), (0, 360, 936), (0, 360, 1008), (0, 360, 1008), (0, 360, 990), (0, 360, 990), (36, 342, 990), (18, 360, 972), (18, 360, 936), (18, 360, 900), (0, 378, 990), (-18, 342, 1098), (18, 360, 1080), (36, 378, 972), (-36, 360, 954), (0, 360, 990), (18, 378, 1008), (54, 378, 900), (18, 360, 936), (-18, 378, 1008), (0, 360, 1080), (-36, 342, 1008), (-36, 324, 936)]	(9566, 12370, 10499, 10879, 11826, 9898, 7847, 7215, 6197, 7111, 8395, 7697, 5350, 6409, 7438, 15122, 11424, 20025, 16708, 9125, 16321, 13632, 12285, 2180)
o	1991327	(565, 110)	[(18, 360, 972), (18, 360, 936), (18, 360, 900), (0, 378, 990), (-18, 342, 1098), (18, 360, 1080), (36, 378, 972), (-36, 360, 954), (0, 360, 990), (18, 378, 1008), (54, 378, 900), (18, 360, 936), (-18, 378, 1008), (0, 360, 1080), (-36, 342, 1008), (-36, 324, 936), (36, 378, 990), (36, 360, 990), (36, 378, 1008), (36, 360, 990), (36, 378, 918), (36, 378, 954), (36, 378, 1008), (18, 360, 1044), (0, 360, 990)]	(9559, 12362, 10488, 10887, 11821, 9898, 7807, 7221, 6193, 7110, 8402, 7701, 5353, 6417, 7441, 15117, 11413, 20022, 16675, 9122, 16316, 13630, 12280, 2182)
m	1991620	(756, 134)	[(18, 378, 1008), (54, 378, 900), (18, 360, 936), (-18, 378, 1008), (0, 360, 1080), (-36, 342, 1008), (-36, 324, 936), (36, 378, 990), (36, 360, 990), (36, 378, 1008), (36, 360, 990), (36, 378, 918), (36, 378, 954), (36, 378, 1008), (18, 360, 1044), (0, 360, 990), (18, 378, 936), (18, 342, 990), (0, 342, 990), (0, 360, 1008), (0, 378, 900), (54, 360, 918), (18, 360, 1026), (36, 360, 1080), (36, 378, 936)]	(9555, 12336, 10466, 10797, 11809, 9884, 7789, 7172, 6063, 7094, 8370, 7681, 5345, 6415, 7439, 15075, 11423, 20023, 16674, 9124, 16305, 13627, 12290, 2192)
 	1991914	(835, 237)	[(36, 378, 1008), (36, 360, 990), (36, 378, 918), (36, 378, 954), (36, 378, 1008), (18, 360, 1044), (0, 360, 990), (18, 378, 936), (18, 342, 990), (0, 342, 990), (0, 360, 1008), (0, 378, 900), (54, 360, 918), (18, 360, 1026), (36, 360, 1080), (36, 378, 936), (54, 378, 936), (0, 342, 1008), (0, 342, 1026), (0, 360, 1062), (18, 360, 936), (36, 360, 864), (0, 360, 972), (18, 378, 1044), (18, 342, 1062)]	(9553, 12338, 10499, 10955, 11809, 9898, 7808, 7229, 6440, 7122, 8351, 7697, 5362, 6421, 7444, 15172, 11419, 20029, 16723, 9128, 16340, 13631, 12288, 2185)
t	1992693	(577, 269)	[(18, 360, 990), (36, 378, 972), (36, 360, 972), (18, 360, 1008), (0, 342, 972), (18, 360, 990), (0, 360, 990), (0, 360, 990), (18, 360, 954), (18, 360, 954), (18, 360, 972), (0, 360, 990), (18, 360, 972), (18, 360, 1008), (18, 360, 1008), (18, 360, 990), (18, 360, 972), (18, 360, 972), (36, 378, 972), (18, 360, 990), (18, 360, 972), (36, 360, 918), (36, 360, 1026), (-18, 378, 1044), (18, 342, 1026)]	(9548, 12367, 10499, 10912, 11825, 9893, 7884, 7252, 6314, 7118, 8447, 7700, 5380, 6428, 7444, 15267, 11432, 20042, 16767, 9135, 16360, 13641, 12291, 2185)
h	1992935	(697, 210)	[(0, 360, 990), (0, 360, 990), (18, 360, 954), (18, 360, 954), (18, 360, 972), (0, 360, 990), (18, 360, 972), (18, 360, 1008), (18, 360, 1008), (18, 360, 990), (18, 360, 972), (18, 360, 972), (36, 378, 972), (18, 360, 990), (18, 360, 972), (36, 360, 918), (36, 360, 1026), (-18, 378, 1044), (18, 342, 1026), (18, 378, 954), (36, 378, 936), (0, 342, 954), (-54, 324, 1116), (0, 360, 1134), (18, 360, 972)]	(9539, 12313, 10452, 10813, 11807, 9867, 7795, 7187, 6140, 7099, 8377, 7675, 5351, 6421, 7443, 15103, 11415, 20017, 16674, 9112, 16304, 13635, 12282, 2187)
e	1993227	(562, 357)	[(18, 360, 990), (18, 360, 972), (18, 360, 972), (36, 378, 972), (18, 360, 990), (18, 360, 972), (36, 360, 918), (36, 360, 1026), (-18, 378, 1044), (18, 342, 1026), (18, 378, 954), (36, 378, 936), (0, 342, 954), (-54, 324, 1116), (0, 360, 1134), (18, 360, 972), (18, 360, 936), (-18, 360, 1008), (-18, 360, 990), (36, 378, 954), (36, 342, 936), (0, 342, 936), (0, 360, 1026), (18, 378, 1062), (18, 360, 1044)]	(9557, 12366, 10499, 10900, 11824, 9899, 7875, 7244, 6285, 7107, 8442, 7717, 5364, 6408, 7418, 15228, 11426, 20025, 16737, 9132, 16333, 13626, 12284, 2181)
 	1993570	(824, 305)	[(36, 378, 936), (0, 342, 954), (-54, 324, 1116), (0, 360, 1134), (18, 360, 972), (18, 360, 936), (-18, 360, 1008), (-18, 360, 990), (36, 378, 954), (36, 342, 936), (0, 342, 936), (0, 360, 1026), (18, 378, 1062), (18, 360, 1044), (36, 378, 936), (0, 342, 1008), (0, 342, 1008), (-36, 360, 1026), (18, 360, 1008), (-36, 360, 1062), (54, 378, 900), (54, 378, 828), (0, 378, 990), (0, 342, 1152), (-36, 360, 1098)]	(9541, 12339, 10498, 11004, 11805, 9890, 7803, 7283, 6573, 7117, 8375, 7698, 5376, 6423, 7450, 15256, 11435, 20037, 16769, 9135, 16362, 13647, 12290, 2185)
f	1993932	(662, 292)	[(18, 378, 1062), (18, 360, 1044), (36, 378, 936), (0, 342, 1008), (0, 342, 1008), (-36, 360, 1026), (18, 360, 1008), (-36, 360, 1062), (54, 378, 900), (54, 378, 828), (0, 378, 990), (0, 342, 1152), (-36, 360, 1098), (18, 378, 936), (18, 360, 1026), (-18, 360, 990), (0, 360, 990), (18, 360, 990), (54, 378, 954), (18, 360, 864), (-18, 378, 954), (18, 378, 1080), (-36, 342, 1098), (-18, 324, 1008), (18, 360, 954)]	(9548, 12359, 10490, 10873, 11818, 9895, 7865, 7234, 6216, 7127, 8440, 7715, 5357, 6427, 7435, 15160, 11429, 20022, 16675, 9124, 16321, 13621, 12282, 2182)
i	1994223	(565, 148)	[(54, 378, 900), (54, 378, 828), (0, 378, 990), (0, 342, 1152), (-36, 360, 1098), (18, 378, 936), (18, 360, 1026), (-18, 360, 990), (0, 360, 990), (18, 360, 990), (54, 378, 954), (18, 360, 864), (-18, 378, 954), (18, 378, 1080), (-36, 342, 1098), (-18, 324, 1008), (18, 360, 954), (36, 378, 954), (0, 360, 1044), (36, 342, 990), (18, 360, 918), (-36, 360, 1008), (18, 360, 1026), (0, 378, 1044), (0, 342, 972)]	(9550, 12375, 10509, 10958, 11820, 9909, 7946, 7280, 6400, 7115, 8468, 7727, 5372, 6429, 7436, 15250, 11424, 20031, 16722, 9130, 16340, 13637, 12289, 2183)
n	1994569	(749, 174)	[(-18, 378, 954), (18, 378, 1080), (-36, 342, 1098), (-18, 324, 1008), (18, 360, 954), (36, 378, 954), (0, 360, 1044), (36, 342, 990), (18, 360, 918), (-36, 360, 1008), (18, 360, 1026), (0, 378, 1044), (0, 342, 972), (36, 360, 936), (0, 360, 954), (18, 342, 1008), (0, 360, 972), (0, 360, 990), (18, 360, 990), (18, 360, 990), (54, 378, 810), (0, 378, 1026), (18, 360, 1188), (36, 396, 1062), (36, 342, 918)]	(9540, 12315, 10459, 10796, 11802, 9871, 7860, 7212, 6159, 7097, 8431, 7708, 5328, 6425, 7435, 15130, 11425, 20015, 16653, 9116, 16306, 13627, 12281, 2169)
a	1994879	(657, 430)	[(18, 360, 1026), (0, 378, 1044), (0, 342, 972), (36, 360, 936), (0, 360, 954), (18, 342, 1008), (0, 360, 972), (0, 360, 990), (18, 360, 990), (18, 360, 990), (54, 378, 810), (0, 378, 1026), (18, 360, 1188), (36, 396, 1062), (36, 342, 918), (36, 360, 954), (18, 360, 918), (-54, 342, 1008), (-36, 378, 972), (18, 360, 954), (18, 360, 936), (36, 360, 936), (0, 360, 990), (0, 378, 1026), (-36, 342, 1080)]	(9549, 12347, 10493, 10915, 11820, 9905, 7890, 7265, 6363, 7115, 8455, 7731, 5351, 6427, 7431, 15219, 11417, 20023, 16685, 9128, 16326, 13643, 12283, 2184)
l	1995272	(664, 67)	[(36, 342, 918), (36, 360, 954), (18, 360, 918), (-54, 342, 1008), (-36, 378, 972), (18, 360, 954), (18, 360, 936), (36, 360, 936), (0, 360, 990), (0, 378, 1026), (-36, 342, 1080), (-36, 342, 1008), (0, 342, 936), (36, 360, 990), (18, 360, 1008), (36, 360, 1008), (36, 378, 1026), (18, 378, 972), (36, 378, 954), (36, 360, 972), (18, 360, 936), (36, 378, 900), (18, 378, 1008), (18, 360, 1116), (18, 360, 1062)]	(9550, 12360, 10497, 10965, 11818, 9900, 7961, 7275, 6470, 7113, 8445, 7732, 5365, 6417, 7433, 15200, 11420, 20025, 16684, 9131, 16323, 13622, 12285, 2180)
 	1995683	(829, 251)	[(18, 360, 1008), (36, 360, 1008), (36, 378, 1026), (18, 378, 972), (36, 378, 954), (36, 360, 972), (18, 360, 936), (36, 378, 900), (18, 378, 1008), (18, 360, 1116), (18, 360, 1062), (36, 360, 954), (0, 342, 990), (-36, 324, 990), (-36, 342, 1008), (0, 342, 1008), (18, 360, 1044), (36, 378, 900), (18, 360, 882), (18, 360, 954), (18, 360, 1044), (-18, 360, 1062), (18, 342, 1098), (18, 342, 1026), (36, 360, 918)]	(9534, 12331, 10483, 10978, 11795, 9893, 7906, 7264, 6536, 7118, 8435, 7719, 5357, 6422, 7442, 15201, 11422, 20023, 16707, 9128, 16341, 13634, 12287, 2173)
b	1996546	(736, 187)	[(18, 360, 972), (-36, 342, 936), (-18, 342, 972), (36, 360, 972), (18, 360, 990), (-36, 360, 1008), (18, 360, 990), (18, 360, 990), (0, 360, 972), (18, 342, 1008), (18, 360, 972), (0, 360, 990), (18, 360, 972), (0, 342, 990), (18, 360, 990), (18, 360, 990), (18, 360, 990), (18, 360, 990), (36, 378, 990), (54, 396, 864), (18, 360, 918), (-36, 360, 1062), (-36, 324, 1098), (0, 378, 990), (18, 360, 954)]	(9537, 12326, 10463, 10865, 11799, 9891, 7947, 7252, 6282, 7115, 8458, 7713, 5358, 6424, 7443, 15207, 11421, 20023, 16674, 9120, 16329, 13635, 12286, 2180)
i	1996839	(573, 134)	[(0, 360, 972), (18, 342, 1008), (18, 360, 972), (0, 360, 990), (18, 360, 972), (0, 342, 990), (18, 360, 990), (18, 360, 990), (18, 360, 990), (18, 360, 990), (36, 378, 990), (54, 396, 864), (18, 360, 918), (-36, 360, 1062), (-36, 324, 1098), (0, 378, 990), (18, 360, 954), (54, 396, 936), (36, 360, 972), (36, 342, 990), (36, 396, 918), (36, 378, 918), (0, 360, 990), (0, 342, 1062), (18, 360, 1044)]	(9539, 12366, 10515, 11011, 11821, 9914, 8108, 7339, 6597, 7118, 8529, 7747, 5363, 6428, 7453, 15380, 11441, 20039, 16760, 9141, 16381, 13655, 12285, 2185)
l	1997133	(663, 74)	[(36, 378, 990), (54, 396, 864), (18, 360, 918), (-36, 360, 1062), (-36, 324, 1098), (0, 378, 990), (18, 360, 954), (54, 396, 936), (36, 360, 972), (36, 342, 990), (36, 396, 918), (36, 378, 918), (0, 360, 990), (0, 342, 1062), (18, 360, 1044), (18, 360, 972), (36, 360, 972), (18, 360, 990), (18, 342, 990), (18, 378, 954), (36, 360, 900), (0, 360, 954), (18, 360, 1116), (54, 360, 1080), (36, 360, 972)]	(9530, 12328, 10480, 10968, 11803, 9896, 8008, 7281, 6514, 7114, 8495, 7729, 5367, 6423, 7440, 15247, 11428, 20026, 16691, 9118, 16341, 13634, 12284, 2184)
l	1997325	(670, 58)	[(-36, 324, 1098), (0, 378, 990), (18, 360, 954), (54, 396, 936), (36, 360, 972), (36, 342, 990), (36, 396, 918), (36, 378, 918), (0, 360, 990), (0, 342, 1062), (18, 360, 1044), (18, 360, 972), (36, 360, 972), (18, 360, 990), (18, 342, 990), (18, 378, 954), (36, 360, 900), (0, 360, 954), (18, 360, 1116), (54, 360, 1080), (36, 360, 972), (36, 324, 864), (0, 360, 1116), (54, 360, 1134), (54, 360, 990)]	(9530, 12343, 10486, 10997, 11799, 9914, 8048, 7296, 6571, 7110, 8493, 7724, 5364, 6426, 7440, 15246, 11416, 20022, 16694, 9130, 16343, 13622, 12277, 2171)
 	1997787	(818, 284)	[(36, 360, 900), (0, 360, 954), (18, 360, 1116), (54, 360, 1080), (36, 360, 972), (36, 324, 864), (0, 360, 1116), (54, 360, 1134), (54, 360, 990), (54, 360, 954), (0, 342, 990), (-36, 342, 990), (-36, 342, 1008), (-36, 342, 1008), (-18, 324, 972), (18, 342, 990), (0, 342, 1008), (0, 342, 1008), (18, 378, 990), (36, 378, 972), (54, 378, 846), (36, 378, 864), (-36, 360, 990), (-36, 360, 1098), (-18, 342, 1152)]	(9525, 12335, 10505, 11019, 11802, 9902, 8005, 7313, 6671, 7117, 8477, 7717, 5375, 6419, 7443, 15261, 11423, 20027, 16700, 9129, 16346, 13640, 12286, 2182)
t	1998296	(581, 269)	[(18, 378, 990), (36, 378, 972), (54, 378, 846), (36, 378, 864), (-36, 360, 990), (-36, 360, 1098), (-18, 342, 1152), (18, 360, 918), (-36, 360, 1008), (-36, 360, 1008), (0, 360, 990), (18, 360, 990), (0, 360, 1008), (36, 360, 972), (18, 360, 972), (36, 360, 972), (18, 360, 990), (18, 360, 972), (36, 360, 990), (18, 360, 990), (36, 360, 954), (-36, 342, 972), (0, 360, 1026), (-36, 360, 1044), (-36, 342, 1008)]	(9533, 12377, 10506, 10916, 11820, 9911, 8040, 7316, 6388, 7127, 8500, 7724, 5375, 6420, 7449, 15276, 11421, 20026, 16701, 9131, 16336, 13638, 12285, 2181)
o	1998538	(576, 84)	[(-18, 342, 1152), (18, 360, 918), (-36, 360, 1008), (-36, 360, 1008), (0, 360, 990), (18, 360, 990), (0, 360, 1008), (36, 360, 972), (18, 360, 972), (36, 360, 972), (18, 360, 990), (18, 360, 972), (36, 360, 990), (18, 360, 990), (36, 360, 954), (-36, 342, 972), (0, 360, 1026), (-36, 360, 1044), (-36, 342, 1008), (18, 360, 954), (54, 378, 972), (36, 378, 936), (36, 378, 954), (18, 360, 1008), (0, 360, 1044)]	(9550, 12373, 10502, 10929, 11819, 9906, 8073, 7314, 6410, 7115, 8553, 7751, 5352, 6422, 7440, 15280, 11417, 20031, 16703, 9132, 16350, 13635, 12282, 2189)
 	1998883	(839, 216)	[(36, 360, 990), (18, 360, 990), (36, 360, 954), (-36, 342, 972), (0, 360, 1026), (-36, 360, 1044), (-36, 342, 1008), (18, 360, 954), (54, 378, 972), (36, 378, 936), (36, 378, 954), (18, 360, 1008), (0, 360, 1044), (18, 360, 972), (36, 360, 972), (-36, 342, 1008), (0, 360, 1008), (-18, 342, 990), (-36, 342, 1026), (0, 360, 954), (36, 378, 882), (0, 360, 900), (18, 378, 1026), (18, 360, 1062), (18, 342, 1044)]	(9519, 12348, 10514, 11046, 11785, 9907, 8016, 7347, 6815, 7125, 8465, 7700, 5393, 6417, 7442, 15372, 11425, 20045, 16790, 9144, 16395, 13655, 12289, 2187)
g	1999242	(682, 257)	[(18, 360, 1008), (0, 360, 1044), (18, 360, 972), (36, 360, 972), (-36, 342, 1008), (0, 360, 1008), (-18, 342, 990), (-36, 342, 1026), (0, 360, 954), (36, 378, 882), (0, 360, 900), (18, 378, 1026), (18, 360, 1062), (18, 342, 1044), (18, 378, 936), (18, 360, 990), (-36, 342, 1008), (18, 360, 1026), (36, 378, 972), (54, 378, 900), (18, 360, 918), (0, 360, 990), (18, 378, 1044), (-36, 360, 1026), (-18, 342, 990)]	(9530, 12357, 10502, 10977, 11796, 9908, 8019, 7326, 6576, 7131, 8493, 7717, 5356, 6419, 7440, 15289, 11418, 20024, 16698, 9134, 16343, 13630, 12285, 2187)
o	1999585	(574, 78)	[(18, 378, 1026), (18, 360, 1062), (18, 342, 1044), (18, 378, 936), (18, 360, 990), (-36, 342, 1008), (18, 360, 1026), (36, 378, 972), (54, 378, 900), (18, 360, 918), (0, 360, 990), (18, 378, 1044), (-36, 360, 1026), (-18, 342, 990), (36, 360, 936), (18, 360, 990), (36, 360, 1026), (18, 360, 1008), (54, 378, 972), (54, 378, 882), (36, 342, 954), (-36, 342, 1044), (0, 360, 1080), (54, 360, 1044), (0, 360, 1026)]	(9529, 12333, 10478, 10905, 11798, 9894, 8018, 7295, 6412, 7108, 8495, 7717, 5347, 6419, 7442, 15260, 11417, 20024, 16691, 9130, 16341, 13629, 12286, 2185)
 	2000029	(833, 227)	[(18, 360, 990), (36, 360, 1026), (18, 360, 1008), (54, 378, 972), (54, 378, 882), (36, 342, 954), (-36, 342, 1044), (0, 360, 1080), (54, 360, 1044), (0, 360, 1026), (36, 378, 918), (-36, 324, 1008), (18, 360, 1008), (0, 360, 1008), (0, 342, 1008), (0, 360, 1008), (18, 360, 972), (18, 360, 972), (36, 396, 1008), (36, 378, 882), (18, 360, 882), (0, 378, 1026), (0, 360, 1062), (-36, 360, 1080), (0, 342, 1080)]	(9518, 12326, 10497, 10993, 11802, 9900, 8017, 7328, 6651, 7117, 8487, 7719, 5363, 6419, 7447, 15269, 11421, 20023, 16675, 9139, 16342, 13627, 12286, 2187)
t	2000744	(581, 280)	[(-36, 342, 1026), (18, 360, 990), (18, 360, 954), (18, 360, 990), (36, 360, 972), (18, 360, 972), (0, 360, 990), (18, 360, 972), (0, 360, 1008), (18, 342, 990), (18, 360, 972), (0, 342, 990), (18, 360, 990), (18, 360, 990), (0, 378, 990), (36, 378, 954), (36, 360, 954), (18, 360, 972), (-18, 342, 990), (0, 342, 990), (0, 342, 972), (18, 378, 936), (18, 360, 936), (0, 378, 990), (-36, 360, 1080)]	(9535, 12362, 10509, 11002, 11806, 9921, 8059, 7361, 6670, 7124, 8536, 7726, 5404, 6423, 7447, 15438, 11432, 20040, 16766, 9150, 16400, 13638, 12287, 2184)
o	2001054	(560, 96)	[(18, 342, 990), (18, 360, 972), (0, 342, 990), (18, 360, 990), (18, 360, 990), (0, 378, 990), (36, 378, 954), (36, 360, 954), (18, 360, 972), (-18, 342, 990), (0, 342, 990), (0, 342, 972), (18, 378, 936), (18, 360, 936), (0, 378, 990), (-36, 360, 1080), (18, 378, 954), (36, 360, 1008), (36, 360, 1008), (54, 378, 990), (18, 378, 954), (18, 360, 990), (0, 360, 1008), (54, 378, 1008), (36, 378, 990)]	(9541, 12362, 10506, 10954, 11817, 9915, 8056, 7333, 6514, 7139, 8548, 7726, 5374, 6423, 7430, 15301, 11417, 20025, 16680, 9137, 16350, 13640, 12279, 2182)
 	2001396	(792, 264)	[(0, 342, 972), (18, 378, 936), (18, 360, 936), (0, 378, 990), (-36, 360, 1080), (18, 378, 954), (36, 360, 1008), (36, 360, 1008), (54, 378, 990), (18, 378, 954), (18, 360, 990), (0, 360, 1008), (54, 378, 1008), (36, 378, 990), (36, 378, 954), (-36, 360, 1008), (-36, 342, 990), (0, 360, 972), (-36, 360, 990), (-54, 360, 1134), (54, 378, 810), (18, 360, 828), (0, 378, 1008), (0, 360, 1134), (0, 360, 1098)]	(9513, 12342, 10519, 11039, 11798, 9916, 7987, 7383, 6811, 7120, 8485, 7703, 5401, 6432, 7450, 15418, 11422, 20036, 16765, 9150, 16420, 13649, 12292, 2183)
t	2001912	(568, 272)	[(-36, 360, 990), (-54, 360, 1134), (54, 378, 810), (18, 360, 828), (0, 378, 1008), (0, 360, 1134), (0, 360, 1098), (18, 360, 954), (-36, 342, 1026), (-36, 342, 1026), (-36, 360, 1008), (18, 360, 990), (18, 378, 972), (36, 360, 954), (18, 378, 972), (36, 378, 972), (36, 378, 972), (0, 360, 972), (18, 378, 954), (36, 360, 936), (-36, 342, 990), (-36, 360, 1026), (18, 396, 1044), (18, 342, 1044), (18, 360, 972)]	(9536, 12345, 10491, 10952, 11803, 9906, 8035, 7310, 6548, 7123, 8511, 7695, 5365, 6418, 7425, 15288, 11423, 20029, 16676, 9140, 16356, 13635, 12284, 2180)
h	2002159	(677, 210)	[(18, 360, 954), (-36, 342, 1026), (-36, 342, 1026), (-36, 360, 1008), (18, 360, 990), (18, 378, 972), (36, 360, 954), (18, 378, 972), (36, 378, 972), (36, 378, 972), (0, 360, 972), (18, 378, 954), (36, 360, 936), (-36, 342, 990), (-36, 360, 1026), (18, 396, 1044), (18, 342, 1044), (18, 360, 972), (36, 378, 918), (0, 360, 954), (36, 396, 882), (0, 360, 954), (0, 360, 1098), (36, 360, 1044), (36, 378, 918)]	(9518, 12306, 10465, 10907, 11794, 9882, 7977, 7284, 6446, 7086, 8485, 7693, 5354, 6424, 7432, 15243, 11417, 20025, 16650, 9139, 16345, 13619, 12282, 2185)
e	2002453	(599, 355)	[(0, 360, 972), (18, 378, 954), (36, 360, 936), (-36, 342, 990), (-36, 360, 1026), (18, 396, 1044), (18, 342, 1044), (18, 360, 972), (36, 378, 918), (0, 360, 954), (36, 396, 882), (0, 360, 954), (0, 360, 1098), (36, 360, 1044), (36, 378, 918), (36, 378, 972), (-36, 342, 990), (-18, 360, 1008), (36, 360, 936), (36, 360, 918), (18, 378, 972), (36, 378, 1062), (18, 360, 1044), (18, 360, 1044), (0, 360, 1026)]	(9522, 12352, 10503, 10972, 11802, 9910, 8073, 7347, 6652, 7129, 8542, 7703, 5390, 6419, 7443, 15399, 11424, 20029, 16722, 9143, 16394, 13650, 12289, 2178)
 	2003265	(829, 294)	[(0, 360, 972), (18, 360, 972), (0, 360, 972), (0, 360, 990), (0, 360, 990), (18, 378, 990), (18, 378, 990), (18, 360, 990), (18, 360, 972), (18, 360, 990), (18, 378, 954), (0, 360, 972), (18, 360, 972), (18, 360, 990), (18, 378, 972), (-18, 360, 990), (-18, 360, 1008), (18, 378, 990), (18, 360, 990), (18, 360, 1026), (36, 378, 882), (18, 360, 882), (0, 378, 1026), (-18, 360, 1062), (-36, 360, 990)]	(9522, 12326, 10485, 10946, 11798, 9899, 8024, 7311, 6563, 7125, 8511, 7694, 5381, 6425, 7440, 15309, 11423, 20030, 16670, 9132, 16360, 13639, 12297, 2181)
c	2004096	(731, 302)	[(-18, 360, 990), (0, 360, 990), (0, 360, 990), (-36, 360, 1008), (18, 360, 972), (0, 360, 972), (0, 360, 972), (0, 360, 972), (18, 378, 972), (0, 360, 1008), (0, 342, 990), (0, 360, 972), (-18, 360, 972), (0, 360, 990), (18, 360, 972), (18, 378, 972), (-36, 360, 990), (0, 342, 1008), (18, 360, 990), (0, 360, 990), (18, 378, 954), (36, 378, 900), (-36, 378, 990), (-72, 324, 1080), (-54, 360, 1062)]	(9529, 12335, 10490, 10958, 11806, 9900, 8061, 7322, 6570, 7124, 8527, 7715, 5376, 6419, 7445, 15301, 11424, 20020, 16668, 9131, 16350, 13633, 12280, 2180)
o	2004541	(579, 92)	[(-36, 360, 990), (0, 342, 1008), (18, 360, 990), (0, 360, 990), (18, 378, 954), (36, 378, 900), (-36, 378, 990), (-72, 324, 1080), (-54, 360, 1062), (18, 360, 990), (36, 396, 936), (18, 378, 990), (0, 360, 1008), (0, 378, 1008), (18, 360, 990), (18, 360, 990), (18, 360, 990), (18, 360, 972), (18, 360, 900), (0, 378, 900), (-36, 360, 990), (0, 360, 1026), (54, 378, 1044), (0, 378, 990), (18, 360, 990)]	(9529, 12332, 10480, 10949, 11805, 9903, 8056, 7328, 6573, 7129, 8559, 7712, 5380, 6425, 7446, 15309, 11418, 20028, 16672, 9135, 16347, 13632, 12286, 2186)
r	2004951	(584, 312)	[(18, 360, 990), (18, 360, 990), (18, 360, 990), (18, 360, 972), (18, 360, 900), (0, 378, 900), (-36, 360, 990), (0, 360, 1026), (54, 378, 1044), (0, 378, 990), (18, 360, 990), (0, 378, 954), (-36, 342, 1008), (-36, 360, 990), (-18, 360, 972), (18, 360, 990), (18, 360, 990), (0, 360, 1008), (18, 378, 972), (18, 378, 954), (18, 360, 936), (0, 360, 954), (-36, 360, 1008), (0, 360, 1062), (-36, 360, 1026)]	(9525, 12336, 10483, 10965, 11807, 9901, 8080, 7347, 6637, 7130, 8571, 7731, 5391, 6414, 7441, 15375, 11429, 20030, 16694, 9137, 16373, 13640, 12275, 2183)
p	2005497	(586, 7)	[(18, 360, 936), (0, 360, 954), (-36, 360, 1008), (0, 360, 1062), (-36, 360, 1026), (36, 360, 972), (36, 360, 972), (18, 360, 972), (18, 378, 990), (18, 378, 990), (18, 360, 954), (0, 360, 972), (0, 360, 972), (0, 360, 990), (0, 378, 972), (18, 360, 972), (36, 378, 990), (18, 378, 990), (36, 360, 954), (36, 360, 954), (18, 360, 954), (-36, 378, 990), (0, 378, 1026), (36, 378, 1026), (36, 378, 1026)]	(9525, 12336, 10484, 10974, 11802, 9904, 8090, 7346, 6654, 7131, 8575, 7736, 5379, 6429, 7443, 15364, 11423, 20030, 16686, 9129, 16358, 13639, 12284, 2177)
o	2005812	(596, 81)	[(18, 378, 990), (18, 360, 954), (0, 360, 972), (0, 360, 972), (0, 360, 990), (0, 378, 972), (18, 360, 972), (36, 378, 990), (18, 378, 990), (36, 360, 954), (36, 360, 954), (18, 360, 954), (-36, 378, 990), (0, 378, 1026), (36, 378, 1026), (36, 378, 1026), (-36, 360, 954), (18, 360, 990), (18, 378, 954), (36, 378, 972), (18, 378, 1026), (36, 378, 1044), (18, 360, 1026), (36, 378, 936), (36, 378, 936)]	(9512, 12299, 10457, 10936, 11787, 9889, 8032, 7316, 6601, 7127, 8525, 7727, 5371, 6428, 7444, 15303, 11418, 20022, 16664, 9135, 16348, 13627, 12284, 2191)
r	2006359	(575, 325)	[(18, 378, 1026), (36, 378, 1044), (18, 360, 1026), (36, 378, 936), (36, 378, 936), (0, 360, 972), (-36, 324, 972), (-36, 360, 990), (-36, 342, 990), (0, 360, 990), (36, 378, 990), (54, 378, 990), (36, 378, 972), (18, 360, 972), (0, 360, 972), (-36, 360, 954), (0, 342, 972), (0, 342, 972), (-18, 360, 936), (0, 360, 990), (18, 396, 1062), (18, 378, 1062), (36, 378, 1026), (36, 378, 972), (54, 396, 954)]	(9519, 12318, 10468, 10952, 11801, 9910, 8077, 7343, 6622, 7130, 8560, 7751, 5380, 6416, 7445, 15335, 11422, 20024, 16673, 9133, 16357, 13636, 12288, 2184)
a	2006559	(635, 463)	[(0, 360, 972), (-36, 324, 972), (-36, 360, 990), (-36, 342, 990), (0, 360, 990), (36, 378, 990), (54, 378, 990), (36, 378, 972), (18, 360, 972), (0, 360, 972), (-36, 360, 954), (0, 342, 972), (0, 342, 972), (-18, 360, 936), (0, 360, 990), (18, 396, 1062), (18, 378, 1062), (36, 378, 1026), (36, 378, 972), (54, 396, 954), (18, 396, 954), (-54, 360, 954), (-54, 360, 990), (-36, 342, 972), (-36, 360, 972)]	(9500, 12273, 10443, 10917, 11790, 9871, 7995, 7290, 6565, 7117, 8480, 7716, 5335, 6419, 7442, 15278, 11419, 20025, 16635, 9134, 16336, 13635, 12276, 2184)
t	2006700	(635, 463)	[(-36, 360, 990), (-36, 342, 990), (0, 360, 990), (36, 378, 990), (54, 378, 990), (36, 378, 972), (18, 360, 972), (0, 360, 972), (-36, 360, 954), (0, 342, 972), (0, 342, 972), (-18, 360, 936), (0, 360, 990), (18, 396, 1062), (18, 378, 1062), (36, 378, 1026), (36, 378, 972), (54, 396, 954), (18, 396, 954), (-54, 360, 954), (-54, 360, 990), (-36, 342, 972), (-36, 360, 972), (0, 378, 954), (-36, 360, 954)]	(9494, 12235, 10418, 10891, 11769, 9872, 7947, 7251, 6525, 7110, 8452, 7717, 5375, 6414, 7448, 15254, 11417, 20020, 16635, 9133, 16331, 13620, 12287, 2176)
e	2008299	(572, 347)	[(-36, 360, 990), (-36, 378, 972), (0, 378, 972), (18, 378, 990), (0, 378, 954), (0, 360, 972), (-36, 378, 954), (-18, 378, 972), (-36, 360, 1008), (-36, 360, 972), (-36, 378, 954), (0, 378, 972), (-18, 378, 972), (-36, 378, 954), (-36, 360, 972), (-18, 360, 990), (-54, 378, 954), (-36, 360, 972), (-18, 378, 972), (0, 378, 972), (18, 396, 936), (0, 360, 936), (-36, 360, 1026), (0, 360, 1062), (18, 396, 1008)]	(9501, 12322, 10471, 10950, 11810, 9889, 8101, 7330, 6628, 7127, 8569, 7761, 5372, 6425, 7441, 15354, 11417, 20030, 16660, 9139, 16357, 13633, 12286, 2183)
 	2009013	(834, 294)	[(-36, 360, 990), (-36, 360, 990), (-36, 360, 972), (-36, 360, 972), (-18, 378, 954), (0, 378, 972), (-18, 378, 972), (-18, 378, 954), (0, 360, 972), (-54, 360, 972), (-36, 378, 972), (-18, 378, 1008), (-18, 360, 990), (-54, 360, 990), (0, 378, 990), (0, 378, 972), (-18, 378, 954), (0, 360, 990), (-36, 360, 990), (-54, 378, 1008), (18, 378, 918), (18, 378, 882), (-36, 378, 1008), (-36, 378, 1080), (-54, 360, 1062)]	(9514, 12335, 10503, 11031, 11795, 9901, 8093, 7408, 6885, 7129, 8551, 7748, 5412, 6435, 7448, 15456, 11431, 20044, 16742, 9158, 16414, 13642, 12288, 2185)
a	2009508	(655, 465)	[(-36, 360, 990), (-54, 378, 1008), (18, 378, 918), (18, 378, 882), (-36, 378, 1008), (-36, 378, 1080), (-54, 360, 1062), (-36, 396, 936), (-72, 360, 990), (-54, 360, 990), (-54, 378, 990), (-36, 378, 990), (-36, 360, 1008), (0, 360, 990), (0, 378, 972), (0, 378, 990), (-18, 378, 990), (-36, 378, 972), (-54, 360, 990), (18, 378, 936), (-36, 342, 882), (-54, 378, 1008), (-36, 360, 1116), (-36, 360, 1062), (-54, 360, 972)]	(9510, 12312, 10468, 10946, 11800, 9893, 8109, 7329, 6678, 7126, 8584, 7738, 5390, 6412, 7446, 15360, 11420, 20021, 16634, 9141, 16365, 13634, 12288, 2185)
c	2009871	(748, 308)	[(-36, 360, 1008), (0, 360, 990), (0, 378, 972), (0, 378, 990), (-18, 378, 990), (-36, 378, 972), (-54, 360, 990), (18, 378, 936), (-36, 342, 882), (-54, 378, 1008), (-36, 360, 1116), (-36, 360, 1062), (-54, 360, 972), (18, 378, 936), (-36, 360, 1008), (-36, 360, 990), (-18, 360, 1008), (-36, 378, 990), (-54, 396, 990), (18, 360, 846), (-54, 360, 900), (-18, 378, 1044), (0, 378, 1080), (-54, 360, 954), (-36, 360, 954)]	(9494, 12259, 10429, 10917, 11775, 9871, 8013, 7287, 6623, 7105, 8504, 7723, 5359, 6427, 7446, 15324, 11419, 20019, 16613, 9135, 16355, 13639, 12279, 2182)
c	2010063	(751, 304)	[(-18, 378, 990), (-36, 378, 972), (-54, 360, 990), (18, 378, 936), (-36, 342, 882), (-54, 378, 1008), (-36, 360, 1116), (-36, 360, 1062), (-54, 360, 972), (18, 378, 936), (-36, 360, 1008), (-36, 360, 990), (-18, 360, 1008), (-36, 378, 990), (-54, 396, 990), (18, 360, 846), (-54, 360, 900), (-18, 378, 1044), (0, 378, 1080), (-54, 360, 954), (-36, 360, 954), (18, 396, 936), (-72, 360, 1206), (-18, 360, 990), (-36, 360, 882)]	(9510, 12261, 10444, 10917, 11787, 9876, 8076, 7292, 6611, 7128, 8556, 7736, 5389, 6419, 7443, 15334, 11421, 20020, 16614, 9129, 16363, 13625, 12284, 2187)
o	2010877	(580, 74)	[(18, 378, 954), (-36, 360, 954), (-18, 360, 990), (0, 378, 972), (0, 360, 954), (-36, 360, 1008), (-18, 360, 1008), (18, 360, 990), (-36, 360, 990), (0, 378, 1044), (0, 378, 936), (0, 378, 918), (18, 378, 1008), (36, 396, 990), (18, 396, 936), (18, 378, 972), (18, 378, 972), (36, 396, 990), (54, 396, 954), (36, 396, 954), (36, 396, 972), (36, 396, 1008), (72, 396, 1026), (36, 414, 990), (18, 378, 954)]	(9519, 12323, 10476, 10967, 11797, 9899, 8075, 7346, 6727, 7130, 8586, 7753, 5391, 6422, 7442, 15381, 11430, 20026, 16615, 9132, 16357, 13624, 12277, 2180)
u	2011386	(570, 171)	[(36, 396, 954), (36, 396, 972), (36, 396, 1008), (72, 396, 1026), (36, 414, 990), (18, 378, 954), (0, 360, 936), (-18, 378, 1008), (18, 396, 990), (36, 396, 972), (18, 378, 972), (18, 360, 990), (18, 378, 990), (18, 378, 990), (18, 378, 954), (18, 378, 972), (18, 378, 990), (18, 360, 972), (36, 378, 972), (18, 378, 972), (36, 396, 954), (36, 396, 954), (0, 396, 1008), (18, 360, 1044), (0, 360, 1008)]	(9524, 12335, 10488, 11003, 11806, 9915, 8117, 7364, 6788, 7129, 8600, 7742, 5401, 6428, 7445, 15442, 11422, 20028, 16660, 9146, 16387, 13637, 12282, 2183)
n	2011682	(769, 176)	[(18, 396, 990), (36, 396, 972), (18, 378, 972), (18, 360, 990), (18, 378, 990), (18, 378, 990), (18, 378, 954), (18, 378, 972), (18, 378, 990), (18, 360, 972), (36, 378, 972), (18, 378, 972), (36, 396, 954), (36, 396, 954), (0, 396, 1008), (18, 360, 1044), (0, 360, 1008), (18, 378, 954), (18, 378, 972), (0, 396, 972), (0, 378, 972), (36, 396, 918), (18, 378, 900), (-54, 360, 1026), (0, 378, 1098)]	(9509, 12323, 10486, 10995, 11803, 9906, 8105, 7368, 6780, 7132, 8575, 7748, 5397, 6427, 7447, 15412, 11420, 20023, 16657, 9147, 16371, 13642, 12282, 2178)
t	2011975	(570, 270)	[(36, 378, 972), (18, 378, 972), (36, 396, 954), (36, 396, 954), (0, 396, 1008), (18, 360, 1044), (0, 360, 1008), (18, 378, 954), (18, 378, 972), (0, 396, 972), (0, 378, 972), (36, 396, 918), (18, 378, 900), (-54, 360, 1026), (0, 378, 1098), (18, 378, 954), (36, 396, 936), (-18, 378, 954), (18, 378, 972), (18, 396, 954), (54, 396, 900), (18, 378, 954), (-18, 378, 1062), (54, 396, 1044), (18, 378, 1026)]	(9524, 12352, 10505, 11016, 11808, 9915, 8190, 7413, 6883, 7139, 8627, 7774, 5408, 6430, 7442, 15519, 11433, 20041, 16709, 9144, 16423, 13650, 12280, 2184)
 	2012285	(805, 272)	[(0, 396, 972), (0, 378, 972), (36, 396, 918), (18, 378, 900), (-54, 360, 1026), (0, 378, 1098), (18, 378, 954), (36, 396, 936), (-18, 378, 954), (18, 378, 972), (18, 396, 954), (54, 396, 900), (18, 378, 954), (-18, 378, 1062), (54, 396, 1044), (18, 378, 1026), (18, 378, 918), (-36, 360, 1008), (0, 360, 990), (18, 360, 1062), (18, 378, 936), (0, 360, 864), (-54, 378, 1080), (18, 396, 1062), (36, 378, 918)]	(9515, 12315, 10472, 10960, 11785, 9899, 8102, 7344, 6725, 7130, 8576, 7755, 5382, 6430, 7450, 15367, 11417, 20025, 16631, 9133, 16370, 13633, 12284, 2184)
a	2013150	(647, 460)	[(18, 378, 972), (0, 378, 972), (-36, 360, 972), (-36, 360, 972), (0, 360, 972), (0, 378, 954), (-36, 360, 972), (-36, 360, 972), (-36, 360, 990), (-36, 378, 972), (-36, 360, 990), (0, 360, 972), (0, 378, 972), (0, 378, 972), (-36, 378, 972), (-18, 378, 972), (0, 360, 990), (-18, 378, 990), (0, 396, 972), (18, 378, 918), (18, 378, 882), (0, 378, 990), (18, 396, 1098), (-36, 360, 1044), (-36, 360, 954)]	(9495, 12252, 10440, 10926, 11785, 9877, 8044, 7323, 6666, 7119, 8541, 7725, 5382, 6415, 7440, 15341, 11417, 20016, 16615, 9140, 16364, 13633, 12282, 2188)
s	2013344	(672, 387)	[(0, 360, 972), (0, 378, 954), (-36, 360, 972), (-36, 360, 972), (-36, 360, 990), (-36, 378, 972), (-36, 360, 990), (0, 360, 972), (0, 378, 972), (0, 378, 972), (-36, 378, 972), (-18, 378, 972), (0, 360, 990), (-18, 378, 990), (0, 396, 972), (18, 378, 918), (18, 378, 882), (0, 378, 990), (18, 396, 1098), (-36, 360, 1044), (-36, 360, 954), (0, 396, 918), (0, 378, 900), (-54, 378, 1062), (0, 378, 1152)]	(9506, 12335, 10491, 11011, 11803, 9901, 8133, 7401, 6854, 7134, 8626, 7771, 5417, 6432, 7445, 15491, 11425, 20040, 16695, 9148, 16426, 13646, 12292, 2178)
 	2013641	(815, 338)	[(-36, 378, 972), (-18, 378, 972), (0, 360, 990), (-18, 378, 990), (0, 396, 972), (18, 378, 918), (18, 378, 882), (0, 378, 990), (18, 396, 1098), (-36, 360, 1044), (-36, 360, 954), (0, 396, 918), (0, 378, 900), (-54, 378, 1062), (0, 378, 1152), (0, 360, 1008), (18, 378, 936), (0, 378, 972), (-36, 360, 1008), (-36, 360, 1026), (-72, 378, 1044), (36, 378, 846), (0, 378, 900), (-36, 378, 1062), (0, 378, 1080)]	(9511, 12320, 10490, 11013, 11788, 9891, 8070, 7380, 6903, 7131, 8565, 7753, 5430, 6425, 7448, 15471, 11429, 20036, 16721, 9151, 16438, 13650, 12284, 2179)
w	2014055	(584, 413)	[(-54, 378, 1062), (0, 378, 1152), (0, 360, 1008), (18, 378, 936), (0, 378, 972), (-36, 360, 1008), (-36, 360, 1026), (-72, 378, 1044), (36, 378, 846), (0, 378, 900), (-36, 378, 1062), (0, 378, 1080), (18, 378, 990), (-36, 360, 1026), (-36, 360, 1008), (0, 378, 972), (-36, 378, 990), (0, 378, 1008), (18, 378, 954), (18, 378, 972), (0, 414, 936), (-36, 360, 900), (-36, 378, 1062), (18, 378, 1098), (-54, 342, 990)]	(9520, 12336, 10491, 11005, 11796, 9910, 8137, 7401, 6844, 7135, 8608, 7763, 5405, 6435, 7439, 15523, 11416, 20035, 16681, 9156, 16425, 13649, 12289, 2182)
e	2014301	(577, 361)	[(-36, 360, 1026), (-72, 378, 1044), (36, 378, 846), (0, 378, 900), (-36, 378, 1062), (0, 378, 1080), (18, 378, 990), (-36, 360, 1026), (-36, 360, 1008), (0, 378, 972), (-36, 378, 990), (0, 378, 1008), (18, 378, 954), (18, 378, 972), (0, 414, 936), (-36, 360, 900), (-36, 378, 1062), (18, 378, 1098), (-54, 342, 990), (0, 378, 936), (0, 396, 954), (36, 378, 882), (-54, 360, 972), (-54, 378, 1116), (0, 360, 1044)]	(9517, 12337, 10485, 10994, 11806, 9903, 8168, 7382, 6800, 7133, 8628, 7758, 5395, 6428, 7453, 15495, 11429, 20029, 16640, 9145, 16402, 13640, 12290, 2198)
l	2014913	(670, 48)	[(-54, 378, 1116), (0, 360, 1044), (0, 360, 936), (-18, 360, 990), (-18, 378, 990), (0, 378, 972), (-18, 360, 990), (0, 378, 972), (0, 360, 990), (18, 396, 990), (18, 378, 972), (18, 360, 954), (0, 378, 954), (18, 378, 954), (0, 378, 972), (18, 378, 972), (18, 378, 972), (0, 378, 990), (18, 378, 990), (18, 360, 990), (36, 378, 1008), (36, 378, 1044), (36, 378, 882), (-36, 378, 972), (-36, 342, 1080)]	(9513, 12335, 10498, 11022, 11785, 9909, 8205, 7411, 6951, 7136, 8608, 7745, 5412, 6427, 7458, 15505, 11423, 20036, 16685, 9150, 16411, 13641, 12293, 2189)
l	2015109	(675, 58)	[(-18, 378, 990), (0, 378, 972), (-18, 360, 990), (0, 378, 972), (0, 360, 990), (18, 396, 990), (18, 378, 972), (18, 360, 954), (0, 378, 954), (18, 378, 954), (0, 378, 972), (18, 378, 972), (18, 378, 972), (0, 378, 990), (18, 378, 990), (18, 360, 990), (36, 378, 1008), (36, 378, 1044), (36, 378, 882), (-36, 378, 972), (-36, 342, 1080), (0, 360, 990), (54, 378, 882), (-54, 378, 1044), (18, 342, 1170)]	(9511, 12346, 10513, 11083, 11791, 9917, 8300, 7452, 7196, 7149, 8606, 7745, 5441, 6444, 7456, 15559, 11432, 20045, 16715, 9158, 16430, 13653, 12287, 2184)
