Please hold the phone in both hands. At each letter you will be instructed which thumb to use
right	l	900398	(670, 36)	[(-72, 558, 900), (-90, 594, 882), (-54, 558, 936), (-36, 558, 918), (0, 540, 900), (-54, 522, 900), (-36, 540, 972), (18, 522, 882), (-18, 522, 846), (-18, 522, 882), (18, 522, 900), (0, 522, 882), (-36, 540, 882), (-18, 558, 882), (-36, 522, 900), (0, 522, 900), (0, 540, 900), (0, 540, 918), (-36, 522, 918), (-36, 522, 918), (-36, 540, 900), (-36, 522, 918), (0, 540, 918), (-18, 540, 936), (0, 522, 900)]	(9647, 11311, 9992, 10988, 11818, 13050, 7243, 9174, 5800, 7656, 7631, 7679, 4890, 6822, 9620, 13529, 12079, 22281, 15267, 9098, 17368, 14317, 13435, 2160)
left	n	902312	(751, 158)	[(0, 540, 900), (18, 540, 900), (-36, 522, 900), (-18, 540, 900), (-36, 540, 900), (0, 522, 882), (-18, 540, 918), (-18, 558, 900), (-36, 522, 882), (-18, 540, 900), (-36, 540, 900), (-36, 522, 936), (-36, 540, 936), (-36, 522, 918), (18, 522, 900), (-72, 540, 936), (36, 558, 882), (18, 540, 828), (18, 540, 846), (18, 540, 900), (18, 576, 900), (36, 558, 846), (36, 558, 846), (18, 540, 936), (18, 558, 882)]	(9720, 11210, 10016, 11001, 11681, 10209, 5306, 9612, 5546, 7307, 7274, 7768, 4855, 6697, 9024, 13926, 11901, 22042, 15127, 9042, 17087, 14221, 13367, 2140)
left	y	904261	(585, 211)	[(-54, 522, 900), (-36, 540, 900), (-54, 540, 918), (-90, 540, 936), (-36, 558, 882), (-18, 540, 882), (0, 558, 882), (18, 576, 846), (18, 558, 882), (36, 558, 882), (18, 558, 882), (36, 594, 864), (36, 576, 864), (0, 558, 918), (18, 576, 900), (36, 576, 864), (54, 576, 846), (36, 576, 864), (18, 558, 900), (36, 594, 864), (36, 576, 864), (18, 558, 882), (18, 558, 900), (18, 576, 918), (54, 576, 864)]	(9655, 11250, 9984, 10929, 11692, 10930, 6237, 10407, 5696, 7402, 7410, 8191, 5011, 6804, 9341, 14390, 12008, 22237, 15372, 9084, 17284, 14331, 13425, 2160)
right	f	905777	(648, 289)	[(18, 540, 918), (0, 540, 918), (-18, 522, 900), (-36, 522, 900), (0, 522, 900), (0, 522, 918), (-18, 540, 900), (0, 522, 918), (0, 540, 900), (-36, 522, 900), (-54, 522, 900), (0, 522, 900), (-36, 540, 882), (-36, 540, 918), (-36, 522, 900), (-18, 558, 918), (-36, 540, 900), (-36, 522, 918), (-18, 540, 900), (-18, 558, 882), (-36, 540, 918), (0, 540, 918), (-54, 540, 900), (18, 540, 900), (0, 540, 936)]	(9775, 11451, 10072, 10984, 11744, 12616, 6560, 8878, 5570, 7672, 7176, 7320, 4877, 6798, 9509, 13454, 12068, 22216, 15338, 9135, 17620, 14503, 13496, 2156)
right	o	908287	(587, 71)	[(0, 522, 918), (0, 522, 918), (0, 540, 918), (0, 540, 918), (0, 522, 900), (0, 522, 900), (-36, 522, 882), (0, 522, 900), (18, 522, 918), (-36, 522, 900), (0, 522, 900), (-36, 522, 900), (-18, 540, 900), (0, 540, 900), (-36, 522, 936), (0, 504, 900), (0, 522, 900), (-18, 522, 900), (-36, 522, 918), (0, 522, 936), (18, 522, 918), (-36, 522, 918), (-36, 522, 918), (-36, 522, 900), (0, 504, 900)]	(9701, 11382, 10018, 10972, 11742, 12557, 6493, 8951, 5591, 7735, 7237, 7378, 4914, 6864, 9652, 13577, 12079, 22195, 15226, 9108, 17395, 14365, 13404, 2163)
right	x	909928	(752, 350)	[(0, 522, 918), (-36, 522, 918), (-36, 522, 918), (0, 540, 900), (0, 522, 900), (0, 522, 900), (-36, 522, 918), (0, 522, 918), (0, 522, 918), (0, 522, 936), (0, 522, 918), (18, 522, 882), (0, 522, 918), (0, 522, 918), (0, 522, 918), (-18, 522, 936), (0, 522, 882), (-36, 540, 918), (18, 540, 882), (0, 522, 882), (0, 522, 900), (-54, 540, 900), (0, 540, 900), (18, 522, 900), (18, 522, 900)]	(9767, 11376, 10058, 10963, 11742, 12660, 6305, 8624, 5479, 7720, 6967, 7242, 4851, 6818, 9557, 13193, 12037, 22161, 15197, 9101, 17398, 14393, 13411, 2161)
right	i	911677	(591, 115)	[(-36, 522, 900), (-36, 522, 936), (0, 504, 918), (-18, 522, 900), (-36, 504, 918), (-18, 522, 918), (-36, 540, 936), (0, 504, 936), (-36, 522, 918), (0, 522, 900), (0, 504, 900), (18, 522, 900), (-18, 522, 918), (0, 504, 936), (-18, 522, 936), (0, 522, 900), (-18, 522, 936), (0, 504, 918), (-36, 504, 936), (-18, 504, 918), (0, 522, 918), (-18, 522, 900), (-36, 504, 900), (-36, 504, 900), (0, 504, 918)]	(9772, 11441, 10081, 11025, 11779, 13091, 6467, 8925, 5595, 7834, 7078, 7276, 4946, 6918, 9813, 13611, 12114, 22276, 15245, 9114, 17430, 14421, 13451, 2153)
right	d	913454	(658, 338)	[(0, 504, 918), (-18, 522, 900), (0, 522, 882), (0, 522, 900), (0, 522, 900), (0, 522, 918), (0, 540, 900), (0, 522, 882), (18, 522, 918), (-36, 486, 918), (0, 504, 900), (0, 522, 918), (0, 522, 918), (0, 522, 918), (-18, 522, 900), (-36, 522, 900), (0, 522, 900), (0, 522, 918), (-36, 522, 900), (-36, 504, 900), (0, 522, 918), (0, 522, 918), (0, 522, 900), (-54, 522, 918), (36, 522, 936)]	(9809, 11444, 10089, 11012, 11751, 12735, 6394, 8739, 5579, 7773, 7039, 7240, 4948, 6887, 9645, 13782, 12110, 22243, 15275, 9115, 17495, 14461, 13466, 2168)
right	r	914891	(586, 315)	[(0, 522, 918), (-36, 522, 918), (-18, 522, 900), (0, 540, 882), (0, 522, 900), (18, 522, 900), (0, 522, 900), (0, 522, 918), (0, 522, 936), (18, 522, 918), (0, 522, 918), (-18, 522, 882), (0, 522, 900), (18, 540, 918), (0, 522, 918), (0, 522, 900), (-36, 522, 900), (-36, 540, 882), (-18, 540, 918), (0, 540, 900), (-36, 522, 900), (-18, 522, 918), (0, 522, 918), (-18, 540, 918), (0, 522, 918)]	(9792, 11415, 10085, 10998, 11769, 13048, 6481, 8859, 5580, 7797, 7145, 7337, 4955, 6878, 9703, 13844, 12117, 22247, 15299, 9128, 17526, 14483, 13478, 2165)
right	k	916377	(678, 95)	[(-36, 540, 882), (-36, 522, 918), (18, 522, 918), (54, 522, 954), (54, 486, 936), (36, 504, 900), (18, 504, 900), (18, 522, 900), (18, 540, 918), (18, 522, 918), (18, 504, 918), (18, 522, 936), (0, 522, 936), (0, 522, 900), (0, 504, 918), (18, 504, 918), (0, 504, 900), (0, 504, 918), (18, 522, 918), (0, 522, 918), (0, 504, 918), (0, 504, 918), (0, 504, 900), (-18, 522, 918), (-18, 522, 918)]	(9856, 11434, 10081, 11028, 11803, 13518, 6723, 8895, 5710, 7935, 7301, 7349, 4990, 6965, 9853, 13846, 12109, 22234, 15265, 9105, 17467, 14431, 13427, 2162)
right	e	918128	(582, 342)	[(0, 522, 918), (18, 504, 918), (18, 522, 900), (0, 504, 918), (0, 522, 900), (18, 522, 900), (18, 522, 936), (18, 522, 900), (0, 522, 918), (18, 522, 900), (18, 522, 936), (0, 504, 918), (0, 504, 936), (18, 504, 900), (18, 522, 882), (72, 504, 936), (-36, 522, 918), (-36, 504, 864), (0, 522, 900), (0, 540, 918), (-18, 540, 918), (0, 522, 936), (0, 504, 936), (-36, 522, 918), (18, 504, 864)]	(9787, 11471, 10135, 11076, 11833, 13581, 6650, 9024, 5859, 8020, 7316, 7459, 5061, 7001, 9749, 14191, 12126, 22212, 15348, 9139, 17566, 14475, 13457, 2165)
left	u	920058	(569, 159)	[(18, 522, 918), (18, 522, 900), (0, 504, 918), (0, 504, 900), (0, 522, 900), (0, 504, 918), (-18, 522, 918), (-18, 522, 918), (18, 522, 882), (0, 522, 918), (0, 522, 954), (-36, 504, 972), (-36, 504, 972), (-108, 504, 1026), (-18, 540, 864), (54, 594, 810), (72, 594, 864), (90, 576, 864), (36, 576, 846), (72, 594, 828), (72, 594, 846), (72, 594, 846), (72, 594, 864), (54, 612, 864), (72, 594, 828)]	(9743, 11267, 10022, 10980, 11681, 11005, 6033, 10374, 5776, 7403, 7334, 8205, 5118, 6846, 9230, 14719, 11974, 22165, 15475, 9070, 17244, 14366, 13397, 2150)
right	h	921856	(658, 182)	[(18, 522, 918), (18, 504, 936), (0, 522, 918), (0, 486, 918), (0, 504, 936), (36, 522, 918), (0, 522, 918), (18, 504, 918), (18, 504, 918), (18, 522, 900), (18, 504, 918), (0, 504, 936), (0, 504, 918), (18, 504, 918), (18, 522, 918), (18, 504, 936), (0, 504, 918), (0, 504, 900), (0, 504, 900), (18, 504, 936), (18, 504, 900), (0, 504, 936), (0, 504, 936), (-18, 522, 900), (36, 504, 918)]	(9853, 11460, 10130, 11103, 11861, 13879, 7071, 9152, 6069, 8230, 7532, 7618, 5120, 7184, 9964, 14200, 12144, 22250, 15313, 9129, 17510, 14453, 13411, 2174)
left	x	923621	(734, 342)	[(0, 522, 900), (-18, 522, 936), (36, 504, 900), (0, 522, 900), (0, 504, 918), (0, 522, 936), (0, 504, 918), (0, 504, 900), (-18, 522, 900), (0, 522, 900), (0, 522, 900), (18, 504, 918), (18, 522, 918), (-18, 522, 954), (0, 522, 900), (0, 504, 918), (0, 504, 900), (0, 522, 900), (0, 504, 918), (18, 504, 936), (18, 522, 918), (0, 504, 936), (18, 504, 900), (18, 504, 918), (18, 504, 936)]	(9902, 11471, 10185, 11042, 11798, 13407, 6782, 8677, 5980, 8182, 7430, 7261, 5134, 7150, 10032, 14211, 12110, 22188, 15230, 9102, 17394, 14401, 13347, 2158)
left	n	924850	(746, 145)	[(18, 522, 918), (18, 504, 900), (18, 504, 918), (18, 504, 918), (18, 504, 918), (18, 522, 918), (18, 504, 918), (18, 504, 918), (18, 504, 918), (0, 504, 918), (18, 504, 900), (18, 504, 918), (0, 504, 918), (18, 504, 918), (18, 504, 900), (18, 504, 918), (18, 504, 918), (18, 504, 918), (18, 504, 918), (18, 504, 918), (18, 522, 918), (18, 504, 918), (18, 486, 936), (0, 504, 918), (36, 486, 954)]	(9927, 11482, 10190, 11076, 11837, 13656, 6885, 8776, 6053, 8295, 7480, 7435, 5178, 7199, 10141, 14251, 12156, 22283, 15282, 9128, 17507, 14457, 13386, 2182)
right	o	926586	(603, 92)	[(18, 504, 882), (0, 504, 918), (0, 504, 918), (18, 522, 900), (18, 504, 936), (0, 522, 918), (18, 504, 918), (18, 504, 918), (0, 504, 936), (18, 486, 936), (0, 486, 936), (0, 504, 936), (0, 504, 918), (18, 504, 918), (18, 486, 918), (18, 504, 918), (18, 504, 936), (18, 504, 918), (0, 504, 918), (0, 504, 882), (18, 486, 936), (18, 504, 918), (0, 504, 918), (36, 504, 882), (0, 504, 954)]	(9920, 11469, 10158, 11076, 11833, 13744, 6839, 8795, 5951, 8329, 7436, 7339, 5164, 7180, 10216, 14190, 12187, 22321, 15271, 9127, 17507, 14460, 13408, 2182)
left	k	928169	(657, 106)	[(0, 504, 936), (0, 486, 918), (18, 504, 918), (0, 486, 918), (18, 504, 900), (18, 486, 954), (18, 504, 918), (18, 504, 936), (0, 504, 900), (0, 522, 918), (0, 504, 954), (36, 504, 936), (-90, 486, 954), (-54, 486, 936), (18, 504, 936), (36, 540, 900), (54, 522, 882), (54, 522, 864), (90, 558, 864), (108, 558, 900), (72, 558, 882), (54, 558, 864), (54, 540, 882), (54, 576, 882), (54, 576, 882)]	(9838, 11340, 10106, 11010, 11712, 12566, 6578, 9642, 5857, 7497, 7442, 7789, 5120, 7032, 9297, 14804, 12030, 22099, 15455, 9096, 17449, 14459, 13418, 2148)
left	w	929876	(573, 395)	[(36, 504, 918), (36, 504, 918), (36, 504, 900), (36, 504, 918), (36, 504, 954), (36, 504, 900), (36, 504, 882), (36, 504, 936), (36, 504, 918), (36, 504, 918), (18, 504, 918), (18, 486, 918), (36, 522, 936), (18, 504, 882), (36, 522, 900), (18, 504, 918), (18, 504, 918), (36, 504, 936), (36, 504, 918), (36, 504, 918), (36, 522, 918), (36, 522, 918), (18, 504, 900), (36, 504, 918), (18, 504, 954)]	(9946, 11446, 10084, 11086, 11787, 13288, 6873, 9413, 6035, 8067, 7623, 7811, 5226, 7235, 9855, 14812, 12145, 22213, 15346, 9124, 17431, 14400, 13393, 2174)
right	f	932643	(671, 284)	[(18, 504, 900), (0, 504, 918), (18, 504, 936), (18, 504, 882), (18, 504, 918), (18, 504, 918), (0, 504, 900), (18, 522, 918), (36, 504, 900), (0, 504, 918), (0, 522, 936), (18, 522, 936), (18, 504, 936), (18, 504, 936), (18, 504, 918), (18, 504, 900), (18, 504, 918), (18, 504, 900), (18, 504, 918), (18, 504, 936), (18, 504, 918), (0, 504, 918), (18, 504, 936), (0, 504, 900), (18, 522, 954)]	(10038, 11514, 10192, 11130, 11839, 13751, 7075, 9114, 6114, 8214, 7634, 7543, 5153, 7147, 10013, 14297, 12186, 22295, 15325, 9132, 17534, 14492, 13443, 2178)
left	m	934773	(747, 109)	[(36, 504, 900), (36, 522, 936), (36, 504, 900), (36, 504, 882), (36, 504, 900), (36, 522, 900), (36, 504, 900), (36, 504, 918), (36, 504, 918), (18, 522, 918), (18, 504, 972), (36, 540, 936), (0, 522, 900), (54, 522, 900), (54, 540, 882), (36, 540, 936), (54, 540, 864), (54, 522, 918), (72, 540, 864), (18, 540, 918), (36, 522, 900), (72, 540, 900), (54, 558, 900), (54, 522, 900), (54, 540, 918)]	(9867, 11390, 10074, 11046, 11707, 12074, 6564, 9698, 6030, 7812, 7608, 7642, 5229, 7232, 9624, 15242, 12094, 22086, 15296, 9104, 17370, 14436, 13404, 2165)
left	z	936457	(733, 413)	[(18, 504, 900), (36, 504, 918), (18, 522, 882), (36, 522, 900), (18, 504, 918), (36, 522, 954), (18, 504, 936), (36, 504, 918), (36, 522, 900), (36, 522, 918), (36, 504, 936), (36, 522, 918), (18, 486, 918), (18, 504, 918), (18, 504, 882), (36, 522, 918), (36, 504, 900), (18, 504, 918), (18, 522, 900), (18, 486, 936), (36, 486, 954), (36, 504, 954), (18, 504, 918), (18, 504, 918), (36, 486, 918)]	(9941, 11422, 10089, 11039, 11795, 13286, 6824, 8855, 6094, 8243, 7606, 7470, 5259, 7375, 10023, 14574, 12200, 22163, 15171, 9108, 17329, 14377, 13350, 2179)
left	s	938399	(662, 379)	[(36, 504, 918), (36, 504, 918), (36, 486, 936), (54, 486, 954), (54, 504, 936), (36, 504, 900), (54, 504, 900), (36, 486, 918), (36, 486, 918), (54, 504, 936), (54, 504, 954), (54, 504, 918), (36, 504, 918), (36, 486, 918), (36, 486, 918), (36, 504, 918), (54, 486, 936), (36, 504, 936), (54, 522, 936), (54, 486, 918), (36, 486, 936), (36, 504, 918), (36, 486, 882), (54, 504, 882), (54, 486, 900)]	(9963, 11396, 10071, 11025, 11802, 13372, 6812, 8798, 6024, 8170, 7583, 7405, 5276, 7460, 9915, 14794, 12150, 22132, 15199, 9100, 17305, 14364, 13345, 2178)
left	e	939764	(579, 341)	[(36, 504, 900), (54, 504, 900), (36, 522, 936), (36, 504, 936), (36, 522, 918), (54, 504, 936), (36, 504, 918), (54, 504, 936), (72, 522, 918), (36, 504, 900), (54, 522, 900), (54, 522, 900), (54, 522, 936), (54, 522, 900), (36, 522, 900), (36, 522, 900), (36, 522, 900), (54, 522, 900), (54, 522, 918), (54, 522, 936), (72, 522, 900), (54, 504, 900), (54, 522, 918), (54, 522, 900), (72, 522, 918)]	(10006, 11399, 10090, 11050, 11785, 13205, 6749, 9001, 6052, 8326, 7609, 7523, 5332, 7430, 10245, 14850, 12198, 22277, 15253, 9102, 17296, 14365, 13355, 2184)
right	s	942387	(665, 383)	[(36, 522, 900), (18, 522, 918), (18, 540, 918), (36, 540, 882), (18, 540, 900), (18, 522, 918), (36, 522, 882), (18, 522, 936), (36, 522, 936), (36, 522, 900), (18, 522, 900), (36, 522, 936), (36, 522, 900), (36, 522, 900), (18, 522, 918), (18, 522, 918), (18, 522, 918), (36, 522, 900), (18, 522, 900), (36, 540, 918), (18, 522, 936), (36, 522, 918), (18, 522, 918), (18, 540, 864), (54, 522, 918)]	(10220, 11531, 10235, 11133, 11880, 13984, 7023, 8917, 6159, 8410, 7614, 7501, 5240, 7171, 10125, 14597, 12217, 22299, 15299, 9137, 17537, 14514, 13462, 2193)
left	b	944135	(762, 207)	[(36, 522, 900), (18, 522, 918), (36, 540, 900), (36, 540, 900), (18, 522, 918), (36, 522, 918), (36, 522, 936), (36, 504, 936), (36, 540, 918), (36, 522, 918), (18, 522, 900), (18, 540, 936), (54, 522, 882), (54, 522, 900), (54, 522, 900), (54, 540, 882), (36, 522, 900), (54, 540, 900), (54, 540, 900), (72, 540, 900), (54, 540, 900), (36, 522, 918), (54, 540, 882), (54, 522, 918), (72, 540, 900)]	(9941, 11413, 10118, 11039, 11786, 12938, 6723, 8966, 6134, 8306, 7606, 7491, 5347, 7439, 10090, 15026, 12186, 22185, 15218, 9101, 17327, 14411, 13408, 2186)
left	o	946174	(585, 72)	[(54, 540, 936), (54, 522, 882), (36, 540, 900), (54, 540, 882), (54, 540, 936), (54, 540, 918), (36, 540, 936), (36, 540, 972), (36, 522, 918), (0, 540, 990), (54, 558, 846), (72, 594, 792), (72, 594, 828), (90, 576, 846), (126, 612, 828), (108, 612, 864), (90, 612, 846), (72, 612, 864), (90, 594, 828), (90, 612, 846), (72, 612, 864), (108, 612, 864), (90, 612, 846), (72, 630, 846), (90, 630, 846)]	(9830, 11331, 10142, 11067, 11729, 12562, 6855, 10383, 6047, 7520, 7746, 8302, 5275, 7091, 9348, 15442, 12085, 22195, 15573, 9114, 17541, 14649, 13671, 2176)
right	v	948219	(733, 242)	[(54, 540, 900), (54, 576, 900), (54, 558, 882), (54, 558, 882), (54, 558, 882), (54, 558, 900), (54, 558, 882), (54, 558, 900), (72, 558, 882), (36, 558, 900), (54, 558, 900), (54, 540, 882), (72, 576, 864), (54, 558, 882), (36, 558, 864), (54, 558, 936), (54, 576, 900), (54, 558, 882), (54, 558, 882), (54, 558, 882), (54, 558, 900), (54, 558, 918), (72, 558, 882), (54, 558, 900), (54, 558, 900)]	(10018, 11416, 10133, 11089, 11833, 13542, 6960, 9076, 6112, 8168, 7692, 7649, 5230, 7279, 9840, 14707, 12182, 22083, 15362, 9151, 17669, 14708, 13659, 2171)
left	f	949961	(656, 288)	[(54, 558, 900), (72, 558, 900), (54, 558, 900), (54, 558, 882), (36, 558, 900), (54, 558, 900), (54, 558, 882), (54, 558, 900), (54, 558, 900), (54, 558, 900), (54, 558, 882), (72, 558, 900), (36, 540, 864), (54, 576, 900), (54, 558, 882), (54, 558, 882), (54, 558, 882), (54, 558, 882), (54, 558, 882), (54, 558, 882), (72, 558, 864), (36, 558, 882), (36, 558, 900), (54, 558, 882), (54, 558, 900)]	(10036, 11418, 10151, 11095, 11822, 13455, 6932, 9090, 6108, 8170, 7730, 7636, 5241, 7274, 9797, 14800, 12170, 22045, 15348, 9150, 17612, 14666, 13630, 2171)
right	i	951550	(576, 114)	[(54, 558, 900), (54, 558, 900), (54, 558, 864), (54, 540, 882), (54, 540, 900), (54, 558, 882), (72, 558, 900), (54, 540, 918), (54, 558, 900), (54, 558, 882), (54, 540, 900), (72, 558, 882), (54, 540, 882), (72, 540, 900), (54, 558, 882), (54, 558, 900), (54, 558, 900), (54, 558, 882), (54, 558, 900), (72, 558, 882), (54, 540, 900), (36, 558, 900), (72, 558, 918), (54, 576, 828), (36, 540, 918)]	(10021, 11410, 10143, 11083, 11832, 13615, 6958, 9047, 6066, 8216, 7688, 7628, 5221, 7247, 9860, 14693, 12196, 22096, 15341, 9148, 17604, 14660, 13633, 2177)
right	k	953032	(659, 98)	[(54, 540, 900), (54, 540, 918), (54, 558, 900), (54, 558, 882), (54, 540, 900), (54, 540, 882), (54, 540, 900), (54, 558, 882), (54, 540, 882), (54, 558, 882), (54, 540, 918), (36, 540, 900), (54, 558, 882), (72, 558, 900), (54, 540, 882), (54, 558, 900), (72, 558, 900), (54, 540, 900), (54, 558, 882), (54, 540, 882), (54, 540, 882), (54, 540, 918), (54, 558, 918), (36, 558, 882), (54, 540, 900)]	(10041, 11434, 10168, 11112, 11856, 13748, 6998, 9105, 6205, 8214, 7735, 7657, 5252, 7232, 9899, 14715, 12215, 22123, 15360, 9163, 17683, 14703, 13671, 2186)
left	a	954559	(652, 433)	[(54, 540, 900), (72, 540, 900), (54, 558, 864), (54, 540, 900), (54, 558, 882), (54, 540, 900), (72, 558, 900), (72, 558, 900), (54, 540, 900), (54, 558, 882), (72, 540, 900), (54, 540, 882), (72, 558, 882), (54, 540, 936), (54, 540, 882), (36, 540, 900), (54, 540, 918), (54, 540, 864), (54, 540, 900), (54, 540, 900), (54, 540, 900), (54, 540, 918), (72, 540, 900), (54, 540, 882), (54, 540, 900)]	(10024, 11419, 10120, 11082, 11848, 13695, 6949, 9059, 6091, 8141, 7720, 7642, 5209, 7258, 9700, 14800, 12166, 22006, 15326, 9142, 17570, 14636, 13623, 2170)
right	m	956142	(745, 99)	[(54, 540, 900), (54, 540, 900), (72, 540, 918), (54, 540, 918), (54, 540, 900), (72, 522, 900), (54, 522, 900), (54, 540, 900), (72, 540, 900), (54, 540, 900), (54, 540, 918), (54, 540, 900), (72, 540, 882), (54, 522, 900), (54, 540, 900), (54, 540, 918), (54, 540, 900), (54, 540, 900), (54, 522, 900), (72, 522, 900), (54, 522, 918), (54, 540, 900), (54, 540, 918), (72, 540, 882), (72, 522, 900)]	(10007, 11391, 10122, 11053, 11859, 13711, 6943, 8980, 6053, 8284, 7738, 7651, 5245, 7343, 9841, 14835, 12185, 22031, 15328, 9138, 17576, 14644, 13625, 2184)
left	g	957675	(666, 238)	[(54, 540, 900), (72, 540, 900), (54, 540, 900), (54, 540, 900), (72, 540, 882), (72, 522, 918), (54, 540, 900), (54, 522, 900), (54, 540, 900), (54, 522, 918), (54, 522, 900), (54, 540, 900), (54, 540, 918), (54, 522, 900), (54, 540, 882), (54, 558, 882), (54, 540, 882), (54, 540, 918), (54, 558, 882), (54, 540, 882), (54, 540, 864), (54, 558, 864), (54, 558, 882), (72, 558, 918), (54, 558, 882)]	(10012, 11383, 10105, 11051, 11805, 13185, 6888, 9005, 6002, 8304, 7675, 7644, 5298, 7289, 10108, 14838, 12197, 22191, 15250, 9121, 17408, 14591, 13608, 2167)
left	m	959601	(740, 102)	[(54, 558, 900), (54, 540, 900), (72, 540, 900), (72, 522, 900), (54, 540, 900), (54, 540, 900), (54, 540, 900), (54, 558, 900), (72, 540, 918), (54, 540, 900), (72, 558, 900), (72, 540, 864), (36, 558, 900), (54, 558, 882), (72, 540, 900), (72, 558, 864), (72, 576, 900), (72, 576, 900), (54, 558, 882), (54, 558, 882), (72, 558, 864), (54, 576, 864), (72, 576, 900), (72, 558, 882), (54, 576, 882)]	(9949, 11399, 10126, 11058, 11755, 12650, 6831, 9510, 6027, 8032, 7705, 7814, 5293, 7308, 9701, 15472, 12152, 22053, 15289, 9123, 17473, 14629, 13636, 2187)
left	h	961443	(669, 180)	[(54, 540, 900), (54, 540, 882), (54, 540, 882), (72, 540, 846), (72, 558, 882), (54, 540, 900), (54, 558, 882), (72, 558, 900), (72, 558, 900), (54, 558, 900), (72, 576, 882), (72, 576, 900), (72, 558, 864), (54, 558, 882), (72, 558, 900), (72, 558, 900), (72, 558, 900), (72, 558, 918), (72, 558, 882), (72, 558, 882), (72, 558, 900), (72, 558, 882), (72, 558, 864), (72, 558, 882)]	(9968, 11390, 10100, 11044, 11761, 12594, 6782, 9475, 6021, 8137, 7673, 7863, 5372, 7346, 9908, 15447, 12172, 22085, 15271, 9130, 17419, 14594, 13593, 2183)
right	z	963278	(736, 377)	[(72, 540, 864), (72, 540, 918), (90, 540, 900), (54, 522, 936), (72, 540, 882), (72, 540, 882), (72, 540, 900), (54, 522, 918), (72, 540, 900), (72, 540, 936), (54, 522, 918), (72, 522, 900), (72, 522, 918), (72, 540, 936), (72, 540, 918), (90, 504, 900), (90, 540, 882), (72, 522, 918), (54, 522, 864), (36, 540, 900), (72, 522, 918), (72, 522, 918), (90, 522, 900), (72, 522, 882), (54, 540, 936)]	(10006, 11461, 10157, 11036, 11851, 14207, 6594, 8211, 5772, 8175, 7131, 7197, 4994, 6957, 9739, 13036, 12200, 22085, 15382, 9163, 17860, 14798, 13743, 2183)
right	n	964960	(745, 144)	[(54, 522, 918), (54, 522, 918), (54, 522, 918), (54, 522, 900), (54, 504, 918), (54, 522, 918), (54, 522, 900), (54, 522, 900), (72, 522, 900), (54, 522, 900), (54, 504, 900), (54, 504, 918), (54, 504, 918), (72, 522, 918), (72, 522, 900), (54, 504, 918), (72, 522, 918), (54, 504, 918), (54, 504, 918), (54, 522, 900), (54, 522, 918), (54, 522, 918), (72, 522, 882), (54, 522, 954)]	(10019, 11467, 10169, 11057, 11843, 13703, 6763, 8788, 6129, 8572, 7405, 7466, 5282, 7661, 10095, 14576, 12223, 21992, 15281, 9138, 17612, 14633, 13609, 2184)
right	q	966593	(586, 451)	[(72, 522, 900), (72, 522, 918), (54, 522, 882), (72, 522, 900), (54, 522, 918), (54, 522, 918), (54, 522, 918), (54, 522, 918), (54, 522, 918), (72, 504, 936), (54, 522, 900), (54, 540, 936), (72, 522, 918), (72, 540, 900), (54, 540, 900), (36, 540, 918), (36, 540, 918), (36, 558, 846), (18, 558, 828), (0, 540, 864), (54, 594, 882), (18, 558, 864), (0, 576, 900), (-54, 576, 900), (0, 576, 882)]	(10063, 11477, 10211, 11029, 11789, 12902, 6195, 8160, 5672, 8405, 6572, 7043, 4853, 6758, 10241, 8655, 12319, 22407, 15430, 9212, 18120, 15012, 13911, 2191)
right	z	967927	(743, 381)	[(54, 540, 900), (36, 558, 900), (36, 540, 900), (54, 558, 918), (54, 540, 882), (36, 540, 900), (36, 558, 900), (54, 540, 882), (54, 558, 918), (36, 540, 900), (54, 540, 900), (54, 558, 900), (36, 558, 918), (36, 558, 900), (18, 522, 936), (36, 558, 882), (36, 558, 900), (36, 558, 900), (36, 540, 882), (36, 540, 900), (36, 540, 900), (36, 558, 900), (36, 540, 918), (18, 540, 900), (36, 540, 918)]	(10084, 11535, 10270, 11065, 11846, 13444, 6470, 8515, 5793, 8722, 7060, 7315, 5194, 7257, 10311, 14060, 12225, 22151, 15366, 9166, 17852, 14777, 13659, 2195)
left	j	970184	(665, 140)	[(36, 540, 918), (36, 540, 918), (36, 540, 900), (36, 540, 882), (36, 522, 918), (36, 540, 918), (18, 540, 954), (0, 540, 954), (0, 540, 936), (36, 558, 936), (18, 558, 936), (72, 558, 900), (90, 594, 864), (108, 594, 846), (90, 576, 864), (90, 594, 828), (90, 594, 846), (72, 612, 918), (72, 594, 846), (90, 594, 864), (90, 594, 882), (72, 576, 882), (72, 594, 882), (72, 594, 864), (90, 594, 828)]	(9911, 11356, 10115, 11015, 11748, 12163, 6368, 9659, 6038, 8399, 7300, 7957, 5380, 7552, 10141, 15092, 12198, 22033, 15372, 9116, 17539, 14636, 13580, 2185)
right	x	972070	(743, 336)	[(36, 540, 900), (36, 540, 900), (54, 540, 918), (54, 558, 882), (54, 558, 882), (36, 540, 882), (36, 558, 882), (54, 558, 918), (36, 540, 900), (36, 558, 918), (36, 558, 900), (36, 540, 882), (36, 540, 900), (36, 558, 900), (54, 540, 882), (36, 540, 900), (36, 558, 900), (36, 558, 882), (36, 540, 918), (36, 540, 900), (54, 540, 900), (54, 558, 918), (54, 558, 900), (54, 558, 882), (36, 540, 900)]	(10187, 11570, 10248, 11086, 11836, 13540, 6587, 8645, 5924, 8712, 7203, 7395, 5244, 7378, 10255, 14402, 12232, 22086, 15333, 9155, 17771, 14760, 13675, 2199)
left	v	974715	(760, 246)	[(36, 540, 900), (36, 540, 882), (36, 540, 918), (36, 540, 900), (36, 540, 918), (36, 540, 900), (36, 540, 900), (36, 558, 882), (36, 540, 900), (36, 540, 900), (36, 540, 918), (54, 558, 900), (36, 540, 864), (36, 558, 936), (54, 540, 882), (36, 540, 882), (54, 540, 900), (36, 558, 918), (36, 558, 900), (36, 540, 882), (36, 540, 900), (54, 540, 882), (54, 558, 828), (54, 558, 900), (36, 558, 900)]	(10116, 11491, 10213, 11069, 11817, 13106, 6583, 8847, 6055, 8774, 7288, 7448, 5317, 7643, 10322, 14735, 12226, 22043, 15264, 9127, 17612, 14666, 13615, 2195)
right	y	976569	(570, 206)	[(36, 540, 900), (36, 540, 918), (36, 558, 900), (36, 558, 900), (36, 558, 864), (54, 540, 882), (54, 558, 882), (36, 558, 900), (36, 558, 882), (36, 558, 882), (54, 558, 882), (36, 558, 882), (36, 558, 882), (54, 558, 882), (36, 540, 900), (36, 540, 882), (36, 540, 900), (36, 576, 918), (54, 558, 900), (36, 558, 882), (36, 558, 900), (36, 558, 882), (54, 558, 900), (36, 558, 900), (36, 558, 900)]	(10180, 11500, 10216, 11067, 11824, 13304, 6555, 8783, 5982, 8870, 7234, 7435, 5210, 7445, 10484, 14240, 12259, 22145, 15275, 9136, 17653, 14711, 13641, 2195)
left	c	978557	(746, 299)	[(36, 540, 900), (54, 558, 900), (36, 558, 900), (54, 558, 882), (36, 540, 900), (54, 540, 882), (54, 540, 900), (54, 558, 900), (36, 558, 864), (36, 558, 882), (54, 540, 900), (54, 540, 900), (36, 558, 882), (54, 558, 900), (54, 558, 882), (54, 540, 900), (54, 558, 882), (54, 558, 900), (54, 540, 918), (36, 540, 900), (54, 558, 900), (36, 540, 882), (72, 540, 900), (54, 540, 900), (54, 558, 882)]	(10154, 11496, 10226, 11087, 11835, 13251, 6623, 8857, 6106, 8849, 7289, 7481, 5317, 7575, 10366, 14652, 12245, 22083, 15316, 9140, 17687, 14711, 13630, 2191)
left	z	980088	(743, 389)	[(54, 540, 882), (36, 540, 900), (54, 558, 900), (36, 540, 900), (36, 540, 918), (54, 540, 900), (36, 540, 900), (54, 558, 918), (54, 540, 882), (54, 540, 900), (54, 540, 900), (54, 540, 900), (54, 540, 900), (36, 558, 900), (54, 540, 918), (36, 522, 918), (36, 540, 882), (54, 522, 918), (36, 540, 900), (36, 540, 900), (54, 540, 918), (54, 522, 900), (36, 522, 900), (54, 522, 900), (54, 540, 900)]	(10128, 11490, 10187, 11076, 11847, 13502, 6591, 8817, 6143, 8794, 7322, 7529, 5299, 7641, 10178, 14657, 12230, 21972, 15291, 9138, 17663, 14699, 13614, 2200)
left	f	982432	(643, 283)	[(36, 522, 900), (36, 540, 918), (54, 540, 918), (36, 540, 882), (36, 540, 882), (36, 522, 918), (54, 540, 882), (54, 540, 900), (54, 540, 882), (54, 522, 900), (54, 540, 900), (54, 540, 900), (54, 540, 918), (54, 540, 882), (54, 558, 900), (54, 540, 900), (54, 540, 900), (72, 558, 918), (54, 558, 900), (54, 540, 882), (54, 540, 900), (54, 540, 918), (54, 558, 900), (54, 540, 882), (54, 540, 900)]	(10142, 11480, 10184, 11067, 11820, 13240, 6550, 8916, 6148, 8758, 7276, 7529, 5261, 7578, 10304, 14745, 12235, 22072, 15305, 9140, 17660, 14691, 13630, 2196)
left	i	984231	(580, 116)	[(54, 540, 900), (36, 540, 900), (54, 540, 918), (54, 540, 936), (54, 540, 918), (54, 558, 918), (54, 540, 918), (36, 540, 918), (36, 540, 918), (36, 558, 918), (36, 558, 918), (36, 594, 918), (72, 594, 900), (72, 594, 864), (90, 594, 792), (90, 612, 828), (72, 612, 828), (90, 630, 792), (90, 630, 846), (90, 630, 828), (72, 612, 828), (54, 630, 864), (72, 630, 846), (72, 630, 828), (108, 630, 846)]	(9944, 11349, 10110, 11018, 11729, 12610, 6442, 9737, 5949, 7903, 7246, 8194, 5234, 7244, 9685, 14920, 12134, 22034, 15491, 9120, 17624, 14716, 13655, 2182)
right	e	986738	(585, 354)	[(36, 558, 900), (36, 558, 864), (54, 576, 882), (36, 558, 900), (54, 576, 882), (36, 576, 882), (54, 576, 882), (54, 576, 846), (36, 558, 900), (36, 576, 864), (36, 576, 864), (36, 558, 900), (36, 576, 882), (36, 558, 882), (36, 576, 882), (36, 558, 864), (36, 558, 882), (36, 576, 882), (36, 576, 882), (36, 558, 882), (36, 576, 864), (36, 558, 864), (54, 576, 882), (36, 558, 864), (36, 576, 864)]	(10205, 11501, 10222, 11089, 11876, 14101, 6570, 8711, 5901, 8690, 7172, 7457, 5134, 7244, 10344, 13243, 12248, 22204, 15412, 9176, 17959, 14855, 13740, 2205)
right	b	988271	(742, 182)	[(36, 558, 900), (54, 558, 918), (54, 558, 882), (54, 576, 900), (36, 558, 882), (36, 558, 882), (36, 558, 864), (36, 558, 900), (54, 558, 900), (54, 558, 900), (36, 558, 882), (54, 558, 900), (54, 558, 882), (36, 558, 882), (36, 576, 882), (36, 558, 864), (36, 576, 882), (36, 558, 900), (36, 576, 900), (36, 558, 900), (36, 558, 864), (36, 558, 882), (36, 576, 918), (36, 558, 864), (54, 558, 900)]	(10213, 11530, 10250, 11108, 11868, 13722, 6696, 8957, 6110, 8812, 7307, 7539, 5249, 7544, 10315, 14196, 12248, 22107, 15381, 9182, 17896, 14815, 13681, 2210)
right	u	989657	(583, 166)	[(36, 558, 882), (54, 558, 900), (54, 576, 882), (36, 558, 882), (36, 558, 882), (36, 558, 900), (36, 558, 882), (54, 558, 882), (36, 576, 864), (36, 558, 882), (54, 558, 900), (18, 558, 864), (36, 558, 900), (54, 558, 900), (36, 558, 882), (36, 576, 918), (36, 576, 882), (36, 558, 864), (54, 558, 900), (54, 576, 864), (36, 558, 900), (36, 576, 918), (36, 558, 900), (36, 558, 882), (36, 558, 900)]	(10194, 11494, 10225, 11060, 11860, 13824, 6576, 8778, 5937, 8764, 7234, 7439, 5169, 7450, 10409, 13856, 12263, 22164, 15370, 9178, 17868, 14812, 13696, 2204)
left	c	991408	(746, 291)	[(54, 558, 882), (36, 558, 882), (36, 558, 882), (36, 540, 900), (36, 558, 918), (54, 558, 900), (36, 558, 900), (36, 558, 900), (54, 558, 882), (36, 558, 882), (36, 558, 900), (36, 540, 882), (54, 576, 882), (36, 558, 900), (36, 576, 882), (18, 540, 900), (54, 558, 882), (36, 576, 900), (36, 558, 900), (36, 558, 882), (54, 558, 882), (54, 558, 882), (54, 558, 882), (36, 558, 882), (54, 558, 864)]	(10195, 11491, 10225, 11065, 11849, 13625, 6647, 8853, 6042, 8680, 7295, 7494, 5245, 7553, 10245, 14307, 12222, 22052, 15326, 9152, 17799, 14765, 13649, 2207)
right	h	992824	(657, 173)	[(36, 558, 882), (36, 558, 882), (36, 558, 882), (36, 540, 900), (36, 558, 900), (54, 558, 900), (36, 558, 900), (54, 558, 882), (36, 558, 918), (54, 558, 900), (36, 558, 882), (54, 558, 918), (54, 558, 900), (18, 558, 900), (36, 558, 882), (36, 558, 882), (36, 558, 882), (36, 558, 882), (54, 558, 900), (54, 558, 900), (36, 540, 882), (36, 558, 882), (54, 540, 900), (36, 558, 882), (36, 558, 882)]	(10245, 11498, 10232, 11078, 11856, 13731, 6610, 8800, 5986, 8678, 7272, 7475, 5213, 7461, 10309, 14158, 12252, 22148, 15378, 9162, 17885, 14843, 13707, 2209)
left	e	994469	(578, 327)	[(36, 558, 882), (36, 558, 864), (36, 558, 900), (36, 558, 900), (36, 558, 900), (54, 558, 900), (36, 558, 900), (36, 558, 900), (36, 540, 882), (54, 576, 900), (36, 576, 900), (54, 558, 882), (54, 558, 882), (36, 558, 882), (54, 558, 900), (36, 576, 882), (54, 576, 864), (54, 558, 882), (36, 558, 882), (36, 558, 882), (36, 576, 900), (54, 576, 864), (54, 558, 900), (54, 576, 900), (36, 558, 882)]	(10245, 11485, 10218, 11056, 11846, 13510, 6625, 8855, 5998, 8631, 7263, 7525, 5246, 7488, 10227, 14319, 12212, 22042, 15353, 9156, 17817, 14775, 13638, 2207)
right	g	997114	(664, 236)	[(54, 558, 900), (54, 558, 900), (36, 558, 918), (36, 558, 882), (36, 558, 882), (36, 558, 882), (36, 558, 882), (54, 558, 882), (36, 540, 900), (36, 558, 900), (54, 558, 900), (54, 558, 918), (54, 558, 900), (54, 558, 882), (54, 558, 900), (36, 576, 900), (36, 558, 900), (36, 558, 882), (36, 540, 918), (36, 540, 900), (36, 558, 900), (54, 558, 900), (54, 558, 900), (36, 558, 900), (54, 558, 882)]	(10285, 11506, 10249, 11081, 11871, 13743, 6643, 8865, 6100, 8752, 7285, 7530, 5235, 7521, 10306, 14300, 12234, 22108, 15375, 9167, 17879, 14816, 13677, 2193)
left	j	999660	(660, 142)	[(54, 594, 846), (54, 576, 864), (36, 576, 882), (54, 594, 864), (36, 576, 882), (36, 594, 864), (72, 594, 882), (54, 576, 828), (54, 594, 864), (54, 612, 882), (36, 612, 864), (54, 594, 864), (54, 612, 846), (54, 594, 864), (54, 594, 864), (36, 612, 882), (36, 594, 864), (72, 594, 846), (54, 612, 846), (36, 594, 864), (54, 594, 846), (54, 594, 882), (54, 594, 864), (54, 612, 864), (54, 594, 864)]	(10058, 11449, 10184, 11073, 11810, 13510, 6710, 9332, 6033, 8147, 7306, 7755, 5206, 7402, 9844, 14504, 12182, 22082, 15474, 9167, 17858, 14838, 13699, 2194)
left	g	1001810	(649, 237)	[(54, 594, 864), (36, 576, 900), (54, 558, 864), (36, 576, 864), (36, 576, 882), (36, 576, 882), (36, 576, 882), (36, 576, 900), (36, 558, 900), (36, 576, 882), (36, 576, 864), (36, 576, 864), (54, 576, 882), (36, 576, 864), (54, 594, 864), (36, 576, 900), (36, 594, 882), (54, 594, 882), (54, 576, 828), (54, 558, 864), (54, 576, 900), (54, 594, 882), (54, 594, 882), (54, 576, 882), (54, 594, 882)]	(10201, 11469, 10195, 11054, 11814, 13380, 6611, 9058, 6023, 8520, 7212, 7605, 5239, 7377, 10198, 14235, 12211, 22078, 15367, 9161, 17775, 14755, 13652, 2205)
left	s	1003446	(648, 368)	[(54, 576, 882), (36, 558, 900), (36, 576, 864), (36, 576, 900), (36, 576, 900), (36, 576, 882), (36, 558, 882), (36, 576, 882), (36, 576, 882), (36, 558, 900), (36, 558, 900), (54, 576, 882), (36, 576, 882), (36, 558, 900), (54, 576, 900), (36, 558, 882), (36, 576, 882), (36, 576, 864), (36, 576, 900), (36, 558, 882), (54, 576, 900), (36, 558, 882), (36, 558, 882), (36, 558, 882), (54, 558, 864)]	(10187, 11483, 10169, 11045, 11838, 13738, 6456, 8663, 5848, 8449, 7125, 7433, 5102, 7305, 9986, 13582, 12188, 22015, 15352, 9154, 17803, 14777, 13675, 2197)
left	r	1005746	(588, 299)	[(54, 576, 864), (54, 576, 882), (54, 576, 882), (36, 558, 900), (36, 576, 882), (36, 558, 882), (54, 558, 882), (36, 576, 882), (36, 576, 900), (36, 576, 882), (54, 558, 864), (54, 576, 882), (36, 558, 882), (54, 576, 900), (36, 576, 918), (36, 558, 900), (54, 558, 882), (36, 558, 864), (54, 594, 882), (54, 576, 900), (54, 558, 882), (54, 576, 900), (36, 558, 900), (54, 558, 882), (54, 576, 846)]	(10229, 11475, 10177, 11060, 11828, 13561, 6604, 8925, 6123, 8629, 7204, 7586, 5246, 7420, 10318, 14033, 12229, 22152, 15410, 9167, 17812, 14778, 13671, 2192)
right	a	1007431	(661, 416)	[(36, 558, 900), (36, 558, 900), (36, 558, 882), (36, 558, 900), (54, 540, 900), (18, 558, 900), (18, 540, 882), (18, 558, 900), (18, 558, 864), (36, 558, 882), (0, 558, 900), (18, 558, 882), (36, 558, 882), (36, 540, 900), (18, 558, 882), (18, 558, 864), (36, 540, 900), (18, 558, 882), (18, 558, 882), (18, 540, 882), (18, 540, 900), (18, 540, 900), (18, 540, 864), (-36, 558, 900), (36, 540, 882)]	(10243, 11529, 10200, 11044, 11887, 14308, 6356, 8610, 5757, 8627, 6880, 7390, 5036, 7094, 10143, 12869, 12265, 22176, 15358, 9194, 17943, 14821, 13795, 2168)
right	j	1009740	(667, 133)	[(18, 468, 936), (0, 450, 954), (18, 468, 936), (0, 468, 936), (18, 468, 936), (18, 486, 936), (0, 450, 954), (18, 468, 936), (0, 468, 936), (0, 468, 936), (0, 468, 936), (18, 468, 954), (0, 450, 954), (0, 450, 918), (0, 450, 954), (18, 450, 918), (0, 450, 936), (18, 450, 954), (18, 468, 936), (18, 468, 936), (18, 468, 936), (18, 468, 954), (0, 450, 954), (0, 468, 954), (36, 450, 918)]	(9975, 11393, 10105, 11046, 11897, 14295, 6517, 9196, 6112, 8877, 7262, 7664, 5235, 7647, 10308, 14102, 12274, 22005, 15225, 9135, 17612, 14602, 13630, 2193)
right	c	1011341	(738, 286)	[(18, 468, 954), (18, 468, 918), (0, 468, 954), (18, 468, 936), (0, 468, 936), (18, 468, 936), (0, 468, 936), (0, 468, 936), (0, 468, 954), (0, 468, 936), (18, 468, 954), (18, 468, 936), (0, 468, 936), (18, 468, 936), (0, 468, 900), (0, 468, 918), (18, 468, 918), (0, 468, 936), (0, 450, 936), (0, 468, 936), (18, 468, 936), (0, 468, 936), (0, 450, 936), (18, 486, 954), (-36, 486, 918)]	(9985, 11394, 10100, 11018, 11874, 13890, 6479, 9159, 6062, 8842, 7284, 7625, 5277, 7770, 10233, 14392, 12246, 21936, 15195, 9107, 17535, 14574, 13595, 2204)
left	u	1013368	(587, 160)	[(18, 468, 954), (36, 486, 918), (0, 486, 918), (18, 486, 918), (36, 486, 900), (18, 504, 936), (18, 504, 936), (18, 486, 972), (-54, 486, 972), (-54, 486, 972), (36, 486, 900), (54, 522, 882), (72, 540, 846), (72, 522, 864), (90, 540, 900), (90, 540, 882), (72, 558, 882), (72, 540, 882), (54, 522, 900), (54, 558, 900), (54, 558, 900), (72, 540, 864), (54, 540, 900), (72, 558, 864), (108, 576, 900)]	(9838, 11270, 10000, 10960, 11731, 12434, 6282, 10776, 6030, 8202, 7272, 8352, 5385, 7538, 10129, 15167, 12214, 22188, 15309, 9091, 17302, 14540, 13633, 2196)
left	i	1014960	(587, 130)	[(54, 486, 918), (18, 468, 918), (36, 486, 936), (36, 486, 954), (54, 486, 936), (54, 486, 936), (36, 468, 918), (36, 468, 918), (54, 486, 936), (18, 486, 954), (18, 486, 972), (36, 468, 972), (0, 486, 954), (18, 486, 900), (36, 486, 918), (36, 486, 954), (54, 540, 918), (72, 540, 918), (90, 540, 900), (90, 522, 882), (90, 540, 882), (90, 540, 864), (72, 522, 864), (90, 540, 900), (72, 558, 882)]	(9864, 11296, 10064, 10982, 11748, 12638, 6317, 10422, 5966, 8103, 7279, 8292, 5306, 7558, 9944, 14930, 12220, 22058, 15397, 9109, 17486, 14660, 13684, 2194)
right	a	1016596	(653, 436)	[(36, 468, 954), (36, 486, 936), (36, 468, 918), (36, 468, 900), (36, 468, 918), (18, 468, 936), (36, 468, 936), (36, 468, 936), (36, 468, 936), (36, 468, 936), (54, 468, 936), (36, 468, 936), (36, 468, 936), (36, 450, 918), (36, 450, 954), (36, 486, 954), (0, 486, 936), (36, 468, 918), (0, 450, 936), (0, 486, 936), (0, 468, 954), (18, 486, 918), (18, 468, 918), (18, 468, 972), (18, 468, 972)]	(10131, 11455, 10123, 10981, 11830, 14166, 5933, 8527, 5506, 8402, 6524, 7187, 4823, 6784, 10147, 8429, 12337, 22414, 15467, 9240, 18190, 14990, 13970, 2217)
left	k	1018226	(659, 105)	[(36, 468, 936), (18, 486, 936), (36, 486, 918), (18, 468, 918), (18, 468, 936), (18, 468, 936), (36, 486, 954), (0, 486, 954), (-36, 468, 954), (-90, 486, 972), (0, 486, 918), (54, 486, 900), (54, 486, 936), (72, 522, 864), (72, 522, 900), (90, 504, 900), (90, 522, 864), (72, 540, 900), (54, 522, 900), (90, 504, 936), (72, 522, 918), (72, 522, 918), (72, 540, 936), (90, 540, 900), (72, 522, 864)]	(9856, 11339, 10072, 10980, 11740, 12542, 6183, 9936, 5867, 8131, 7129, 7916, 5234, 7752, 9866, 14272, 12213, 22023, 15340, 9120, 17523, 14680, 13658, 2185)
left	v	1021146	(742, 249)	[(54, 486, 954), (54, 468, 936), (54, 468, 936), (54, 468, 936), (54, 468, 936), (54, 486, 936), (54, 468, 936), (72, 486, 918), (54, 486, 918), (54, 468, 936), (54, 486, 936), (54, 468, 936), (54, 486, 918), (72, 468, 954), (54, 486, 900), (72, 486, 918), (72, 486, 918), (36, 486, 918), (54, 486, 936), (72, 486, 936), (72, 486, 918), (54, 486, 900), (54, 468, 936), (54, 486, 936), (72, 486, 936)]	(9965, 11400, 10091, 11012, 11800, 13424, 6312, 9187, 6042, 8551, 7081, 7573, 5218, 7726, 10167, 13555, 12251, 22062, 15292, 9147, 17685, 14728, 13680, 2198)
left	d	1022677	(658, 329)	[(54, 468, 936), (54, 468, 918), (54, 468, 954), (72, 504, 936), (54, 486, 936), (54, 468, 918), (54, 486, 936), (54, 486, 936), (54, 486, 936), (36, 468, 936), (54, 468, 936), (54, 468, 918), (72, 486, 918), (54, 468, 918), (54, 468, 936), (54, 486, 918), (54, 468, 936), (54, 468, 936), (54, 468, 936), (54, 468, 954), (54, 468, 918), (54, 468, 918), (54, 468, 918), (72, 486, 936), (90, 468, 918)]	(9949, 11386, 10079, 11019, 11808, 13519, 6309, 9166, 6080, 8640, 7101, 7603, 5212, 7785, 10190, 13586, 12265, 22033, 15322, 9154, 17721, 14733, 13659, 2190)
right	w	1024477	(581, 401)	[(72, 468, 918), (36, 468, 918), (72, 486, 936), (72, 468, 918), (72, 468, 936), (72, 486, 936), (72, 468, 936), (72, 450, 900), (72, 468, 900), (90, 450, 936), (36, 486, 900), (-36, 468, 918), (18, 486, 954), (36, 486, 954), (36, 468, 972), (36, 468, 936), (36, 450, 954), (54, 450, 936), (36, 468, 936), (36, 450, 954), (36, 450, 954), (36, 468, 954), (36, 450, 936), (36, 450, 936), (36, 432, 936)]	(9954, 11375, 10095, 11000, 11855, 14349, 6037, 8713, 5656, 8504, 6673, 7375, 4849, 6895, 10255, 9136, 12316, 22358, 15410, 9196, 18042, 14941, 13895, 2203)
left	b	1026211	(746, 206)	[(36, 450, 954), (36, 468, 936), (36, 450, 918), (18, 468, 954), (36, 468, 936), (36, 468, 936), (36, 468, 954), (36, 468, 936), (18, 468, 936), (36, 450, 936), (36, 450, 954), (36, 468, 954), (18, 468, 972), (36, 468, 936), (36, 450, 954), (72, 504, 936), (90, 486, 900), (72, 504, 882), (72, 486, 918), (90, 486, 882), (54, 486, 900), (54, 486, 954), (72, 486, 936), (72, 504, 936), (90, 504, 900)]	(9945, 11354, 10029, 10977, 11748, 12092, 6025, 9548, 6070, 8544, 7093, 7658, 5321, 7818, 10210, 14590, 12224, 22031, 15212, 9105, 17436, 14595, 13612, 2196)
right	n	1028259	(739, 143)	[(72, 486, 936), (54, 486, 936), (72, 486, 936), (54, 468, 936), (54, 468, 918), (54, 486, 936), (54, 468, 936), (54, 468, 918), (54, 468, 918), (72, 486, 936), (54, 468, 954), (54, 468, 900), (72, 486, 918), (72, 468, 918), (54, 468, 918), (54, 468, 936), (72, 468, 936), (54, 468, 936), (54, 468, 936), (54, 468, 918), (54, 468, 936), (72, 468, 936), (54, 486, 936), (54, 468, 954), (36, 486, 936)]	(9967, 11369, 10059, 10981, 11771, 12550, 6108, 9235, 6012, 8606, 7063, 7585, 5200, 7652, 10201, 13763, 12226, 22007, 15228, 9118, 17561, 14641, 13617, 2193)
right	t	1030511	(575, 258)	[(54, 504, 918), (54, 486, 936), (36, 486, 936), (36, 504, 918), (36, 504, 936), (54, 504, 936), (54, 504, 936), (36, 486, 918), (54, 486, 900), (54, 504, 918), (36, 468, 936), (36, 486, 918), (36, 486, 936), (36, 486, 936), (36, 486, 918), (36, 486, 936), (36, 486, 918), (36, 486, 936), (54, 486, 936), (54, 486, 918), (36, 486, 918), (36, 486, 954), (54, 504, 936), (36, 486, 918), (36, 486, 918)]	(9963, 11393, 10089, 11019, 11837, 13980, 6193, 9009, 5931, 8797, 7073, 7525, 5162, 7523, 10385, 13298, 12278, 22167, 15320, 9154, 17761, 14762, 13710, 2214)
left	l	1032197	(659, 58)	[(54, 468, 954), (54, 486, 900), (36, 486, 936), (54, 486, 918), (36, 504, 936), (18, 504, 882), (36, 468, 936), (54, 486, 918), (36, 486, 936), (18, 486, 954), (18, 468, 954), (18, 486, 954), (90, 486, 936), (72, 486, 936), (90, 486, 918), (108, 486, 864), (90, 540, 882), (108, 522, 864), (144, 504, 864), (90, 522, 900), (54, 504, 954), (90, 522, 900), (90, 504, 918), (90, 504, 918), (126, 522, 918)]	(9824, 11349, 10073, 10977, 11699, 12195, 5993, 9954, 5865, 7971, 7055, 7776, 5135, 7590, 9610, 13954, 12149, 21874, 15439, 9117, 17648, 14717, 13641, 2180)
right	d	1033893	(655, 325)	[(72, 468, 936), (72, 486, 900), (72, 486, 918), (90, 486, 918), (54, 486, 990), (54, 468, 954), (54, 486, 936), (54, 486, 918), (54, 468, 936), (54, 468, 936), (18, 468, 900), (18, 486, 900), (36, 468, 918), (36, 486, 918), (54, 504, 936), (36, 504, 936), (18, 504, 918), (54, 504, 918), (36, 486, 936), (36, 504, 900), (36, 486, 936), (36, 486, 936), (36, 504, 918), (36, 468, 918), (18, 486, 918)]	(10078, 11382, 10095, 11012, 11819, 14086, 6191, 8811, 5689, 8445, 6805, 7400, 4982, 7134, 10070, 12053, 12216, 22107, 15387, 9160, 17939, 14858, 13758, 2196)
right	y	1035368	(566, 207)	[(36, 486, 918), (54, 486, 918), (36, 486, 918), (36, 486, 918), (36, 486, 936), (36, 486, 936), (36, 504, 918), (36, 468, 900), (36, 486, 936), (36, 504, 918), (36, 486, 918), (36, 504, 936), (36, 486, 936), (36, 486, 936), (36, 486, 918), (36, 504, 918), (36, 486, 918), (36, 504, 936), (36, 486, 918), (36, 504, 936), (36, 486, 936), (18, 486, 936), (36, 486, 918), (36, 486, 936), (18, 504, 864)]	(9999, 11391, 10115, 11015, 11817, 14068, 6247, 8996, 5792, 8562, 6941, 7522, 5063, 7304, 10159, 12693, 12233, 22095, 15361, 9171, 17906, 14825, 13737, 2190)
right	c	1037308	(732, 286)	[(36, 468, 936), (54, 504, 900), (36, 486, 918), (36, 486, 936), (54, 504, 936), (54, 486, 918), (36, 504, 918), (54, 486, 918), (36, 504, 918), (36, 486, 936), (36, 504, 936), (36, 504, 936), (36, 486, 918), (36, 504, 936), (36, 486, 918), (18, 486, 918), (54, 486, 954), (36, 486, 918), (36, 486, 918), (36, 486, 936), (36, 486, 900), (36, 486, 936), (36, 486, 936), (36, 486, 936), (36, 504, 972)]	(10029, 11409, 10121, 11028, 11831, 13927, 6325, 9068, 5867, 8568, 7045, 7595, 5113, 7455, 10105, 13353, 12239, 22052, 15380, 9186, 17925, 14826, 13729, 2195)
left	x	1038980	(735, 337)	[(36, 486, 936), (54, 486, 918), (36, 486, 936), (54, 486, 936), (36, 486, 954), (36, 468, 936), (36, 486, 918), (36, 486, 918), (36, 486, 918), (54, 486, 936), (36, 486, 918), (36, 486, 936), (36, 486, 936), (36, 486, 918), (36, 468, 954), (36, 468, 936), (36, 468, 936), (36, 486, 918), (54, 486, 918), (36, 486, 918), (36, 486, 918), (54, 468, 936), (54, 468, 936), (54, 486, 918), (54, 504, 936)]	(10023, 11412, 10115, 11059, 11849, 14005, 6424, 9275, 6109, 8786, 7150, 7721, 5207, 7634, 10252, 13650, 12267, 22042, 15355, 9165, 17844, 14792, 13690, 2193)
right	s	1040507	(649, 363)	[(54, 522, 900), (36, 504, 918), (36, 504, 936), (36, 522, 918), (36, 540, 918), (18, 522, 900), (36, 522, 882), (36, 522, 918), (54, 540, 900), (18, 522, 918), (36, 522, 882), (0, 522, 900), (18, 522, 900), (36, 540, 936), (18, 540, 936), (18, 522, 900), (0, 540, 900), (18, 540, 882), (0, 522, 900), (-36, 522, 882), (18, 522, 864), (36, 504, 936), (-18, 540, 918), (-36, 522, 864), (0, 558, 900)]	(10045, 11494, 10209, 11090, 11876, 14150, 6424, 9404, 6054, 8989, 7144, 7692, 5242, 7566, 10538, 13987, 12339, 22227, 15350, 9188, 17900, 14857, 13756, 2216)
right	j	1042037	(676, 138)	[(0, 558, 900), (0, 540, 936), (18, 540, 882), (18, 522, 900), (18, 558, 936), (18, 540, 900), (18, 540, 882), (18, 558, 900), (36, 540, 900), (18, 558, 882), (18, 540, 882), (18, 522, 918), (36, 540, 918), (18, 558, 900), (36, 558, 900), (18, 540, 918), (18, 540, 900), (18, 540, 900), (0, 540, 900), (18, 540, 918), (18, 540, 918), (18, 540, 900), (18, 558, 900), (36, 522, 900), (18, 558, 918)]	(9952, 11432, 10137, 11068, 11871, 14331, 6387, 9183, 5986, 8747, 7108, 7548, 5110, 7469, 10343, 12966, 12285, 22204, 15331, 9180, 17870, 14851, 13750, 2205)
right	t	1044173	(584, 253)	[(18, 540, 900), (18, 558, 864), (18, 540, 900), (18, 540, 900), (0, 522, 918), (0, 540, 936), (18, 540, 918), (18, 540, 918), (0, 540, 918), (18, 540, 900), (0, 540, 918), (18, 540, 900), (18, 540, 882), (18, 540, 900), (18, 540, 900), (18, 540, 900), (18, 558, 882), (0, 522, 900), (18, 540, 900), (18, 540, 900), (0, 540, 900), (18, 558, 900), (0, 558, 864), (36, 540, 900), (36, 540, 918)]	(10064, 11463, 10184, 11089, 11878, 14450, 6255, 9120, 5842, 8759, 6947, 7507, 5016, 7258, 10404, 12209, 12318, 22350, 15387, 9205, 18005, 14936, 13840, 2212)
right	u	1045970	(593, 159)	[(18, 558, 900), (18, 540, 900), (18, 558, 882), (0, 558, 900), (18, 558, 882), (18, 540, 900), (18, 558, 900), (18, 558, 900), (18, 540, 900), (18, 540, 900), (0, 540, 900), (0, 558, 918), (18, 540, 900), (18, 558, 900), (0, 558, 900), (18, 540, 882), (18, 540, 900), (18, 540, 900), (18, 540, 900), (18, 540, 882), (18, 540, 918), (0, 558, 900), (18, 540, 900), (18, 540, 864), (0, 540, 918)]	(10021, 11450, 10180, 11077, 11896, 14456, 6270, 9153, 5838, 8756, 6975, 7502, 5052, 7292, 10375, 12471, 12290, 22294, 15350, 9191, 17941, 14881, 13806, 2210)
left	a	1047448	(661, 437)	[(18, 558, 882), (18, 558, 882), (0, 540, 900), (18, 540, 900), (18, 558, 900), (18, 558, 936), (0, 558, 900), (18, 540, 900), (18, 540, 900), (0, 540, 882), (18, 540, 918), (18, 540, 882), (-18, 540, 900), (18, 540, 882), (18, 540, 918), (0, 540, 900), (0, 540, 882), (18, 540, 900), (18, 540, 900), (0, 558, 900), (0, 558, 882), (0, 540, 900), (18, 558, 900), (18, 540, 900), (18, 540, 900)]	(9996, 11396, 10097, 10988, 11873, 14292, 6230, 9095, 5791, 8687, 7001, 7511, 5031, 7280, 10282, 12520, 12266, 22204, 15308, 9170, 17807, 14791, 13739, 2213)
left	l	1049078	(662, 61)	[(18, 540, 900), (0, 558, 864), (18, 540, 882), (36, 540, 900), (36, 522, 936), (18, 558, 900), (18, 540, 954), (18, 540, 900), (36, 558, 882), (36, 558, 882), (18, 558, 882), (72, 540, 864), (72, 558, 936), (54, 558, 882), (72, 558, 864), (90, 558, 864), (108, 576, 864), (108, 576, 864), (72, 594, 864), (72, 576, 864), (90, 594, 900), (90, 558, 882), (72, 576, 882), (72, 576, 864), (72, 576, 846)]	(9825, 11339, 10143, 11018, 11761, 13366, 6305, 9937, 5870, 7916, 7160, 7931, 5120, 7540, 9552, 13931, 12172, 21947, 15565, 9156, 17846, 14824, 13704, 2186)
left	t	1050618	(580, 260)	[(0, 540, 882), (0, 558, 882), (18, 576, 900), (18, 576, 900), (18, 540, 864), (0, 558, 900), (18, 576, 900), (18, 558, 882), (18, 558, 882), (0, 576, 882), (-36, 558, 882), (0, 558, 864), (0, 558, 900), (0, 558, 900), (0, 558, 918), (0, 558, 900), (18, 576, 918), (36, 576, 900), (36, 576, 900), (36, 558, 900), (36, 558, 846), (36, 558, 864), (36, 558, 882), (36, 576, 900), (54, 594, 864)]	(9933, 11378, 10090, 11034, 11845, 14094, 6527, 9383, 5858, 8419, 7059, 7656, 5029, 7359, 10160, 12340, 12279, 22220, 15385, 9190, 17882, 14832, 13743, 2195)
right	w	1052157	(579, 383)	[(36, 576, 864), (36, 576, 882), (54, 558, 864), (36, 558, 882), (36, 576, 864), (36, 558, 882), (36, 558, 918), (36, 558, 882), (54, 558, 882), (54, 558, 900), (36, 558, 882), (36, 558, 882), (36, 558, 882), (72, 576, 882), (54, 558, 918), (54, 558, 882), (36, 558, 900), (36, 558, 846), (18, 576, 864), (0, 558, 954), (18, 576, 900), (18, 576, 900), (-18, 594, 900), (0, 558, 900), (-36, 576, 864)]	(9976, 11406, 10110, 10990, 11840, 14132, 6208, 8711, 5582, 8426, 6606, 7295, 4858, 6931, 10268, 9460, 12286, 22368, 15418, 18125, 14944, 13856, 2205, 65535)
right	q	1054104	(595, 464)	[(18, 540, 882), (18, 540, 900), (18, 540, 900), (18, 558, 882), (0, 558, 918), (18, 540, 900), (-36, 540, 882), (-36, 540, 900), (0, 576, 900), (18, 576, 918), (0, 558, 900), (-36, 558, 918), (18, 558, 900), (18, 558, 900), (-18, 540, 900), (-36, 540, 900), (0, 540, 918), (18, 540, 900), (0, 540, 882), (0, 558, 936), (0, 540, 936), (0, 558, 936), (0, 540, 846), (-36, 540, 864), (0, 558, 882)]	(9969, 11464, 10140, 11001, 11834, 14061, 6024, 8681, 5474, 8394, 6397, 7265, 4786, 6747, 10179, 8415, 12307, 22457, 15487, 9245, 18243, 15033, 13960, 2224)
right	b	1055401	(739, 176)	[(18, 558, 900), (36, 558, 882), (36, 558, 864), (36, 558, 882), (36, 558, 882), (18, 558, 900), (0, 558, 882), (-18, 594, 864), (36, 540, 918), (36, 540, 900), (36, 558, 918), (18, 558, 882), (36, 558, 900), (36, 576, 918), (36, 558, 882), (18, 558, 864), (18, 558, 900), (36, 558, 882), (36, 558, 864), (36, 576, 882), (18, 558, 900), (36, 558, 900), (18, 558, 882), (36, 558, 882), (36, 576, 882)]	(10071, 11407, 10151, 11015, 11876, 13969, 6368, 9059, 5908, 8794, 7025, 7607, 5127, 7582, 10361, 13193, 12254, 22160, 15306, 9164, 17848, 14795, 13686, 2208)
left	o	1057086	(580, 83)	[(18, 558, 882), (36, 558, 882), (18, 540, 882), (18, 540, 882), (36, 558, 900), (18, 558, 918), (18, 540, 936), (36, 558, 900), (36, 558, 900), (18, 558, 900), (18, 540, 918), (-36, 540, 918), (-54, 540, 918), (18, 558, 864), (108, 594, 882), (144, 576, 900), (108, 576, 846), (72, 576, 846), (90, 576, 810), (90, 612, 810), (108, 612, 828), (108, 594, 900), (90, 612, 882), (126, 612, 828), (90, 612, 846)]	(9843, 11328, 10132, 11010, 11739, 12790, 6150, 5867, 7875, 6981, 8112, 0, 5124, 7511, 9647, 13761, 12200, 22048, 15677, 9161, 17769, 14814, 13718, 2181)
left	q	1058821	(580, 472)	[(36, 558, 918), (90, 576, 882), (90, 576, 882), (72, 558, 846), (54, 558, 846), (36, 558, 900), (36, 558, 918), (36, 540, 900), (54, 558, 936), (36, 558, 900), (54, 558, 900), (54, 558, 864), (54, 558, 882), (54, 558, 900), (54, 540, 918), (54, 540, 900), (36, 540, 864), (54, 558, 900), (72, 540, 918), (54, 558, 900), (54, 540, 900), (54, 540, 936), (54, 558, 918), (54, 540, 900), (54, 540, 882)]	(10011, 11320, 9967, 10978, 11808, 13794, 6328, 9518, 5941, 8451, 7057, 7964, 5103, 7594, 10115, 12547, 12245, 22121, 15279, 9149, 17581, 14598, 13646, 2189)
left	p	1060828	(581, 22)	[(90, 576, 846), (90, 576, 846), (90, 576, 864), (90, 576, 846), (54, 576, 918), (36, 576, 900), (72, 558, 918), (54, 558, 864), (54, 576, 882), (18, 576, 954), (36, 558, 936), (18, 576, 936), (36, 594, 828), (54, 612, 864), (18, 630, 864), (108, 576, 846), (90, 612, 864), (108, 576, 864), (108, 612, 846), (126, 612, 882), (72, 612, 828), (72, 594, 846), (90, 594, 810), (108, 612, 846), (90, 594, 882)]	(9888, 11293, 10142, 11015, 11769, 12947, 6647, 9981, 5776, 7521, 7094, 8106, 5016, 7378, 9320, 12818, 12213, 22001, 15894, 9183, 18031, 14944, 13787, 2171)
right	m	1062887	(756, 92)	[(90, 558, 900), (72, 558, 882), (72, 576, 900), (72, 540, 882), (90, 558, 900), (72, 576, 882), (90, 558, 900), (72, 540, 900), (72, 558, 900), (72, 558, 864), (72, 540, 900), (90, 558, 936), (72, 540, 900), (72, 540, 882), (72, 558, 882), (72, 558, 882), (54, 540, 900), (90, 558, 900), (90, 540, 918), (72, 540, 900), (72, 540, 900), (90, 540, 900), (90, 558, 900), (54, 558, 900), (54, 540, 846)]	(10296, 11420, 10150, 11057, 11824, 13870, 6463, 8770, 5778, 8251, 6894, 7332, 4954, 7406, 10051, 11461, 12278, 22269, 15459, 9218, 18058, 14964, 13784, 2193)
left	t	1064521	(586, 258)	[(72, 558, 882), (72, 558, 900), (54, 540, 936), (90, 558, 900), (54, 558, 900), (54, 558, 882), (72, 558, 900), (54, 558, 882), (72, 558, 900), (72, 558, 900), (72, 576, 882), (72, 558, 882), (72, 558, 864), (54, 558, 882), (54, 558, 900), (72, 558, 900), (72, 558, 882), (72, 558, 900), (72, 558, 918), (72, 558, 882), (72, 576, 864), (72, 558, 882), (90, 576, 864), (90, 576, 864), (72, 558, 882)]	(10323, 11410, 10130, 11035, 11783, 13535, 6429, 9033, 5761, 8159, 6921, 7446, 4995, 7388, 10023, 11949, 12276, 22251, 15517, 9209, 18072, 14929, 13765, 2184)
left	h	1066369	(655, 193)	[(72, 558, 918), (72, 558, 882), (72, 576, 882), (72, 558, 882), (54, 576, 918), (54, 558, 882), (54, 558, 900), (54, 576, 882), (54, 558, 882), (72, 558, 882), (54, 558, 900), (72, 558, 882), (72, 558, 864), (72, 558, 900), (72, 558, 882), (72, 576, 882), (72, 576, 882), (90, 576, 918), (72, 558, 864), (72, 576, 864), (72, 576, 864), (72, 576, 882), (72, 594, 864), (72, 594, 864), (72, 558, 846)]	(10284, 11362, 10074, 11017, 11779, 13489, 6471, 5914, 8139, 7061, 7810, 2550, 5117, 7470, 10017, 12884, 12284, 22264, 15482, 9195, 17929, 14886, 13744, 2184)
right	l	1068105	(657, 46)	[(72, 558, 900), (72, 558, 882), (72, 558, 882), (72, 576, 882), (54, 576, 864), (72, 576, 846), (90, 594, 864), (90, 558, 918), (72, 558, 936), (54, 576, 882), (54, 558, 882), (72, 576, 882), (90, 576, 846), (54, 576, 864), (72, 558, 864), (72, 558, 882), (90, 558, 882), (54, 558, 882), (72, 558, 882), (72, 576, 900), (72, 558, 900), (72, 558, 900), (72, 558, 864), (72, 594, 918), (72, 558, 900)]	(10338, 11454, 10183, 11107, 11886, 14156, 6650, 9210, 6070, 8452, 7129, 7533, 5055, 7561, 10274, 11889, 12326, 22337, 15451, 9212, 18010, 14944, 13775, 2203)
right	r	1069690	(584, 315)	[(90, 558, 882), (54, 558, 900), (54, 540, 900), (72, 540, 882), (90, 558, 900), (72, 558, 918), (54, 558, 864), (54, 540, 882), (0, 558, 882), (18, 540, 900), (18, 540, 936), (18, 558, 936), (18, 522, 972), (18, 576, 918), (0, 576, 918), (0, 558, 900), (18, 576, 864), (18, 576, 864), (0, 558, 846), (0, 558, 828), (18, 576, 900), (36, 576, 918), (18, 576, 918), (-54, 576, 918), (18, 576, 900)]	(10307, 11426, 10151, 11019, 11833, 13850, 6467, 8871, 5845, 8794, 6905, 7402, 5073, 7474, 10758, 11719, 12349, 22436, 15320, 9200, 17935, 14876, 13767, 2210)
right	p	1071071	(595, 15)	[(36, 576, 846), (18, 558, 900), (36, 576, 900), (18, 558, 918), (36, 558, 864), (36, 558, 882), (36, 576, 882), (36, 576, 882), (36, 576, 900), (36, 558, 882), (36, 558, 882), (54, 558, 882), (36, 558, 882), (36, 540, 918), (54, 558, 900), (36, 558, 900), (36, 558, 900), (54, 576, 882), (36, 540, 882), (18, 558, 882), (36, 558, 864), (36, 540, 882), (54, 558, 882), (36, 558, 936), (36, 558, 918)]	(10046, 11431, 10142, 11063, 11851, 13972, 6619, 9242, 6165, 8785, 7145, 7540, 5175, 7852, 10594, 12723, 12351, 22310, 15299, 9184, 17789, 14779, 13689, 2214)
right	g	1072922	(661, 236)	[(36, 558, 900), (36, 576, 918), (36, 558, 882), (36, 558, 882), (36, 576, 864), (36, 558, 882), (36, 558, 900), (36, 558, 900), (36, 540, 918), (36, 558, 918), (54, 558, 900), (36, 558, 900), (36, 558, 900), (36, 558, 882), (36, 558, 882), (36, 558, 882), (36, 558, 900), (36, 558, 882), (36, 558, 900), (36, 558, 882), (36, 558, 864), (18, 558, 882), (36, 558, 900), (18, 558, 900), (36, 558, 864)]	(10165, 11442, 10145, 11047, 11809, 13710, 6443, 9052, 5901, 8610, 6979, 7442, 5094, 7652, 10408, 12317, 12323, 22341, 15343, 9193, 17896, 14863, 13738, 2222)
left	r	1074663	(583, 300)	[(54, 576, 882), (36, 576, 864), (54, 576, 882), (54, 594, 882), (54, 594, 864), (54, 576, 882), (54, 594, 900), (36, 576, 882), (54, 576, 864), (54, 576, 846), (72, 594, 864), (54, 576, 882), (54, 576, 900), (54, 576, 900), (54, 576, 882), (36, 594, 882), (54, 576, 864), (54, 576, 864), (54, 576, 864), (54, 576, 882), (54, 594, 864), (54, 576, 900), (54, 558, 900), (54, 576, 864), (54, 576, 828)]	(10106, 11393, 10077, 10998, 11787, 13245, 6449, 9572, 6015, 8476, 7078, 7720, 5237, 7786, 10309, 13333, 12294, 22218, 15330, 9173, 17700, 14731, 13633, 2207)
right	v	1076610	(734, 234)	[(54, 558, 864), (36, 558, 864), (36, 558, 900), (36, 576, 900), (54, 576, 882), (54, 576, 882), (54, 558, 882), (54, 558, 882), (54, 576, 864), (54, 576, 882), (54, 576, 864), (54, 576, 882), (36, 576, 882), (36, 576, 882), (54, 594, 882), (36, 576, 882), (54, 558, 882), (54, 576, 882), (54, 576, 882), (36, 576, 864), (54, 558, 882), (36, 576, 864), (36, 576, 864), (54, 576, 882), (54, 594, 882)]	(10121, 11393, 10097, 11004, 11787, 13297, 6441, 9339, 6035, 8458, 7053, 7633, 5179, 7764, 10268, 13069, 12301, 22220, 15296, 9161, 17698, 14743, 13658, 2196)
left	y	1078194	(586, 209)	[(54, 558, 864), (36, 576, 900), (54, 576, 882), (54, 576, 900), (54, 558, 918), (36, 576, 900), (72, 576, 918), (54, 576, 846), (54, 576, 846), (54, 576, 900), (54, 558, 864), (36, 576, 900), (54, 576, 900), (36, 558, 882), (54, 576, 882), (36, 576, 882), (54, 576, 846), (36, 576, 882), (54, 594, 882), (54, 594, 882), (36, 594, 882), (54, 594, 846), (54, 594, 882), (36, 594, 864), (72, 594, 846)]	(10109, 11397, 10090, 11014, 11771, 13126, 6450, 9711, 5955, 8302, 7021, 7742, 5235, 7679, 10209, 13360, 12310, 22289, 15365, 9176, 17768, 14787, 13709, 2204)
left	p	1079900	(580, 11)	[(72, 576, 882), (54, 558, 900), (36, 576, 864), (36, 576, 864), (0, 594, 918), (0, 612, 864), (54, 594, 882), (72, 612, 918), (90, 594, 864), (90, 612, 846), (90, 612, 828), (90, 612, 792), (72, 612, 846), (90, 630, 828), (54, 630, 864), (72, 612, 828), (72, 612, 882), (90, 648, 792), (90, 630, 864), (72, 630, 864), (72, 648, 864), (90, 612, 864), (108, 612, 846), (54, 630, 900), (90, 630, 846)]	(9798, 11265, 10100, 10986, 11707, 12418, 6367, 10960, 5863, 7680, 7106, 8395, 5155, 7558, 9433, 13553, 12176, 21889, 15571, 9145, 17700, 14770, 13646, 2175)
left	q	1081741	(582, 470)	[(54, 594, 828), (36, 594, 882), (54, 594, 864), (36, 612, 864), (72, 576, 900), (54, 630, 864), (90, 612, 828), (108, 594, 864), (72, 612, 828), (18, 558, 864), (36, 576, 864), (54, 576, 900), (36, 576, 864), (36, 576, 846), (36, 558, 864), (54, 558, 882), (72, 576, 900), (54, 576, 864), (54, 558, 864), (54, 576, 900), (72, 558, 864), (72, 576, 882), (54, 558, 918), (54, 576, 900), (54, 558, 918)]	(9943, 11333, 9952, 10981, 11851, 13980, 6497, 8896, 5985, 8242, 7015, 7700, 4991, 7463, 9739, 12000, 12214, 22059, 15300, 9159, 17725, 14690, 13698, 2187)
left	d	1083064	(661, 318)	[(54, 558, 882), (72, 558, 882), (72, 558, 900), (72, 558, 900), (54, 558, 882), (72, 576, 900), (54, 558, 900), (54, 558, 882), (54, 558, 900), (72, 576, 882), (54, 558, 900), (54, 558, 900), (54, 558, 864), (36, 558, 882), (72, 576, 864), (54, 558, 864), (54, 576, 864), (54, 576, 864), (54, 558, 864), (54, 558, 900), (54, 558, 900), (72, 576, 882), (72, 576, 900), (54, 576, 900), (72, 558, 846)]	(10007, 11323, 9963, 10977, 11850, 14033, 6435, 8652, 5892, 8380, 6963, 7438, 4955, 7487, 9880, 11703, 12223, 22100, 15282, 9159, 17795, 14773, 13710, 2195)
right	p	1084643	(587, 7)	[(54, 558, 882), (72, 558, 864), (54, 558, 900), (54, 558, 882), (54, 558, 900), (36, 540, 882), (72, 558, 900), (54, 558, 900), (36, 558, 900), (54, 540, 882), (54, 558, 900), (54, 576, 882), (72, 558, 900), (54, 558, 882), (36, 558, 900), (36, 558, 846), (54, 558, 882), (54, 558, 900), (54, 558, 918), (54, 576, 882), (54, 540, 792), (54, 558, 900), (54, 576, 900), (54, 540, 882), (36, 558, 918)]	(10070, 11346, 10025, 10994, 11883, 14223, 6480, 8729, 5971, 8566, 7011, 7417, 4972, 7495, 10095, 11439, 12245, 22170, 15263, 9175, 17823, 14803, 13721, 2197)
left	w	1086697	(582, 395)	[(54, 540, 882), (54, 540, 918), (54, 540, 900), (54, 540, 900), (54, 558, 900), (54, 540, 954), (54, 540, 918), (54, 540, 918), (54, 540, 882), (54, 540, 900), (72, 540, 882), (72, 540, 882), (54, 540, 918), (36, 540, 900), (72, 558, 900), (54, 522, 900), (54, 522, 918), (54, 540, 882), (72, 558, 918), (72, 558, 900), (54, 540, 900), (54, 540, 882), (54, 540, 882), (54, 540, 882), (90, 540, 900)]	(10055, 11311, 9973, 10982, 11868, 14172, 6505, 8929, 6136, 8545, 7091, 7595, 5086, 7713, 10031, 12315, 12264, 22124, 15303, 9174, 17771, 14744, 13687, 2199)
