From now on you will be typing sentences rather than letters. Please hold the phone in your right hand and type with you right thumb
w	1448133	(564, 406)	[(-54, 738, 792), (-36, 738, 792), (-54, 702, 756), (-72, 720, 756), (-72, 702, 792), (-54, 702, 828), (-72, 702, 792), (-54, 702, 810), (-54, 720, 792), (-54, 720, 756), (-90, 720, 774), (-36, 720, 756), (-36, 756, 774), (-54, 738, 792), (-54, 756, 720), (-90, 756, 684), (-36, 756, 666), (-54, 774, 756), (-72, 756, 828), (-72, 756, 774), (-90, 756, 756), (-126, 738, 738), (-126, 738, 720), (-108, 738, 738), (-90, 756, 702)]	(9461, 12110, 10255, 10115, 13272, 10519, 4710, 9542, 4519, 8434, 6220, 6690, 4953, 6538, 7931, 7499, 11238, 19959, 15089, 9039, 16695, 13517, 12255, 2103)
e	1448423	(558, 349)	[(-54, 720, 756), (-90, 720, 774), (-36, 720, 756), (-36, 756, 774), (-54, 738, 792), (-54, 756, 720), (-90, 756, 684), (-36, 756, 666), (-54, 774, 756), (-72, 756, 828), (-72, 756, 774), (-90, 756, 756), (-126, 738, 738), (-126, 738, 720), (-108, 738, 738), (-90, 756, 702), (-54, 792, 684), (-54, 792, 720), (-54, 774, 756), (-54, 774, 774), (-108, 756, 738), (-90, 756, 684), (-108, 756, 738), (-54, 774, 738), (-72, 774, 720)]	(9477, 12165, 10289, 10138, 13373, 10537, 4725, 9532, 4505, 8337, 6144, 6640, 4908, 6389, 7759, 7546, 11208, 19938, 15022, 9053, 16650, 13521, 12258, 2102)
 	1449130	(838, 258)	[(-54, 774, 756), (-108, 738, 774), (-126, 738, 810), (-126, 702, 792), (-90, 738, 738), (-108, 756, 720), (-90, 738, 774), (-108, 720, 774), (-72, 720, 756), (-90, 720, 756), (-72, 720, 774), (-90, 720, 792), (-90, 756, 756), (-54, 756, 738), (-54, 738, 756), (-72, 738, 792), (-72, 720, 792), (-90, 720, 756), (-108, 720, 738), (-108, 720, 738), (-90, 684, 774), (-54, 720, 774), (-90, 720, 810), (-72, 702, 864), (-90, 702, 792)]	(9451, 11253, 9605, 10057, 13568, 10644, 4965, 10263, 4820, 8414, 6634, 7095, 5803, 6327, 7943, 8097, 11173, 19848, 14659, 8946, 15863, 13430, 12233, 2094)
a	1449637	(652, 408)	[(-108, 720, 738), (-90, 684, 774), (-54, 720, 774), (-90, 720, 810), (-72, 702, 864), (-90, 702, 792), (-90, 720, 702), (-90, 720, 792), (-36, 702, 846), (-72, 720, 810), (-72, 684, 828), (-90, 738, 774), (-72, 738, 756), (-108, 738, 756), (-90, 720, 738), (-108, 756, 756), (-90, 738, 810), (-90, 738, 774), (-72, 756, 702), (-72, 774, 684), (-90, 756, 720), (-108, 756, 738), (-90, 738, 738), (-72, 756, 720), (-54, 774, 720)]	(9449, 12042, 10226, 10139, 13165, 10538, 4660, 9490, 4391, 8199, 6081, 6513, 4966, 6300, 7622, 7538, 11206, 19953, 15062, 9088, 16715, 13548, 12260, 2103)
r	1449978	(579, 281)	[(-90, 738, 774), (-72, 738, 756), (-108, 738, 756), (-90, 720, 738), (-108, 756, 756), (-90, 738, 810), (-90, 738, 774), (-72, 756, 702), (-72, 774, 684), (-90, 756, 720), (-108, 756, 738), (-90, 738, 738), (-72, 756, 720), (-54, 774, 720), (-54, 774, 720), (-72, 774, 702), (-72, 774, 756), (-72, 756, 774), (-126, 738, 756), (-108, 738, 702), (-90, 738, 702), (-108, 720, 774), (-108, 720, 774), (-90, 738, 756), (-90, 720, 738)]	(9457, 11915, 10065, 10120, 13375, 10521, 4752, 9606, 4476, 8267, 6244, 6681, 5104, 6311, 7651, 7763, 11198, 19926, 14916, 9065, 16491, 13520, 12256, 2088)
e	1450288	(584, 330)	[(-108, 756, 738), (-90, 738, 738), (-72, 756, 720), (-54, 774, 720), (-54, 774, 720), (-72, 774, 702), (-72, 774, 756), (-72, 756, 774), (-126, 738, 756), (-108, 738, 702), (-90, 738, 702), (-108, 720, 774), (-108, 720, 774), (-90, 738, 756), (-90, 720, 738), (-36, 756, 720), (-54, 756, 792), (-36, 756, 810), (-108, 720, 738), (-108, 720, 720), (-72, 756, 756), (-108, 738, 702), (-54, 756, 738), (-54, 774, 774), (-54, 774, 774)]	(9476, 12123, 10213, 10151, 13347, 10554, 4834, 9657, 4501, 8238, 6090, 6600, 5030, 6277, 7586, 7682, 11200, 19935, 14948, 9073, 16623, 13542, 12251, 2096)
 	1450732	(853, 277)	[(-54, 756, 792), (-36, 756, 810), (-108, 720, 738), (-108, 720, 720), (-72, 756, 756), (-108, 738, 702), (-54, 756, 738), (-54, 774, 774), (-54, 774, 774), (-90, 756, 738), (-90, 720, 828), (-108, 702, 774), (-144, 720, 792), (-162, 684, 792), (-126, 666, 792), (-90, 684, 774), (-36, 738, 918), (-90, 756, 738), (-36, 720, 666), (-36, 720, 756), (-54, 702, 792), (-36, 720, 810), (-36, 666, 882), (-72, 702, 810), (-72, 684, 774)]	(9460, 11438, 9658, 10077, 13351, 10521, 5048, 10005, 4714, 8002, 6451, 6852, 5755, 6171, 7486, 8370, 11138, 19824, 14608, 8984, 15923, 13449, 12232, 2086)
h	1451240	(661, 188)	[(-36, 720, 666), (-36, 720, 756), (-54, 702, 792), (-36, 720, 810), (-36, 666, 882), (-72, 702, 810), (-72, 684, 774), (-90, 702, 756), (-36, 720, 828), (-72, 720, 792), (-54, 720, 738), (-36, 720, 720), (-72, 684, 846), (-90, 702, 810), (-72, 702, 756), (-90, 666, 828), (-108, 666, 846), (-54, 702, 774), (-90, 684, 792), (-54, 684, 828), (-72, 684, 828), (-54, 684, 810), (-54, 684, 774), (-72, 684, 828), (-90, 666, 864)]	(9437, 11446, 9647, 10041, 13157, 10445, 5080, 9745, 4568, 7663, 6553, 6757, 5430, 6166, 7439, 8530, 11155, 19843, 14695, 9000, 16040, 13456, 12240, 2089)
e	1451639	(580, 339)	[(-72, 702, 756), (-90, 666, 828), (-108, 666, 846), (-54, 702, 774), (-90, 684, 792), (-54, 684, 828), (-72, 684, 828), (-54, 684, 810), (-54, 684, 774), (-72, 684, 828), (-90, 666, 864), (-90, 666, 864), (-72, 684, 828), (-72, 684, 810), (-90, 666, 774), (-72, 702, 828), (-90, 720, 810), (-126, 720, 792), (-126, 702, 738), (-108, 720, 738), (-108, 702, 774), (-108, 720, 792), (-90, 738, 792), (-108, 720, 774), (-90, 738, 720)]	(9440, 11988, 10049, 10081, 13377, 10545, 4889, 9384, 4470, 8250, 6184, 6543, 5102, 6253, 7586, 7953, 11202, 19920, 14893, 9055, 16519, 13508, 12252, 2093)
a	1451997	(653, 407)	[(-90, 666, 864), (-72, 684, 828), (-72, 684, 810), (-90, 666, 774), (-72, 702, 828), (-90, 720, 810), (-126, 720, 792), (-126, 702, 738), (-108, 720, 738), (-108, 702, 774), (-108, 720, 792), (-90, 738, 792), (-108, 720, 774), (-90, 738, 720), (-90, 738, 702), (-126, 720, 702), (-90, 738, 774), (-90, 738, 828), (-108, 756, 792), (-144, 702, 756), (-144, 702, 738), (-126, 720, 792), (-90, 756, 774), (-90, 756, 756), (-144, 720, 702)]	(9489, 12334, 10308, 10139, 13458, 10570, 4799, 9269, 4494, 8308, 6100, 6539, 4991, 6250, 7541, 7604, 11215, 19956, 15065, 9068, 16860, 13551, 12263, 2100)
d	1452388	(672, 315)	[(-90, 738, 720), (-90, 738, 702), (-126, 720, 702), (-90, 738, 774), (-90, 738, 828), (-108, 756, 792), (-144, 702, 756), (-144, 702, 738), (-126, 720, 792), (-90, 756, 774), (-90, 756, 756), (-144, 720, 702), (-126, 720, 702), (-90, 756, 738), (-90, 774, 774), (-144, 738, 774), (-144, 702, 702), (-108, 720, 828), (-90, 720, 720), (-108, 738, 810), (-108, 720, 810), (-108, 738, 756), (-126, 720, 756), (-126, 720, 720), (-126, 702, 810)]	(9473, 11984, 10006, 10096, 13483, 10554, 4866, 9135, 4512, 8267, 6207, 6535, 5115, 6237, 7548, 7838, 11191, 19906, 14895, 9038, 16508, 13502, 12245, 2090)
e	1452582	(666, 308)	[(-108, 756, 792), (-144, 702, 756), (-144, 702, 738), (-126, 720, 792), (-90, 756, 774), (-90, 756, 756), (-144, 720, 702), (-126, 720, 702), (-90, 756, 738), (-90, 774, 774), (-144, 738, 774), (-144, 702, 702), (-108, 720, 828), (-90, 720, 720), (-108, 738, 810), (-108, 720, 810), (-108, 738, 756), (-126, 720, 756), (-126, 720, 720), (-126, 702, 810), (-144, 702, 828), (-126, 720, 774), (-126, 720, 774), (-108, 738, 792), (-144, 738, 774)]	(9459, 11954, 9997, 10087, 13410, 10496, 4883, 9165, 4451, 8196, 6213, 6519, 5100, 6221, 7518, 7837, 11182, 19893, 14850, 9024, 16484, 13489, 12252, 2098)
d	1452873	(589, 350)	[(-90, 756, 738), (-90, 774, 774), (-144, 738, 774), (-144, 702, 702), (-108, 720, 828), (-90, 720, 720), (-108, 738, 810), (-108, 720, 810), (-108, 738, 756), (-126, 720, 756), (-126, 720, 720), (-126, 702, 810), (-144, 702, 828), (-126, 720, 774), (-126, 720, 774), (-108, 738, 792), (-144, 738, 774), (-108, 720, 774), (-108, 720, 756), (-126, 738, 756), (-162, 720, 756), (-126, 756, 756), (-108, 774, 738), (-108, 756, 738), (-108, 756, 720)]	(9477, 12240, 10231, 10140, 13414, 10550, 4806, 9323, 4535, 8393, 6207, 6555, 5085, 6311, 7653, 7711, 11211, 19932, 14943, 9049, 16682, 13520, 12253, 2099)
 	1453954	(853, 250)	[(54, 684, 846), (54, 702, 774), (-18, 702, 738), (-144, 720, 756), (-144, 702, 792), (-72, 702, 720), (-36, 684, 720), (-90, 720, 810), (-90, 702, 900), (0, 666, 846), (-54, 684, 756), (0, 720, 810), (18, 720, 846), (-54, 684, 792), (-54, 702, 738), (-36, 702, 756), (-36, 702, 828), (-72, 684, 810), (-54, 666, 756), (-72, 684, 792), (-36, 684, 828), (-36, 684, 828), (-36, 684, 828), (18, 720, 828), (18, 738, 756)]	(9432, 11233, 9608, 10013, 12915, 10333, 5288, 10345, 4856, 7417, 7089, 7120, 5646, 6176, 7380, 9140, 11141, 19801, 14583, 8998, 15800, 13464, 12229, 2097)
t	1454461	(568, 268)	[(-54, 666, 756), (-72, 684, 792), (-36, 684, 828), (-36, 684, 828), (-36, 684, 828), (18, 720, 828), (18, 738, 756), (-54, 720, 756), (-54, 720, 774), (-72, 702, 756), (-72, 702, 774), (-54, 720, 810), (18, 756, 792), (-54, 756, 774), (-72, 756, 738), (-54, 738, 702), (-72, 756, 684), (-90, 756, 738), (-90, 738, 774), (-72, 738, 774), (-54, 756, 756), (-90, 756, 756), (-72, 738, 756), (-72, 720, 774), (-90, 720, 720)]	(9472, 11757, 9815, 10101, 13840, 10704, 5081, 9785, 4807, 8720, 6570, 6795, 5476, 6323, 7957, 8553, 11210, 19895, 14745, 9031, 16175, 13502, 12241, 2096)
o	1455003	(577, 70)	[(-90, 756, 756), (-72, 738, 756), (-72, 720, 774), (-90, 720, 720), (-72, 756, 774), (-54, 774, 810), (-126, 738, 774), (-144, 702, 738), (-126, 720, 792), (18, 756, 774), (54, 702, 720), (54, 756, 756), (72, 738, 828), (126, 702, 828), (72, 702, 792), (54, 684, 756), (36, 684, 774), (54, 702, 810), (72, 702, 846), (90, 702, 828), (90, 720, 774), (54, 720, 738), (36, 720, 720), (0, 720, 738), (72, 684, 792)]	(9429, 10856, 9438, 9982, 13233, 10491, 5203, 10329, 5003, 7713, 7031, 7132, 5357, 6178, 7417, 9368, 11131, 19773, 14548, 8908, 15555, 13448, 12227, 2088)
 	1455463	(825, 243)	[(36, 684, 774), (54, 702, 810), (72, 702, 846), (90, 702, 828), (90, 720, 774), (54, 720, 738), (36, 720, 720), (0, 720, 738), (72, 684, 792), (54, 720, 846), (0, 720, 846), (0, 684, 828), (18, 684, 774), (36, 720, 738), (90, 720, 792), (-72, 702, 756), (-18, 720, 792), (18, 702, 828), (36, 720, 828), (18, 720, 774), (18, 702, 792), (0, 684, 756), (-54, 702, 756), (-36, 702, 774), (18, 720, 828)]	(9440, 11065, 9503, 9995, 13249, 10367, 5182, 9735, 4709, 7594, 7108, 6809, 5472, 6183, 7410, 9918, 11143, 19797, 14567, 8980, 15635, 13507, 12231, 2081)
a	1456275	(669, 423)	[(18, 738, 774), (18, 738, 738), (-36, 756, 756), (-54, 756, 756), (-90, 720, 828), (-90, 702, 792), (-54, 738, 738), (-90, 756, 738), (-90, 738, 774), (-90, 738, 810), (-108, 720, 792), (-108, 720, 738), (-72, 756, 738), (-54, 756, 792), (-36, 774, 756), (-54, 774, 756), (-72, 738, 756), (-36, 792, 630), (-54, 774, 702), (-72, 756, 756), (-90, 792, 756), (-72, 774, 738), (-90, 774, 702), (-72, 774, 684), (-90, 756, 756)]	(9487, 12091, 10138, 10120, 13736, 10647, 4878, 8409, 4548, 8572, 6283, 6461, 4974, 6283, 7827, 8228, 11216, 19952, 14957, 9120, 16458, 13593, 12263, 2093)
u	1456736	(575, 144)	[(-72, 738, 756), (-36, 792, 630), (-54, 774, 702), (-72, 756, 756), (-90, 792, 756), (-72, 774, 738), (-90, 774, 702), (-72, 774, 684), (-90, 756, 756), (-72, 774, 738), (-108, 774, 684), (-72, 774, 702), (-90, 774, 720), (-108, 756, 684), (-72, 756, 792), (0, 702, 810), (-54, 720, 828), (18, 702, 846), (18, 684, 828), (0, 684, 792), (-36, 702, 756), (-36, 720, 756), (36, 720, 810), (18, 702, 810), (-36, 720, 720)]	(9426, 11182, 9480, 10009, 13630, 10525, 5640, 9246, 4746, 8312, 7309, 6713, 5362, 6225, 7633, 10223, 11160, 19820, 14597, 8981, 15679, 13491, 12241, 2086)
s	1457282	(673, 381)	[(-36, 702, 756), (-36, 720, 756), (36, 720, 810), (18, 702, 810), (-36, 720, 720), (-54, 702, 792), (-36, 702, 792), (-54, 702, 828), (-54, 702, 828), (-36, 684, 828), (-54, 684, 828), (-36, 702, 792), (-108, 756, 738), (-72, 756, 702), (-54, 738, 738), (-90, 738, 738), (-90, 756, 756), (-54, 756, 738), (-72, 756, 756), (-72, 738, 774), (-72, 774, 756), (-72, 738, 738), (-90, 738, 720), (-54, 756, 756), (-90, 756, 738)]	(9491, 12115, 9984, 10090, 13754, 10548, 5089, 8339, 4515, 8450, 6396, 6500, 5086, 6248, 7684, 9238, 11208, 19917, 14817, 9115, 16249, 13596, 12243, 2094)
t	1457638	(586, 256)	[(-36, 702, 792), (-108, 756, 738), (-72, 756, 702), (-54, 738, 738), (-90, 738, 738), (-90, 756, 756), (-54, 756, 738), (-72, 756, 756), (-72, 738, 774), (-72, 774, 756), (-72, 738, 738), (-90, 738, 720), (-54, 756, 756), (-90, 756, 738), (-90, 774, 684), (-72, 738, 702), (-54, 774, 810), (-54, 774, 828), (-108, 720, 720), (-36, 774, 792), (-90, 720, 774), (-54, 738, 774), (-72, 738, 774), (-90, 738, 774), (-72, 738, 774)]	(9472, 11905, 9785, 10066, 13797, 10526, 5380, 8395, 4603, 8553, 6630, 6525, 5263, 6264, 7729, 9974, 11201, 19884, 14712, 9075, 16073, 13562, 12242, 2085)
i	1458130	(552, 127)	[(-108, 720, 720), (-36, 774, 792), (-90, 720, 774), (-54, 738, 774), (-72, 738, 774), (-90, 738, 774), (-72, 738, 774), (-54, 738, 720), (-72, 756, 720), (-54, 738, 774), (-54, 774, 774), (-54, 756, 756), (-108, 738, 738), (-72, 738, 756), (-36, 756, 720), (36, 756, 756), (36, 756, 792), (-36, 702, 774), (-36, 684, 756), (-72, 702, 738), (-90, 720, 756), (-72, 702, 774), (-36, 738, 846), (-36, 738, 810), (-36, 720, 756)]	(9459, 11462, 9603, 10022, 13346, 10434, 5609, 8390, 4549, 7752, 6997, 6476, 5219, 6197, 7477, 10599, 11161, 19830, 14592, 9038, 15784, 13549, 12232, 2091)
n	1458692	(729, 148)	[(-36, 738, 846), (-36, 738, 810), (-36, 720, 756), (-90, 738, 738), (-18, 738, 792), (-18, 738, 828), (-54, 720, 846), (-54, 684, 774), (-108, 702, 702), (-54, 702, 828), (-72, 702, 756), (-36, 720, 846), (18, 720, 810), (-54, 720, 756), (-54, 702, 756), (-54, 702, 774), (-72, 684, 792), (-90, 684, 810), (-54, 684, 864), (-72, 684, 792), (-72, 684, 792), (-72, 684, 774), (-54, 684, 810), (0, 684, 846), (-72, 702, 810)]	(9476, 11582, 9638, 9999, 13025, 10340, 5479, 7957, 4435, 7440, 6866, 6410, 5106, 6178, 7385, 10742, 11156, 19817, 14589, 9035, 15773, 13564, 12234, 2088)
 	1458981	(805, 243)	[(-108, 702, 702), (-54, 702, 828), (-72, 702, 756), (-36, 720, 846), (18, 720, 810), (-54, 720, 756), (-54, 702, 756), (-54, 702, 774), (-72, 684, 792), (-90, 684, 810), (-54, 684, 864), (-72, 684, 792), (-72, 684, 792), (-72, 684, 774), (-54, 684, 810), (0, 684, 846), (-72, 702, 810), (-54, 684, 810), (-72, 702, 846), (-72, 684, 864), (-72, 684, 846), (-36, 684, 810), (18, 702, 774), (-36, 720, 810), (-72, 684, 792)]	(9480, 11596, 9655, 9989, 12938, 10282, 5317, 7719, 4337, 7387, 6765, 6397, 5040, 6165, 7368, 10709, 11153, 19803, 14562, 9030, 15776, 13568, 12225, 2091)
t	1459492	(585, 254)	[(-72, 702, 846), (-72, 684, 864), (-72, 684, 846), (-36, 684, 810), (18, 702, 774), (-36, 720, 810), (-72, 684, 792), (-108, 666, 756), (-90, 666, 738), (-72, 666, 864), (-72, 684, 828), (-54, 684, 828), (-54, 684, 774), (-36, 702, 756), (-54, 684, 810), (-126, 666, 810), (-144, 684, 792), (-144, 684, 828), (-126, 702, 792), (-90, 738, 738), (-72, 720, 774), (-90, 720, 792), (-90, 738, 738), (-90, 738, 702), (-108, 702, 738)]	(9501, 12055, 9926, 10078, 14039, 10581, 5393, 7848, 4544, 8667, 6668, 6487, 5133, 6268, 7722, 10303, 11215, 19900, 14744, 9101, 16091, 13609, 12253, 2101)
o	1459948	(573, 69)	[(-144, 684, 792), (-144, 684, 828), (-126, 702, 792), (-90, 738, 738), (-72, 720, 774), (-90, 720, 792), (-90, 738, 738), (-90, 738, 702), (-108, 702, 738), (-126, 720, 756), (-108, 756, 792), (-72, 756, 846), (-90, 738, 792), (-180, 702, 720), (0, 720, 792), (-108, 720, 648), (-72, 720, 684), (-36, 738, 738), (18, 720, 810), (18, 702, 864), (-18, 702, 810), (-54, 720, 738), (-54, 720, 756), (0, 666, 774), (-54, 702, 792)]	(9452, 11240, 9522, 10008, 13048, 10407, 5890, 9149, 4834, 7514, 7570, 6619, 5260, 6205, 7400, 11010, 11146, 19795, 14594, 8962, 15598, 13492, 12225, 2088)
m	1460337	(733, 85)	[(-90, 738, 792), (-180, 702, 720), (0, 720, 792), (-108, 720, 648), (-72, 720, 684), (-36, 738, 738), (18, 720, 810), (18, 702, 864), (-18, 702, 810), (-54, 720, 738), (-54, 720, 756), (0, 666, 774), (-54, 702, 792), (-72, 720, 828), (-90, 702, 810), (-72, 684, 828), (-18, 684, 792), (36, 666, 918), (90, 702, 756), (54, 720, 882), (18, 684, 846), (-72, 648, 738), (-54, 684, 792), (-54, 666, 846), (18, 648, 864)]	(9426, 11100, 9560, 9967, 11942, 9999, 6276, 9500, 4942, 7215, 7987, 6651, 5248, 6217, 7354, 12153, 11151, 19775, 14541, 8925, 15473, 13570, 12224, 2092)
o	1460685	(576, 62)	[(0, 666, 774), (-54, 702, 792), (-72, 720, 828), (-90, 702, 810), (-72, 684, 828), (-18, 684, 792), (36, 666, 918), (90, 702, 756), (54, 720, 882), (18, 684, 846), (-72, 648, 738), (-54, 684, 792), (-54, 666, 846), (18, 648, 864), (-90, 630, 864), (-144, 648, 720), (-36, 648, 846), (36, 666, 936), (18, 684, 864), (-54, 666, 792), (-54, 666, 846), (-90, 648, 810), (-54, 666, 774), (-36, 666, 756), (-18, 684, 828)]	(9442, 11208, 9586, 9982, 13146, 10288, 6050, 8670, 4645, 7444, 7849, 6624, 5167, 6223, 7385, 12392, 11163, 19804, 14568, 8992, 15544, 13656, 12231, 2089)
r	1461092	(596, 304)	[(-144, 648, 720), (-36, 648, 846), (36, 666, 936), (18, 684, 864), (-54, 666, 792), (-54, 666, 846), (-90, 648, 810), (-54, 666, 774), (-36, 666, 756), (-18, 684, 828), (-36, 720, 810), (0, 702, 828), (18, 702, 828), (0, 684, 828), (18, 648, 846), (18, 666, 810), (-162, 684, 810), (-54, 738, 774), (-90, 720, 756), (-90, 720, 720), (-90, 738, 756), (-72, 720, 792), (-108, 720, 756), (-126, 738, 756), (-90, 720, 756)]	(9488, 12147, 9997, 10035, 13924, 10275, 5507, 7558, 4525, 8590, 6690, 6485, 4947, 6258, 7627, 11278, 11208, 19886, 14729, 9070, 15875, 13680, 12245, 2086)
r	1461444	(592, 303)	[(0, 702, 828), (18, 702, 828), (0, 684, 828), (18, 648, 846), (18, 666, 810), (-162, 684, 810), (-54, 738, 774), (-90, 720, 756), (-90, 720, 720), (-90, 738, 756), (-72, 720, 792), (-108, 720, 756), (-126, 738, 756), (-90, 720, 756), (-126, 738, 720), (-108, 738, 774), (-108, 738, 828), (-90, 720, 828), (-126, 702, 720), (-126, 720, 684), (-126, 720, 738), (-108, 738, 738), (-90, 738, 792), (-162, 720, 738), (-144, 702, 720)]	(9477, 12285, 10004, 10041, 13816, 10233, 5822, 7488, 4500, 8512, 6756, 6461, 4996, 6248, 7583, 11909, 11201, 19866, 14695, 9076, 15857, 13674, 12238, 2094)
o	1461737	(576, 57)	[(-90, 720, 720), (-90, 738, 756), (-72, 720, 792), (-108, 720, 756), (-126, 738, 756), (-90, 720, 756), (-126, 738, 720), (-108, 738, 774), (-108, 738, 828), (-90, 720, 828), (-126, 702, 720), (-126, 720, 684), (-126, 720, 738), (-108, 738, 738), (-90, 738, 792), (-162, 720, 738), (-144, 702, 720), (-72, 738, 792), (-54, 702, 756), (-72, 666, 828), (-108, 702, 774), (-126, 684, 774), (-54, 666, 792), (0, 684, 774), (-36, 720, 810)]	(9432, 11466, 9520, 10023, 13629, 10281, 6892, 8705, 4950, 8163, 8125, 6642, 5238, 6255, 7526, 12846, 11177, 19814, 14605, 8964, 15546, 13586, 12230, 2089)
w	1462195	(584, 372)	[(-144, 702, 720), (-72, 738, 792), (-54, 702, 756), (-72, 666, 828), (-108, 702, 774), (-126, 684, 774), (-54, 666, 792), (0, 684, 774), (-36, 720, 810), (-54, 738, 864), (-90, 684, 792), (-54, 702, 864), (-18, 684, 846), (-90, 684, 774), (-18, 702, 810), (-72, 756, 702), (-36, 756, 792), (-126, 756, 774), (-126, 738, 702), (-108, 720, 738), (-108, 720, 756), (-126, 756, 720), (-54, 756, 684), (-54, 792, 720), (-90, 756, 774)]	(9490, 12428, 10115, 10062, 13798, 10139, 5888, 7620, 4484, 8572, 6665, 6436, 4960, 6264, 7625, 11566, 11222, 19907, 14795, 9104, 15965, 13669, 12245, 2096)
c	1465814	(726, 290)	[(-72, 702, 792), (-72, 720, 774), (-72, 738, 720), (18, 738, 720), (18, 720, 756), (-72, 720, 738), (18, 702, 756), (0, 720, 828), (-36, 720, 828), (-54, 684, 756), (-54, 702, 756), (18, 720, 810), (-18, 756, 774), (-72, 756, 738), (-90, 738, 756), (-72, 738, 702), (-108, 720, 720), (-90, 738, 756), (-54, 738, 846), (-54, 738, 792), (-90, 720, 774), (-72, 756, 756), (-72, 756, 774), (-72, 756, 756), (-72, 738, 756)]	(9592, 12042, 9906, 10015, 12690, 9882, 4960, 7152, 4315, 7111, 6382, 6320, 5131, 6152, 7264, 10696, 11145, 19825, 14688, 9081, 16042, 13578, 12224, 2085)
h	1466104	(661, 187)	[(-54, 684, 756), (-54, 702, 756), (18, 720, 810), (-18, 756, 774), (-72, 756, 738), (-90, 738, 756), (-72, 738, 702), (-108, 720, 720), (-90, 738, 756), (-54, 738, 846), (-54, 738, 792), (-90, 720, 774), (-72, 756, 756), (-72, 756, 774), (-72, 756, 756), (-72, 738, 756), (-72, 738, 720), (-108, 738, 720), (-90, 738, 792), (-90, 738, 846), (-90, 720, 828), (-54, 756, 810), (-126, 720, 720), (-108, 720, 738), (-72, 738, 756)]	(9560, 11942, 9816, 9995, 12808, 9867, 5051, 7119, 4332, 7132, 6463, 6293, 5135, 6158, 7264, 11036, 11148, 19823, 14638, 9059, 15939, 13590, 12228, 2080)
e	1466494	(590, 354)	[(-72, 756, 756), (-72, 738, 756), (-72, 738, 720), (-108, 738, 720), (-90, 738, 792), (-90, 738, 846), (-90, 720, 828), (-54, 756, 810), (-126, 720, 720), (-108, 720, 738), (-72, 738, 756), (-54, 756, 846), (-54, 738, 828), (-72, 756, 738), (-90, 738, 702), (-90, 738, 756), (-90, 720, 756), (-72, 756, 828), (-90, 756, 756), (-90, 738, 648), (-108, 756, 594), (-144, 738, 702), (-126, 756, 774), (-72, 792, 720), (-108, 756, 648)]	(9573, 12818, 10566, 10087, 12893, 9917, 5227, 6933, 4357, 7260, 6255, 6254, 4865, 6137, 7280, 9802, 11187, 19911, 14886, 9191, 16515, 13667, 12260, 2093)
c	1466950	(738, 271)	[(-90, 720, 756), (-72, 756, 828), (-90, 756, 756), (-90, 738, 648), (-108, 756, 594), (-144, 738, 702), (-126, 756, 774), (-72, 792, 720), (-108, 756, 648), (-126, 774, 738), (-90, 774, 810), (-108, 774, 684), (-126, 756, 684), (-162, 720, 720), (-90, 756, 846), (-126, 720, 684), (-90, 756, 702), (-90, 756, 792), (-126, 738, 792), (-126, 738, 720), (-126, 720, 792), (-90, 720, 810), (-126, 738, 720), (-108, 720, 720), (-90, 738, 792)]	(9588, 12173, 9911, 10019, 13120, 9911, 5290, 6353, 4234, 7250, 6354, 6213, 4915, 6143, 7272, 10103, 11158, 19843, 14683, 9103, 16057, 13620, 12234, 2091)
k	1467559	(665, 98)	[(-90, 738, 792), (-108, 756, 756), (-90, 738, 756), (-108, 720, 756), (-126, 738, 702), (-126, 738, 756), (-108, 720, 756), (-90, 738, 774), (-90, 738, 810), (-108, 720, 738), (-126, 720, 720), (-108, 720, 774), (-90, 738, 774), (-90, 738, 774), (-72, 738, 774), (-90, 720, 792), (-108, 720, 774), (-126, 702, 720), (-108, 702, 792), (-90, 738, 828), (-90, 738, 828), (-126, 720, 720), (-90, 720, 666), (-90, 738, 810), (-108, 738, 846)]	(9544, 12027, 9773, 10001, 13170, 9973, 6188, 6556, 4323, 7322, 6668, 6329, 5020, 6185, 7300, 11671, 11151, 19814, 14603, 9069, 15836, 13621, 12231, 2083)
 	1468166	(851, 250)	[(-90, 720, 666), (-90, 738, 810), (-108, 738, 846), (-108, 702, 810), (-126, 720, 720), (-108, 702, 792), (-108, 702, 774), (-72, 720, 738), (-108, 702, 864), (-72, 720, 792), (-54, 738, 720), (-72, 720, 756), (-90, 720, 738), (-90, 720, 774), (-72, 720, 828), (-90, 720, 810), (-108, 702, 756), (-108, 702, 738), (-90, 702, 810), (-72, 720, 864), (-108, 720, 738), (-90, 702, 684), (-90, 720, 810), (-90, 720, 864), (-72, 720, 774)]	(9549, 11998, 9750, 9994, 13224, 9984, 6055, 6453, 4299, 7338, 6653, 6300, 5007, 6176, 7304, 11546, 11142, 19800, 14565, 9043, 15777, 13621, 12223, 2088)
a	1468505	(667, 415)	[(-72, 720, 756), (-90, 720, 738), (-90, 720, 774), (-72, 720, 828), (-90, 720, 810), (-108, 702, 756), (-108, 702, 738), (-90, 702, 810), (-72, 720, 864), (-108, 720, 738), (-90, 702, 684), (-90, 720, 810), (-90, 720, 864), (-72, 720, 774), (-90, 720, 810), (-108, 756, 792), (-108, 738, 720), (-126, 756, 666), (-144, 738, 756), (-162, 738, 828), (-144, 738, 792), (-108, 756, 774), (0, 810, 594), (-72, 792, 666), (-54, 792, 702)]	(9532, 12561, 10471, 10071, 13132, 9898, 5098, 6564, 4305, 7527, 6123, 6278, 4817, 6124, 7307, 9332, 11182, 19895, 14799, 9153, 16363, 13671, 12238, 2081)
n	1469113	(721, 117)	[(-72, 792, 666), (-54, 792, 702), (-72, 810, 648), (-90, 792, 666), (-54, 810, 702), (-72, 810, 684), (-54, 792, 684), (-54, 828, 684), (-126, 792, 738), (-108, 756, 792), (36, 774, 738), (-72, 756, 684), (-36, 720, 738), (18, 720, 810), (18, 702, 828), (-54, 720, 756), (-72, 720, 792), (-36, 684, 810), (-18, 702, 774), (-36, 720, 756), (18, 720, 810), (0, 702, 810), (-18, 702, 774), (0, 720, 702), (-36, 738, 828)]	(9480, 11176, 9499, 9964, 13431, 10118, 6090, 7366, 4622, 7627, 7792, 6519, 5361, 6220, 7367, 12665, 11145, 19767, 14440, 8989, 15493, 13602, 12224, 2084)
d	1469553	(674, 321)	[(-54, 720, 756), (-72, 720, 792), (-36, 684, 810), (-18, 702, 774), (-36, 720, 756), (18, 720, 810), (0, 702, 810), (-18, 702, 774), (0, 720, 702), (-36, 738, 828), (0, 720, 828), (18, 702, 792), (0, 738, 792), (18, 738, 792), (-54, 720, 792), (-72, 720, 774), (-90, 720, 774), (-108, 702, 738), (-144, 702, 774), (-36, 702, 882), (-36, 738, 846), (-36, 738, 720), (-72, 720, 720), (-18, 738, 756), (-18, 738, 774)]	(9518, 12409, 10195, 10017, 13371, 10085, 5825, 6612, 4298, 7596, 6440, 6210, 4835, 6200, 7368, 11789, 11200, 19879, 14756, 9129, 15955, 13750, 12243, 2089)
 	1470012	(843, 277)	[(-90, 720, 774), (-108, 702, 738), (-144, 702, 774), (-36, 702, 882), (-36, 738, 846), (-36, 738, 720), (-72, 720, 720), (-18, 738, 756), (-18, 738, 774), (-54, 738, 792), (-90, 702, 720), (-72, 738, 792), (-72, 720, 864), (-54, 738, 756), (-90, 702, 738), (-54, 720, 792), (-72, 702, 792), (0, 738, 810), (-90, 720, 810), (-90, 702, 684), (-72, 720, 738), (-72, 738, 864), (-36, 738, 864), (-90, 684, 720), (-36, 738, 648)]	(9506, 12036, 9854, 10006, 13560, 10083, 6046, 6620, 4315, 7815, 6688, 6332, 5030, 6210, 7392, 12227, 11176, 19827, 14600, 9069, 15780, 13705, 12233, 2092)
f	1470252	(676, 290)	[(-72, 720, 720), (-18, 738, 756), (-18, 738, 774), (-54, 738, 792), (-90, 702, 720), (-72, 738, 792), (-72, 720, 864), (-54, 738, 756), (-90, 702, 738), (-54, 720, 792), (-72, 702, 792), (0, 738, 810), (-90, 720, 810), (-90, 702, 684), (-72, 720, 738), (-72, 738, 864), (-36, 738, 864), (-90, 684, 720), (-36, 738, 648), (-54, 720, 774), (-90, 720, 774), (-90, 738, 810), (-72, 702, 756), (-54, 738, 756), (-36, 738, 756)]	(9516, 12330, 10064, 10038, 13577, 10115, 6078, 6648, 4400, 7933, 6621, 6327, 4999, 6221, 7441, 12300, 11201, 19875, 14692, 9138, 15948, 13752, 12247, 2085)
i	1470664	(557, 83)	[(-72, 720, 738), (-72, 738, 864), (-36, 738, 864), (-90, 684, 720), (-36, 738, 648), (-54, 720, 774), (-90, 720, 774), (-90, 738, 810), (-72, 702, 756), (-54, 738, 756), (-36, 738, 756), (-90, 720, 738), (-72, 720, 792), (-72, 738, 828), (-108, 702, 810), (-90, 702, 720), (-54, 756, 738), (-18, 738, 774), (-36, 720, 738), (-36, 720, 792), (0, 720, 810), (-72, 720, 738), (-18, 738, 792), (-36, 720, 810), (-36, 720, 684)]	(9461, 11715, 9622, 9980, 13217, 10043, 7244, 7215, 4456, 7511, 7662, 6427, 5216, 6243, 7368, 13398, 11183, 19820, 14559, 9046, 15644, 13671, 12235, 2090)
n	1471256	(713, 131)	[(-18, 738, 792), (-36, 720, 810), (-36, 720, 684), (0, 720, 702), (18, 720, 756), (36, 738, 828), (18, 738, 846), (18, 738, 828), (0, 720, 738), (-54, 702, 756), (-18, 702, 828), (0, 720, 720), (36, 738, 846), (-18, 738, 864), (18, 702, 756), (-54, 720, 738), (-90, 684, 810), (-90, 684, 792), (-72, 684, 792), (-54, 702, 828), (-54, 684, 846), (-72, 666, 828), (-90, 684, 774), (-72, 684, 774), (-54, 666, 792)]	(9458, 11843, 9682, 9985, 12696, 10025, 7408, 7216, 4453, 7276, 7754, 6406, 5154, 6233, 7346, 13446, 11178, 19807, 14542, 9045, 15640, 13693, 12231, 2083)
d	1471713	(627, 318)	[(-90, 684, 792), (-72, 684, 792), (-54, 702, 828), (-54, 684, 846), (-72, 666, 828), (-90, 684, 774), (-72, 684, 774), (-54, 666, 792), (-54, 702, 846), (18, 720, 774), (18, 702, 792), (-36, 702, 774), (18, 702, 810), (-36, 684, 828), (-36, 702, 810), (-72, 684, 810), (-90, 702, 810), (-90, 720, 810), (-72, 702, 792), (-108, 702, 720), (-126, 702, 756), (-126, 720, 810), (-90, 720, 792), (-72, 738, 810), (-72, 720, 792)]	(9512, 12161, 9915, 10044, 13798, 10206, 6343, 6846, 4424, 8103, 6781, 6410, 5118, 6250, 7496, 12471, 11201, 19874, 14624, 9115, 15864, 13755, 12252, 2098)
 	1472001	(830, 298)	[(-54, 702, 846), (18, 720, 774), (18, 702, 792), (-36, 702, 774), (18, 702, 810), (-36, 684, 828), (-36, 702, 810), (-72, 684, 810), (-90, 702, 810), (-90, 720, 810), (-72, 702, 792), (-108, 702, 720), (-126, 702, 756), (-126, 720, 810), (-90, 720, 792), (-72, 738, 810), (-72, 720, 792), (-108, 702, 666), (-108, 702, 720), (-90, 738, 846), (-108, 702, 810), (-108, 720, 720), (-54, 720, 792), (-108, 702, 756), (-108, 684, 774)]	(9500, 12026, 9772, 10031, 13670, 10123, 6215, 6837, 4425, 7877, 6768, 6333, 5171, 6220, 7425, 12383, 11184, 19835, 14561, 9085, 15771, 13717, 12232, 2088)
o	1472563	(584, 65)	[(-108, 720, 720), (-54, 720, 792), (-108, 702, 756), (-108, 684, 774), (-72, 720, 756), (-108, 738, 828), (-90, 684, 846), (-90, 702, 756), (-126, 666, 810), (-144, 684, 756), (-108, 684, 720), (-54, 720, 720), (-108, 684, 810), (-144, 684, 756), (-108, 666, 810), (-108, 702, 810), (-90, 702, 810), (-72, 702, 792), (-90, 702, 810), (-108, 684, 756), (-108, 684, 792), (-90, 684, 882), (-108, 684, 810), (-126, 666, 774), (-108, 666, 792)]	(9500, 11921, 9744, 10035, 13923, 10221, 6429, 6819, 4468, 8169, 7026, 6421, 5137, 6245, 7507, 12742, 11195, 19848, 14556, 9075, 15714, 13718, 12241, 2083)
u	1472902	(583, 152)	[(-54, 720, 720), (-108, 684, 810), (-144, 684, 756), (-108, 666, 810), (-108, 702, 810), (-90, 702, 810), (-72, 702, 792), (-90, 702, 810), (-108, 684, 756), (-108, 684, 792), (-90, 684, 882), (-108, 684, 810), (-126, 666, 774), (-108, 666, 792), (-126, 684, 810), (-72, 684, 828), (-108, 702, 810), (-72, 684, 756), (-108, 684, 738), (-108, 666, 774), (-90, 702, 792), (-90, 666, 792), (-90, 684, 792), (-90, 702, 810), (-108, 684, 792)]	(9497, 11998, 9797, 10042, 13892, 10215, 6457, 6750, 4479, 8174, 6923, 6372, 5112, 6248, 7510, 12771, 11201, 19852, 14571, 9088, 15746, 13733, 12240, 2085)
t	1473460	(587, 248)	[(-90, 666, 792), (-90, 684, 792), (-90, 702, 810), (-108, 684, 792), (-108, 666, 828), (-108, 702, 846), (-144, 666, 828), (-108, 666, 792), (-108, 684, 882), (-108, 684, 828), (-108, 684, 756), (-108, 684, 792), (-90, 702, 774), (-108, 684, 774), (-108, 684, 774), (-126, 684, 810), (-126, 684, 828), (-126, 684, 828), (-126, 702, 774), (-126, 684, 702), (-90, 702, 828), (-72, 738, 882), (-108, 720, 810), (-126, 666, 756), (-126, 684, 738)]	(9518, 12288, 9968, 10052, 13955, 10227, 6416, 6795, 4491, 8298, 6802, 6394, 5095, 6254, 7529, 12636, 11211, 19872, 14617, 9113, 15854, 13756, 12243, 2077)
 	1473851	(797, 247)	[(-108, 684, 774), (-108, 684, 774), (-126, 684, 810), (-126, 684, 828), (-126, 684, 828), (-126, 702, 774), (-126, 684, 702), (-90, 702, 828), (-72, 738, 882), (-108, 720, 810), (-126, 666, 756), (-126, 684, 738), (-126, 702, 882), (-126, 684, 846), (-162, 666, 792), (-144, 666, 792), (-144, 684, 792), (-144, 684, 810), (-144, 666, 810), (-162, 684, 738), (-126, 666, 828), (-126, 684, 774), (-144, 684, 774), (-162, 666, 846), (-126, 666, 828)]	(9510, 12109, 9837, 10035, 13799, 10162, 6165, 6650, 4438, 8035, 6719, 6330, 5200, 6225, 7452, 12392, 11190, 19841, 14564, 9078, 15784, 13726, 12235, 2086)
f	1474359	(647, 273)	[(-144, 666, 810), (-162, 684, 738), (-126, 666, 828), (-126, 684, 774), (-144, 684, 774), (-162, 666, 846), (-126, 666, 828), (-126, 702, 810), (-162, 684, 810), (-126, 684, 846), (-126, 684, 810), (-126, 702, 792), (-90, 684, 774), (-72, 720, 738), (-144, 666, 774), (-126, 684, 828), (-144, 666, 792), (-126, 684, 774), (-54, 702, 792), (-90, 738, 792), (-108, 702, 738), (-90, 720, 720), (-90, 738, 792), (-108, 720, 828), (-144, 684, 738)]	(9493, 12219, 9890, 10052, 13921, 10238, 6949, 6913, 4578, 8472, 7055, 6438, 5313, 6282, 7624, 12966, 11217, 19870, 14600, 9103, 15814, 13742, 12240, 2091)
o	1474766	(593, 79)	[(-144, 666, 774), (-126, 684, 828), (-144, 666, 792), (-126, 684, 774), (-54, 702, 792), (-90, 738, 792), (-108, 702, 738), (-90, 720, 720), (-90, 738, 792), (-108, 720, 828), (-144, 684, 738), (-144, 720, 738), (-126, 702, 828), (-108, 720, 810), (-126, 720, 792), (-144, 720, 684), (-72, 720, 828), (0, 702, 756), (36, 738, 828), (-18, 756, 792), (-54, 720, 774), (-108, 684, 738), (-90, 684, 810), (-90, 702, 792), (-72, 684, 810)]	(9470, 11775, 9648, 10040, 13982, 10290, 7446, 7429, 4760, 8382, 7929, 6551, 5445, 6277, 7589, 13370, 11188, 19820, 14536, 8986, 15552, 13619, 12241, 2100)
r	1475257	(585, 297)	[(36, 738, 828), (-18, 756, 792), (-54, 720, 774), (-108, 684, 738), (-90, 684, 810), (-90, 702, 792), (-72, 684, 810), (-54, 720, 810), (-36, 720, 882), (-36, 702, 846), (-72, 702, 738), (-54, 684, 702), (0, 702, 828), (-108, 720, 864), (-72, 738, 774), (-90, 720, 666), (-54, 720, 774), (-108, 738, 810), (-126, 720, 774), (-90, 702, 702), (-126, 738, 774), (-108, 720, 810), (-54, 720, 774), (-72, 756, 738), (-126, 720, 756)]	(9520, 12484, 10106, 10056, 14216, 10231, 5984, 6410, 4467, 8810, 6573, 6404, 4906, 6218, 7641, 9782, 11217, 19920, 14719, 9159, 16077, 13800, 12265, 2088)
m	1475973	(720, 76)	[(-90, 702, 810), (-126, 738, 666), (-108, 720, 738), (-126, 702, 810), (-108, 666, 738), (-90, 684, 828), (-54, 684, 882), (-18, 666, 846), (0, 666, 774), (-54, 666, 774), (-36, 666, 828), (36, 684, 900), (0, 666, 846), (-36, 684, 756), (-36, 666, 792), (18, 666, 828), (36, 666, 846), (0, 666, 828), (-36, 666, 810), (-54, 666, 810), (-54, 630, 810), (-36, 648, 846), (18, 684, 846), (18, 666, 828), (-54, 684, 774)]	(9471, 11226, 9518, 9967, 13601, 10250, 7262, 7239, 4908, 7824, 8634, 6715, 5212, 6299, 7437, 14166, 11217, 19793, 14493, 8947, 15407, 13711, 12238, 2090)
