Please hold the phone in your right hand and type with your left index finger
y	1374316	(598, 182)	[(-36, 738, 756), (-54, 720, 720), (-72, 702, 756), (-54, 720, 774), (-36, 738, 792), (-36, 738, 792), (0, 720, 774), (-18, 738, 756), (-18, 738, 738), (18, 738, 756), (18, 738, 774), (0, 720, 756), (0, 738, 738), (0, 738, 756), (0, 720, 756), (-54, 720, 792), (0, 720, 792), (0, 738, 774), (18, 738, 774), (18, 756, 720), (18, 756, 684), (18, 756, 810), (-36, 720, 828), (0, 720, 756), (-54, 738, 702)]	(9831, 12446, 9759, 10205, 11997, 11961, 5094, 5879, 4072, 7636, 5549, 6034, 4335, 6102, 7909, 7136, 11249, 20510, 15297, 9253, 16987, 14304, 12353, 2095)
t	1375491	(587, 257)	[(-54, 738, 756), (-36, 738, 774), (-36, 738, 756), (-36, 738, 756), (-36, 756, 774), (-36, 738, 756), (-54, 738, 774), (-54, 738, 756), (-36, 738, 774), (-36, 756, 774), (-36, 738, 756), (-54, 738, 720), (-36, 756, 774), (-54, 756, 774), (-36, 738, 792), (-72, 738, 774), (-72, 738, 774), (-36, 738, 756), (0, 756, 738), (36, 810, 702), (54, 810, 648), (54, 792, 738), (18, 756, 738), (-72, 738, 738), (-54, 756, 792)]	(9867, 12552, 9866, 10242, 12007, 11979, 5130, 5919, 4094, 7647, 5543, 6069, 4326, 6115, 7946, 7149, 11272, 20573, 15350, 9270, 17097, 14325, 12370, 2098)
f	1376725	(675, 307)	[(-36, 756, 738), (-54, 756, 738), (-36, 738, 720), (-18, 756, 756), (-36, 756, 756), (-54, 756, 756), (-36, 738, 738), (-36, 738, 738), (-54, 756, 756), (-36, 756, 756), (-54, 756, 738), (-36, 738, 738), (0, 756, 738), (-36, 774, 738), (-36, 756, 756), (-54, 756, 774), (-54, 738, 738), (-54, 756, 738), (-36, 756, 774), (-36, 756, 756), (-18, 774, 684), (-54, 756, 756), (-54, 738, 702), (-36, 756, 720), (-36, 756, 738)]	(9877, 12493, 9865, 10220, 11963, 11838, 5098, 5970, 4054, 7610, 5609, 6071, 4352, 6112, 7940, 7139, 11263, 20577, 15329, 9265, 17119, 14304, 12360, 2099)
y	1377937	(580, 208)	[(-36, 756, 738), (-36, 756, 720), (-54, 756, 738), (-36, 756, 738), (-54, 756, 756), (-36, 756, 756), (-36, 756, 756), (-54, 756, 756), (-36, 756, 756), (-36, 774, 738), (-36, 756, 720), (0, 774, 684), (0, 774, 720), (0, 774, 720), (-36, 756, 756), (-36, 756, 756), (-36, 756, 720), (0, 738, 702), (-54, 774, 666), (-36, 774, 738), (-54, 774, 774), (-18, 774, 756), (-36, 756, 738), (0, 774, 720), (-36, 774, 702)]	(9928, 12507, 9852, 10235, 11955, 11818, 5123, 6018, 4124, 7548, 5620, 6031, 4371, 6113, 7930, 7136, 11272, 20606, 15349, 9280, 17155, 14314, 12365, 2096)
b	1379064	(712, 228)	[(-54, 756, 738), (-36, 756, 738), (-36, 774, 756), (-36, 756, 738), (-36, 774, 738), (-36, 756, 738), (-54, 756, 720), (-54, 756, 738), (-36, 756, 756), (-36, 774, 738), (-54, 756, 738), (-36, 756, 720), (-36, 774, 756), (-36, 756, 738), (-36, 774, 756), (-36, 756, 720), (-36, 756, 738), (-36, 774, 756), (-36, 756, 738), (-36, 756, 738), (-36, 756, 720), (-36, 774, 720), (-36, 774, 720), (-36, 756, 720), (-36, 756, 720)]	(9944, 12507, 9864, 10214, 11963, 11862, 5001, 5912, 4114, 7614, 5597, 5994, 4368, 6110, 7977, 7138, 11268, 20625, 15349, 9287, 17169, 14319, 12360, 2100)
l	1380374	(681, 32)	[(-18, 774, 738), (-54, 756, 738), (-36, 774, 702), (-36, 756, 738), (0, 756, 774), (-54, 756, 720), (-72, 756, 738), (-36, 756, 756), (18, 774, 756), (0, 792, 720), (-36, 756, 720), (-54, 756, 720), (-18, 774, 720), (18, 774, 738), (18, 774, 738), (-36, 756, 756), (-36, 756, 756), (36, 774, 792), (36, 792, 666), (0, 774, 702), (-54, 756, 738), (-72, 738, 792), (-36, 756, 792), (18, 756, 738), (0, 792, 684)]	(9996, 12514, 9861, 10226, 11928, 11757, 5103, 5912, 4055, 7579, 5521, 6043, 4308, 6111, 7960, 7136, 11276, 20618, 15306, 9283, 17132, 14325, 12370, 2099)
z	1381857	(743, 391)	[(0, 774, 720), (-18, 774, 738), (-36, 774, 738), (-36, 774, 738), (-18, 756, 738), (0, 774, 702), (0, 774, 702), (-36, 756, 738), (-54, 738, 774), (-72, 738, 774), (-72, 738, 774), (-54, 756, 756), (-54, 756, 774), (-72, 738, 756), (-72, 738, 756), (-72, 720, 756), (-36, 738, 738), (-18, 756, 756), (-36, 756, 720), (-18, 774, 666), (-18, 774, 720), (-72, 756, 792), (-72, 720, 738), (-54, 756, 738), (-36, 774, 774)]	(9940, 12522, 9875, 10221, 11970, 11875, 5067, 5967, 4057, 7630, 5516, 6078, 4314, 6118, 8017, 7122, 11270, 20650, 15324, 9274, 17171, 14313, 12365, 2112)
r	1383135	(593, 309)	[(18, 774, 684), (0, 774, 684), (0, 774, 702), (18, 774, 756), (0, 774, 756), (-54, 756, 738), (-36, 774, 756), (0, 792, 738), (-18, 792, 738), (18, 792, 702), (18, 792, 684), (36, 792, 702), (54, 810, 684), (54, 810, 666), (18, 810, 666), (18, 792, 702), (0, 774, 738), (0, 774, 756), (-36, 792, 720), (-36, 792, 702), (18, 792, 702), (54, 810, 666), (18, 810, 702), (0, 810, 702), (0, 774, 684)]	(10025, 12562, 9890, 10229, 11969, 11788, 5089, 5975, 4150, 7661, 5528, 6040, 4366, 6113, 8025, 7134, 11279, 20677, 15353, 9280, 17179, 14341, 12371, 2110)
p	1384408	(593, 21)	[(-36, 774, 720), (-54, 756, 738), (-36, 774, 738), (-54, 774, 774), (-54, 756, 720), (-36, 774, 720), (0, 792, 720), (54, 810, 702), (36, 810, 684), (18, 792, 666), (-36, 774, 684), (-54, 774, 756), (0, 774, 738), (36, 810, 738), (90, 810, 684), (36, 810, 702), (18, 792, 702), (54, 828, 522), (108, 864, 522), (108, 810, 666), (0, 792, 720), (0, 792, 756), (18, 792, 792), (54, 810, 720), (90, 774, 630)]	(10011, 12468, 9733, 10175, 11960, 11746, 5053, 5979, 4093, 7638, 5612, 6069, 4355, 6117, 8020, 7123, 11266, 20660, 15214, 9257, 17099, 14315, 12360, 2112)
j	1385777	(672, 163)	[(-54, 738, 738), (-36, 756, 756), (-36, 738, 756), (-18, 738, 756), (-18, 738, 738), (-36, 738, 774), (-54, 738, 774), (-54, 738, 810), (-36, 756, 774), (-18, 756, 720), (0, 774, 738), (0, 774, 738), (0, 756, 720), (18, 756, 738), (18, 774, 720), (0, 774, 738), (-18, 774, 738), (-18, 756, 738), (18, 792, 684), (18, 810, 702), (-36, 756, 774), (-90, 720, 810), (-72, 720, 792), (-72, 738, 792), (0, 756, 756)]	(9970, 12603, 9884, 10240, 12032, 12062, 5074, 5991, 4135, 7740, 5501, 6037, 4353, 6115, 8009, 7137, 11274, 20639, 15316, 9288, 17188, 14336, 12366, 2111)
g	1387004	(687, 254)	[(0, 756, 738), (0, 756, 738), (-36, 738, 756), (-36, 756, 738), (-18, 774, 756), (0, 774, 756), (-36, 756, 720), (-54, 738, 738), (-54, 738, 738), (-36, 774, 756), (-18, 756, 738), (-36, 756, 720), (-18, 756, 720), (0, 756, 756), (0, 774, 738), (-36, 756, 738), (-36, 756, 756), (-36, 756, 738), (-36, 738, 756), (18, 774, 756), (18, 792, 720), (-54, 738, 702), (-54, 756, 810), (-54, 756, 774), (-36, 738, 738)]	(9964, 12589, 9876, 10245, 12022, 12029, 5087, 5953, 4064, 7770, 5566, 6066, 4359, 6119, 8036, 7134, 11275, 20651, 15317, 9280, 17193, 14325, 12364, 2118)
d	1388336	(662, 342)	[(-36, 756, 738), (-18, 774, 756), (18, 774, 756), (0, 774, 702), (-36, 774, 720), (-36, 756, 756), (-18, 774, 738), (-36, 756, 738), (-36, 756, 738), (-36, 774, 738), (-36, 756, 720), (-18, 774, 738), (0, 774, 756), (-18, 756, 738), (-36, 756, 738), (0, 756, 738), (-36, 774, 756), (0, 774, 720), (18, 756, 666), (-36, 756, 702), (-36, 756, 792), (-72, 738, 774), (-54, 756, 774), (-54, 756, 738), (0, 774, 702)]	(9977, 12605, 9892, 10243, 12025, 12026, 5093, 6059, 4093, 7759, 5588, 6023, 4371, 6120, 8055, 7138, 11281, 20675, 15346, 9297, 17234, 14356, 12377, 2116)
l	1389598	(676, 53)	[(-36, 756, 738), (-54, 756, 738), (-36, 774, 720), (-36, 756, 738), (0, 774, 738), (-36, 774, 756), (-36, 774, 756), (-18, 774, 702), (-36, 756, 720), (0, 774, 738), (36, 774, 774), (0, 774, 756), (-18, 756, 720), (0, 774, 702), (36, 774, 738), (36, 774, 720), (36, 792, 702), (36, 792, 684), (72, 810, 684), (90, 846, 630), (36, 792, 738), (-36, 756, 756), (-36, 756, 774), (0, 738, 792), (72, 774, 720)]	(10068, 12564, 9723, 10179, 11914, 11482, 5002, 5959, 4070, 7560, 5582, 6091, 4354, 6101, 7982, 7091, 11271, 20657, 15207, 9263, 17110, 14332, 12366, 2112)
f	1390787	(677, 292)	[(-54, 756, 756), (-54, 756, 738), (-36, 756, 738), (-36, 756, 738), (-36, 756, 738), (-36, 774, 756), (-54, 756, 720), (-54, 756, 756), (0, 774, 756), (18, 774, 756), (-36, 756, 738), (-54, 756, 720), (-36, 774, 756), (-36, 756, 756), (-36, 774, 720), (-18, 756, 702), (-36, 774, 702), (36, 792, 666), (-18, 756, 774), (-90, 756, 846), (-90, 738, 774), (-72, 738, 756), (18, 774, 756), (18, 792, 684), (18, 774, 666)]	(9997, 12638, 9918, 10244, 11969, 11795, 5043, 6030, 4085, 7649, 5529, 6037, 4310, 6112, 8009, 7139, 11278, 20703, 15309, 9293, 17164, 14360, 12377, 2115)
a	1391898	(656, 422)	[(0, 792, 738), (-36, 756, 720), (-36, 756, 720), (-18, 756, 738), (-18, 756, 756), (-18, 756, 756), (-36, 756, 702), (0, 774, 756), (0, 774, 738), (0, 756, 738), (-54, 774, 720), (-36, 756, 738), (-36, 774, 756), (-36, 756, 738), (0, 756, 702), (-36, 756, 720), (0, 774, 738), (-36, 774, 738), (18, 774, 702), (0, 756, 720), (-54, 774, 774), (-72, 738, 774), (-72, 756, 774), (-36, 774, 756), (-36, 774, 720)]	(9987, 12595, 9882, 10230, 11966, 11819, 5079, 5993, 4065, 7636, 5582, 6039, 4372, 6115, 8024, 7130, 11280, 20700, 15318, 9287, 17196, 14344, 12367, 2117)
c	1393128	(751, 300)	[(0, 774, 738), (-36, 774, 738), (0, 792, 720), (-36, 774, 738), (-36, 774, 720), (-54, 756, 756), (-36, 756, 738), (-36, 756, 738), (-36, 774, 738), (-36, 774, 738), (0, 774, 702), (-36, 774, 702), (-36, 774, 738), (-36, 774, 756), (-36, 756, 702), (-36, 756, 720), (-36, 756, 738), (-36, 774, 738), (-36, 774, 756), (-36, 774, 666), (-36, 756, 774), (-36, 756, 756), (-36, 756, 720), (0, 774, 720), (-36, 774, 720)]	(10016, 12627, 9900, 10238, 11971, 11810, 5045, 6038, 4086, 7648, 5464, 6072, 4361, 6120, 8036, 7135, 11283, 20717, 15328, 9286, 17211, 14343, 12374, 2115)
i	1394389	(543, 112)	[(-36, 774, 738), (-36, 756, 738), (-36, 756, 738), (-54, 756, 738), (-36, 774, 738), (-36, 756, 756), (-36, 756, 756), (0, 774, 720), (-18, 774, 720), (-36, 774, 720), (0, 774, 720), (18, 774, 720), (0, 774, 738), (18, 792, 738), (-36, 774, 720), (-36, 774, 702), (18, 792, 720), (162, 828, 666), (36, 792, 702), (-36, 774, 702), (-72, 738, 828), (-108, 738, 864), (-108, 738, 828), (-54, 756, 774), (0, 774, 702)]	(10049, 12674, 9916, 10255, 11988, 11893, 5103, 6046, 4096, 7665, 5587, 6071, 4364, 6115, 8041, 7157, 11291, 20729, 15376, 9314, 17280, 14382, 12379, 2113)
u	1395631	(545, 168)	[(-36, 756, 756), (0, 774, 720), (0, 774, 720), (-36, 774, 720), (0, 774, 738), (0, 774, 756), (-36, 774, 738), (-36, 756, 702), (-36, 774, 756), (18, 774, 756), (-36, 774, 720), (-54, 756, 720), (-54, 756, 756), (0, 774, 738), (18, 792, 738), (-18, 774, 684), (-36, 774, 702), (18, 792, 720), (108, 828, 576), (0, 774, 702), (-54, 756, 846), (-90, 756, 864), (-90, 756, 792), (-36, 756, 720), (36, 792, 666)]	(10050, 12672, 9928, 10266, 11985, 11875, 5058, 5982, 4096, 7683, 5559, 6117, 4381, 6119, 8040, 7145, 11290, 20726, 15364, 9300, 17263, 14375, 12375, 2116)
h	1396846	(656, 220)	[(-18, 774, 738), (-36, 774, 702), (-36, 774, 738), (0, 774, 738), (0, 774, 702), (0, 774, 702), (-18, 774, 720), (-18, 774, 720), (-18, 774, 720), (-36, 756, 720), (-18, 774, 720), (-36, 756, 720), (-36, 774, 738), (0, 774, 720), (18, 774, 738), (18, 792, 720), (0, 774, 720), (-36, 756, 720), (72, 792, 648), (0, 774, 738), (-54, 756, 810), (-108, 738, 756), (-54, 756, 774), (-54, 756, 774), (0, 774, 738)]	(10070, 12702, 9951, 10272, 11976, 11906, 5089, 6088, 4196, 7665, 5516, 6029, 4377, 6124, 8048, 7150, 11296, 20761, 15393, 9312, 17319, 14390, 12383, 2120)
q	1398023	(586, 460)	[(-36, 774, 702), (-36, 756, 720), (-36, 774, 738), (-36, 756, 756), (-36, 756, 720), (0, 756, 738), (-18, 792, 738), (-36, 774, 702), (0, 756, 738), (-18, 774, 738), (-36, 774, 720), (-36, 756, 720), (0, 774, 738), (0, 774, 738), (0, 774, 720), (-36, 774, 720), (-36, 756, 738), (-18, 774, 738), (18, 774, 648), (-18, 774, 756), (-54, 774, 810), (-72, 738, 756), (-36, 774, 720), (18, 792, 684), (18, 792, 702)]	(10011, 12566, 9889, 10231, 11951, 11742, 5043, 6024, 4095, 7614, 5534, 6059, 4368, 6117, 8042, 7125, 11279, 20713, 15310, 9295, 17218, 14344, 12366, 2117)
x	1399285	(733, 356)	[(0, 774, 720), (0, 774, 720), (-36, 774, 720), (-36, 774, 720), (-36, 774, 738), (-36, 774, 738), (0, 774, 720), (0, 774, 720), (-36, 774, 702), (-36, 774, 738), (0, 774, 738), (0, 774, 720), (-18, 774, 720), (-36, 756, 738), (-36, 774, 756), (-36, 774, 720), (-36, 774, 720), (18, 774, 720), (18, 774, 720), (18, 774, 666), (0, 774, 666), (-36, 774, 774), (-72, 756, 792), (-72, 738, 756), (-36, 774, 702)]	(10038, 12590, 9902, 10241, 11953, 11733, 5027, 6008, 4142, 7594, 5528, 6036, 4367, 6117, 8045, 7121, 11282, 20717, 15318, 9292, 17229, 14354, 12369, 2115)
r	1400565	(578, 345)	[(-18, 792, 738), (0, 792, 702), (-36, 774, 720), (-36, 774, 702), (0, 774, 720), (0, 774, 720), (0, 774, 720), (-36, 774, 720), (-18, 774, 738), (0, 774, 720), (0, 774, 684), (-36, 774, 720), (0, 774, 720), (0, 774, 720), (-36, 774, 720), (-36, 774, 720), (18, 792, 702), (0, 774, 702), (-36, 792, 774), (-54, 756, 720), (-36, 756, 702), (-36, 774, 738), (18, 774, 738), (0, 774, 702), (0, 774, 702)]	(10057, 12622, 9905, 10252, 11973, 11780, 5066, 6035, 4128, 7664, 5565, 6049, 4373, 6123, 8067, 7126, 11287, 20742, 15325, 9306, 17238, 14358, 12375, 2121)
q	1401742	(584, 460)	[(-18, 774, 720), (0, 774, 738), (0, 774, 738), (-18, 774, 720), (0, 774, 702), (0, 774, 720), (-36, 792, 702), (-54, 756, 720), (0, 774, 720), (0, 774, 720), (-36, 774, 720), (-36, 774, 720), (0, 774, 738), (-36, 774, 738), (0, 774, 702), (0, 774, 720), (-36, 774, 738), (18, 810, 702), (90, 792, 558), (0, 774, 774), (-72, 756, 846), (-144, 702, 864), (-72, 756, 774), (36, 792, 720), (54, 792, 648)]	(10066, 12630, 9898, 10253, 11964, 11818, 5120, 6084, 4155, 7712, 5533, 6127, 4339, 6115, 8100, 7124, 11290, 20758, 15335, 9306, 17234, 14358, 12377, 2130)
v	1402904	(747, 280)	[(-36, 774, 738), (-36, 756, 720), (-36, 774, 756), (-36, 774, 738), (0, 774, 720), (-36, 774, 702), (-18, 774, 702), (0, 774, 720), (-36, 774, 738), (-36, 756, 738), (-36, 774, 738), (-54, 774, 756), (0, 774, 720), (-36, 774, 702), (-36, 774, 720), (0, 774, 720), (0, 774, 738), (-54, 774, 738), (-54, 756, 738), (-18, 774, 738), (-36, 756, 738), (18, 774, 720), (-36, 774, 702), (-54, 774, 828), (-72, 738, 720)]	(10071, 12644, 9917, 10256, 11984, 11862, 5102, 6033, 4169, 7672, 5551, 6124, 4373, 6120, 8114, 7138, 11300, 20785, 15356, 9314, 17256, 14371, 12382, 2129)
w	1404325	(580, 390)	[(0, 774, 738), (-36, 774, 738), (-36, 756, 738), (-36, 774, 738), (-54, 774, 738), (0, 774, 720), (0, 774, 720), (0, 774, 738), (-36, 774, 702), (-36, 774, 720), (-36, 774, 720), (-36, 792, 720), (-18, 774, 720), (0, 756, 720), (0, 774, 738), (-36, 774, 702), (0, 792, 720), (36, 792, 666), (-18, 792, 720), (-54, 774, 810), (-72, 756, 792), (-36, 774, 738), (18, 774, 720), (36, 792, 684), (36, 792, 666)]	(10061, 12635, 9907, 10263, 11977, 11820, 5105, 6032, 4170, 7729, 5562, 6074, 4366, 6123, 8125, 7130, 11286, 20792, 15338, 9314, 17250, 14366, 12376, 2110)
d	1405586	(659, 343)	[(0, 792, 720), (-36, 774, 720), (0, 774, 720), (-18, 774, 720), (-36, 774, 702), (-36, 774, 720), (-18, 774, 738), (0, 774, 738), (-36, 774, 720), (-36, 756, 738), (-36, 774, 720), (18, 774, 720), (-36, 774, 720), (-36, 774, 702), (-36, 774, 738), (0, 774, 720), (0, 792, 720), (-36, 774, 720), (36, 792, 684), (18, 792, 612), (0, 756, 792), (-90, 774, 846), (-108, 720, 756), (-54, 756, 756), (36, 792, 702)]	(10079, 12656, 9917, 10271, 11985, 11884, 5027, 6023, 4113, 7735, 5545, 6046, 4365, 6132, 8157, 7129, 11300, 20830, 15350, 9313, 17269, 14380, 12386, 2132)
w	1406866	(561, 417)	[(0, 774, 702), (-36, 756, 738), (-36, 774, 738), (-36, 774, 738), (-36, 774, 738), (-36, 774, 738), (-36, 774, 720), (-36, 774, 720), (-36, 774, 720), (-36, 774, 738), (0, 774, 738), (-36, 774, 720), (-36, 774, 738), (-36, 774, 720), (-18, 792, 702), (0, 774, 720), (18, 774, 720), (-36, 756, 720), (-18, 792, 684), (0, 774, 702), (0, 774, 738), (-54, 756, 774), (-72, 756, 756), (-36, 774, 720), (18, 756, 702)]	(10065, 12623, 9914, 10249, 11985, 11867, 5056, 6101, 4146, 7742, 5565, 6095, 4349, 6130, 8153, 7142, 11293, 20798, 15331, 9304, 17235, 14356, 12380, 2129)
s	1408094	(663, 380)	[(-36, 774, 720), (-36, 774, 684), (-18, 774, 720), (-36, 774, 738), (0, 774, 738), (-54, 756, 720), (-36, 774, 720), (-18, 792, 738), (-36, 774, 720), (-36, 774, 720), (-36, 756, 720), (-36, 774, 720), (0, 774, 738), (0, 774, 720), (-36, 756, 720), (-36, 774, 720), (-18, 774, 720), (0, 792, 720), (36, 792, 666), (0, 774, 666), (-54, 756, 828), (-90, 738, 774), (-72, 756, 702), (0, 792, 684), (18, 792, 702)]	(10068, 12614, 9912, 10261, 11972, 11820, 5076, 6054, 4151, 7700, 5569, 6097, 4382, 6135, 8140, 7126, 11297, 20797, 15338, 9313, 17243, 14361, 12390, 2136)
x	1409458	(730, 340)	[(-36, 774, 720), (0, 792, 738), (0, 774, 702), (-36, 774, 720), (0, 774, 720), (-36, 774, 720), (-36, 756, 738), (-36, 774, 720), (-36, 774, 720), (-36, 774, 720), (-18, 774, 720), (-36, 756, 720), (-36, 774, 702), (0, 774, 720), (-18, 774, 720), (0, 792, 720), (-36, 774, 720), (-36, 792, 720), (0, 774, 720), (-36, 774, 702), (0, 774, 720), (0, 792, 684), (0, 774, 738), (-54, 792, 756), (-54, 756, 756)]	(10080, 12644, 9915, 10263, 11979, 11875, 5055, 6117, 4177, 7723, 5567, 6123, 4371, 6129, 8156, 7149, 11304, 20819, 15362, 9321, 17281, 14384, 12391, 2129)
n	1410736	(738, 165)	[(-54, 774, 720), (-36, 774, 738), (0, 774, 720), (0, 774, 702), (-36, 774, 702), (-54, 774, 738), (-18, 774, 738), (-36, 792, 738), (0, 774, 702), (18, 774, 684), (0, 774, 720), (-36, 774, 738), (-54, 774, 738), (-54, 774, 738), (-36, 774, 720), (0, 792, 702), (18, 774, 702), (18, 792, 720), (36, 828, 594), (18, 756, 738), (-108, 774, 810), (-126, 738, 792), (-126, 738, 810), (-54, 774, 774), (18, 792, 702)]	(10088, 12660, 9944, 10266, 11985, 11920, 5080, 6136, 4155, 7737, 5588, 6095, 4374, 6133, 8125, 7136, 11283, 20762, 15333, 9310, 17236, 14364, 12383, 2132)
e	1411846	(588, 369)	[(0, 792, 684), (-36, 792, 702), (-36, 774, 702), (-36, 792, 738), (-36, 774, 738), (-36, 774, 720), (-18, 774, 720), (0, 792, 702), (36, 792, 720), (0, 792, 702), (-18, 774, 702), (-36, 774, 720), (-36, 792, 738), (-36, 774, 702), (-36, 774, 684), (-36, 792, 720), (18, 810, 720), (18, 792, 702), (-18, 774, 702), (-18, 774, 720), (-36, 774, 756), (-54, 774, 756), (-54, 774, 756), (-36, 774, 720), (0, 792, 702)]	(10074, 12637, 9933, 10270, 11974, 11840, 5111, 6133, 4161, 7700, 5618, 6123, 4350, 6117, 8143, 7136, 11298, 20775, 15335, 9308, 17238, 14370, 12386, 2140)
n	1413126	(758, 153)	[(-36, 792, 720), (0, 774, 702), (-36, 774, 702), (-36, 774, 720), (-36, 774, 702), (0, 774, 720), (0, 774, 720), (-18, 792, 720), (-36, 792, 720), (-36, 774, 702), (0, 774, 720), (0, 792, 702), (-36, 774, 720), (-36, 774, 702), (0, 792, 720), (18, 792, 720), (0, 774, 738), (-36, 792, 702), (36, 810, 630), (36, 792, 720), (-72, 756, 774), (-108, 738, 774), (-72, 756, 774), (0, 774, 720), (36, 810, 666)]	(10095, 12658, 9937, 10267, 11970, 11866, 5094, 6077, 4183, 7684, 5559, 6101, 4361, 6123, 8147, 7138, 11303, 20787, 15358, 9319, 17278, 14384, 12388, 2129)
e	1414305	(589, 366)	[(-36, 792, 720), (-36, 774, 720), (-36, 792, 702), (0, 774, 720), (0, 792, 702), (0, 774, 702), (-18, 774, 702), (-18, 792, 720), (0, 792, 720), (-36, 774, 684), (-36, 792, 720), (0, 792, 738), (0, 792, 720), (0, 774, 702), (-18, 792, 684), (-36, 792, 720), (-18, 792, 720), (0, 810, 684), (54, 810, 648), (18, 792, 702), (-90, 756, 792), (-126, 720, 810), (-54, 774, 774), (18, 792, 666), (54, 810, 612)]	(10081, 12632, 9932, 10264, 11960, 11810, 5113, 6113, 4170, 7671, 5565, 6121, 4376, 6125, 8127, 7128, 11296, 20768, 15329, 9304, 17244, 14366, 12391, 2125)
k	1415617	(649, 100)	[(0, 792, 738), (-18, 792, 702), (-36, 774, 702), (-36, 792, 720), (-36, 792, 720), (-36, 774, 738), (-18, 792, 702), (0, 792, 738), (0, 792, 720), (-18, 792, 720), (-36, 792, 702), (0, 792, 702), (0, 792, 720), (-18, 792, 720), (-36, 774, 720), (-36, 774, 738), (0, 792, 702), (18, 792, 666), (54, 828, 612), (0, 774, 738), (-90, 756, 810), (-108, 756, 810), (-54, 774, 720), (0, 774, 720), (36, 810, 666)]	(10109, 12675, 9948, 10272, 11973, 11833, 5094, 6136, 4181, 7688, 5580, 6143, 4382, 6125, 8127, 7134, 11302, 20784, 15360, 9317, 17276, 14381, 12382, 2129)
o	1416899	(583, 83)	[(-36, 774, 720), (0, 774, 702), (-18, 792, 738), (-36, 774, 720), (-18, 792, 720), (0, 792, 702), (0, 774, 702), (18, 792, 720), (-36, 774, 720), (-36, 774, 720), (-54, 774, 738), (-54, 756, 756), (-18, 774, 738), (36, 792, 702), (0, 792, 666), (0, 792, 702), (18, 792, 738), (90, 810, 630), (-36, 792, 684), (-108, 738, 774), (-108, 738, 810), (-72, 756, 846), (-36, 774, 828), (18, 774, 738), (18, 774, 630)]	(10107, 12633, 9900, 10253, 11929, 11711, 5052, 6147, 4202, 7660, 5560, 6143, 4368, 6130, 8131, 7125, 11288, 20798, 15264, 9313, 17235, 14376, 12386, 2135)
g	1418184	(660, 253)	[(18, 792, 720), (-36, 774, 720), (0, 774, 720), (0, 792, 738), (0, 774, 720), (0, 792, 720), (0, 774, 720), (0, 774, 738), (0, 774, 720), (0, 774, 720), (0, 792, 720), (0, 792, 720), (0, 792, 720), (0, 774, 720), (0, 774, 720), (-18, 792, 702), (0, 774, 702), (18, 792, 720), (54, 792, 684), (18, 810, 666), (-36, 774, 774), (-72, 756, 702), (-36, 756, 792), (-36, 774, 756), (0, 774, 666)]	(10102, 12676, 9959, 10276, 11963, 11786, 5118, 6141, 4090, 7656, 5516, 6112, 4375, 6126, 8125, 7128, 11295, 20790, 15334, 9310, 17275, 14385, 12389, 2134)
p	1419601	(596, 31)	[(0, 774, 720), (0, 792, 702), (0, 774, 702), (18, 792, 684), (36, 810, 738), (36, 810, 738), (-36, 792, 792), (-72, 756, 756), (18, 756, 648), (90, 810, 702), (108, 828, 702), (108, 810, 666), (54, 774, 684), (72, 792, 738), (72, 792, 738), (36, 756, 720), (54, 774, 684), (72, 774, 702), (90, 774, 720), (162, 792, 738), (144, 828, 684), (72, 756, 720), (36, 702, 810), (36, 720, 864), (72, 738, 828)]	(10031, 12582, 9686, 10180, 11787, 11036, 5160, 6143, 4085, 7421, 5535, 5993, 4300, 6109, 8076, 7043, 11290, 20951, 15262, 9261, 17314, 14369, 12399, 2138)
m	1420937	(732, 102)	[(0, 756, 720), (18, 774, 702), (-36, 774, 738), (-36, 774, 720), (0, 774, 738), (18, 792, 738), (-36, 756, 720), (0, 774, 720), (36, 792, 720), (18, 792, 756), (-36, 756, 738), (-36, 756, 738), (0, 774, 756), (-36, 774, 738), (18, 774, 702), (18, 774, 666), (18, 774, 720), (18, 792, 702), (0, 792, 702), (18, 774, 738), (-36, 774, 738), (-54, 756, 792), (-36, 756, 756), (18, 774, 702), (54, 774, 666)]	(9994, 12680, 10071, 10287, 11954, 11963, 5136, 6177, 4172, 7655, 5483, 6094, 4357, 6110, 8084, 7115, 11305, 20819, 15339, 9305, 17232, 14393, 12392, 2136)
o	1422313	(582, 74)	[(18, 774, 720), (0, 774, 720), (-54, 774, 756), (-54, 756, 756), (-36, 756, 738), (18, 792, 756), (54, 792, 648), (36, 774, 576), (72, 792, 648), (144, 828, 738), (126, 828, 774), (72, 774, 738), (18, 756, 702), (72, 774, 774), (72, 792, 702), (72, 792, 666), (54, 792, 702), (108, 792, 684), (126, 792, 666), (90, 792, 684), (54, 774, 738), (36, 774, 738), (72, 774, 720), (90, 792, 684), (108, 810, 666)]	(9955, 12594, 9837, 10210, 11855, 11406, 5097, 6123, 4184, 7436, 5589, 6099, 4310, 6116, 7987, 7070, 11278, 20796, 15240, 9279, 17172, 14356, 12380, 2126)
u	1423641	(566, 166)	[(36, 774, 720), (54, 774, 738), (18, 774, 720), (36, 774, 720), (36, 792, 720), (36, 774, 720), (36, 774, 720), (54, 774, 738), (36, 792, 720), (36, 774, 720), (36, 774, 720), (36, 774, 720), (72, 792, 738), (54, 792, 738), (18, 774, 720), (36, 774, 702), (72, 792, 738), (72, 756, 702), (108, 828, 630), (90, 792, 684), (36, 774, 756), (-18, 756, 810), (-54, 738, 792), (18, 792, 756), (36, 774, 684)]	(9976, 12668, 10013, 10294, 11942, 11831, 5241, 6120, 4236, 7623, 5585, 6187, 4363, 6121, 8059, 7099, 11299, 20780, 15325, 9296, 17205, 14397, 12384, 2145)
b	1424952	(751, 216)	[(36, 774, 720), (36, 792, 720), (18, 774, 702), (36, 774, 702), (36, 792, 720), (36, 774, 702), (18, 774, 720), (36, 774, 720), (36, 774, 720), (54, 774, 720), (54, 792, 702), (18, 774, 702), (18, 756, 738), (36, 774, 756), (36, 792, 738), (36, 774, 702), (54, 792, 702), (54, 792, 756), (36, 774, 738), (18, 774, 702), (18, 774, 738), (36, 792, 720), (54, 792, 738), (36, 774, 720), (36, 774, 684)]	(9990, 12644, 10006, 10255, 11938, 11802, 5160, 6206, 4153, 7619, 5533, 6067, 4298, 6125, 8062, 7117, 11290, 20792, 15330, 9295, 17205, 14394, 12387, 2130)
s	1426291	(654, 377)	[(36, 792, 720), (18, 792, 702), (18, 774, 702), (36, 774, 720), (36, 792, 738), (36, 792, 738), (18, 774, 702), (18, 774, 702), (36, 774, 738), (36, 792, 720), (36, 774, 666), (36, 774, 720), (36, 792, 720), (18, 792, 720), (18, 774, 720), (36, 792, 720), (36, 774, 738), (36, 792, 738), (36, 774, 684), (36, 792, 666), (18, 792, 828), (0, 756, 738), (18, 756, 702), (36, 792, 720), (36, 792, 720)]	(9985, 12641, 10020, 10282, 11932, 11788, 5118, 6186, 4200, 7576, 5575, 6096, 4341, 6123, 8059, 7090, 11293, 20777, 15312, 9287, 17177, 14395, 12382, 2131)
v	1427621	(751, 259)	[(18, 774, 684), (18, 774, 702), (36, 792, 720), (54, 792, 720), (36, 792, 738), (18, 774, 684), (18, 774, 702), (18, 774, 738), (18, 774, 738), (18, 774, 720), (36, 792, 702), (18, 774, 702), (18, 774, 720), (18, 774, 720), (36, 774, 720), (36, 792, 738), (18, 774, 738), (18, 774, 720), (36, 774, 720), (54, 792, 720), (36, 792, 720), (0, 774, 738), (-18, 774, 720), (0, 756, 738), (36, 792, 720)]	(10012, 12669, 10033, 10280, 11948, 11864, 5130, 6169, 4303, 7577, 5583, 6187, 4373, 6134, 8087, 7099, 11304, 20810, 15337, 9300, 17217, 14397, 12389, 2144)
t	1428951	(585, 269)	[(18, 774, 684), (36, 792, 720), (36, 792, 738), (36, 792, 720), (18, 774, 702), (36, 774, 702), (36, 774, 702), (36, 792, 720), (18, 774, 702), (18, 792, 702), (36, 792, 720), (36, 774, 720), (18, 774, 720), (18, 774, 720), (36, 792, 738), (54, 810, 702), (126, 810, 612), (18, 774, 720), (-54, 756, 846), (-72, 738, 774), (0, 756, 720), (72, 792, 720), (72, 810, 648), (72, 810, 630), (72, 810, 684)]	(9994, 12582, 10012, 10273, 11916, 11749, 5150, 6160, 4210, 7580, 5508, 6027, 4358, 6109, 8054, 7078, 11293, 20767, 15302, 9280, 17174, 14377, 12377, 2137)
h	1430160	(646, 199)	[(36, 792, 702), (18, 774, 702), (18, 792, 702), (18, 774, 738), (36, 792, 720), (18, 792, 702), (36, 792, 702), (36, 792, 684), (54, 792, 720), (36, 810, 720), (18, 774, 720), (36, 792, 720), (18, 774, 702), (54, 792, 702), (36, 792, 720), (18, 774, 702), (36, 774, 702), (90, 810, 666), (72, 828, 594), (-36, 756, 828), (-72, 756, 810), (-36, 774, 738), (18, 774, 702), (108, 810, 666), (90, 810, 648)]	(10004, 12635, 10031, 10279, 11937, 11779, 5161, 6235, 4136, 7580, 5586, 6150, 4348, 6123, 8066, 7111, 11294, 20765, 15306, 9286, 17180, 14386, 12392, 2127)
c	1431340	(741, 316)	[(36, 774, 720), (36, 792, 720), (36, 774, 702), (36, 774, 720), (36, 792, 720), (18, 774, 720), (18, 774, 720), (18, 774, 720), (0, 774, 738), (18, 792, 738), (18, 792, 738), (36, 774, 702), (36, 792, 702), (18, 774, 738), (18, 792, 720), (18, 774, 702), (18, 774, 702), (18, 792, 720), (36, 792, 720), (18, 792, 702), (36, 774, 702), (18, 792, 666), (18, 792, 756), (-36, 756, 756), (18, 774, 720)]	(10031, 12662, 10045, 10291, 11947, 11852, 5208, 6327, 4261, 7601, 5572, 6162, 4359, 6122, 8095, 7102, 11300, 20791, 15328, 9296, 17207, 14389, 12389, 2131)
j	1432657	(654, 166)	[(18, 792, 720), (18, 792, 702), (36, 774, 684), (36, 792, 702), (36, 792, 738), (36, 792, 684), (36, 792, 702), (18, 774, 720), (18, 774, 738), (18, 774, 738), (18, 774, 738), (18, 774, 720), (36, 774, 738), (54, 792, 720), (36, 792, 702), (36, 774, 702), (72, 810, 720), (72, 810, 684), (36, 792, 738), (-36, 756, 756), (-54, 756, 774), (-18, 774, 774), (36, 774, 720), (54, 792, 684), (72, 792, 666)]	(10004, 12655, 10025, 10280, 11940, 11797, 5135, 6262, 4161, 7594, 5603, 6081, 4358, 6114, 8050, 7099, 11289, 20760, 15308, 9292, 17187, 14398, 12385, 2136)
m	1433785	(733, 107)	[(36, 774, 720), (18, 774, 702), (18, 774, 720), (18, 792, 720), (36, 774, 738), (36, 792, 720), (36, 774, 702), (36, 792, 702), (54, 792, 720), (36, 792, 702), (18, 774, 702), (18, 774, 720), (18, 774, 738), (36, 774, 720), (18, 792, 720), (36, 774, 702), (18, 792, 702), (36, 792, 720), (36, 774, 720), (54, 792, 702), (54, 792, 720), (-36, 756, 774), (-36, 756, 774), (0, 756, 792), (54, 792, 720)]	(10023, 12701, 10066, 10286, 11957, 11882, 5177, 6320, 4212, 7615, 5580, 6138, 4368, 6122, 8073, 7113, 11295, 20786, 15329, 9301, 17211, 14399, 12379, 2134)
i	1434944	(576, 112)	[(54, 792, 720), (36, 792, 738), (18, 774, 720), (18, 774, 720), (18, 774, 738), (54, 792, 738), (36, 792, 720), (36, 774, 702), (36, 774, 720), (36, 774, 738), (36, 792, 738), (36, 792, 702), (36, 774, 702), (36, 774, 702), (36, 774, 720), (36, 792, 720), (18, 774, 666), (90, 810, 612), (36, 774, 738), (-36, 774, 810), (-36, 756, 828), (-54, 756, 756), (18, 792, 702), (72, 810, 648), (90, 810, 648)]	(10035, 12690, 10044, 10293, 11952, 11870, 5126, 6298, 4186, 7620, 5622, 6147, 4339, 6122, 8068, 7116, 11295, 20794, 15342, 9305, 17224, 14415, 12397, 2141)
k	1436170	(650, 105)	[(18, 774, 720), (18, 792, 702), (36, 792, 720), (36, 792, 720), (36, 792, 702), (36, 792, 702), (18, 792, 738), (36, 774, 738), (36, 774, 720), (36, 774, 702), (36, 792, 702), (36, 792, 702), (54, 792, 720), (18, 774, 702), (18, 792, 720), (36, 774, 720), (54, 774, 702), (72, 792, 648), (36, 810, 702), (-36, 774, 792), (-36, 756, 756), (-36, 756, 756), (54, 792, 702), (72, 810, 666), (72, 792, 666)]	(9994, 12606, 10010, 10271, 11913, 11755, 5116, 6270, 4214, 7556, 5604, 6136, 4352, 6115, 8051, 7096, 11285, 20778, 15300, 9293, 17184, 14391, 12383, 2131)
a	1437330	(662, 388)	[(36, 792, 720), (18, 792, 720), (36, 774, 720), (18, 774, 684), (36, 774, 720), (18, 792, 738), (36, 774, 720), (18, 774, 720), (36, 792, 720), (36, 810, 720), (36, 792, 720), (36, 792, 702), (18, 774, 738), (36, 774, 720), (36, 792, 702), (18, 774, 720), (54, 792, 666), (54, 810, 648), (54, 792, 792), (-18, 774, 774), (-36, 756, 720), (36, 792, 684), (54, 792, 702), (36, 792, 666), (36, 792, 702)]	(9997, 12606, 10020, 10271, 11929, 11765, 5102, 6263, 4185, 7600, 5597, 6114, 4354, 6117, 8059, 7099, 11282, 20780, 15293, 9287, 17193, 14394, 12389, 2143)
z	1438512	(749, 394)	[(36, 792, 702), (36, 792, 702), (36, 792, 720), (36, 792, 738), (18, 792, 702), (18, 792, 702), (18, 774, 720), (18, 774, 720), (36, 792, 702), (18, 774, 720), (36, 774, 702), (36, 792, 720), (36, 792, 720), (36, 774, 738), (18, 774, 720), (36, 792, 702), (36, 792, 702), (36, 792, 720), (36, 792, 702), (36, 792, 684), (36, 792, 720), (18, 774, 738), (0, 774, 738), (-36, 774, 756), (36, 810, 684)]	(10037, 12675, 10045, 10294, 11949, 11824, 5162, 6334, 4240, 7622, 5602, 6140, 4362, 6121, 8085, 7104, 11300, 20805, 15331, 9308, 17235, 14423, 12390, 2138)
