Please hold the phone in your right hand and type with you right thumb
b	1221768	(738, 177)	[(-234, 684, 828), (-54, 594, 828), (54, 612, 846), (-90, 666, 846), (-108, 648, 828), (-72, 648, 792), (-90, 648, 756), (-126, 612, 756), (-90, 630, 756), (-36, 666, 792), (-54, 666, 918), (-72, 612, 900), (-54, 612, 918), (-36, 630, 864), (-90, 666, 828), (-108, 612, 792), (-54, 612, 810), (-54, 612, 900), (-54, 630, 954), (-72, 630, 864), (-108, 612, 774), (-108, 612, 756), (-90, 648, 810), (-72, 648, 846), (18, 630, 918)]	(9431, 11265, 9533, 10033, 13229, 10766, 5881, 9818, 5181, 8334, 8168, 7197, 5994, 6351, 7819, 12680, 11234, 19852, 14513, 8979, 15527, 13598, 12226, 2072)
h	1223029	(645, 175)	[(-126, 684, 810), (-90, 684, 774), (-108, 702, 810), (-90, 720, 774), (-72, 720, 738), (-72, 702, 738), (-108, 684, 774), (-126, 720, 792), (-72, 702, 846), (-54, 702, 882), (-54, 684, 864), (-54, 702, 810), (-36, 684, 756), (-72, 666, 774), (-54, 684, 810), (-54, 666, 828), (-126, 684, 756), (-108, 666, 846), (-72, 684, 810), (-90, 684, 792), (-72, 684, 774), (-72, 702, 774), (-72, 684, 810), (-108, 666, 828), (-108, 702, 756)]	(9445, 11430, 9655, 10023, 13587, 10627, 6024, 8846, 4862, 8481, 7807, 6925, 5385, 6367, 7896, 13447, 11259, 19896, 14609, 9035, 15605, 13727, 12230, 2071)
s	1224154	(665, 357)	[(-126, 720, 738), (-162, 702, 810), (-90, 702, 738), (0, 738, 756), (-36, 738, 720), (-54, 756, 738), (-36, 738, 684), (-54, 738, 702), (-108, 738, 756), (-72, 702, 828), (-36, 702, 828), (0, 684, 846), (-90, 684, 828), (-108, 648, 828), (-72, 684, 810), (-36, 738, 810), (-90, 756, 792), (-108, 720, 774), (-126, 720, 720), (-108, 702, 702), (-126, 684, 774), (-108, 738, 882), (-90, 756, 864), (-72, 738, 828), (-108, 774, 666)]	(9524, 12000, 10012, 10047, 13321, 10430, 5500, 6885, 4600, 7713, 6704, 6643, 5010, 6241, 7481, 9797, 11249, 19928, 14756, 9128, 15874, 13831, 12258, 2073)
l	1225471	(664, 19)	[(-72, 720, 810), (-108, 738, 738), (-90, 720, 720), (-90, 738, 738), (-72, 738, 756), (-36, 738, 774), (-72, 720, 792), (-90, 738, 792), (-126, 720, 720), (-108, 702, 774), (-54, 684, 810), (-90, 702, 864), (0, 738, 810), (36, 684, 774), (36, 666, 720), (18, 702, 720), (18, 738, 774), (54, 720, 810), (90, 720, 828), (18, 684, 810), (-36, 702, 738), (18, 684, 774), (54, 666, 846), (36, 684, 828), (36, 684, 774)]	(9407, 10566, 9280, 9948, 13103, 10490, 4944, 11770, 5219, 7750, 7258, 7754, 5485, 6240, 7442, 9750, 11171, 19785, 14526, 8810, 15453, 13414, 12225, 2060)
w	1226707	(579, 401)	[(-72, 738, 720), (-72, 756, 738), (-72, 738, 756), (-72, 756, 738), (-90, 738, 738), (-108, 702, 774), (-108, 720, 792), (-72, 738, 792), (-54, 738, 774), (-72, 720, 774), (-90, 720, 810), (-72, 774, 702), (-36, 792, 738), (-90, 738, 774), (-126, 738, 756), (-108, 738, 720), (-54, 792, 702), (-126, 810, 720), (-108, 738, 810), (-108, 774, 720), (-90, 774, 666), (-126, 792, 684), (-126, 792, 756), (-54, 828, 720), (-36, 846, 630)]	(9513, 12469, 10953, 10218, 12936, 10485, 4776, 7225, 4743, 8295, 6335, 6568, 4837, 6297, 7573, 7891, 11273, 20026, 15157, 9227, 17068, 13702, 12274, 2082)
a	1227818	(660, 451)	[(-90, 756, 756), (-90, 738, 720), (-90, 756, 684), (-72, 738, 756), (-54, 792, 756), (-90, 792, 666), (-108, 738, 702), (-72, 738, 792), (-54, 738, 792), (-36, 720, 810), (-18, 756, 792), (-36, 720, 810), (-72, 684, 828), (-108, 684, 828), (-108, 702, 828), (-90, 792, 666), (-108, 810, 666), (-108, 756, 702), (-162, 774, 720), (-108, 792, 720), (-72, 828, 702), (-108, 792, 702), (-108, 774, 666), (-108, 774, 684), (-90, 792, 684)]	(9517, 12269, 10573, 10205, 13258, 10669, 5076, 6930, 4649, 8128, 6320, 6508, 4928, 6272, 7522, 8104, 11253, 19986, 14975, 9158, 16637, 13689, 12257, 2076)
h	1229047	(651, 177)	[(-90, 756, 720), (-144, 738, 684), (-126, 702, 756), (-90, 702, 774), (-108, 720, 810), (-72, 702, 810), (-72, 702, 846), (-36, 702, 792), (-54, 702, 774), (-18, 666, 792), (-36, 720, 828), (0, 702, 810), (-36, 702, 810), (-54, 684, 810), (-54, 702, 810), (-54, 702, 792), (-54, 684, 756), (-54, 702, 792), (-36, 702, 810), (-54, 702, 810), (-54, 702, 774), (-54, 702, 774), (-54, 702, 810), (-72, 684, 720), (-72, 702, 720)]	(9441, 11137, 9572, 10002, 13243, 10589, 6093, 8542, 4750, 7850, 7452, 6643, 5342, 6252, 7489, 12290, 11208, 19835, 14551, 9038, 15628, 13647, 12222, 2069)
f	1230524	(655, 282)	[(-54, 720, 756), (-72, 738, 810), (-36, 738, 810), (-54, 738, 774), (-54, 720, 756), (-72, 720, 774), (-90, 720, 774), (-108, 702, 792), (-108, 702, 774), (-108, 720, 792), (-90, 720, 810), (-54, 756, 792), (-54, 738, 756), (-90, 720, 702), (-72, 738, 756), (-72, 738, 810), (-90, 738, 774), (-90, 720, 738), (-90, 738, 756), (-90, 720, 774), (-90, 720, 774), (-90, 720, 792), (-108, 720, 738), (-126, 720, 792), (-126, 720, 756)]	(9518, 11776, 10005, 10093, 13195, 10439, 5479, 7605, 4643, 7501, 6654, 6612, 5167, 6234, 7429, 11807, 11219, 19862, 14645, 9096, 15835, 13763, 12237, 2071)
x	1231860	(760, 349)	[(-90, 702, 810), (-72, 720, 792), (-90, 720, 774), (-108, 720, 774), (-72, 720, 756), (-72, 702, 774), (-90, 702, 774), (-90, 720, 774), (-36, 720, 828), (-36, 756, 774), (-72, 720, 738), (-90, 720, 720), (-108, 720, 792), (-90, 720, 810), (-90, 720, 792), (-72, 720, 792), (-72, 738, 756), (-72, 720, 738), (-72, 756, 702), (-90, 738, 756), (-90, 720, 846), (-108, 702, 810), (-126, 720, 756), (-54, 756, 720), (-108, 738, 612)]	(9482, 11709, 9899, 10055, 13014, 10294, 5768, 8091, 4650, 7448, 6867, 6546, 5259, 6246, 7425, 12466, 11217, 19863, 14649, 9090, 15838, 13750, 12235, 2068)
g	1233069	(647, 244)	[(-90, 720, 738), (-90, 720, 738), (-90, 738, 738), (-90, 720, 774), (-90, 720, 810), (-72, 702, 828), (-90, 702, 810), (-54, 702, 774), (-72, 738, 756), (-72, 720, 792), (-90, 702, 756), (-108, 738, 774), (-72, 720, 774), (-72, 738, 738), (-108, 738, 756), (-72, 738, 792), (-90, 720, 774), (-90, 720, 774), (-90, 720, 756), (-108, 720, 738), (-90, 738, 738), (-90, 720, 792), (-108, 720, 774), (-90, 720, 756), (-108, 720, 774)]	(9477, 11700, 9925, 10060, 13095, 10379, 5930, 8050, 4691, 7497, 6838, 6555, 5225, 6262, 7450, 12464, 11215, 19851, 14632, 9083, 15829, 13742, 12229, 2069)
e	1237313	(554, 321)	[(-90, 738, 702), (-90, 756, 702), (-90, 774, 756), (-90, 774, 738), (-72, 774, 738), (-54, 756, 738), (-90, 756, 720), (-90, 756, 720), (-72, 774, 720), (-36, 774, 792), (-72, 774, 792), (-72, 774, 756), (-90, 756, 666), (-90, 774, 738), (-72, 756, 792), (-54, 774, 774), (-72, 792, 720), (-72, 774, 702), (-90, 774, 666), (-108, 756, 720), (-108, 756, 738), (-108, 756, 756), (-72, 774, 720), (-72, 774, 684), (-108, 774, 756)]	(9432, 11970, 10010, 10087, 13462, 10397, 5854, 10289, 4971, 8305, 7084, 6966, 5291, 6294, 7670, 10764, 11241, 19912, 14856, 9117, 16238, 13582, 12240, 2068)
j	1238429	(657, 125)	[(18, 738, 810), (36, 738, 792), (0, 720, 756), (0, 720, 774), (-36, 720, 756), (0, 738, 756), (-54, 738, 738), (-36, 720, 738), (-54, 738, 738), (-72, 774, 702), (-54, 756, 720), (-72, 738, 738), (-54, 738, 720), (-72, 756, 702), (-90, 738, 810), (-18, 738, 846), (-54, 702, 792), (-54, 702, 756), (-72, 702, 738), (-54, 702, 828), (-36, 702, 828), (-36, 684, 828), (-54, 702, 774), (-36, 702, 810), (18, 666, 774)]	(9382, 10809, 9436, 9990, 13105, 10552, 5406, 11206, 5241, 8249, 7377, 7209, 5388, 6241, 7660, 9758, 11166, 19791, 14570, 8827, 15498, 13425, 12220, 2074)
y	1239762	(568, 218)	[(-54, 720, 792), (-36, 720, 828), (-36, 702, 846), (-36, 684, 900), (-72, 702, 882), (-72, 702, 738), (-54, 738, 738), (-90, 756, 756), (-90, 756, 720), (-90, 738, 702), (-72, 756, 738), (-90, 756, 756), (-108, 738, 774), (-126, 702, 738), (-108, 720, 774), (-90, 738, 756), (-108, 720, 756), (-108, 720, 738), (-72, 738, 774), (-108, 756, 756), (-90, 738, 738), (-90, 738, 756), (-108, 738, 738), (-126, 738, 756), (-108, 738, 774)]	(9443, 11488, 9724, 10038, 13839, 10568, 5605, 9373, 4865, 8535, 7242, 6805, 5264, 6294, 7778, 11660, 11218, 19864, 14621, 9031, 15814, 13604, 12223, 2077)
c	1240977	(750, 304)	[(-90, 756, 720), (-90, 738, 792), (-108, 738, 774), (-90, 738, 720), (-108, 738, 720), (-108, 756, 738), (-90, 738, 774), (-72, 738, 792), (-72, 738, 792), (-72, 738, 810), (-90, 756, 720), (-90, 738, 702), (-72, 738, 738), (-90, 756, 756), (-72, 756, 774), (-108, 720, 738), (-90, 738, 756), (-90, 738, 792), (-90, 738, 738), (-90, 720, 756), (-90, 738, 774), (-90, 738, 756), (-108, 738, 720), (-90, 756, 756), (-90, 756, 756)]	(9434, 11423, 9652, 10023, 13735, 10472, 5584, 9357, 4906, 8344, 7159, 6826, 5269, 6270, 7663, 11654, 11206, 19865, 14634, 9035, 15803, 13612, 12231, 2079)
z	1242206	(759, 384)	[(-90, 756, 774), (-108, 756, 738), (-126, 738, 720), (-108, 738, 720), (-108, 756, 756), (-90, 756, 792), (-90, 720, 756), (-108, 738, 738), (-90, 738, 738), (-90, 756, 738), (-72, 738, 774), (-72, 756, 756), (-90, 756, 702), (-108, 756, 756), (-108, 756, 756), (-90, 756, 756), (-108, 738, 756), (-90, 756, 702), (-90, 756, 756), (-90, 756, 756), (-90, 756, 738), (-108, 756, 738), (-126, 756, 738), (-90, 738, 774), (-126, 756, 702)]	(9437, 11565, 9745, 10025, 13565, 10353, 5622, 9410, 4845, 8188, 6963, 6785, 5280, 6269, 7624, 11474, 11204, 19860, 14659, 9041, 15876, 13617, 12232, 2066)
g	1243467	(648, 234)	[(-72, 756, 756), (-72, 756, 720), (-36, 774, 756), (-90, 774, 702), (-90, 738, 684), (-54, 738, 720), (-72, 774, 756), (-54, 720, 828), (-108, 720, 756), (-72, 720, 792), (-72, 720, 828), (-72, 702, 810), (-72, 702, 828), (-72, 720, 792), (-90, 720, 774), (-36, 738, 792), (-72, 720, 720), (-54, 720, 756), (-90, 720, 810), (-72, 720, 774), (-72, 720, 774), (-72, 720, 774), (-90, 720, 792), (-90, 702, 810), (-108, 702, 738)]	(9402, 11476, 9667, 10002, 13248, 10368, 6030, 9801, 4889, 7960, 7720, 6871, 5250, 6270, 7570, 12094, 11209, 19854, 14636, 9032, 15743, 13606, 12221, 2061)
m	1244701	(735, 100)	[(-72, 756, 720), (-90, 738, 702), (-54, 774, 720), (-54, 756, 756), (-90, 738, 756), (-72, 756, 720), (-54, 738, 756), (-72, 756, 774), (-90, 738, 702), (-90, 738, 666), (-126, 702, 738), (-72, 756, 810), (-54, 702, 882), (-36, 702, 810), (18, 720, 774), (-36, 720, 792), (-54, 684, 810), (-36, 684, 810), (-54, 666, 774), (-90, 666, 774), (-90, 666, 828), (-72, 648, 864), (-36, 666, 864), (-54, 666, 810), (-72, 666, 792)]	(9398, 11320, 9517, 9985, 12112, 10172, 6347, 10532, 5202, 7286, 8187, 6925, 5297, 6248, 7430, 12075, 11176, 19784, 14577, 8919, 15529, 13531, 12215, 2068)
n	1246440	(733, 135)	[(-72, 738, 774), (-90, 720, 774), (-72, 720, 720), (-54, 756, 756), (-90, 756, 738), (-144, 720, 720), (-126, 702, 828), (-72, 684, 900), (-126, 684, 810), (-72, 666, 828), (36, 684, 828), (90, 720, 774), (72, 738, 756), (36, 720, 810), (0, 738, 774), (18, 702, 810), (-72, 684, 756), (-90, 666, 846), (-72, 666, 828), (-72, 684, 828), (-54, 666, 774), (-36, 702, 792), (18, 702, 792), (36, 702, 774), (-36, 738, 792)]	(9424, 11069, 9532, 10016, 13292, 10431, 6217, 9880, 5090, 7694, 8226, 6909, 5400, 6273, 7509, 12875, 11182, 19797, 14525, 8966, 15527, 13619, 12215, 2068)
v	1249064	(743, 241)	[(-36, 720, 774), (-72, 756, 774), (-90, 720, 810), (-72, 720, 774), (-72, 720, 720), (-72, 720, 756), (-54, 720, 810), (-90, 720, 774), (-54, 720, 720), (-54, 720, 756), (-72, 738, 738), (-54, 702, 828), (-72, 702, 810), (-72, 720, 774), (-90, 702, 774), (-72, 738, 756), (-72, 720, 810), (-72, 720, 774), (-54, 720, 792), (-90, 720, 774), (-54, 720, 756), (-72, 720, 792), (-72, 702, 792), (-72, 738, 756), (-90, 720, 756)]	(9474, 11339, 9591, 10033, 13945, 10384, 9020, 4855, 8223, 7791, 6791, 0, 5414, 6283, 7616, 12743, 11204, 19838, 14567, 9002, 15635, 13699, 12221, 2068)
t	1250192	(553, 247)	[(-72, 738, 720), (-54, 738, 756), (-54, 738, 792), (-36, 738, 792), (-54, 720, 774), (-54, 738, 756), (-54, 720, 720), (-54, 720, 756), (-36, 738, 756), (-36, 756, 792), (-54, 720, 738), (-90, 720, 702), (-90, 738, 756), (-72, 738, 792), (-54, 738, 810), (-54, 738, 774), (-36, 738, 756), (-54, 738, 720), (-72, 774, 828), (0, 756, 810), (-54, 756, 738), (-72, 738, 702), (-72, 738, 684), (-90, 774, 774), (-54, 756, 792)]	(9423, 11472, 9686, 10001, 13635, 10240, 6211, 9241, 4895, 8088, 7694, 6703, 5285, 6273, 7610, 12923, 11206, 19837, 14600, 9023, 15692, 13705, 12216, 2065)
u	1251453	(590, 158)	[(-54, 756, 756), (-54, 774, 720), (-72, 756, 738), (-90, 756, 720), (-126, 738, 684), (-126, 738, 666), (-72, 720, 720), (-90, 684, 864), (0, 738, 846), (72, 738, 846), (36, 720, 810), (-54, 720, 738), (-54, 684, 738), (-72, 702, 684), (0, 720, 810), (18, 720, 846), (0, 702, 846), (-36, 702, 828), (-18, 702, 756), (-18, 702, 756), (-18, 738, 738), (-18, 738, 774), (0, 738, 792), (-36, 720, 792), (-54, 720, 720)]	(9420, 11246, 9571, 10017, 13453, 10410, 6274, 9867, 5031, 8007, 8200, 6961, 5468, 6289, 7628, 13009, 11204, 19832, 14581, 9008, 15629, 13678, 12219, 2061)
c	1252800	(731, 298)	[(-36, 774, 738), (-54, 756, 738), (-72, 738, 720), (-90, 738, 702), (-72, 738, 756), (-72, 738, 792), (-72, 720, 792), (-54, 756, 774), (0, 756, 774), (18, 756, 738), (-36, 738, 738), (-36, 756, 720), (-54, 756, 738), (-54, 756, 756), (-54, 756, 756), (-54, 756, 774), (-72, 738, 738), (-90, 738, 738), (-54, 756, 738), (-72, 756, 756), (-72, 738, 738), (-72, 738, 756), (-90, 738, 756), (-90, 720, 738), (-54, 792, 702)]	(9437, 11381, 9598, 10015, 13590, 10293, 5968, 9215, 4865, 8052, 7526, 6709, 5399, 6257, 7591, 12712, 11192, 19831, 14567, 9022, 15675, 13705, 12218, 2073)
i	1254175	(583, 115)	[(-36, 774, 738), (-54, 774, 738), (-72, 774, 756), (-54, 792, 702), (-54, 774, 684), (-126, 738, 684), (-54, 720, 756), (0, 756, 774), (-72, 774, 846), (-36, 720, 828), (-54, 702, 720), (-72, 720, 720), (-54, 720, 810), (0, 738, 792), (0, 738, 738), (-36, 720, 792), (-54, 738, 774), (-36, 738, 738), (-36, 738, 756), (-54, 720, 774), (-36, 738, 810), (-54, 738, 792), (-54, 720, 720), (-72, 720, 720), (-18, 720, 756)]	(9400, 11246, 9526, 10018, 13530, 10414, 6247, 9790, 5107, 8077, 8040, 6938, 5409, 6277, 7604, 12860, 11191, 19825, 14571, 8980, 15613, 13626, 12223, 2072)
z	1255335	(744, 393)	[(-54, 756, 720), (-72, 756, 792), (-72, 756, 738), (-36, 756, 738), (-54, 756, 738), (-54, 756, 738), (0, 774, 720), (-36, 756, 720), (-36, 756, 756), (-36, 756, 792), (-72, 738, 792), (-72, 720, 774), (-72, 720, 756), (-54, 738, 792), (-54, 738, 756), (-36, 774, 738), (0, 792, 738), (-36, 810, 684), (-72, 792, 702), (-90, 738, 738), (-108, 756, 738), (-108, 774, 738), (-90, 774, 702), (-90, 774, 684), (-126, 792, 702)]	(9477, 11909, 9948, 10049, 13405, 10215, 5484, 8948, 4766, 7749, 6795, 6654, 5199, 6252, 7558, 12075, 11204, 19872, 14688, 9102, 15938, 13713, 12238, 2070)
q	1256614	(560, 432)	[(-54, 756, 810), (-36, 738, 756), (-36, 738, 738), (-54, 738, 720), (-72, 720, 756), (-54, 720, 810), (-36, 720, 792), (-54, 756, 756), (-36, 738, 738), (0, 756, 756), (0, 756, 756), (-72, 756, 756), (-54, 774, 738), (-54, 792, 648), (-72, 792, 684), (-90, 774, 738), (-126, 756, 738), (-72, 810, 702), (-72, 810, 774), (-90, 792, 756), (-90, 774, 684), (-90, 792, 630), (-72, 792, 666), (-72, 810, 684), (-108, 828, 630)]	(9454, 12157, 10248, 10086, 13312, 10095, 5146, 8741, 4692, 8081, 6512, 6530, 5010, 6220, 7565, 10499, 11231, 19908, 14799, 9120, 16059, 13695, 12246, 2069)
j	1257939	(663, 135)	[(-54, 756, 756), (-90, 738, 756), (-54, 738, 738), (-36, 738, 756), (-36, 756, 756), (-36, 756, 774), (-72, 738, 774), (-90, 738, 756), (-108, 738, 720), (-90, 738, 702), (-72, 756, 738), (-54, 756, 792), (0, 738, 828), (0, 720, 774), (-18, 756, 774), (-36, 720, 810), (-72, 702, 792), (-90, 720, 720), (-54, 720, 720), (-36, 720, 774), (-54, 720, 774), (-36, 720, 774), (-36, 702, 774), (-36, 738, 792), (-36, 720, 720)]	(9413, 11200, 9487, 10006, 13454, 10249, 6522, 10160, 5177, 7993, 8325, 6840, 5408, 6284, 7565, 12828, 11182, 19788, 14547, 8915, 15480, 13531, 12216, 2069)
k	1259099	(658, 84)	[(-36, 756, 756), (-36, 756, 774), (-36, 756, 774), (-54, 738, 756), (-54, 720, 738), (-36, 738, 756), (-36, 756, 738), (-36, 756, 756), (-54, 738, 738), (-18, 738, 720), (-36, 756, 756), (-72, 756, 774), (-72, 738, 756), (0, 702, 738), (18, 720, 810), (0, 738, 828), (-18, 738, 828), (-36, 684, 720), (-36, 720, 720), (0, 738, 810), (0, 720, 846), (-36, 720, 810), (-36, 720, 684), (0, 702, 738), (-36, 720, 792)]	(9405, 11069, 9446, 9993, 13360, 10214, 6266, 9938, 5138, 7849, 8192, 6855, 5272, 6252, 7523, 12776, 11168, 19782, 14551, 8885, 15461, 13521, 12217, 2074)
f	1260329	(664, 272)	[(0, 738, 810), (-36, 738, 774), (-54, 756, 738), (-36, 756, 720), (-54, 756, 738), (0, 756, 702), (-36, 774, 738), (-54, 756, 756), (-72, 756, 756), (-54, 774, 702), (-54, 738, 774), (-36, 738, 810), (-36, 756, 774), (-54, 756, 792), (-36, 738, 792), (-36, 756, 720), (-36, 756, 702), (-54, 738, 756), (-72, 756, 738), (-36, 738, 774), (-36, 756, 792), (-72, 738, 738), (-72, 738, 756), (-36, 774, 738), (-72, 756, 756)]	(9463, 11448, 9634, 9988, 13353, 10060, 5898, 8331, 4572, 7651, 7241, 6688, 5061, 6243, 7479, 13032, 11191, 19820, 14559, 9021, 15591, 13735, 12221, 2064)
u	1261542	(578, 140)	[(-36, 738, 774), (-54, 756, 774), (-54, 738, 774), (-72, 738, 738), (-54, 738, 738), (-54, 756, 756), (-72, 756, 774), (-90, 720, 738), (-54, 738, 720), (-54, 774, 756), (-72, 756, 774), (-72, 756, 720), (-54, 756, 684), (-54, 756, 702), (-54, 756, 810), (-54, 738, 774), (-54, 738, 756), (0, 738, 774), (-36, 756, 810), (-72, 738, 774), (-72, 720, 756), (-72, 720, 774), (-90, 738, 756), (-54, 756, 756), (-36, 738, 720)]	(9424, 11422, 9626, 9974, 13293, 10051, 6490, 8901, 4826, 7732, 8066, 6770, 5135, 6263, 7494, 13575, 11201, 19822, 14566, 8999, 15585, 13725, 12219, 2073)
t	1263076	(567, 247)	[(-72, 738, 720), (-72, 738, 684), (-54, 774, 756), (-54, 774, 756), (0, 756, 756), (-36, 774, 774), (-36, 774, 738), (-72, 756, 720), (-72, 756, 720), (-90, 756, 720), (-90, 774, 702), (-108, 774, 702), (-90, 774, 720), (-72, 774, 720), (-90, 792, 756), (-36, 792, 684), (-36, 774, 684), (-54, 774, 756), (-72, 774, 774), (-72, 774, 738), (-90, 774, 738), (-90, 756, 684), (-108, 756, 738), (-90, 774, 756), (-72, 774, 702)]	(9439, 11790, 9849, 10020, 13347, 10029, 6461, 8841, 4792, 7870, 7650, 6653, 5130, 6275, 7510, 13713, 11224, 19851, 14633, 9055, 15664, 13796, 12234, 2069)
y	1264301	(556, 183)	[(-72, 738, 774), (-54, 738, 738), (-54, 756, 774), (-72, 756, 738), (-54, 756, 738), (-72, 756, 720), (-54, 774, 720), (-54, 774, 738), (-54, 774, 738), (-72, 774, 720), (-54, 792, 684), (-54, 774, 702), (-72, 792, 648), (-36, 792, 702), (-36, 792, 756), (-54, 792, 774), (-54, 774, 756), (-36, 756, 702), (-72, 756, 756), (-54, 738, 810), (-54, 738, 774), (-54, 756, 738), (-72, 738, 756), (-72, 756, 720), (-90, 738, 738)]	(9429, 11492, 9650, 9989, 13453, 10074, 6339, 8902, 4780, 7869, 7837, 6746, 5100, 6259, 7492, 13417, 11190, 19828, 14591, 8995, 15606, 13704, 12235, 2069)
n	1265682	(752, 137)	[(18, 792, 648), (18, 810, 666), (18, 792, 702), (18, 810, 738), (-144, 792, 648), (-144, 738, 756), (18, 702, 828), (72, 702, 738), (-36, 702, 792), (-90, 702, 828), (-90, 702, 828), (54, 702, 828), (54, 756, 810), (0, 738, 774), (-36, 702, 738), (54, 684, 810), (18, 702, 810), (-54, 720, 828), (-36, 684, 792), (-36, 684, 792), (36, 720, 810), (36, 720, 774), (0, 702, 792), (18, 702, 738), (0, 702, 720)]	(9429, 10745, 9407, 9949, 12967, 10191, 5680, 10172, 5157, 7484, 8130, 6852, 5400, 6250, 7415, 12725, 11144, 19750, 14498, 8809, 15385, 13477, 12214, 2073)
i	1266944	(558, 129)	[(-54, 756, 756), (-72, 756, 720), (-36, 756, 720), (-18, 756, 756), (-72, 756, 756), (-18, 720, 774), (-36, 738, 774), (-54, 756, 792), (-18, 756, 756), (-54, 738, 720), (-36, 738, 756), (0, 756, 774), (0, 756, 774), (-18, 756, 702), (-72, 756, 738), (-36, 756, 756), (-36, 774, 738), (-54, 774, 738), (-72, 756, 738), (-54, 756, 720), (-54, 756, 792), (-36, 756, 756), (-36, 756, 720), (-54, 738, 702), (-72, 738, 756)]	(9449, 11187, 9523, 10007, 13910, 10215, 5942, 8929, 4835, 8160, 7882, 6804, 5221, 6301, 7592, 13875, 11206, 19819, 14522, 8970, 15497, 13752, 12222, 2069)
l	1268273	(659, 22)	[(-54, 774, 756), (-72, 756, 720), (-72, 738, 738), (-72, 738, 702), (-36, 756, 792), (0, 756, 828), (-54, 756, 738), (-72, 720, 720), (-90, 702, 720), (-90, 720, 720), (-36, 774, 702), (-36, 792, 720), (-54, 756, 774), (-36, 756, 702), (18, 738, 828), (0, 756, 774), (-108, 738, 756), (-36, 684, 720), (36, 684, 774), (72, 684, 846), (90, 666, 882), (72, 684, 792), (0, 684, 738), (18, 684, 738), (90, 720, 828)]	(9398, 10610, 9316, 9914, 12930, 10131, 5297, 9687, 4915, 7381, 7842, 6704, 5151, 6197, 7385, 10833, 11158, 19742, 14495, 8770, 15377, 13431, 12240, 2080)
r	1269704	(577, 295)	[(0, 738, 756), (18, 720, 792), (54, 720, 792), (18, 702, 792), (-36, 702, 792), (-108, 738, 756), (-72, 774, 738), (-72, 774, 684), (-36, 756, 756), (-36, 756, 774), (-72, 774, 774), (-36, 774, 774), (-36, 774, 720), (-18, 774, 720), (-36, 792, 684), (-54, 756, 720), (-54, 774, 738), (-72, 792, 738), (-90, 774, 702), (-72, 774, 702), (-54, 792, 720), (-72, 792, 738), (-108, 774, 738), (-90, 774, 738), (-72, 792, 684)]	(9530, 12181, 10047, 10054, 13608, 10033, 5454, 6569, 4459, 8011, 6590, 6369, 4831, 6176, 7443, 9746, 11197, 19881, 14649, 9134, 15861, 13838, 12251, 2078)
r	1271125	(572, 306)	[(0, 774, 720), (-18, 774, 738), (-36, 756, 756), (-36, 756, 720), (-36, 774, 756), (-36, 774, 738), (-36, 756, 738), (-36, 756, 774), (0, 738, 756), (-36, 738, 774), (-72, 774, 756), (-72, 810, 702), (-36, 792, 684), (-54, 774, 666), (-54, 774, 702), (-72, 792, 702), (-72, 792, 774), (-90, 792, 720), (-90, 792, 666), (-90, 774, 702), (-108, 792, 738), (-72, 810, 720), (-54, 810, 666), (-90, 810, 684), (-90, 792, 684)]	(9513, 12132, 9982, 10080, 13805, 10125, 5726, 7256, 4760, 8288, 6723, 6563, 5072, 6250, 7583, 11384, 11230, 19894, 14685, 9138, 15953, 13770, 12246, 2067)
e	1272853	(556, 348)	[(-72, 756, 720), (-54, 756, 738), (-90, 774, 756), (-36, 774, 774), (-54, 774, 720), (-72, 774, 702), (0, 756, 756), (-36, 774, 756), (-72, 756, 774), (-36, 756, 774), (-54, 774, 666), (-108, 774, 702), (-54, 810, 738), (18, 810, 702), (-54, 846, 612), (-36, 846, 666), (-72, 810, 720), (-90, 810, 666), (-90, 792, 666), (-36, 810, 666), (-54, 828, 702), (-90, 828, 720), (-90, 810, 702), (-54, 828, 558), (-54, 828, 576)]	(9463, 12094, 10014, 10090, 13585, 10075, 6407, 7955, 4735, 8245, 6878, 6625, 5205, 6294, 7641, 13052, 11230, 19869, 14686, 9094, 15831, 13739, 12230, 2074)
v	1274805	(736, 227)	[(-90, 774, 774), (-90, 774, 720), (-90, 756, 648), (-36, 774, 720), (-36, 792, 756), (-18, 756, 756), (-36, 774, 702), (-36, 774, 720), (-54, 774, 774), (-72, 738, 774), (-54, 738, 720), (-54, 774, 738), (-72, 774, 774), (-72, 756, 756), (-72, 738, 738), (-54, 774, 702), (-54, 774, 756), (-54, 756, 774), (-54, 756, 702), (-72, 738, 774), (-54, 756, 810), (-72, 756, 792), (-72, 738, 720), (0, 756, 720), (-72, 756, 720)]	(9459, 11446, 9522, 10012, 13833, 10233, 6957, 4977, 8337, 8097, 6768, 0, 5410, 6284, 7629, 13695, 11198, 19816, 14547, 8991, 15547, 13641, 12213, 2070)
b	1276433	(720, 191)	[(-54, 756, 738), (-36, 756, 756), (-36, 774, 756), (0, 774, 756), (-36, 756, 684), (-54, 774, 702), (-18, 774, 738), (18, 774, 792), (-54, 774, 792), (-54, 720, 738), (-54, 738, 702), (-54, 756, 738), (-36, 756, 774), (-18, 756, 792), (-36, 756, 720), (18, 774, 756), (18, 774, 810), (-54, 756, 756), (-54, 738, 720), (-72, 720, 720), (-72, 720, 774), (-36, 756, 792), (0, 756, 792), (36, 738, 756), (-90, 756, 684)]	(9435, 11313, 9478, 9974, 13787, 10120, 6903, 8455, 4968, 8272, 8197, 6797, 5350, 6284, 7596, 13556, 11198, 19807, 14546, 8967, 15517, 13609, 12213, 2084)
o	1277811	(564, 55)	[(-36, 756, 738), (-36, 774, 774), (-36, 774, 756), (-36, 756, 720), (-54, 756, 720), (-36, 756, 738), (-54, 756, 756), (-54, 756, 756), (-36, 738, 738), (-36, 756, 756), (0, 756, 720), (-36, 774, 774), (-72, 756, 720), (-54, 756, 738), (-36, 738, 774), (18, 720, 756), (18, 720, 774), (0, 720, 792), (-36, 756, 774), (-18, 738, 702), (0, 738, 828), (0, 756, 738), (0, 738, 720), (36, 738, 720), (0, 774, 720)]	(9425, 11011, 9430, 9984, 13680, 10153, 6339, 8796, 5002, 8160, 8256, 6846, 5270, 6276, 7550, 13435, 11177, 19775, 14504, 8918, 15441, 13555, 12208, 2071)
m	1280509	(730, 92)	[(0, 738, 756), (-36, 756, 684), (-36, 738, 792), (0, 738, 792), (18, 756, 774), (0, 738, 738), (18, 738, 702), (36, 756, 720), (0, 756, 792), (0, 738, 774), (54, 720, 792), (18, 720, 828), (-54, 738, 756), (-72, 666, 792), (-54, 702, 774), (54, 774, 774), (90, 756, 738), (54, 756, 738), (36, 720, 810), (-36, 720, 792), (-54, 702, 756), (-54, 684, 756), (-36, 738, 774), (54, 720, 792), (36, 720, 810)]	(9426, 11142, 9481, 9984, 13115, 10213, 6645, 9286, 5131, 7609, 8476, 6866, 5255, 6274, 7486, 13870, 11176, 19737, 14501, 8891, 15419, 13562, 12214, 2071)
x	1282298	(738, 337)	[(-36, 756, 756), (-36, 756, 756), (-36, 738, 738), (-36, 756, 720), (-54, 756, 738), (-36, 738, 756), (-72, 756, 738), (-54, 756, 738), (-36, 738, 738), (0, 774, 774), (-54, 756, 756), (-72, 738, 720), (-36, 756, 738), (-54, 756, 756), (-54, 738, 756), (-18, 756, 756), (-18, 774, 756), (-18, 756, 738), (-54, 756, 720), (-36, 738, 756), (-54, 738, 756), (-36, 756, 774), (-54, 756, 738), (-54, 756, 738), (-54, 774, 738)]	(9485, 11541, 9615, 9982, 13288, 10020, 6492, 8066, 4708, 7554, 7829, 6721, 5194, 6275, 7462, 14255, 11204, 19812, 14570, 9029, 15561, 13778, 12219, 2067)
p	1283409	(572, 16)	[(-36, 756, 720), (-36, 774, 756), (-36, 756, 720), (-54, 756, 702), (-126, 774, 684), (-72, 756, 828), (-18, 738, 756), (-54, 756, 756), (-72, 774, 720), (18, 720, 756), (54, 720, 810), (90, 684, 846), (36, 720, 810), (-18, 738, 720), (-54, 720, 720), (0, 702, 756), (36, 720, 774), (18, 738, 774), (18, 756, 738), (36, 738, 756), (54, 738, 756), (18, 720, 810), (-36, 720, 774), (18, 702, 720), (36, 702, 684)]	(9436, 10864, 9402, 9985, 13164, 10158, 6187, 9656, 5170, 7463, 8490, 6958, 5312, 6262, 7417, 13501, 11160, 19746, 14498, 8813, 15389, 13485, 12220, 2059)
o	1284536	(585, 61)	[(0, 756, 738), (0, 756, 738), (18, 738, 738), (-18, 756, 756), (-36, 756, 756), (0, 756, 756), (-36, 756, 720), (-36, 720, 774), (-36, 738, 738), (18, 756, 720), (18, 738, 774), (0, 756, 738), (18, 756, 738), (36, 738, 774), (18, 738, 756), (-54, 738, 792), (-72, 720, 792), (-36, 702, 774), (0, 720, 792), (0, 738, 756), (18, 738, 756), (18, 738, 774), (18, 756, 774), (18, 738, 738), (0, 720, 738)]	(9438, 11067, 9437, 9974, 13335, 10077, 6273, 8646, 4862, 7553, 8535, 6870, 5172, 6273, 7430, 14322, 11180, 19781, 14501, 8950, 15439, 13685, 12208, 2069)
q	1285911	(546, 450)	[(-54, 756, 738), (-54, 756, 738), (-54, 756, 720), (-72, 756, 738), (-36, 792, 738), (0, 792, 720), (-18, 774, 702), (-72, 774, 720), (-54, 756, 738), (-54, 756, 738), (-54, 738, 756), (-72, 756, 756), (-90, 792, 756), (-54, 810, 720), (-72, 774, 720), (-90, 774, 738), (-72, 774, 738), (-54, 828, 702), (-72, 810, 684), (-108, 810, 648), (-108, 810, 684), (-126, 792, 702), (18, 864, 612), (0, 882, 648), (18, 846, 666)]	(9549, 12690, 10790, 10225, 13224, 9989, 5196, 6934, 4525, 7910, 6411, 6420, 4713, 6150, 7428, 8756, 11222, 19957, 15014, 9243, 16646, 13748, 12262, 2068)
k	1287275	(643, 76)	[(0, 774, 756), (0, 738, 738), (-36, 756, 684), (-36, 774, 720), (-36, 756, 756), (0, 756, 738), (36, 756, 774), (0, 756, 774), (-54, 756, 738), (-72, 720, 756), (0, 738, 774), (0, 756, 774), (-18, 756, 774), (18, 738, 684), (36, 738, 756), (18, 774, 774), (18, 774, 774), (-18, 738, 756), (0, 738, 756), (-54, 756, 738), (-54, 738, 720), (18, 738, 756), (18, 756, 792), (-36, 774, 774), (-36, 756, 756)]	(9421, 10883, 9423, 9971, 13685, 10070, 4988, 11138, 5221, 8297, 6924, 7406, 5275, 6206, 7538, 8980, 11138, 19770, 14509, 8808, 15488, 13378, 12200, 2078)
w	1288707	(561, 402)	[(-54, 756, 738), (-54, 774, 738), (-54, 774, 720), (-54, 756, 756), (-36, 738, 756), (-18, 756, 738), (-36, 792, 738), (-54, 792, 720), (-54, 792, 702), (-72, 774, 702), (-90, 774, 756), (-72, 774, 738), (-36, 810, 630), (-72, 810, 666), (-54, 810, 720), (-72, 810, 666), (-90, 792, 684), (-72, 810, 702), (-72, 828, 666), (-54, 828, 702), (-54, 828, 684), (-54, 828, 684), (-54, 810, 648), (-36, 882, 540), (-72, 828, 630)]	(9479, 12290, 10512, 10120, 13249, 9987, 4840, 9261, 4590, 7979, 6407, 6669, 4936, 6167, 7526, 8872, 11201, 19889, 14892, 9134, 16601, 13566, 12240, 2073)
s	1290035	(651, 391)	[(-72, 774, 666), (-54, 774, 702), (-36, 792, 774), (-36, 810, 738), (-54, 792, 702), (-54, 774, 666), (-72, 756, 648), (-90, 756, 702), (-108, 738, 792), (-54, 774, 720), (18, 810, 720), (18, 792, 738), (-36, 774, 738), (-72, 792, 684), (0, 792, 738), (-54, 774, 756), (-90, 792, 720), (-108, 792, 702), (-108, 792, 702), (-108, 774, 666), (-90, 792, 684), (-108, 810, 738), (-72, 828, 684), (-72, 774, 720), (-54, 828, 612)]	(9467, 11933, 10014, 10024, 13386, 9964, 5016, 8998, 4594, 7900, 6467, 6600, 4969, 6181, 7460, 9295, 11192, 19881, 14776, 9081, 16278, 13519, 12216, 2061)
d	1291421	(683, 346)	[(36, 756, 738), (36, 738, 756), (18, 738, 774), (0, 756, 774), (-36, 738, 792), (-36, 738, 792), (18, 738, 792), (18, 756, 738), (36, 738, 756), (72, 684, 792), (54, 738, 810), (-72, 810, 702), (-162, 828, 630), (-108, 774, 702), (-54, 756, 684), (18, 792, 720), (-36, 810, 774), (-126, 792, 756), (-36, 774, 720), (-54, 774, 702), (-54, 792, 648), (-108, 810, 666), (-108, 864, 666), (-72, 792, 684)]	(9505, 11731, 9745, 10048, 14028, 10170, 5057, 8736, 4671, 8365, 6679, 6639, 5139, 6231, 7653, 10455, 11195, 19860, 14646, 9044, 15973, 13555, 12211, 2069)
p	1292585	(563, 1)	[(18, 810, 702), (0, 792, 738), (18, 756, 756), (72, 774, 774), (72, 810, 702), (36, 774, 720), (36, 774, 666), (18, 774, 684), (18, 774, 702), (18, 792, 702), (-90, 810, 720), (0, 774, 738), (36, 774, 774), (36, 810, 702), (0, 792, 684), (18, 756, 684), (72, 774, 738), (36, 774, 792), (18, 792, 756), (36, 756, 630), (36, 756, 702), (-18, 774, 774), (0, 792, 828), (0, 756, 792), (-18, 774, 756)]	(9395, 10692, 9362, 10002, 13645, 10547, 5299, 11348, 5162, 8447, 7270, 7124, 5313, 6265, 7872, 10530, 11162, 19790, 14463, 8857, 15466, 13425, 12213, 2078)
d	1293816	(652, 334)	[(0, 792, 684), (18, 792, 666), (0, 792, 684), (0, 810, 684), (0, 810, 738), (18, 792, 720), (-54, 774, 666), (-54, 774, 684), (-54, 774, 720), (0, 774, 738), (18, 792, 738), (36, 792, 720), (36, 774, 702), (36, 810, 702), (-54, 846, 684), (-108, 846, 684), (-108, 774, 684), (-72, 792, 684), (-72, 792, 702), (-108, 810, 684), (-72, 828, 684), (-72, 828, 684), (-90, 792, 684), (-36, 828, 630), (-90, 810, 684)]	(9494, 11643, 9723, 10076, 13968, 10200, 5058, 8720, 4633, 8334, 6614, 6641, 5123, 6240, 7712, 10748, 11189, 19855, 14631, 9044, 15975, 13545, 12216, 2073)
a	1295081	(661, 423)	[(-36, 792, 720), (-54, 756, 684), (36, 774, 720), (36, 774, 756), (0, 756, 738), (36, 774, 702), (36, 774, 756), (-36, 774, 720), (-54, 756, 720), (36, 738, 756), (54, 738, 810), (72, 756, 774), (36, 774, 756), (-108, 828, 666), (-126, 864, 594), (-54, 828, 666), (-72, 792, 648), (-72, 828, 630), (-72, 828, 738), (-108, 828, 720), (-108, 846, 702), (-108, 792, 684), (-90, 810, 630), (-90, 864, 648), (-90, 828, 558)]	(9482, 11855, 9927, 10067, 13839, 10189, 4973, 7523, 4665, 8324, 6372, 6483, 4816, 6189, 7629, 8386, 11188, 19909, 14760, 9093, 16236, 13602, 12234, 2069)
