Please hold the phone in your right hand and type with you right thumb
n	2191035	(752, 151)	[(-72, 630, 828), (-36, 630, 864), (36, 576, 900), (-54, 576, 846), (-54, 576, 828), (-90, 558, 828), (-90, 558, 900), (0, 612, 990), (36, 630, 1008), (-18, 630, 900), (-108, 576, 756), (-144, 558, 738), (-108, 558, 810), (36, 630, 954), (72, 612, 972), (36, 612, 918), (0, 612, 864), (0, 576, 828), (-36, 612, 828), (0, 612, 810), (-54, 612, 864), (18, 630, 864), (18, 594, 864), (-36, 594, 900), (-54, 576, 846)]	(9459, 10830, 9412, 10010, 12707, 12399, 5823, 8103, 4851, 8577, 8020, 6595, 5282, 6486, 8876, 12815, 11276, 19908, 14513, 8906, 15445, 13620, 12274, 2125)
o	2191591	(573, 61)	[(-54, 612, 864), (18, 630, 864), (18, 594, 864), (-36, 594, 900), (-54, 576, 846), (-54, 576, 936), (-36, 558, 936), (-54, 576, 900), (-36, 576, 882), (-36, 576, 882), (0, 576, 864), (-72, 576, 846), (-54, 558, 864), (18, 648, 918), (72, 648, 990), (72, 612, 954), (54, 630, 756), (18, 648, 774), (0, 648, 864), (18, 630, 882), (-36, 612, 882), (-54, 612, 882), (-54, 612, 810), (-72, 612, 846), (-54, 576, 900)]	(9436, 10942, 9423, 10034, 12827, 12308, 6580, 8169, 5017, 8822, 8242, 6713, 5339, 6563, 9168, 13196, 11334, 19949, 14548, 8937, 15468, 13689, 12279, 2138)
t	2192150	(582, 258)	[(-54, 612, 882), (-54, 612, 810), (-72, 612, 846), (-54, 576, 900), (-54, 612, 882), (0, 630, 900), (0, 612, 882), (-54, 594, 846), (-36, 612, 846), (-54, 612, 864), (-36, 594, 882), (-36, 594, 882), (-72, 630, 828), (-90, 648, 828), (-72, 666, 828), (-90, 666, 810), (-54, 666, 810), (-54, 666, 810), (-54, 684, 810), (-72, 684, 810), (-90, 666, 846), (-108, 648, 828), (-144, 648, 774), (-126, 648, 828), (-108, 666, 864)]	(9500, 11870, 9756, 10054, 13159, 12006, 5799, 6195, 4439, 9174, 6553, 6437, 4866, 6645, 8904, 9257, 11321, 19988, 14605, 9094, 15684, 13914, 12285, 2130)
 	2192539	(808, 223)	[(-90, 648, 828), (-72, 666, 828), (-90, 666, 810), (-54, 666, 810), (-54, 666, 810), (-54, 684, 810), (-72, 684, 810), (-90, 666, 846), (-108, 648, 828), (-144, 648, 774), (-126, 648, 828), (-108, 666, 864), (-108, 666, 846), (-108, 648, 846), (-54, 684, 900), (-108, 630, 810), (-54, 612, 846), (-72, 630, 864), (-54, 630, 864), (-54, 612, 846), (-54, 612, 846), (-108, 612, 846), (-90, 594, 900), (-54, 612, 864), (-90, 612, 792)]	(9504, 11272, 9537, 10062, 13340, 12306, 6054, 6393, 4522, 9016, 7025, 6423, 5398, 6534, 8768, 12070, 11315, 19925, 14472, 9040, 15499, 13845, 12274, 2129)
i	2192997	(569, 96)	[(-54, 612, 846), (-72, 630, 864), (-54, 630, 864), (-54, 612, 846), (-54, 612, 846), (-108, 612, 846), (-90, 594, 900), (-54, 612, 864), (-90, 612, 792), (-72, 630, 846), (-36, 612, 918), (-36, 630, 918), (-54, 594, 864), (-90, 594, 774), (-54, 630, 846), (-54, 612, 864), (-72, 612, 864), (-54, 630, 810), (-54, 648, 828), (-54, 630, 882), (-36, 630, 828), (-90, 630, 846), (-90, 612, 810), (-54, 630, 828), (-72, 630, 882)]	(9490, 11468, 9589, 10073, 13249, 12284, 6593, 6419, 4583, 9008, 7077, 6465, 5350, 6603, 8972, 12169, 11344, 19946, 14504, 9062, 15518, 13906, 12281, 2130)
n	2193809	(729, 148)	[(0, 648, 900), (-108, 594, 918), (-72, 630, 810), (-36, 630, 810), (0, 630, 882), (-36, 630, 828), (-72, 630, 828), (-72, 612, 846), (-36, 612, 864), (-18, 648, 864), (-36, 630, 846), (-72, 630, 828), (-54, 630, 846), (-36, 630, 864), (0, 594, 864), (-54, 612, 864), (-36, 630, 846), (-36, 630, 846), (-54, 612, 828), (-54, 612, 828), (0, 630, 900), (0, 666, 900), (0, 648, 828), (-36, 630, 810), (-72, 612, 846)]	(9494, 11242, 9531, 10048, 13078, 12502, 5900, 6405, 4524, 8939, 7015, 6448, 5160, 6640, 8988, 12221, 11350, 19950, 14490, 9053, 15507, 13906, 12271, 2122)
 	2194147	(820, 225)	[(-36, 630, 846), (-72, 630, 828), (-54, 630, 846), (-36, 630, 864), (0, 594, 864), (-54, 612, 864), (-36, 630, 846), (-36, 630, 846), (-54, 612, 828), (-54, 612, 828), (0, 630, 900), (0, 666, 900), (0, 648, 828), (-36, 630, 810), (-72, 612, 846), (-54, 648, 864), (-54, 612, 936), (-72, 630, 846), (-72, 594, 828), (-54, 594, 810), (-54, 630, 828), (0, 630, 864), (-36, 630, 882), (-72, 612, 846), (-108, 612, 828)]	(9496, 11297, 9556, 10049, 13150, 12460, 5774, 6304, 4516, 8999, 6910, 6466, 5129, 6619, 8996, 11739, 11347, 19950, 14505, 9057, 15525, 13923, 12273, 2125)
t	2194605	(580, 292)	[(-54, 612, 936), (-72, 630, 846), (-72, 594, 828), (-54, 594, 810), (-54, 630, 828), (0, 630, 864), (-36, 630, 882), (-72, 612, 846), (-108, 612, 828), (-54, 630, 882), (-36, 630, 918), (0, 630, 918), (-54, 558, 882), (-90, 594, 846), (-72, 648, 846), (-162, 648, 810), (-162, 612, 882), (-198, 612, 810), (-180, 630, 810), (-180, 648, 828), (-126, 648, 846), (-108, 666, 846), (-90, 666, 756), (-144, 648, 756), (-126, 666, 774)]	(9513, 12034, 9977, 10076, 13198, 12105, 5435, 6179, 4472, 9213, 6495, 6480, 4816, 6787, 8890, 8801, 11347, 19996, 14630, 9110, 15743, 13945, 12288, 2128)
h	2195273	(654, 177)	[(-108, 684, 828), (-108, 684, 864), (-126, 666, 828), (-126, 666, 846), (-126, 720, 792), (-126, 630, 810), (-162, 630, 756), (-108, 684, 846), (-108, 666, 792), (-90, 684, 828), (-90, 666, 828), (-90, 684, 810), (-90, 666, 810), (-90, 666, 810), (-72, 666, 828), (-72, 666, 828), (-108, 648, 828), (-108, 666, 810), (-72, 648, 846), (-72, 648, 828), (-72, 648, 828), (-90, 630, 828), (-108, 648, 828), (-72, 648, 810), (-90, 648, 828)]	(9517, 11752, 9748, 10087, 13463, 12262, 5493, 6139, 4428, 9135, 6551, 6426, 4852, 6616, 8834, 9455, 11338, 19974, 14584, 9097, 15650, 13971, 12285, 2131)
e	2195713	(580, 340)	[(-108, 648, 828), (-108, 666, 810), (-72, 648, 846), (-72, 648, 828), (-72, 648, 828), (-90, 630, 828), (-108, 648, 828), (-72, 648, 810), (-90, 648, 828), (-108, 630, 828), (-90, 648, 882), (-72, 648, 828), (-72, 648, 864), (-126, 630, 828), (-72, 666, 828), (-108, 666, 810), (-90, 666, 846), (-108, 666, 864), (-126, 684, 792), (-126, 666, 828), (-126, 666, 792), (-108, 666, 810), (-126, 684, 846), (-144, 666, 828), (-144, 666, 810)]	(9511, 12404, 10309, 10088, 13226, 12005, 5256, 5999, 4275, 8923, 6251, 6303, 4672, 6570, 8698, 8824, 11322, 20007, 14757, 9160, 15876, 14045, 12291, 2133)
 	2196219	(815, 232)	[(-126, 684, 792), (-126, 666, 828), (-126, 666, 792), (-108, 666, 810), (-126, 684, 846), (-144, 666, 828), (-144, 666, 810), (-108, 666, 792), (-108, 684, 756), (-90, 684, 792), (-72, 720, 846), (-72, 702, 846), (-72, 702, 810), (-126, 684, 738), (-72, 702, 846), (-54, 630, 810), (-90, 648, 864), (-72, 612, 936), (-36, 630, 936), (36, 576, 828), (-36, 612, 828), (-72, 612, 828), (-72, 612, 864), (-54, 558, 918), (-72, 576, 864)]	(9521, 11401, 9591, 10051, 13545, 12092, 5004, 5972, 4248, 8805, 6372, 6236, 4776, 6332, 8313, 9471, 11295, 19930, 14531, 9087, 15571, 13962, 12285, 2133)
n	2196679	(748, 118)	[(-90, 648, 864), (-72, 612, 936), (-36, 630, 936), (36, 576, 828), (-36, 612, 828), (-72, 612, 828), (-72, 612, 864), (-54, 558, 918), (-72, 576, 864), (-54, 612, 846), (0, 612, 936), (18, 612, 918), (18, 612, 900), (-54, 594, 846), (36, 612, 936), (-36, 594, 846), (18, 612, 900), (36, 594, 864), (18, 594, 846), (36, 630, 864), (18, 612, 864), (-18, 612, 828), (0, 612, 846), (18, 612, 882), (18, 594, 864)]	(9509, 11202, 9571, 10063, 13365, 12400, 5263, 6098, 4291, 8711, 6718, 6259, 4970, 6337, 8176, 11187, 11297, 19896, 14498, 9037, 15490, 13857, 12284, 2126)
e	2197221	(565, 327)	[(18, 612, 864), (-18, 612, 828), (0, 612, 846), (18, 612, 882), (18, 594, 864), (0, 612, 882), (-36, 612, 882), (-18, 630, 882), (18, 612, 882), (36, 594, 828), (36, 612, 882), (-90, 594, 846), (-126, 612, 864), (-126, 576, 864), (-126, 594, 936), (-126, 630, 900), (-72, 648, 864), (-90, 630, 810), (-90, 648, 792), (-90, 648, 810), (-54, 666, 810), (-36, 666, 846), (-72, 666, 828), (-108, 648, 774), (-72, 666, 738)]	(9512, 12553, 10625, 10125, 13323, 11993, 5272, 6005, 4238, 8942, 6282, 6288, 4613, 6462, 8810, 8982, 11349, 20033, 14884, 9182, 15842, 14135, 12303, 2126)
a	2197628	(668, 412)	[(-126, 594, 936), (-126, 630, 900), (-72, 648, 864), (-90, 630, 810), (-90, 648, 792), (-90, 648, 810), (-54, 666, 810), (-36, 666, 846), (-72, 666, 828), (-108, 648, 774), (-72, 666, 738), (-72, 666, 810), (-90, 666, 846), (-54, 666, 936), (-54, 666, 900), (-90, 648, 774), (-126, 630, 756), (-72, 648, 900), (-108, 630, 828), (-126, 648, 828), (-90, 648, 846), (-72, 666, 864), (-108, 666, 792), (-90, 666, 774), (-108, 666, 792)]	(9506, 12718, 10745, 10130, 13214, 11792, 5151, 5920, 4157, 8746, 6164, 6188, 4567, 6388, 8536, 8840, 11316, 20012, 14876, 9212, 15896, 14132, 12301, 2131)
r	2198068	(581, 283)	[(-126, 630, 756), (-72, 648, 900), (-108, 630, 828), (-126, 648, 828), (-90, 648, 846), (-72, 666, 864), (-108, 666, 792), (-90, 666, 774), (-108, 666, 792), (-144, 648, 792), (-90, 648, 810), (-54, 684, 882), (-54, 684, 882), (-54, 666, 774), (-54, 684, 846), (-126, 648, 810), (-54, 648, 900), (-144, 612, 828), (-90, 648, 846), (-72, 666, 828), (-72, 648, 846), (-54, 666, 792), (-72, 666, 792), (-54, 666, 828), (-90, 666, 828)]	(9530, 12727, 10771, 10166, 13317, 11871, 5262, 5967, 4212, 8909, 6241, 6269, 4615, 6411, 8642, 9120, 11340, 20018, 14864, 9237, 15917, 14164, 12306, 2127)
 	2198526	(819, 301)	[(-54, 648, 900), (-144, 612, 828), (-90, 648, 846), (-72, 666, 828), (-72, 648, 846), (-54, 666, 792), (-72, 666, 792), (-54, 666, 828), (-90, 666, 828), (-90, 648, 828), (-108, 648, 846), (-90, 648, 846), (-72, 666, 828), (-108, 648, 792), (-36, 666, 900), (-126, 576, 864), (-108, 594, 846), (-90, 612, 918), (-126, 594, 882), (-108, 594, 846), (-126, 594, 864), (-126, 612, 810), (-90, 612, 864), (-54, 612, 918), (-72, 630, 828)]	(9518, 11788, 9798, 10071, 13580, 11910, 5056, 5945, 4243, 8925, 6285, 6279, 4682, 6396, 8482, 9240, 11329, 19961, 14611, 9145, 15666, 14095, 12296, 2118)
f	2199035	(670, 272)	[(-108, 594, 846), (-126, 594, 864), (-126, 612, 810), (-90, 612, 864), (-54, 612, 918), (-72, 630, 828), (-90, 630, 846), (-72, 612, 864), (-72, 630, 864), (-54, 630, 882), (-90, 612, 828), (-90, 612, 882), (-90, 630, 810), (-108, 630, 846), (-90, 630, 846), (-90, 630, 882), (-90, 612, 882), (-108, 630, 828), (-90, 612, 864), (-72, 630, 846), (-108, 630, 846), (-108, 630, 864), (-108, 630, 828), (-72, 630, 810), (-108, 630, 846)]	(9520, 12124, 10054, 10078, 13477, 11875, 5078, 5979, 4257, 9005, 6282, 6303, 4672, 6446, 8655, 8990, 11331, 19994, 14680, 9184, 15779, 14157, 12304, 2118)
u	2199577	(576, 138)	[(-72, 630, 846), (-108, 630, 846), (-108, 630, 864), (-108, 630, 828), (-72, 630, 810), (-108, 630, 846), (-90, 630, 918), (-90, 630, 882), (-108, 648, 846), (-108, 630, 828), (-108, 630, 810), (-72, 648, 810), (-72, 630, 810), (-72, 594, 882), (-108, 612, 846), (-126, 612, 864), (-90, 612, 864), (-108, 630, 846), (-72, 648, 828), (-90, 630, 828), (-72, 648, 810), (-72, 648, 828), (-54, 648, 900), (-54, 648, 882), (-90, 630, 792)]	(9527, 11796, 9857, 10081, 13606, 11933, 5125, 6010, 4269, 8923, 6352, 6293, 4693, 6385, 8534, 9343, 11329, 19959, 14629, 9143, 15660, 14101, 12294, 2130)
t	2200087	(584, 258)	[(-90, 630, 828), (-72, 648, 810), (-72, 648, 828), (-54, 648, 900), (-54, 648, 882), (-90, 630, 792), (-90, 648, 810), (-90, 648, 828), (-72, 630, 864), (-72, 648, 882), (-72, 666, 846), (-90, 630, 846), (-90, 630, 792), (-90, 648, 846), (-72, 648, 846), (-72, 648, 828), (-90, 648, 828), (-108, 630, 810), (-72, 648, 846), (-72, 648, 864), (-90, 648, 828), (-108, 648, 846), (-108, 648, 828), (-90, 648, 810), (-72, 648, 810)]	(9535, 12320, 10247, 10111, 13544, 11952, 5120, 6066, 4344, 9170, 6316, 6358, 4664, 6458, 8733, 8866, 11352, 20010, 14735, 9187, 15820, 14174, 12304, 2132)
u	2200596	(570, 154)	[(-72, 648, 864), (-90, 648, 828), (-108, 648, 846), (-108, 648, 828), (-90, 648, 810), (-72, 648, 810), (-90, 648, 864), (-90, 648, 846), (-72, 648, 828), (-126, 648, 828), (-126, 630, 810), (-72, 648, 864), (-108, 648, 792), (-90, 666, 828), (-90, 648, 900), (-90, 630, 882), (-90, 648, 792), (-108, 612, 828), (-90, 648, 846), (-72, 666, 864), (-90, 648, 846), (-126, 630, 792), (-126, 630, 792), (-72, 630, 828), (-72, 648, 900)]	(9542, 12165, 10134, 10105, 13657, 11943, 5095, 6010, 4301, 9067, 6306, 6319, 4664, 6422, 8620, 9029, 11339, 19995, 14691, 9165, 15750, 14157, 12294, 2135)
r	2201138	(568, 287)	[(-90, 648, 846), (-126, 630, 792), (-126, 630, 792), (-72, 630, 828), (-72, 648, 900), (-90, 630, 846), (-108, 648, 828), (-90, 648, 882), (-72, 648, 864), (-54, 648, 810), (-126, 630, 846), (-108, 630, 846), (-90, 666, 792), (-90, 648, 810), (-90, 666, 864), (-126, 648, 846), (-108, 648, 810), (-108, 648, 846), (-126, 648, 846), (-108, 666, 846), (-108, 666, 810), (-108, 666, 828), (-108, 648, 828), (-126, 666, 792), (-126, 666, 810)]	(9523, 12421, 10362, 10105, 13393, 11802, 5099, 6029, 4304, 9035, 6257, 6326, 4649, 6449, 8644, 8784, 11335, 20011, 14750, 9201, 15891, 14140, 12300, 2130)
e	2201596	(561, 341)	[(-108, 648, 810), (-108, 648, 846), (-126, 648, 846), (-108, 666, 846), (-108, 666, 810), (-108, 666, 828), (-108, 648, 828), (-126, 666, 792), (-126, 666, 810), (-108, 666, 792), (-90, 684, 828), (-90, 666, 900), (-126, 666, 792), (-108, 648, 792), (-90, 666, 792), (-108, 666, 810), (-108, 684, 846), (-108, 666, 828), (-108, 666, 774), (-126, 666, 810), (-90, 684, 810), (-108, 666, 828), (-90, 684, 774), (-108, 684, 792), (-108, 684, 792)]	(9516, 12618, 10572, 10100, 13130, 11734, 5073, 6010, 4295, 8997, 6236, 6335, 4667, 6493, 8657, 8797, 11335, 20010, 14751, 9224, 15950, 14130, 12297, 2125)
s	2206879	(648, 354)	[(-54, 684, 828), (-54, 684, 828), (-54, 684, 810), (-72, 684, 828), (-36, 666, 810), (-72, 684, 792), (-54, 702, 810), (-90, 684, 828), (-90, 684, 810), (-72, 684, 792), (-54, 684, 774), (-54, 720, 810), (-90, 702, 792), (-108, 666, 774), (-72, 702, 756), (-72, 702, 810), (-72, 684, 810), (-54, 720, 792), (-72, 702, 828), (-90, 684, 846), (-72, 684, 756), (-108, 684, 738), (-90, 702, 774), (-90, 720, 846), (-54, 702, 792)]	(9518, 12015, 10017, 10069, 13503, 11594, 5178, 5973, 4265, 8800, 6299, 6252, 4682, 6376, 8085, 9432, 11293, 19945, 14620, 9164, 15746, 14073, 12285, 2126)
o	2207591	(576, 45)	[(-90, 702, 828), (-108, 684, 828), (-90, 684, 810), (-72, 684, 828), (-108, 684, 738), (-108, 684, 738), (-18, 684, 864), (-72, 630, 828), (-90, 648, 792), (-36, 612, 882), (54, 648, 918), (18, 648, 900), (18, 648, 882), (72, 630, 810), (108, 648, 828), (72, 684, 846), (72, 666, 792), (54, 666, 756), (90, 666, 810), (54, 684, 792), (36, 648, 792), (18, 666, 792), (18, 666, 882), (18, 648, 828), (-54, 648, 810)]	(9525, 11559, 9655, 10082, 13630, 12039, 5323, 6081, 4326, 8964, 6548, 6332, 4815, 6379, 8513, 10092, 11310, 19934, 14559, 9100, 15590, 14013, 12274, 2125)
 	2208102	(833, 260)	[(90, 666, 810), (54, 684, 792), (36, 648, 792), (18, 666, 792), (18, 666, 882), (18, 648, 828), (-54, 648, 810), (36, 648, 846), (36, 666, 900), (18, 666, 810), (0, 648, 828), (-54, 630, 900), (0, 648, 828), (-54, 648, 792), (-54, 612, 828), (-36, 630, 882), (18, 648, 936), (18, 630, 846), (-54, 630, 774), (-90, 594, 810), (-90, 594, 900), (-72, 612, 918), (-36, 612, 864), (-54, 630, 846), (-72, 648, 828)]	(9517, 11713, 9695, 10053, 13442, 11960, 5211, 5922, 4213, 8714, 6335, 6253, 4734, 6336, 8294, 9659, 11298, 19922, 14573, 9115, 15604, 14062, 12275, 2127)
h	2208665	(663, 184)	[(-72, 612, 918), (-36, 612, 864), (-54, 630, 846), (-72, 648, 828), (-72, 612, 828), (-36, 630, 882), (-36, 630, 864), (-36, 648, 846), (-54, 630, 864), (-36, 630, 864), (-18, 648, 846), (-36, 630, 846), (-36, 630, 846), (-36, 648, 828), (-54, 630, 828), (0, 648, 828), (18, 648, 846), (0, 648, 846), (-54, 630, 864), (-54, 630, 846), (-54, 630, 810), (-36, 630, 864), (-36, 630, 846), (-36, 648, 864), (-36, 648, 846)]	(9530, 11896, 9825, 10088, 13442, 12105, 5314, 6006, 4288, 8905, 6394, 6309, 4792, 6424, 8580, 9751, 11340, 19960, 14607, 9153, 15656, 14125, 12288, 2127)
o	2209157	(563, 37)	[(-54, 630, 864), (-54, 630, 846), (-54, 630, 810), (-36, 630, 864), (-36, 630, 846), (-36, 648, 864), (-36, 648, 846), (-36, 666, 828), (-54, 648, 846), (-36, 648, 882), (-54, 630, 828), (-90, 630, 792), (54, 666, 846), (0, 630, 828), (-54, 612, 864), (-36, 612, 936), (-54, 630, 882), (-36, 612, 810), (-36, 630, 846), (-36, 630, 864), (-18, 630, 828), (-18, 648, 828), (-54, 630, 810), (-36, 612, 846), (-18, 648, 864)]	(9515, 11752, 9733, 10078, 13543, 11994, 5250, 5963, 4237, 8694, 6374, 6251, 4750, 6331, 8186, 9902, 11318, 19927, 14570, 9134, 15602, 14070, 12288, 2125)
w	2209732	(585, 382)	[(-54, 630, 810), (-36, 612, 846), (-18, 648, 864), (0, 630, 864), (-36, 612, 882), (-54, 612, 864), (-54, 630, 882), (0, 630, 828), (-126, 612, 882), (-54, 648, 828), (0, 666, 846), (-72, 666, 882), (-90, 648, 792), (-108, 666, 810), (-90, 666, 846), (-108, 648, 846), (-108, 666, 702), (-72, 720, 630), (-54, 720, 828), (-72, 738, 846), (-54, 702, 828), (-36, 720, 738), (0, 720, 720), (-36, 738, 756), (36, 738, 720)]	(9512, 12430, 10435, 10096, 13015, 11515, 5214, 6117, 4411, 9071, 6350, 6390, 4727, 6563, 8507, 8850, 11328, 19985, 14737, 9183, 15850, 14100, 12292, 2122)
 	2210239	(808, 276)	[(-72, 738, 846), (-54, 702, 828), (-36, 720, 738), (0, 720, 720), (-36, 738, 756), (36, 738, 720), (0, 738, 738), (-36, 738, 792), (-18, 738, 810), (-36, 738, 738), (-54, 720, 720), (-36, 720, 720), (-36, 720, 720), (-54, 666, 792), (-36, 666, 900), (-36, 648, 918), (-36, 648, 864), (-54, 630, 828), (-36, 630, 810), (-36, 648, 846), (-36, 630, 864), (0, 648, 846), (-36, 648, 792), (0, 666, 792), (18, 630, 864)]	(9528, 11297, 9565, 10049, 13849, 11516, 5056, 6052, 4403, 8975, 6448, 6335, 4941, 6330, 8184, 9287, 11284, 19903, 14506, 9082, 15551, 13945, 12278, 2126)
m	2210850	(728, 99)	[(0, 666, 792), (18, 630, 864), (-36, 684, 846), (-36, 666, 864), (0, 666, 882), (0, 666, 864), (0, 684, 828), (-36, 648, 774), (-54, 630, 774), (0, 666, 918), (-90, 648, 774), (-36, 648, 720), (36, 648, 828), (54, 630, 900), (36, 648, 846), (36, 666, 828), (36, 648, 846), (36, 612, 846), (36, 648, 864), (36, 648, 828), (18, 648, 828), (18, 612, 810), (36, 612, 846), (54, 666, 846), (72, 630, 864)]	(9470, 10904, 9462, 10000, 13389, 11889, 6117, 6845, 4591, 8669, 7925, 6513, 5260, 6371, 8036, 13502, 11311, 19850, 14496, 8972, 15422, 13725, 12276, 2122)
a	2211560	(655, 412)	[(72, 630, 936), (90, 648, 918), (54, 612, 828), (-18, 630, 792), (90, 630, 810), (36, 630, 864), (0, 630, 828), (-72, 666, 828), (-36, 666, 774), (0, 666, 792), (-54, 666, 774), (-90, 684, 774), (-72, 666, 864), (-36, 684, 882), (-54, 666, 882), (-54, 666, 810), (-54, 684, 810), (-72, 684, 864), (-90, 684, 828), (-126, 648, 810), (-126, 648, 792), (-108, 666, 810), (-90, 666, 846), (-72, 702, 828), (18, 738, 702)]	(9454, 12219, 10384, 10086, 13207, 11489, 6796, 6302, 4313, 8613, 6611, 6350, 4720, 6438, 8156, 11062, 11391, 19990, 14841, 9180, 15692, 14199, 12316, 2126)
n	2212162	(741, 121)	[(-72, 702, 828), (18, 738, 702), (-72, 720, 702), (-54, 720, 846), (-36, 720, 774), (-54, 720, 756), (-36, 720, 756), (-36, 702, 792), (36, 702, 828), (72, 666, 792), (72, 666, 774), (-36, 666, 828), (-72, 630, 864), (-36, 630, 864), (18, 630, 864), (0, 630, 918), (18, 630, 864), (54, 648, 810), (36, 630, 810), (36, 648, 828), (54, 630, 846), (18, 630, 864), (54, 612, 864), (54, 648, 846), (0, 684, 792)]	(9487, 11005, 9507, 10028, 13518, 11910, 6675, 6446, 4473, 8609, 7692, 6446, 5150, 6337, 7779, 13226, 11336, 19868, 14546, 9005, 15470, 13804, 12285, 2123)
y	2212720	(576, 181)	[(54, 630, 846), (18, 630, 864), (54, 612, 864), (54, 648, 846), (0, 684, 792), (-18, 684, 810), (54, 648, 882), (36, 630, 864), (54, 630, 846), (18, 630, 828), (54, 648, 774), (-36, 666, 846), (-72, 720, 810), (-54, 666, 846), (-72, 666, 846), (-72, 684, 792), (-72, 684, 774), (-18, 702, 828), (18, 684, 792), (-54, 684, 774), (-54, 666, 792), (-54, 684, 792), (-36, 684, 846), (-72, 648, 864), (-72, 648, 810)]	(9498, 11913, 9981, 10070, 13575, 11684, 5789, 6052, 4297, 8849, 6450, 6322, 4665, 6340, 8135, 9517, 11360, 19963, 14649, 9146, 15651, 14206, 12301, 2123)
 	2213230	(841, 293)	[(-54, 684, 774), (-54, 666, 792), (-54, 684, 792), (-36, 684, 846), (-72, 648, 864), (-72, 648, 810), (-18, 684, 828), (-54, 666, 846), (-36, 666, 810), (-36, 666, 810), (18, 684, 828), (-36, 684, 828), (-72, 648, 828), (-36, 648, 900), (-72, 648, 828), (-54, 648, 810), (-36, 648, 846), (-54, 666, 828), (-54, 648, 810), (-54, 630, 828), (-54, 630, 864), (-54, 630, 846), (-54, 648, 828), (-36, 648, 846), (-72, 648, 774)]	(9503, 11688, 9727, 10066, 13643, 11668, 5955, 6041, 4298, 8761, 6531, 6297, 4765, 6332, 8046, 10076, 11372, 19940, 14585, 9110, 15591, 14138, 12304, 2120)
t	2216800	(576, 244)	[(-54, 702, 756), (-36, 684, 774), (-54, 684, 828), (-36, 702, 828), (-36, 702, 810), (-36, 684, 774), (-54, 702, 792), (-36, 702, 828), (-36, 702, 810), (-54, 684, 792), (-54, 684, 792), (-36, 702, 846), (-36, 684, 846), (-54, 702, 774), (-72, 684, 792), (-54, 684, 810), (-36, 702, 864), (-36, 702, 792), (-18, 720, 810), (-54, 684, 810), (-72, 684, 828), (-36, 702, 828), (-36, 702, 774), (-36, 684, 774), (0, 702, 774)]	(9511, 11990, 10027, 10087, 13706, 11676, 5625, 6061, 4334, 8982, 6440, 6333, 4685, 6364, 8320, 9467, 11382, 19976, 14650, 9136, 15650, 14230, 12303, 2122)
i	2217343	(551, 91)	[(-72, 684, 828), (-36, 702, 828), (-36, 702, 774), (-36, 684, 774), (0, 702, 774), (0, 702, 828), (-54, 684, 810), (-72, 702, 792), (-36, 702, 810), (-36, 702, 810), (-36, 702, 828), (-36, 684, 756), (-36, 684, 810), (18, 666, 864), (-18, 630, 846), (-36, 630, 864), (-54, 648, 810), (-36, 648, 864), (-36, 648, 864), (0, 648, 828), (0, 666, 810), (18, 648, 810), (18, 684, 846), (18, 684, 864), (-54, 630, 828)]	(9501, 11500, 9653, 10079, 14025, 11631, 6772, 6263, 4437, 8960, 6992, 6443, 4861, 6360, 8194, 11600, 11367, 19909, 14621, 9010, 15532, 13871, 12292, 2117)
m	2217854	(742, 98)	[(0, 648, 828), (0, 666, 810), (18, 648, 810), (18, 684, 846), (18, 684, 864), (-54, 630, 828), (-72, 630, 792), (-36, 648, 846), (0, 666, 918), (0, 648, 792), (0, 648, 864), (36, 648, 864), (0, 648, 846), (-36, 648, 774), (-36, 648, 774), (-54, 630, 828), (-72, 630, 828), (-72, 630, 864), (-54, 594, 864), (-36, 594, 900), (-36, 594, 882), (-72, 594, 828), (-18, 576, 864), (0, 594, 882), (-36, 594, 882)]	(9533, 11474, 9648, 10057, 13801, 11680, 5285, 5965, 4194, 8488, 6578, 6230, 4712, 6264, 7609, 10466, 11397, 19878, 14560, 9022, 15522, 13968, 12299, 2119)
e	2218362	(572, 323)	[(-72, 630, 864), (-54, 594, 864), (-36, 594, 900), (-36, 594, 882), (-72, 594, 828), (-18, 576, 864), (0, 594, 882), (-36, 594, 882), (-36, 594, 882), (0, 612, 918), (0, 594, 882), (-36, 630, 846), (-18, 648, 846), (-36, 666, 810), (-36, 666, 774), (-72, 684, 846), (-72, 666, 936), (-72, 666, 828), (-108, 666, 720), (-162, 648, 792), (-216, 630, 828), (-162, 648, 882), (-144, 666, 918), (-72, 684, 828), (-90, 684, 810)]	(9481, 12461, 10544, 10093, 13417, 11221, 7385, 6061, 4265, 8742, 6665, 6319, 4684, 6396, 8030, 10698, 11490, 19971, 14878, 9125, 15656, 14191, 12313, 2132)
s	2218975	(658, 379)	[(-90, 684, 810), (-54, 702, 702), (-54, 702, 738), (-54, 702, 828), (0, 720, 828), (0, 702, 846), (-54, 702, 756), (-54, 684, 684), (-90, 702, 810), (-54, 684, 846), (-72, 666, 864), (-90, 666, 846), (-90, 666, 792), (-90, 666, 828), (-90, 666, 792), (-54, 684, 774), (-36, 684, 846), (-36, 702, 846), (-54, 684, 828), (-72, 666, 756), (-54, 666, 756), (-36, 702, 810), (-54, 702, 846), (-72, 684, 846), (-90, 666, 774)]	(9514, 12583, 10600, 10098, 13459, 11253, 5944, 5921, 4120, 8644, 6306, 6197, 4570, 6334, 7927, 9595, 11457, 19981, 14848, 9176, 15699, 14316, 12322, 2118)
 	2219367	(791, 297)	[(-90, 666, 828), (-90, 666, 792), (-54, 684, 774), (-36, 684, 846), (-36, 702, 846), (-54, 684, 828), (-72, 666, 756), (-54, 666, 756), (-36, 702, 810), (-54, 702, 846), (-72, 684, 846), (-90, 666, 774), (-72, 684, 756), (-36, 684, 828), (-54, 684, 846), (-72, 684, 810), (-90, 666, 756), (0, 702, 882), (-72, 612, 846), (-72, 630, 828), (-90, 630, 846), (-90, 630, 918), (-108, 648, 846), (-90, 630, 792), (-108, 612, 846)]	(9522, 11856, 9860, 10040, 13834, 11268, 5417, 5923, 4194, 8646, 6372, 6242, 4614, 6313, 7800, 9329, 11421, 19919, 14626, 9085, 15590, 14130, 12303, 2117)
c	2219979	(708, 282)	[(-90, 630, 792), (-108, 612, 846), (-54, 648, 864), (-72, 648, 792), (-54, 630, 864), (-72, 648, 918), (-90, 630, 882), (-72, 630, 846), (-72, 630, 810), (-36, 666, 846), (-72, 630, 810), (-108, 630, 810), (-72, 648, 864), (-36, 648, 846), (-72, 630, 882), (-72, 630, 828), (-72, 648, 810), (-54, 648, 846), (-36, 666, 846), (-72, 630, 828), (-90, 630, 828), (-72, 648, 846), (-72, 630, 900), (-72, 648, 828), (-54, 648, 810)]	(9530, 12055, 10003, 10056, 13834, 11356, 5230, 5905, 4179, 8671, 6236, 6236, 4592, 6308, 7850, 9130, 11446, 19957, 14685, 9129, 15649, 14283, 12312, 2127)
a	2220742	(663, 421)	[(-90, 612, 828), (-90, 630, 792), (-72, 648, 810), (-90, 630, 828), (-54, 648, 810), (-72, 648, 828), (-72, 648, 864), (-72, 648, 846), (-108, 648, 846), (-72, 648, 810), (-90, 666, 828), (-108, 648, 864), (-90, 648, 864), (-108, 666, 828), (-90, 666, 828), (-72, 684, 774), (-54, 684, 810), (-54, 684, 828), (0, 702, 810), (-36, 702, 810), (-90, 684, 774), (-90, 684, 756), (-108, 666, 846), (-108, 702, 846), (-90, 702, 792)]	(9506, 12773, 10827, 10141, 13475, 11164, 6360, 5963, 4174, 8621, 6305, 6230, 4561, 6325, 7864, 9508, 11447, 19988, 14961, 9183, 15733, 14306, 12323, 2132)
n	2221359	(736, 121)	[(-108, 702, 846), (-90, 702, 792), (-72, 684, 738), (-54, 720, 738), (-36, 720, 792), (-18, 720, 792), (-72, 702, 792), (36, 720, 882), (-90, 630, 846), (-36, 666, 792), (-72, 666, 828), (36, 612, 882), (54, 648, 882), (18, 594, 810), (18, 594, 828), (36, 594, 882), (0, 612, 954), (-36, 594, 882), (-18, 612, 828), (0, 630, 828), (18, 594, 882), (0, 630, 846), (-36, 612, 828), (18, 594, 882), (54, 612, 846)]	(9481, 11071, 9543, 10004, 13783, 11617, 6316, 6319, 4420, 8830, 7724, 6438, 4946, 6356, 7993, 12741, 11441, 19862, 14529, 8950, 15463, 13758, 12294, 2114)
 	2221751	(809, 239)	[(18, 594, 828), (36, 594, 882), (0, 612, 954), (-36, 594, 882), (-18, 612, 828), (0, 630, 828), (18, 594, 882), (0, 630, 846), (-36, 612, 828), (18, 594, 882), (54, 612, 846), (0, 630, 900), (36, 612, 864), (18, 630, 792), (18, 612, 882), (0, 612, 846), (-36, 612, 900), (18, 630, 828), (18, 630, 810), (18, 630, 882), (18, 630, 864), (-36, 594, 864), (-36, 594, 828), (-18, 612, 882), (18, 612, 882)]	(9501, 11404, 9689, 10044, 14005, 11635, 5871, 6133, 4335, 8935, 7070, 6360, 4831, 6360, 8013, 12031, 11464, 19880, 14531, 9006, 15495, 13930, 12295, 2119)
p	2222515	(584, 19)	[(-18, 612, 828), (0, 630, 864), (-18, 630, 864), (0, 612, 828), (0, 612, 864), (18, 612, 882), (18, 630, 864), (0, 630, 846), (18, 612, 846), (0, 594, 918), (36, 612, 828), (0, 612, 846), (36, 612, 882), (72, 630, 846), (18, 612, 864), (18, 612, 828), (0, 612, 846), (0, 612, 864), (0, 612, 846), (18, 612, 864), (18, 630, 882), (0, 630, 828), (18, 612, 846), (0, 630, 882), (18, 648, 846)]	(9480, 11132, 9542, 10007, 13872, 11550, 6455, 6226, 4394, 8822, 7398, 6403, 4892, 6354, 7983, 12459, 11432, 19855, 14503, 8970, 15459, 13815, 12274, 2115)
e	2223177	(586, 355)	[(18, 612, 864), (0, 612, 864), (-18, 630, 864), (0, 612, 900), (18, 612, 882), (-36, 594, 864), (-36, 594, 864), (-36, 594, 864), (-54, 666, 900), (0, 684, 846), (36, 702, 846), (18, 702, 720), (-54, 684, 738), (-54, 666, 810), (-36, 684, 792), (-54, 666, 828), (-36, 666, 900), (-90, 666, 864), (-90, 666, 774), (-108, 666, 810), (-90, 666, 792), (-54, 702, 810), (-54, 702, 828), (-72, 702, 792), (-54, 702, 702)]	(9490, 12399, 10417, 10093, 13415, 11093, 7637, 6107, 4309, 8751, 6754, 6342, 4727, 6381, 8102, 11218, 11447, 19964, 14767, 9144, 15642, 14165, 12310, 2124)
o	2223741	(579, 68)	[(-54, 702, 810), (-54, 702, 828), (-72, 702, 792), (-54, 702, 702), (-54, 702, 720), (-72, 720, 846), (-54, 702, 864), (-72, 702, 792), (-108, 720, 774), (36, 720, 828), (-36, 702, 792), (-36, 684, 792), (-54, 666, 846), (-72, 648, 828), (-90, 630, 846), (-54, 630, 846), (-36, 648, 864), (-36, 648, 882), (-54, 648, 828), (-54, 630, 810), (-54, 648, 810), (-36, 666, 828), (0, 666, 864), (-36, 666, 864), (-54, 666, 756)]	(9532, 11658, 9756, 10047, 14162, 11196, 5434, 6022, 4264, 8855, 6557, 6307, 4601, 6307, 7910, 9671, 11416, 19913, 14600, 9054, 15572, 14051, 12300, 2123)
p	2224350	(572, 9)	[(-54, 666, 756), (-36, 630, 828), (-36, 666, 846), (-36, 666, 882), (-36, 648, 864), (-36, 648, 828), (-54, 648, 810), (-72, 648, 792), (-54, 648, 810), (-36, 648, 828), (-54, 648, 828), (-54, 648, 828), (-54, 630, 846), (-36, 648, 846), (-36, 648, 828), (-54, 648, 810), (-36, 648, 828), (-36, 666, 864), (-18, 648, 828), (-72, 630, 792), (-36, 630, 846), (-36, 648, 864), (-36, 630, 828), (-54, 630, 882), (-54, 648, 864)]	(9529, 11720, 9786, 10062, 14191, 11301, 5575, 6007, 4259, 8872, 6615, 6324, 4617, 6312, 7917, 9818, 11414, 19897, 14585, 9053, 15561, 14050, 12301, 2122)
l	2224747	(672, 33)	[(-36, 648, 828), (-54, 648, 810), (-36, 648, 828), (-36, 666, 864), (-18, 648, 828), (-72, 630, 792), (-36, 630, 846), (-36, 648, 864), (-36, 630, 828), (-54, 630, 882), (-54, 648, 864), (-54, 612, 828), (-36, 648, 846), (-18, 648, 828), (-54, 630, 846), (-54, 630, 846), (-54, 612, 846), (-36, 612, 900), (-72, 612, 882), (-90, 594, 810), (-72, 594, 846), (-36, 612, 900), (-36, 630, 900), (-72, 576, 882), (-72, 594, 864)]	(9517, 11722, 9748, 10033, 14140, 11355, 5311, 5932, 4232, 8758, 6471, 6261, 4594, 6306, 7780, 9288, 11460, 19899, 14583, 9018, 15555, 14016, 12306, 2125)
e	2225360	(578, 337)	[(-72, 576, 882), (-72, 594, 864), (-54, 594, 864), (-54, 594, 918), (-36, 594, 864), (-54, 594, 882), (-36, 612, 882), (-18, 612, 900), (-72, 630, 846), (-90, 648, 792), (-54, 684, 738), (-18, 666, 882), (-72, 684, 846), (-126, 648, 810), (-144, 630, 792), (-108, 666, 810), (-108, 684, 792), (-126, 666, 828), (-108, 648, 828), (-162, 648, 846), (-126, 666, 792), (-126, 666, 756), (-54, 684, 810), (-108, 684, 864), (-126, 666, 774)]	(9525, 12895, 10895, 10153, 13625, 11094, 5698, 5985, 4197, 8865, 6325, 6249, 4540, 6327, 7957, 9176, 11429, 19997, 14920, 9190, 15742, 14319, 12317, 2117)
 	2225928	(849, 308)	[(-126, 666, 792), (-126, 666, 756), (-54, 684, 810), (-108, 684, 864), (-126, 666, 774), (-144, 666, 720), (-126, 666, 810), (-90, 666, 882), (-90, 684, 774), (-126, 666, 774), (-144, 666, 738), (-72, 630, 846), (-72, 648, 882), (-108, 630, 864), (-108, 612, 846), (-72, 630, 828), (-54, 648, 846), (-90, 630, 792), (-108, 630, 846), (-72, 630, 918), (-72, 648, 900), (-54, 630, 918), (-72, 630, 828), (-90, 630, 828), (-72, 612, 846)]	(9556, 12036, 9940, 10075, 14149, 11252, 5060, 5918, 4213, 8856, 6265, 6269, 4551, 6270, 7824, 8806, 11414, 19941, 14637, 9114, 15630, 14261, 12304, 2120)
a	2226424	(646, 417)	[(-72, 630, 918), (-72, 648, 900), (-54, 630, 918), (-72, 630, 828), (-90, 630, 828), (-72, 612, 846), (-54, 648, 864), (-72, 666, 846), (-54, 666, 774), (-36, 684, 882), (-54, 684, 828), (-72, 666, 864), (-108, 684, 828), (-108, 684, 738), (-72, 702, 648), (-72, 720, 756), (-90, 702, 882), (-90, 702, 864), (-72, 720, 756), (-90, 720, 720), (-36, 738, 720), (-36, 738, 792), (-90, 720, 846), (-72, 720, 792), (-36, 756, 702)]	(9511, 12629, 10753, 10113, 13503, 10930, 5265, 5971, 4205, 8905, 6238, 6250, 4559, 6329, 7999, 9057, 11430, 19975, 14797, 9181, 15703, 14353, 12312, 2120)
s	2228078	(664, 358)	[(-54, 702, 810), (-72, 684, 828), (-72, 684, 774), (-54, 684, 774), (0, 702, 882), (-36, 702, 792), (-54, 684, 792), (-54, 702, 756), (-36, 684, 810), (-54, 684, 864), (-54, 684, 810), (-54, 684, 792), (-54, 684, 810), (-36, 702, 792), (-36, 702, 774), (-36, 720, 792), (0, 702, 792), (-54, 720, 756), (-72, 702, 792), (-72, 684, 828), (-90, 702, 882), (-54, 720, 738), (-54, 702, 774), (-36, 720, 810), (-36, 720, 774)]	(9519, 12526, 10460, 10067, 13579, 10846, 5748, 5915, 4141, 8740, 6273, 6208, 4564, 6315, 7920, 9448, 11426, 19960, 14751, 9173, 15685, 14313, 12313, 2119)
k	2228739	(653, 93)	[(-18, 720, 756), (-54, 702, 756), (0, 720, 738), (-36, 720, 774), (-36, 720, 846), (-36, 720, 810), (-54, 720, 738), (-72, 702, 756), (-54, 702, 720), (-18, 684, 828), (-108, 648, 810), (-54, 648, 864), (0, 684, 828), (0, 666, 864), (36, 666, 846), (18, 666, 810), (0, 630, 810), (-36, 648, 810), (18, 648, 864), (36, 648, 882), (-36, 630, 828), (-18, 612, 864), (0, 630, 846), (-36, 648, 810), (0, 594, 810)]	(9533, 11819, 9771, 10044, 14108, 11128, 5300, 5915, 4179, 8720, 6411, 6268, 4518, 6309, 7745, 9326, 11489, 19914, 14619, 9034, 15584, 14060, 12310, 2118)
 	2229184	(808, 241)	[(0, 630, 810), (-36, 648, 810), (18, 648, 864), (36, 648, 882), (-36, 630, 828), (-18, 612, 864), (0, 630, 846), (-36, 648, 810), (0, 594, 810), (0, 666, 882), (0, 630, 918), (-36, 612, 864), (-54, 630, 792), (18, 594, 864), (0, 612, 846), (0, 612, 846), (0, 612, 882), (0, 630, 882), (-36, 648, 810), (36, 648, 792), (36, 648, 828), (0, 648, 828), (0, 630, 828), (-18, 648, 864), (0, 630, 846)]	(9529, 11791, 9767, 10028, 14253, 11055, 5083, 5915, 4211, 8858, 6339, 6295, 4505, 6305, 7793, 8810, 11469, 19908, 14579, 9049, 15582, 14128, 12311, 2118)
m	2229697	(721, 82)	[(36, 648, 792), (36, 648, 828), (0, 648, 828), (0, 630, 828), (-18, 648, 864), (0, 630, 846), (-36, 612, 828), (-18, 630, 864), (-36, 648, 864), (-36, 648, 846), (0, 630, 864), (0, 648, 864), (18, 648, 864), (-54, 630, 792), (36, 666, 846), (0, 612, 828), (0, 630, 846), (0, 648, 864), (-36, 612, 882), (-90, 612, 828), (-72, 612, 828), (-54, 612, 810), (18, 630, 828), (54, 666, 864), (0, 648, 846)]	(9545, 11802, 9769, 10024, 14417, 11080, 4923, 5939, 4240, 8991, 6329, 6305, 4523, 6302, 7846, 8485, 11484, 19940, 14621, 9060, 15608, 14164, 12317, 2126)
e	2230258	(578, 335)	[(-72, 612, 828), (-54, 612, 810), (18, 630, 828), (54, 666, 864), (0, 648, 846), (18, 648, 828), (18, 648, 864), (0, 630, 900), (0, 612, 828), (18, 648, 846), (18, 666, 792), (0, 666, 792), (18, 684, 828), (-36, 684, 828), (-90, 630, 828), (-72, 666, 792), (-36, 684, 738), (-72, 648, 882), (-126, 648, 864), (-54, 684, 810), (-36, 684, 846), (-126, 666, 810), (-108, 666, 774), (-36, 702, 810), (0, 702, 810)]	(9518, 12530, 10548, 10073, 13824, 10958, 5143, 5954, 4210, 9011, 6243, 6265, 4514, 6305, 7978, 8685, 11389, 19972, 14763, 9167, 15714, 14297, 12310, 2122)
 	2230757	(813, 278)	[(-126, 648, 864), (-54, 684, 810), (-36, 684, 846), (-126, 666, 810), (-108, 666, 774), (-36, 702, 810), (0, 702, 810), (-36, 702, 756), (0, 702, 774), (18, 738, 792), (-36, 720, 828), (-54, 702, 774), (-72, 702, 774), (-72, 684, 774), (-36, 702, 864), (-36, 648, 828), (-72, 666, 918), (-90, 612, 864), (-54, 630, 810), (18, 666, 828), (-36, 666, 846), (-108, 630, 846), (-90, 630, 828), (-54, 648, 846), (-54, 666, 828)]	(9543, 11663, 9673, 10029, 14217, 10969, 4946, 5902, 4240, 8881, 6246, 6249, 4659, 6271, 7804, 8867, 11390, 19911, 14539, 9092, 15574, 14182, 12298, 2124)
i	2231892	(565, 91)	[(-36, 666, 846), (-54, 630, 774), (-18, 666, 846), (36, 666, 918), (-36, 666, 846), (-36, 630, 756), (-18, 666, 810), (0, 648, 864), (0, 648, 846), (0, 648, 828), (-72, 612, 864), (-54, 630, 810), (-36, 630, 810), (36, 648, 936), (18, 648, 936), (18, 630, 864), (-54, 630, 828), (-54, 648, 774), (-36, 630, 810), (18, 648, 900), (18, 666, 918), (-54, 630, 828), (-72, 612, 774), (-54, 612, 864), (-36, 630, 864)]	(9540, 11908, 9864, 10040, 14233, 11119, 4984, 5935, 4249, 9016, 6255, 6289, 4611, 6323, 8018, 8867, 11449, 19953, 14582, 9133, 15626, 14275, 12319, 2123)
f	2232455	(667, 285)	[(18, 666, 918), (-54, 630, 828), (-72, 612, 774), (-54, 612, 864), (-36, 630, 864), (-18, 648, 882), (-36, 648, 846), (-36, 648, 846), (-36, 630, 864), (-18, 630, 882), (0, 666, 864), (-54, 612, 900), (-72, 612, 774), (-90, 612, 846), (0, 666, 882), (18, 666, 810), (-36, 648, 792), (-36, 648, 828), (-54, 648, 846), (-72, 648, 828), (-54, 630, 846), (-54, 630, 864), (-72, 630, 828), (-72, 630, 792), (-54, 648, 846)]	(9561, 12282, 10082, 10068, 14127, 11129, 5070, 5902, 4212, 8975, 6192, 6264, 4587, 6312, 7965, 8847, 11454, 19968, 14656, 9182, 15685, 14377, 12317, 2130)
 	2232799	(801, 290)	[(-54, 612, 900), (-72, 612, 774), (-90, 612, 846), (0, 666, 882), (18, 666, 810), (-36, 648, 792), (-36, 648, 828), (-54, 648, 846), (-72, 648, 828), (-54, 630, 846), (-54, 630, 864), (-72, 630, 828), (-72, 630, 792), (-54, 648, 846), (-36, 666, 864), (0, 666, 900), (-72, 630, 846), (-90, 630, 810), (-90, 630, 810), (-90, 630, 828), (-54, 630, 846), (-36, 630, 918), (-36, 648, 864), (-36, 630, 792), (-54, 630, 846)]	(9538, 12010, 9902, 10035, 14170, 11047, 4990, 5883, 4206, 8929, 6188, 6263, 4576, 6299, 7901, 8705, 11434, 19943, 14598, 9115, 15627, 14270, 12307, 2117)
i	2233613	(562, 106)	[(-36, 630, 846), (-54, 612, 918), (-36, 630, 864), (-54, 630, 828), (-54, 630, 792), (-54, 612, 900), (-54, 630, 882), (-36, 612, 846), (-54, 630, 792), (-54, 630, 882), (-18, 630, 846), (-36, 630, 846), (-18, 630, 864), (-54, 612, 882), (-54, 630, 846), (-72, 612, 828), (-72, 630, 900), (-54, 612, 882), (-72, 612, 846), (-36, 630, 864), (-36, 648, 864), (-54, 630, 828), (-36, 648, 810), (-36, 630, 864), (-36, 630, 882)]	(9533, 12085, 9985, 10059, 14193, 11115, 5000, 5891, 4204, 8978, 6187, 6269, 4573, 6331, 7999, 8780, 11462, 19951, 14618, 9128, 15632, 14281, 12319, 2121)
 	2234128	(801, 247)	[(-36, 630, 864), (-36, 648, 864), (-54, 630, 828), (-36, 648, 810), (-36, 630, 864), (-36, 630, 882), (-54, 630, 846), (-72, 612, 810), (-72, 630, 918), (-36, 630, 900), (-54, 630, 810), (-108, 612, 774), (-18, 648, 864), (-36, 630, 900), (18, 666, 828), (-36, 630, 792), (-90, 612, 846), (-72, 612, 864), (-126, 612, 900), (-72, 612, 828), (-72, 612, 900), (-54, 612, 954), (-54, 612, 846), (-36, 594, 774), (-72, 630, 774)]	(9552, 12191, 10001, 10056, 14268, 11177, 4995, 5898, 4202, 8973, 6162, 6241, 4595, 6328, 7929, 8742, 11476, 19951, 14615, 9111, 15631, 14280, 12311, 2117)
a	2234690	(678, 411)	[(-54, 612, 846), (-36, 594, 774), (-72, 630, 774), (-36, 630, 936), (0, 630, 936), (-72, 612, 864), (-90, 594, 774), (-54, 648, 828), (-54, 630, 954), (-54, 630, 846), (-54, 612, 882), (-90, 630, 900), (-126, 612, 864), (-72, 630, 918), (-36, 684, 810), (-36, 666, 774), (-36, 684, 828), (0, 702, 774), (-36, 684, 810), (-72, 666, 846), (-72, 666, 828), (-90, 666, 828), (-90, 666, 828), (-36, 684, 792), (-36, 720, 792)]	(9540, 12629, 10417, 10078, 13608, 10976, 4986, 5824, 4121, 8685, 6037, 6170, 4594, 6248, 7855, 8705, 11361, 19971, 14684, 9254, 15756, 14435, 12305, 2112)
m	2235354	(721, 73)	[(-72, 702, 846), (-90, 684, 774), (-72, 702, 756), (-54, 720, 774), (0, 720, 774), (-36, 720, 774), (-54, 720, 720), (-36, 720, 792), (-90, 756, 738), (-54, 684, 828), (90, 648, 936), (36, 666, 882), (90, 630, 810), (90, 594, 864), (54, 612, 864), (18, 630, 846), (18, 630, 846), (72, 630, 846), (108, 648, 828), (90, 666, 828), (90, 648, 846), (72, 648, 828), (72, 630, 810), (108, 630, 774), (54, 630, 918)]	(9458, 10833, 9412, 9972, 13705, 11466, 6663, 6909, 4831, 8759, 8507, 6595, 5204, 6364, 7812, 12048, 11597, 19836, 14518, 8851, 15423, 13548, 12322, 2123)
 	2235850	(834, 270)	[(108, 648, 828), (90, 666, 828), (90, 648, 846), (72, 648, 828), (72, 630, 810), (108, 630, 774), (54, 630, 918), (72, 630, 900), (72, 612, 864), (54, 630, 846), (90, 630, 846), (108, 648, 846), (54, 630, 792), (54, 612, 918), (72, 612, 864), (108, 648, 810), (18, 684, 810), (36, 666, 828), (36, 648, 810), (18, 630, 792), (36, 648, 846), (72, 666, 900), (36, 648, 846), (36, 648, 810), (-36, 666, 756)]	(9482, 11112, 9506, 10018, 13731, 11409, 7499, 6400, 4512, 8536, 7808, 6448, 5213, 6428, 7715, 11327, 12155, 19865, 14532, 8920, 15518, 13725, 12346, 2125)
g	2236681	(657, 233)	[(-36, 666, 756), (18, 702, 810), (36, 684, 810), (-36, 702, 810), (-36, 702, 846), (0, 684, 828), (-36, 666, 792), (-36, 684, 774), (-36, 684, 846), (-18, 684, 882), (-54, 684, 864), (-54, 684, 756), (-72, 702, 738), (-54, 702, 774), (-72, 720, 774), (-54, 702, 828), (18, 738, 792), (-18, 720, 792), (-36, 720, 738), (0, 720, 756), (0, 702, 828), (-54, 684, 792), (-72, 684, 774), (-54, 702, 792), (-36, 702, 810)]	(9453, 11729, 9670, 10001, 13645, 10866, 9241, 6109, 4405, 8676, 6988, 6412, 4865, 6658, 7960, 9585, 12331, 19911, 14595, 8957, 15575, 13827, 12345, 2122)
o	2237278	(583, 51)	[(-72, 684, 774), (-54, 702, 792), (-36, 702, 810), (-54, 702, 738), (-18, 720, 756), (0, 702, 846), (0, 720, 846), (-36, 684, 810), (-72, 702, 756), (-72, 666, 720), (18, 702, 846), (-36, 648, 828), (-54, 630, 864), (-36, 648, 846), (-54, 630, 810), (0, 648, 810), (18, 666, 846), (18, 648, 846), (18, 648, 810), (-54, 648, 810), (-36, 630, 846), (36, 666, 900), (36, 666, 882), (0, 630, 792), (-54, 648, 738)]	(9470, 11425, 9515, 10023, 13746, 11143, 9067, 6114, 4419, 8563, 7215, 6403, 4865, 6569, 7769, 10035, 12308, 19883, 14547, 8933, 15546, 13741, 12351, 2112)
i	2237637	(552, 101)	[(-54, 630, 864), (-36, 648, 846), (-54, 630, 810), (0, 648, 810), (18, 666, 846), (18, 648, 846), (18, 648, 810), (-54, 648, 810), (-36, 630, 846), (36, 666, 900), (36, 666, 882), (0, 630, 792), (-54, 648, 738), (-36, 666, 810), (36, 666, 900), (18, 666, 864), (-54, 648, 828), (18, 648, 810), (-54, 666, 846), (0, 666, 810), (-36, 648, 828), (-54, 648, 792), (18, 666, 900), (-36, 666, 846), (-36, 648, 792)]	(9451, 11498, 9556, 10023, 13575, 11090, 9350, 6110, 4427, 8513, 7247, 6430, 4945, 6635, 7845, 10021, 12369, 19888, 14540, 8934, 15550, 13764, 12346, 2126)
n	2238182	(734, 148)	[(-36, 648, 828), (-54, 648, 792), (18, 666, 900), (-36, 666, 846), (-36, 648, 792), (-54, 648, 774), (-18, 666, 846), (18, 684, 900), (0, 684, 864), (-36, 666, 810), (-36, 648, 792), (-36, 648, 828), (-36, 648, 864), (36, 666, 882), (-36, 648, 828), (-36, 630, 810), (-36, 648, 828), (-18, 666, 846), (-36, 630, 846), (-36, 630, 882), (-18, 630, 846), (-36, 630, 810), (-36, 612, 828), (18, 612, 918), (-36, 612, 882)]	(9486, 11619, 9590, 10021, 13804, 11225, 8538, 6027, 4313, 8508, 6838, 6346, 4843, 6565, 7717, 9708, 12364, 19892, 14548, 8937, 15562, 13786, 12360, 2120)
g	2238642	(654, 252)	[(-36, 648, 828), (-18, 666, 846), (-36, 630, 846), (-36, 630, 882), (-18, 630, 846), (-36, 630, 810), (-36, 612, 828), (18, 612, 918), (-36, 612, 882), (-36, 612, 828), (0, 648, 846), (36, 630, 900), (0, 630, 828), (-54, 630, 828), (0, 630, 846), (-36, 612, 864), (0, 648, 864), (-18, 648, 882), (-54, 648, 828), (-72, 630, 828), (-54, 630, 828), (-72, 630, 810), (-36, 648, 828), (36, 666, 846), (0, 648, 828)]	(9496, 12065, 9897, 10020, 13559, 11000, 8097, 5911, 4188, 8250, 6455, 6256, 4684, 6667, 7586, 8926, 12478, 19914, 14638, 8971, 15631, 13916, 12365, 2120)
 	2239037	(822, 289)	[(0, 630, 846), (-36, 612, 864), (0, 648, 864), (-18, 648, 882), (-54, 648, 828), (-72, 630, 828), (-54, 630, 828), (-72, 630, 810), (-36, 648, 828), (36, 666, 846), (0, 648, 828), (-54, 648, 828), (-36, 648, 846), (-36, 648, 846), (-54, 648, 828), (-36, 648, 828), (-36, 648, 846), (-54, 630, 900), (-72, 612, 864), (0, 648, 774), (0, 648, 828), (-18, 648, 864), (-36, 612, 864), (-54, 630, 828), (0, 648, 828)]	(9513, 11885, 9772, 10024, 13958, 11005, 6498, 5893, 4207, 8436, 6368, 6265, 4615, 6564, 7623, 8452, 12360, 19904, 14595, 8969, 15624, 13912, 12381, 2116)
t	2242780	(587, 249)	[(0, 666, 828), (-36, 648, 774), (-18, 666, 810), (18, 684, 864), (18, 666, 846), (0, 648, 792), (0, 684, 792), (36, 684, 792), (72, 720, 810), (36, 702, 810), (-36, 666, 774), (-54, 648, 810), (-36, 666, 828), (0, 666, 810), (0, 684, 828), (18, 684, 792), (18, 702, 756), (36, 702, 810), (54, 702, 828), (18, 702, 810), (-54, 666, 774), (-36, 684, 756), (0, 702, 846), (0, 684, 810), (0, 666, 792)]	(9507, 12093, 9972, 10051, 13932, 10872, 6425, 5924, 4238, 8640, 6272, 6284, 4600, 6464, 7778, 8314, 12171, 19937, 14640, 9012, 15648, 14034, 12368, 2115)
o	2243795	(566, 72)	[(0, 648, 828), (18, 666, 828), (36, 684, 864), (54, 648, 828), (36, 648, 792), (18, 666, 828), (72, 666, 846), (36, 666, 810), (18, 648, 864), (0, 648, 864), (36, 666, 810), (54, 684, 792), (36, 666, 774), (36, 666, 846), (72, 666, 864), (18, 666, 828), (-36, 648, 792), (0, 630, 792), (54, 684, 846), (54, 666, 846), (36, 666, 828), (18, 648, 828), (36, 648, 828), (36, 648, 846), (18, 666, 774)]	(9494, 11352, 9533, 9995, 14077, 10937, 7910, 6067, 4353, 8582, 6973, 6386, 4837, 6570, 7694, 9559, 12410, 19864, 14513, 8905, 15537, 13695, 12353, 2121)
 	2244358	(823, 251)	[(18, 648, 828), (36, 648, 828), (36, 648, 846), (18, 666, 774), (36, 648, 810), (54, 666, 864), (36, 666, 864), (18, 648, 828), (0, 666, 810), (36, 648, 864), (18, 666, 828), (18, 648, 828), (36, 648, 828), (54, 666, 846), (-36, 648, 810), (-36, 630, 810), (18, 648, 846), (54, 684, 864), (54, 666, 792), (36, 666, 792), (18, 648, 828), (0, 648, 846), (18, 648, 864), (36, 648, 846), (0, 666, 774)]	(9496, 11442, 9557, 10006, 14072, 10984, 7943, 6041, 4348, 8558, 6845, 6371, 4835, 6569, 7672, 9436, 12402, 19871, 14543, 8909, 15555, 13709, 12376, 2123)
g	2245072	(644, 17)	[(36, 666, 828), (36, 648, 810), (18, 648, 900), (18, 666, 810), (54, 666, 846), (0, 666, 846), (18, 612, 810), (-36, 630, 846), (-36, 630, 846), (36, 648, 864), (36, 666, 846), (0, 630, 792), (18, 666, 846), (18, 648, 846), (0, 612, 828), (18, 612, 846), (36, 630, 864), (36, 630, 846), (0, 630, 810), (36, 612, 864), (36, 648, 864), (36, 612, 864), (18, 612, 846), (36, 630, 900), (54, 630, 918)]	(9481, 11509, 9568, 10016, 13830, 11190, 8410, 6029, 4300, 8389, 6898, 6345, 4775, 6613, 7627, 9327, 12450, 19877, 14551, 8902, 15553, 13699, 12378, 2116)
e	2245584	(583, 347)	[(36, 612, 864), (36, 648, 864), (36, 612, 864), (18, 612, 846), (36, 630, 900), (54, 630, 918), (54, 612, 864), (18, 612, 846), (18, 594, 864), (72, 630, 864), (18, 684, 864), (-54, 666, 828), (-126, 630, 810), (-108, 648, 810), (36, 720, 810), (36, 702, 864), (-36, 684, 828), (-54, 684, 756), (-108, 666, 756), (-90, 684, 774), (-54, 702, 810), (18, 738, 828), (-36, 720, 792), (-54, 720, 738), (-36, 720, 684)]	(9547, 12945, 10907, 10167, 13750, 10906, 5413, 5900, 4195, 8725, 6067, 6216, 4463, 6325, 7696, 7915, 11728, 19988, 14921, 9110, 15734, 14312, 12349, 2123)
t	2245979	(581, 221)	[(-108, 648, 810), (36, 720, 810), (36, 702, 864), (-36, 684, 828), (-54, 684, 756), (-108, 666, 756), (-90, 684, 774), (-54, 702, 810), (18, 738, 828), (-36, 720, 792), (-54, 720, 738), (-36, 720, 684), (-36, 720, 720), (-36, 738, 810), (0, 738, 828), (-36, 702, 792), (-90, 702, 720), (-54, 702, 720), (-72, 702, 756), (-54, 684, 828), (-36, 684, 792), (-36, 702, 810), (-54, 684, 810), (-18, 702, 756), (-36, 702, 792)]	(9541, 12252, 10252, 10094, 14176, 10923, 5042, 5877, 4235, 8933, 6113, 6279, 4471, 6326, 7778, 7868, 11704, 19961, 14761, 9051, 15667, 14214, 12338, 2121)
 	2249155	(838, 291)	[(-54, 648, 846), (-54, 648, 846), (18, 648, 882), (18, 666, 900), (-36, 648, 828), (-54, 648, 756), (-36, 648, 846), (0, 648, 918), (0, 648, 864), (-54, 648, 756), (-36, 648, 792), (0, 666, 846), (18, 666, 864), (-36, 648, 828), (-54, 648, 774), (-54, 648, 774), (18, 684, 918), (0, 666, 828), (-54, 648, 756), (0, 666, 828), (-36, 684, 792), (0, 648, 828), (36, 666, 882), (-18, 666, 864), (-54, 648, 774)]	(9567, 11962, 9875, 10060, 14471, 10938, 4952, 5892, 4239, 8938, 6137, 6289, 4520, 6350, 7739, 7929, 11878, 19917, 14600, 9003, 15600, 14110, 12349, 2122)
l	2251235	(662, 23)	[(36, 630, 900), (36, 648, 864), (18, 630, 828), (36, 648, 828), (36, 630, 846), (36, 630, 846), (54, 630, 900), (54, 630, 882), (18, 612, 828), (18, 612, 828), (54, 630, 846), (36, 630, 900), (36, 612, 918), (0, 594, 828), (18, 612, 810), (54, 630, 846), (72, 612, 900), (36, 612, 864), (-36, 612, 792), (18, 612, 828), (90, 612, 936), (54, 594, 900), (90, 612, 882), (54, 612, 900), (36, 576, 882)]	(9476, 11258, 9518, 9981, 14302, 10904, 7005, 6675, 4803, 9112, 8321, 6628, 4863, 6428, 7942, 11228, 11733, 19849, 14500, 8856, 15463, 13588, 12338, 2127)
e	2251782	(598, 364)	[(90, 612, 936), (54, 594, 900), (90, 612, 882), (54, 612, 900), (36, 576, 882), (36, 594, 864), (36, 612, 882), (54, 612, 846), (90, 594, 918), (72, 612, 936), (0, 648, 846), (-90, 630, 810), (-72, 648, 846), (0, 666, 792), (0, 684, 864), (0, 684, 864), (-54, 666, 828), (-36, 684, 810), (-36, 684, 792), (-36, 702, 810), (-36, 702, 738), (-36, 702, 774), (-36, 702, 828), (-36, 684, 828), (-36, 702, 810)]	(9518, 12270, 10458, 10079, 14050, 10452, 5600, 6055, 4304, 9364, 6539, 6389, 4553, 6344, 7870, 8823, 11482, 19930, 14585, 9068, 15600, 14087, 12305, 2121)
t	2252244	(575, 221)	[(-54, 666, 828), (-36, 684, 810), (-36, 684, 792), (-36, 702, 810), (-36, 702, 738), (-36, 702, 774), (-36, 702, 828), (-36, 684, 828), (-36, 702, 810), (0, 720, 756), (-54, 720, 720), (-54, 720, 756), (-54, 702, 810), (-54, 702, 846), (-72, 702, 774), (-36, 720, 810), (-36, 720, 720), (-36, 702, 882), (-72, 684, 774), (-36, 702, 810), (-36, 702, 864), (-54, 702, 792), (-54, 702, 738), (-72, 702, 792), (-72, 702, 792)]	(9537, 12264, 10413, 10105, 14244, 10416, 5359, 6053, 4350, 9504, 6425, 6370, 4568, 6355, 7904, 8805, 11502, 19946, 14629, 9076, 15621, 14143, 12307, 2117)
 	2252808	(835, 296)	[(-54, 702, 792), (-54, 702, 738), (-72, 702, 792), (-72, 702, 792), (-36, 702, 810), (18, 738, 810), (-36, 720, 792), (-36, 702, 738), (-54, 702, 792), (-36, 684, 846), (-36, 684, 756), (-54, 666, 810), (-36, 666, 882), (0, 666, 936), (-36, 666, 774), (0, 648, 774), (-36, 666, 864), (-54, 666, 864), (-90, 630, 846), (-90, 630, 846), (-72, 648, 828), (-36, 648, 846), (-36, 666, 846), (-36, 648, 756), (-18, 648, 828)]	(9570, 12081, 9916, 10043, 14595, 10488, 5018, 5987, 4283, 9425, 6276, 6350, 4568, 6324, 7949, 8431, 11491, 19943, 14625, 9078, 15621, 14211, 12320, 2133)
g	2253975	(643, 235)	[(18, 666, 828), (36, 684, 864), (36, 666, 864), (0, 666, 756), (-36, 648, 828), (0, 666, 846), (18, 684, 792), (36, 684, 828), (36, 666, 828), (18, 666, 828), (-18, 666, 828), (-18, 666, 810), (0, 684, 792), (36, 666, 846), (36, 684, 864), (36, 684, 828), (0, 666, 774), (0, 648, 756), (-36, 666, 810), (18, 666, 882), (0, 666, 846), (-36, 648, 792), (-18, 666, 774), (18, 684, 810), (72, 702, 864)]	(9547, 11957, 9816, 10014, 14450, 10453, 4976, 5969, 4298, 9450, 6280, 6344, 4578, 6327, 7987, 8467, 11498, 19943, 14589, 9070, 15613, 14236, 12313, 2133)
o	2254487	(577, 57)	[(-36, 666, 810), (18, 666, 882), (0, 666, 846), (-36, 648, 792), (-18, 666, 774), (18, 684, 810), (72, 702, 864), (-36, 666, 810), (-36, 648, 810), (-36, 648, 828), (-54, 666, 828), (-36, 666, 828), (-54, 666, 810), (18, 684, 810), (0, 684, 792), (-18, 666, 828), (-36, 666, 810), (-72, 648, 810), (-36, 648, 846), (18, 684, 882), (0, 666, 846), (-54, 648, 756), (-36, 648, 756), (0, 666, 846), (18, 666, 918)]	(9555, 12030, 9853, 10027, 14458, 10444, 4964, 5926, 4238, 9258, 6253, 6287, 4559, 6320, 7898, 8469, 11521, 19930, 14578, 9058, 15594, 14188, 12319, 2135)
 	2255155	(853, 279)	[(0, 648, 846), (-72, 648, 774), (-54, 648, 792), (18, 684, 882), (36, 666, 918), (0, 648, 846), (-72, 648, 738), (0, 630, 810), (-36, 630, 864), (-36, 612, 846), (36, 666, 828), (54, 684, 810), (18, 684, 792), (-36, 648, 810), (0, 648, 864), (-36, 648, 900), (-54, 612, 846), (-36, 630, 846), (-54, 648, 774), (0, 666, 792), (36, 666, 882), (18, 648, 864), (-36, 612, 828), (-54, 648, 774), (-36, 630, 828)]	(9560, 11989, 9778, 10010, 14493, 10416, 4945, 5912, 4249, 9188, 6214, 6278, 4562, 6316, 7867, 8366, 11520, 19908, 14552, 9037, 15567, 14151, 12311, 2124)
t	2255601	(557, 239)	[(-36, 648, 900), (-54, 612, 846), (-36, 630, 846), (-54, 648, 774), (0, 666, 792), (36, 666, 882), (18, 648, 864), (-36, 612, 828), (-54, 648, 774), (-36, 630, 828), (-36, 648, 918), (-72, 648, 846), (-54, 648, 792), (-18, 666, 846), (-36, 666, 864), (-36, 684, 792), (-54, 666, 756), (-54, 684, 774), (-36, 702, 792), (-54, 684, 846), (-54, 684, 846), (-108, 666, 810), (-90, 684, 720), (-54, 684, 774), (-36, 702, 846)]	(9535, 12466, 10198, 10053, 14128, 10396, 5358, 5928, 4235, 9202, 6274, 6276, 4575, 6369, 7823, 8813, 11540, 19946, 14634, 9093, 15623, 14254, 12313, 2127)
h	2256013	(661, 183)	[(-36, 684, 792), (-54, 666, 756), (-54, 684, 774), (-36, 702, 792), (-54, 684, 846), (-54, 684, 846), (-108, 666, 810), (-90, 684, 720), (-54, 684, 774), (-36, 702, 846), (18, 720, 810), (-72, 702, 756), (-36, 684, 756), (-72, 702, 792), (-36, 684, 828), (-54, 684, 756), (-36, 648, 810), (-54, 666, 846), (-54, 666, 864), (-54, 666, 828), (-72, 648, 792), (-54, 666, 792), (-36, 684, 846), (-36, 684, 846), (-36, 684, 774)]	(9555, 12196, 9950, 10038, 14477, 10423, 5021, 5962, 4278, 9448, 6264, 6322, 4551, 6332, 7905, 8371, 11504, 19937, 14610, 9068, 15615, 14219, 12323, 2131)
i	2256457	(573, 97)	[(-54, 684, 756), (-36, 648, 810), (-54, 666, 846), (-54, 666, 864), (-54, 666, 828), (-72, 648, 792), (-54, 666, 792), (-36, 684, 846), (-36, 684, 846), (-36, 684, 774), (-54, 648, 774), (-72, 666, 792), (-36, 666, 864), (-36, 684, 846), (-54, 666, 828), (-72, 684, 774), (-54, 648, 846), (-54, 684, 738), (-54, 666, 846), (-72, 648, 792), (-54, 666, 774), (-54, 666, 864), (-36, 666, 864), (-54, 666, 810), (-54, 648, 756)]	(9567, 12284, 10019, 10052, 14544, 10446, 5054, 5932, 4264, 9440, 6249, 6326, 4546, 6345, 7900, 8409, 11530, 19948, 14624, 9074, 15617, 14224, 12321, 2116)
s	2256970	(670, 375)	[(-72, 648, 792), (-54, 666, 774), (-54, 666, 864), (-36, 666, 864), (-54, 666, 810), (-54, 648, 756), (-54, 666, 864), (-54, 666, 846), (-54, 666, 828), (-36, 684, 828), (-54, 666, 828), (-72, 666, 810), (-90, 666, 846), (-36, 684, 810), (-54, 684, 828), (-54, 666, 828), (-36, 702, 774), (-54, 684, 810), (-90, 666, 846), (-72, 666, 846), (-36, 702, 792), (-54, 702, 792), (-36, 702, 774), (-36, 702, 792), (-18, 702, 810)]	(9553, 12697, 10445, 10066, 14333, 10414, 4982, 5916, 4197, 9194, 6111, 6256, 4485, 6287, 7794, 8266, 11450, 19980, 14746, 9147, 15715, 14358, 12320, 2116)
 	2257381	(831, 280)	[(-54, 684, 828), (-54, 666, 828), (-36, 702, 774), (-54, 684, 810), (-90, 666, 846), (-72, 666, 846), (-36, 702, 792), (-54, 702, 792), (-36, 702, 774), (-36, 702, 792), (-18, 702, 810), (-54, 702, 756), (-72, 684, 792), (-72, 684, 774), (-36, 702, 774), (-36, 702, 810), (-36, 702, 810), (-36, 684, 864), (-36, 684, 828), (-72, 666, 846), (-72, 648, 846), (-72, 648, 846), (-36, 666, 828), (-54, 648, 828), (-54, 666, 792)]	(9549, 12141, 9880, 10021, 14541, 10416, 4896, 5918, 4224, 9325, 6201, 6309, 4515, 6311, 7849, 8254, 11480, 19936, 14614, 9062, 15610, 14201, 12311, 2132)
h	2258032	(667, 178)	[(-54, 684, 738), (18, 702, 846), (-36, 684, 846), (-54, 648, 810), (-54, 648, 828), (-18, 684, 882), (-36, 666, 828), (-72, 648, 792), (-36, 666, 738), (-36, 666, 846), (-54, 648, 810), (18, 684, 918), (18, 666, 864), (-72, 648, 774), (-72, 648, 738), (-54, 648, 846), (-36, 666, 810), (18, 648, 846), (-36, 648, 882), (-36, 648, 864), (-36, 648, 792), (-54, 666, 756), (0, 648, 882), (18, 648, 882), (-54, 648, 846)]	(9584, 12258, 9963, 10060, 14754, 10504, 4947, 5984, 4317, 9588, 6279, 6341, 4539, 6340, 7919, 8315, 11523, 19953, 14646, 9066, 15637, 14245, 12331, 2131)
o	2258447	(565, 54)	[(-72, 648, 738), (-54, 648, 846), (-36, 666, 810), (18, 648, 846), (-36, 648, 882), (-36, 648, 864), (-36, 648, 792), (-54, 666, 756), (0, 648, 882), (18, 648, 882), (-54, 648, 846), (-72, 648, 828), (-36, 648, 864), (0, 648, 882), (-54, 648, 828), (-72, 648, 810), (-36, 648, 756), (-36, 666, 810), (-90, 630, 774), (-36, 666, 846), (-54, 648, 900), (-36, 648, 810), (-72, 648, 774), (18, 666, 792), (18, 684, 882)]	(9556, 12140, 9929, 10041, 14664, 10423, 4879, 5965, 4310, 9584, 6247, 6343, 4523, 6322, 7937, 8170, 11495, 19949, 14620, 9060, 15611, 14214, 12313, 2131)
l	2259009	(655, 14)	[(-36, 666, 846), (-54, 648, 900), (-36, 648, 810), (-72, 648, 774), (18, 666, 792), (18, 684, 882), (-54, 648, 882), (-72, 630, 810), (-72, 630, 828), (-54, 648, 864), (-36, 630, 900), (-72, 630, 810), (-54, 666, 774), (-54, 648, 846), (-36, 648, 900), (-36, 666, 792), (-54, 630, 810), (-36, 666, 846), (-18, 648, 864), (-36, 648, 810), (-54, 630, 828), (-54, 630, 864), (-36, 630, 846), (-54, 648, 774), (0, 648, 810)]	(9567, 12123, 9887, 10026, 14711, 10447, 4855, 5895, 4241, 9358, 6192, 6270, 4497, 6297, 7799, 8137, 11501, 19933, 14607, 9043, 15600, 14157, 12325, 2122)
i	2260282	(568, 111)	[(-36, 684, 828), (-36, 666, 810), (-54, 666, 810), (-36, 666, 828), (-36, 684, 828), (-36, 684, 792), (-18, 684, 774), (-18, 684, 882), (-36, 666, 828), (-90, 666, 810), (-72, 648, 810), (-36, 666, 828), (-54, 684, 828), (-54, 666, 756), (-36, 666, 810), (-36, 648, 882), (-36, 648, 810), (-54, 666, 792), (-72, 648, 810), (-36, 666, 864), (-36, 666, 846), (-72, 648, 792), (18, 684, 864), (-36, 666, 792), (-36, 666, 792)]	(9572, 12362, 10095, 10066, 14647, 10481, 4950, 5971, 4297, 9603, 6251, 6358, 4527, 6338, 7940, 8296, 11503, 19964, 14655, 9076, 15658, 14303, 12324, 2123)
d	2260881	(640, 310)	[(-36, 666, 792), (-36, 666, 792), (-36, 666, 846), (-36, 666, 882), (-72, 648, 828), (-54, 666, 774), (-54, 666, 846), (-36, 684, 774), (-36, 666, 864), (-36, 684, 810), (-54, 666, 702), (-36, 684, 756), (-36, 684, 918), (-36, 684, 918), (-72, 666, 774), (-72, 648, 756), (-36, 684, 810), (-18, 684, 918), (-18, 702, 828), (-54, 684, 756), (-36, 666, 774), (-36, 684, 864), (-54, 684, 846), (-54, 684, 774), (-36, 684, 756)]	(9555, 12754, 10388, 10057, 14301, 10417, 4892, 5872, 4158, 9184, 6061, 6229, 4485, 6305, 7788, 8285, 11480, 19978, 14769, 9136, 15721, 14397, 12323, 2132)
a	2261392	(667, 432)	[(-18, 702, 828), (-54, 684, 756), (-36, 666, 774), (-36, 684, 864), (-54, 684, 846), (-54, 684, 774), (-36, 684, 756), (-36, 684, 900), (18, 702, 882), (-72, 666, 756), (-72, 684, 738), (-54, 684, 846), (-72, 684, 756), (-72, 702, 828), (-90, 684, 810), (-54, 702, 756), (-36, 720, 738), (0, 738, 810), (-54, 720, 792), (-54, 720, 738), (-54, 720, 702), (-36, 738, 792), (-36, 738, 792), (-36, 738, 774), (-54, 738, 738)]	(9571, 13382, 10976, 10131, 13878, 10347, 4985, 5844, 4077, 8793, 5970, 6154, 4453, 6265, 7629, 8515, 11466, 19990, 14898, 9227, 15776, 14473, 12326, 2117)
y	2261905	(575, 185)	[(-54, 720, 792), (-54, 720, 738), (-54, 720, 702), (-36, 738, 792), (-36, 738, 792), (-36, 738, 774), (-54, 738, 738), (-36, 738, 756), (-54, 720, 774), (-18, 738, 774), (-54, 738, 756), (-54, 720, 684), (54, 720, 756), (-90, 702, 846), (-72, 666, 792), (-72, 684, 792), (-54, 702, 846), (-72, 684, 846), (-72, 684, 756), (-54, 684, 774), (-36, 684, 864), (-72, 684, 828), (-54, 684, 756), (-54, 702, 756), (-54, 702, 810)]	(9557, 12761, 10521, 10097, 14304, 10390, 4876, 5855, 4152, 9186, 6056, 6226, 4471, 6307, 7789, 8405, 11496, 19969, 14786, 9145, 15719, 14376, 12324, 2125)
