Please hold the phone in your left hand and type with your left thumb
p	482219	(565, 23)	[(-90, 630, 684), (-90, 648, 702), (-234, 666, 828), (-234, 648, 882), (-252, 684, 720), (-216, 846, 684), (-90, 864, 666), (-90, 756, 702), (-180, 864, 738), (-54, 792, 756), (-36, 756, 774), (-54, 774, 684), (18, 774, 684), (-36, 684, 846), (0, 702, 792), (-90, 738, 756), (-108, 810, 720), (-72, 774, 738), (-54, 738, 720), (-90, 792, 666), (-108, 792, 630), (-72, 792, 666), (-72, 774, 666), (-54, 774, 702), (-90, 810, 666)]	(9387, 10901, 9557, 10199, 11592, 9820, 7524, 9124, 7258, 7421, 7557, 9478, 5435, 10428, 8057, 8600, 14758, 19977, 16128, 9003, 16393, 14464, 12219, 2014)
w	483578	(599, 414)	[(-36, 612, 954), (36, 612, 846), (-54, 630, 738), (-72, 648, 828), (-90, 702, 900), (-36, 666, 864), (0, 630, 828), (-36, 648, 846), (-90, 684, 774), (-54, 630, 774), (-36, 666, 756), (-54, 702, 756), (-90, 720, 864), (-162, 738, 954), (-180, 756, 882), (-90, 702, 666), (54, 612, 648), (-54, 648, 648), (-72, 702, 702), (-54, 720, 792), (-72, 720, 828), (-108, 738, 828), (-36, 684, 810), (18, 648, 828), (18, 630, 846)]	(9376, 10579, 9393, 10020, 11519, 9674, 7471, 8658, 8215, 7317, 7555, 9685, 5866, 9698, 7813, 9209, 14287, 19827, 14871, 9054, 16086, 14363, 12073, 2015)
i	484855	(598, 95)	[(-18, 720, 720), (-36, 720, 738), (-36, 738, 756), (-36, 738, 720), (-54, 720, 738), (-36, 702, 756), (18, 720, 756), (-18, 702, 792), (-54, 702, 828), (-36, 702, 900), (18, 630, 936), (0, 612, 954), (-108, 720, 684), (-108, 864, 486), (-144, 900, 432), (-126, 918, 486), (-72, 882, 630), (-18, 792, 756), (36, 756, 630), (-72, 810, 594), (-90, 882, 630), (-108, 864, 738), (-72, 828, 774), (36, 774, 720), (54, 828, 594)]	(9385, 10819, 9407, 10084, 11574, 9761, 7352, 8800, 7150, 7354, 7423, 9354, 5565, 10288, 7925, 8452, 14638, 19899, 15347, 8967, 16138, 14378, 12185, 2020)
m	486327	(756, 117)	[(36, 756, 774), (36, 828, 738), (-18, 828, 702), (72, 738, 684), (54, 720, 720), (-54, 702, 792), (18, 666, 810), (0, 630, 828), (-90, 684, 900), (-144, 684, 900), (-126, 738, 900), (-72, 702, 810), (-90, 684, 846), (-36, 702, 828), (-36, 756, 630), (-90, 738, 738), (18, 756, 738), (72, 720, 792), (-54, 720, 810), (-54, 738, 720), (0, 738, 666), (0, 738, 720), (-54, 774, 774), (-36, 756, 720), (18, 738, 702)]	(9387, 10605, 9428, 10023, 11532, 9697, 7653, 8316, 7500, 7325, 7562, 9716, 5659, 10238, 7935, 8885, 14822, 19877, 14984, 16028, 14322, 12171, 2015, 65535)
k	487847	(665, 111)	[(-18, 702, 810), (-36, 684, 846), (-72, 684, 810), (-72, 720, 774), (-90, 702, 720), (-72, 684, 756), (-54, 720, 810), (-36, 738, 810), (-72, 720, 828), (-126, 756, 810), (-72, 774, 774), (-54, 738, 738), (-54, 720, 738), (18, 702, 702), (-54, 792, 738), (-72, 792, 738), (-54, 756, 720), (-90, 756, 720), (-54, 738, 738), (-54, 738, 738), (-72, 756, 684), (-90, 774, 684), (-90, 774, 774), (-54, 774, 792), (-36, 756, 774)]	(9393, 10662, 9396, 10048, 11565, 9755, 7555, 8769, 7256, 7392, 7581, 10105, 5656, 10609, 7975, 8569, 14970, 19902, 15037, 8958, 16050, 14324, 12202, 2029)
v	489223	(757, 277)	[(-54, 666, 756), (-90, 684, 846), (-144, 720, 828), (-90, 738, 774), (-72, 648, 828), (54, 630, 900), (-36, 684, 774), (-90, 684, 846), (-54, 666, 954), (18, 630, 882), (36, 594, 792), (18, 612, 720), (0, 630, 738), (0, 684, 774), (-54, 666, 792), (-54, 684, 792), (0, 666, 882), (-54, 630, 846), (-72, 666, 792), (0, 666, 756), (0, 648, 828), (-36, 666, 846), (-36, 648, 810), (54, 630, 810), (-36, 630, 828)]	(9380, 10627, 9386, 10017, 11547, 9724, 7770, 8475, 7416, 7304, 7579, 9638, 5741, 10433, 7805, 8798, 14705, 19851, 14785, 9022, 15997, 14369, 12100, 2017)
o	490609	(588, 62)	[(36, 648, 774), (72, 630, 774), (-36, 648, 828), (-36, 666, 846), (-18, 666, 900), (-54, 648, 900), (-72, 738, 792), (-162, 882, 612), (-234, 954, 522), (-162, 882, 612), (-126, 774, 738), (0, 738, 684), (54, 756, 612), (-72, 792, 630), (-144, 846, 684), (-126, 882, 594), (-54, 864, 666), (-72, 792, 756), (18, 756, 702), (0, 792, 666), (0, 792, 666), (-72, 828, 666), (-18, 792, 702), (36, 792, 720), (18, 756, 738)]	(9400, 10775, 9499, 10102, 11587, 9766, 7373, 8982, 6937, 7387, 7425, 9987, 5436, 10324, 7906, 8374, 14918, 19964, 15441, 8969, 16228, 14439, 12256, 2028)
h	492023	(669, 182)	[(-126, 630, 918), (-126, 630, 846), (-108, 666, 900), (-72, 720, 774), (-90, 684, 756), (-90, 684, 792), (-72, 738, 684), (18, 720, 684), (-90, 702, 756), (-72, 720, 774), (0, 702, 864), (-72, 684, 864), (-90, 702, 756), (-90, 756, 702), (-72, 756, 720), (-72, 720, 792), (-54, 720, 792), (-54, 702, 738), (-54, 738, 702), (-54, 738, 684), (-72, 738, 738), (-90, 756, 792), (-72, 738, 738), (-54, 720, 720), (-36, 702, 702)]	(9384, 10589, 9403, 10018, 11586, 9768, 7972, 8574, 7170, 7432, 7623, 10008, 5638, 10293, 7861, 8867, 14660, 19850, 14892, 8943, 15958, 14194, 12116, 2025)
s	493399	(673, 387)	[(0, 738, 756), (18, 684, 774), (-36, 666, 828), (0, 666, 774), (-36, 648, 774), (-90, 648, 882), (-144, 666, 864), (-126, 666, 828), (-126, 648, 792), (-216, 702, 774), (-180, 702, 810), (-180, 720, 810), (-198, 720, 756), (-180, 738, 738), (-180, 702, 756), (-180, 684, 792), (-162, 720, 774), (-126, 684, 774), (-90, 648, 774), (-90, 630, 810), (-90, 666, 846), (-72, 684, 810), (-72, 630, 828), (-108, 666, 828), (-90, 684, 756)]	(9393, 10455, 9400, 9974, 11560, 9685, 8009, 7901, 7054, 7496, 7636, 10557, 5573, 10536, 7809, 8703, 14501, 19813, 14592, 9012, 15903, 14101, 12034, 2024)
m	494677	(755, 106)	[(-72, 648, 846), (-54, 648, 846), (-54, 630, 846), (-90, 702, 792), (-108, 720, 792), (-90, 684, 792), (-72, 684, 792), (-90, 702, 720), (-144, 792, 648), (-108, 828, 738), (-126, 720, 810), (-72, 702, 720), (0, 702, 720), (-90, 702, 738), (-108, 720, 792), (-126, 756, 810), (-90, 738, 756), (-54, 720, 774), (-72, 702, 774), (-54, 720, 702), (-54, 702, 738), (-72, 720, 738), (-108, 792, 756), (-144, 810, 846), (-90, 792, 792)]	(9391, 10551, 9445, 9980, 11535, 9659, 8018, 7672, 6532, 7446, 7486, 9881, 5328, 9860, 7919, 8501, 14822, 19869, 14933, 8976, 16037, 14141, 12112, 2030)
b	496111	(755, 195)	[(-126, 774, 774), (-108, 828, 738), (-126, 846, 666), (-90, 792, 612), (0, 756, 594), (-36, 738, 720), (-126, 720, 828), (-144, 702, 810), (-126, 684, 774), (-162, 666, 792), (-144, 666, 792), (-144, 666, 792), (-108, 702, 864), (-108, 720, 864), (-90, 720, 810), (-54, 684, 792), (-54, 630, 810), (-54, 684, 738), (-72, 720, 738), (-72, 702, 810), (-72, 702, 828), (-90, 666, 828), (-72, 684, 774), (-72, 684, 774), (-90, 720, 774)]	(9393, 10582, 9468, 10003, 11572, 9730, 8409, 7880, 6740, 7474, 7646, 9898, 5416, 10204, 7895, 8667, 14697, 19850, 14830, 8966, 15974, 14163, 12107, 2026)
x	497375	(755, 323)	[(-72, 684, 774), (-54, 666, 774), (-18, 684, 810), (-54, 666, 810), (-72, 666, 774), (-108, 702, 810), (-108, 738, 774), (-144, 720, 828), (-90, 702, 828), (-108, 666, 756), (-126, 702, 756), (-72, 684, 774), (-54, 630, 792), (-90, 648, 828), (-90, 666, 882), (-72, 648, 828), (-90, 648, 882), (-90, 666, 864), (-72, 666, 774), (-90, 684, 756), (-90, 684, 756), (-72, 666, 882), (-90, 648, 846), (-54, 666, 828), (-72, 666, 774)]	(9391, 10561, 9430, 9990, 11558, 9729, 8327, 7864, 7014, 7430, 7627, 9803, 5555, 10320, 7846, 8754, 14529, 19795, 14655, 8960, 15862, 14101, 12065, 2015)
p	498710	(583, 25)	[(-90, 666, 810), (-72, 666, 828), (-90, 684, 828), (-72, 666, 846), (-36, 630, 864), (-54, 630, 846), (-72, 666, 756), (-126, 720, 720), (-162, 756, 810), (-162, 792, 864), (-198, 810, 738), (-162, 738, 630), (-90, 666, 666), (-90, 648, 612), (-126, 774, 666), (-180, 918, 774), (-144, 918, 738), (-108, 792, 828), (-54, 720, 756), (18, 720, 738), (18, 756, 666), (-72, 810, 648), (-72, 828, 666), (-72, 810, 684), (-36, 774, 738)]	(9406, 10695, 9567, 10011, 11579, 9659, 7048, 7744, 5919, 7485, 7057, 9569, 5138, 9550, 8021, 8032, 14945, 20013, 15421, 8940, 16168, 14308, 12368, 2039)
f	500340	(665, 291)	[(36, 792, 594), (-90, 702, 864), (-90, 702, 900), (-54, 774, 774), (-36, 774, 738), (-144, 720, 810), (-72, 720, 738), (-90, 720, 774), (-72, 738, 774), (-90, 774, 738), (-108, 720, 774), (-72, 630, 792), (-54, 666, 756), (-72, 702, 756), (-72, 702, 792), (-72, 666, 864), (-108, 648, 900), (-72, 648, 846), (-72, 630, 792), (-108, 666, 774), (-126, 720, 738), (-126, 738, 774), (-126, 702, 846), (-108, 702, 810), (-162, 702, 846)]	(9388, 10521, 9407, 9942, 11576, 9732, 7948, 8283, 6877, 7497, 7592, 10152, 5588, 10254, 7897, 8685, 14727, 19810, 14685, 8903, 15761, 14073, 12108, 2029)
z	501940	(745, 429)	[(-90, 684, 810), (-126, 702, 828), (-54, 666, 756), (-72, 666, 756), (-126, 702, 774), (-144, 738, 792), (-72, 702, 828), (-72, 684, 810), (-108, 702, 810), (-90, 720, 756), (-36, 702, 774), (-54, 648, 810), (-90, 612, 846), (-108, 612, 846), (-162, 648, 846), (-216, 666, 810), (-162, 684, 792), (-126, 648, 810), (-180, 666, 828), (-216, 684, 774), (-198, 684, 774), (-198, 666, 810), (-90, 630, 828), (-198, 630, 954), (-198, 648, 810)]	(9389, 10487, 9411, 9920, 11545, 9666, 8225, 7900, 6341, 7433, 7338, 10107, 5380, 9826, 7731, 8342, 14564, 19810, 14528, 9035, 15895, 14109, 12033, 2019)
l	503306	(684, 34)	[(-36, 684, 756), (-90, 684, 810), (-90, 702, 792), (-108, 702, 792), (-90, 684, 792), (-90, 684, 774), (-108, 666, 774), (-126, 648, 720), (-162, 684, 720), (-180, 756, 720), (-162, 774, 792), (-180, 738, 900), (-234, 720, 900), (-180, 702, 774), (-126, 684, 756), (-144, 702, 702), (-144, 738, 648), (-144, 702, 792), (-90, 720, 792), (-108, 738, 774), (-126, 702, 828), (-90, 666, 846), (-72, 666, 792), (-90, 738, 720), (-126, 774, 738)]	(9403, 10679, 9554, 9967, 11573, 9727, 9118, 7611, 5818, 7558, 7486, 9640, 5269, 9171, 8041, 8380, 14757, 19891, 15208, 8938, 16101, 14165, 12155, 2028)
i	504533	(594, 120)	[(-108, 702, 792), (-126, 666, 828), (-126, 648, 846), (-126, 702, 828), (-162, 720, 882), (-144, 702, 792), (-108, 684, 702), (-126, 684, 738), (-144, 720, 738), (-108, 720, 720), (-126, 720, 702), (-144, 738, 810), (-144, 720, 936), (-162, 738, 720), (-162, 774, 648), (-162, 792, 666), (-144, 774, 720), (-126, 756, 774), (-90, 720, 846), (-90, 720, 774), (-108, 720, 702), (-126, 738, 702), (-180, 792, 684), (-144, 792, 666), (-90, 774, 684)]	(9410, 10703, 9565, 9992, 11595, 9754, 8952, 7678, 6058, 7735, 7409, 9726, 5323, 9449, 8184, 8025, 14837, 19978, 15270, 8914, 16050, 14215, 12286, 2028)
t	506588	(580, 296)	[(-90, 684, 828), (-108, 684, 846), (-108, 720, 792), (-108, 666, 792), (-126, 666, 810), (-90, 684, 828), (-108, 666, 774), (-108, 684, 756), (-144, 720, 792), (-90, 702, 810), (-90, 666, 828), (-126, 666, 810), (-126, 684, 774), (-108, 720, 756), (-72, 702, 738), (-108, 702, 828), (-108, 684, 756), (-126, 720, 774), (-72, 702, 810), (-108, 666, 810), (-72, 648, 810), (-72, 684, 738), (-90, 738, 648), (-144, 774, 666), (-144, 792, 792)]	(9422, 10668, 9308, 9887, 11597, 9736, 9180, 7456, 5544, 7552, 7627, 9471, 5360, 9844, 8060, 8375, 14635, 19823, 14755, 8860, 15786, 13978, 12142, 2028)
j	508181	(674, 150)	[(-234, 684, 774), (-252, 684, 792), (-252, 702, 828), (-144, 720, 756), (-90, 684, 756), (-108, 666, 720), (-108, 666, 720), (-54, 684, 738), (-36, 684, 792), (-126, 720, 864), (-108, 684, 846), (-126, 702, 792), (-72, 702, 720), (-90, 684, 756), (-126, 720, 720), (-126, 756, 756), (-126, 738, 828), (-108, 702, 864), (-108, 702, 792), (-108, 720, 720), (-108, 720, 720), (-126, 702, 756), (-126, 720, 774), (-162, 756, 738), (-126, 792, 756)]	(9406, 10629, 9554, 9959, 11578, 9756, 9353, 7680, 6184, 7619, 7649, 9674, 5367, 9778, 8120, 8292, 14744, 19880, 14984, 8900, 15920, 14084, 12170, 2038)
l	509407	(673, 70)	[(-126, 756, 666), (-126, 738, 756), (-108, 720, 828), (-144, 720, 810), (-108, 702, 810), (-108, 648, 774), (-108, 702, 666), (-144, 774, 630), (-126, 810, 720), (-126, 738, 900), (-90, 720, 810), (-108, 720, 738), (-90, 738, 738), (-72, 702, 774), (-126, 720, 774), (-108, 738, 756), (-126, 738, 756), (-90, 720, 756), (-126, 738, 774), (-180, 756, 720), (-144, 756, 702), (-90, 720, 702), (-144, 738, 756), (-180, 792, 720), (-144, 828, 684)]	(9394, 10650, 9610, 9949, 11565, 9690, 8964, 7410, 5973, 7594, 7393, 9335, 5245, 9527, 8155, 7960, 14767, 19953, 15180, 8902, 16073, 14179, 12287, 2031)
g	510768	(661, 235)	[(-108, 720, 774), (-54, 702, 756), (-108, 702, 720), (-108, 702, 738), (-90, 702, 756), (-90, 684, 792), (-144, 720, 846), (-144, 738, 810), (-108, 720, 774), (-108, 702, 774), (-144, 684, 756), (-126, 738, 756), (-108, 720, 774), (-126, 684, 828), (-126, 648, 900), (-72, 648, 882), (-54, 648, 810), (-108, 648, 738), (-126, 720, 738), (-126, 720, 756), (-126, 702, 882), (-108, 720, 846), (-90, 702, 756), (-90, 702, 648), (-54, 666, 702)]	(9405, 10587, 9491, 9915, 11562, 9732, 9070, 7723, 6286, 7542, 7802, 9786, 5538, 10064, 8102, 8690, 14721, 19855, 14776, 8852, 15778, 13972, 12205, 2039)
d	512101	(660, 353)	[(-90, 684, 774), (-126, 720, 774), (-126, 720, 756), (-108, 702, 774), (-108, 720, 774), (-108, 720, 774), (-162, 720, 810), (-90, 702, 738), (-108, 684, 774), (-108, 738, 702), (-108, 738, 792), (-108, 702, 774), (-90, 666, 774), (-90, 648, 792), (-90, 666, 828), (-90, 648, 900), (-108, 666, 846), (-90, 666, 792), (-108, 702, 792), (-108, 666, 810), (-108, 666, 810), (-108, 684, 792), (-90, 684, 756), (-90, 666, 756), (-108, 702, 792)]	(9408, 10530, 9448, 9898, 11562, 9717, 8809, 7682, 6198, 7542, 7796, 9889, 5584, 10199, 8075, 8669, 14659, 19793, 14596, 8839, 15658, 13842, 12161, 2030)
x	513535	(761, 370)	[(-90, 738, 828), (-72, 738, 702), (-54, 738, 648), (-72, 720, 756), (-108, 756, 738), (-72, 738, 738), (-54, 738, 774), (-54, 828, 738), (-72, 774, 774), (-126, 648, 864), (-36, 630, 738), (-108, 648, 792), (-198, 666, 828), (-162, 720, 756), (-126, 702, 774), (-126, 684, 846), (-144, 684, 828), (-126, 702, 810), (-108, 684, 756), (-108, 666, 810), (-90, 666, 810), (-90, 684, 792), (-90, 648, 774), (-108, 720, 756), (-108, 702, 864)]	(9388, 10488, 9395, 9865, 11550, 9698, 8554, 7796, 6342, 7575, 7644, 10010, 5641, 10530, 8085, 8263, 14773, 19807, 14540, 8851, 15637, 13747, 12120, 2036)
c	514962	(754, 301)	[(-72, 666, 756), (-108, 666, 774), (-90, 684, 828), (-90, 666, 846), (-90, 666, 828), (-108, 684, 810), (-126, 738, 756), (-90, 684, 720), (-90, 684, 774), (-126, 720, 792), (-108, 702, 774), (-108, 702, 792), (-108, 684, 810), (-90, 684, 774), (-90, 684, 828), (-90, 684, 828), (-90, 684, 828), (-72, 684, 774), (-90, 666, 792), (-108, 702, 756), (-90, 702, 756), (-108, 702, 774), (-108, 684, 846), (-126, 684, 864), (-72, 684, 774)]	(9395, 10531, 9426, 9892, 11550, 9722, 8838, 7931, 6345, 7569, 7756, 10003, 5641, 10443, 8102, 8517, 14811, 19824, 14634, 8858, 15686, 13842, 12155, 2022)
o	516244	(587, 68)	[(-90, 684, 828), (-90, 684, 756), (-108, 684, 792), (-72, 684, 828), (-90, 666, 810), (-90, 684, 792), (-90, 702, 828), (-90, 648, 882), (-90, 612, 918), (-108, 594, 864), (-144, 630, 630), (-216, 828, 612), (-180, 918, 648), (-144, 936, 576), (-144, 918, 684), (-90, 756, 828), (36, 630, 810), (54, 648, 774), (-36, 792, 648), (-72, 882, 684), (-108, 792, 774), (-72, 738, 738), (-54, 756, 702), (-90, 828, 666), (-126, 864, 576)]	(9409, 10684, 9579, 9927, 11554, 9642, 7912, 7382, 5601, 7577, 7143, 9259, 5213, 9395, 8238, 7744, 14459, 20047, 15202, 8858, 16048, 14148, 12450, 2035)
n	517606	(752, 144)	[(-54, 738, 702), (-108, 738, 684), (-144, 702, 828), (-126, 684, 828), (-126, 684, 846), (-144, 702, 828), (-162, 756, 738), (-162, 756, 756), (-126, 720, 756), (-72, 702, 684), (-108, 720, 774), (-108, 738, 846), (-108, 738, 828), (-54, 702, 756), (-36, 666, 702), (-108, 720, 720), (-126, 792, 774), (-126, 756, 828), (-90, 720, 756), (-90, 720, 702), (-90, 756, 702), (-126, 738, 756), (-126, 738, 810), (-108, 756, 810), (-72, 738, 756)]	(9404, 10569, 9417, 9893, 11558, 9700, 8377, 7908, 5928, 7587, 7634, 9837, 5508, 9612, 8214, 8380, 14430, 19917, 14695, 8826, 15753, 13838, 12319, 2030)
a	518889	(663, 463)	[(-108, 756, 756), (-126, 738, 738), (-108, 738, 738), (-90, 720, 774), (-72, 702, 792), (-72, 738, 792), (-72, 756, 756), (-54, 720, 738), (-36, 702, 774), (-72, 720, 846), (-126, 666, 936), (-126, 630, 864), (0, 630, 756), (-36, 630, 684), (-90, 666, 738), (-144, 684, 738), (-162, 702, 792), (-180, 684, 882), (-126, 666, 864), (-180, 666, 810), (-180, 702, 756), (-108, 666, 756), (-90, 648, 828), (-162, 630, 990), (-162, 648, 954)]	(9409, 10472, 9389, 9861, 11546, 9695, 8868, 7494, 5924, 7611, 7738, 9834, 5547, 10712, 8029, 8351, 14659, 19775, 14556, 8875, 15670, 13725, 12049, 2033)
g	520122	(677, 248)	[(-72, 666, 810), (-72, 666, 774), (-54, 684, 738), (-90, 684, 810), (-126, 702, 846), (-144, 702, 810), (-108, 702, 792), (-108, 684, 756), (-72, 684, 774), (-72, 684, 846), (-90, 702, 810), (-72, 684, 792), (-72, 666, 792), (-90, 684, 738), (-90, 720, 720), (-126, 702, 810), (-144, 738, 846), (-162, 756, 810), (-144, 756, 720), (-90, 720, 684), (-108, 720, 720), (-126, 756, 756), (-108, 756, 756), (-90, 702, 774), (-126, 756, 792)]	(9402, 10578, 9477, 9919, 11565, 9735, 9280, 7522, 5898, 7681, 7599, 9747, 5442, 10371, 8123, 8173, 14590, 19855, 14813, 8857, 15767, 13887, 12138, 2032)
t	521849	(596, 281)	[(-90, 720, 810), (-108, 738, 792), (-126, 720, 828), (-108, 702, 756), (-108, 720, 792), (-72, 720, 756), (-90, 684, 720), (-108, 720, 774), (-72, 702, 792), (-90, 684, 810), (-90, 684, 810), (-144, 720, 864), (-126, 810, 648), (-126, 756, 702), (-90, 756, 756), (-126, 828, 720), (-90, 774, 738), (-72, 720, 756), (18, 666, 774), (-54, 702, 738), (-72, 738, 774), (-72, 756, 774), (-108, 756, 792), (-90, 756, 738), (-90, 738, 702)]	(9396, 10560, 9460, 9895, 11565, 9703, 9030, 7567, 5970, 7636, 7573, 9761, 5444, 9994, 8119, 8124, 14272, 19873, 14840, 8808, 15743, 13859, 12195, 2034)
u	523127	(583, 165)	[(-54, 684, 720), (-36, 702, 738), (-90, 720, 810), (-72, 720, 846), (-36, 684, 774), (-54, 666, 864), (-90, 702, 846), (-36, 684, 828), (-72, 684, 846), (-72, 666, 792), (-90, 684, 756), (-180, 774, 666), (-162, 828, 648), (-144, 828, 594), (-180, 846, 648), (-180, 882, 666), (-90, 882, 684), (18, 810, 684), (-36, 702, 738), (18, 702, 774), (18, 738, 756), (-54, 756, 720), (-36, 774, 702), (-90, 774, 756), (-90, 810, 684)]	(9403, 10621, 9529, 9928, 11573, 9721, 9001, 7712, 6034, 7677, 7477, 9820, 5311, 9261, 8199, 7857, 13747, 19990, 15042, 8821, 15971, 13907, 12299, 2040)
e	524612	(579, 387)	[(-162, 702, 792), (-126, 774, 684), (-180, 882, 648), (-198, 900, 558), (-108, 774, 612), (-162, 702, 774), (-162, 954, 540), (72, 990, 522), (-162, 882, 612), (-108, 810, 666), (108, 702, 630), (108, 702, 630), (-108, 756, 612), (-198, 774, 756), (-126, 738, 918), (-54, 756, 810), (-90, 738, 738), (-108, 738, 756), (-90, 702, 810), (-72, 684, 774), (-126, 738, 792), (-90, 756, 792), (-72, 702, 738), (-126, 738, 756), (-72, 720, 738)]	(9404, 10560, 9398, 9880, 11564, 9715, 8801, 7719, 5970, 7451, 7629, 9917, 5556, 9769, 8022, 8394, 13838, 19824, 14683, 8807, 15806, 13740, 12142, 2031)
s	526234	(667, 403)	[(-72, 702, 810), (-36, 702, 774), (-54, 684, 720), (-90, 702, 720), (-108, 756, 792), (-72, 720, 792), (-54, 702, 792), (-72, 720, 738), (-72, 720, 774), (-54, 702, 774), (-54, 738, 774), (-54, 720, 756), (-90, 720, 792), (-90, 720, 756), (-72, 720, 774), (-72, 702, 774), (-108, 702, 828), (-90, 720, 828), (-90, 702, 792), (-54, 666, 774), (-90, 666, 774), (-72, 702, 756), (-90, 720, 756), (-90, 720, 792), (-72, 666, 846)]	(9410, 10553, 9408, 9884, 11557, 9714, 8967, 7738, 6117, 7502, 7713, 10006, 5693, 10594, 8122, 8451, 14576, 19830, 14616, 8838, 15743, 13825, 12174, 2033)
z	527612	(734, 383)	[(18, 720, 738), (-36, 702, 756), (-72, 720, 774), (-90, 720, 828), (-54, 702, 828), (-72, 738, 792), (-90, 738, 702), (-36, 738, 738), (-54, 720, 720), (-90, 738, 810), (-126, 738, 810), (-72, 720, 792), (-108, 702, 792), (-108, 684, 810), (-108, 684, 810), (-90, 684, 720), (-108, 702, 756), (-126, 684, 828), (-144, 684, 792), (-126, 702, 828), (-162, 702, 846), (-126, 684, 882), (-126, 702, 702), (-126, 684, 756), (-162, 684, 810)]	(9420, 10467, 9436, 9856, 11552, 9699, 8992, 7371, 6385, 7535, 8009, 7871, 5734, 11070, 7998, 8616, 14573, 19702, 14336, 8832, 15490, 13574, 12029, 2033)
n	528920	(757, 157)	[(-126, 684, 846), (-144, 666, 810), (-162, 684, 792), (-198, 702, 810), (-36, 810, 576), (54, 684, 738), (-90, 612, 864), (-54, 630, 828), (-90, 702, 756), (-126, 792, 774), (-108, 774, 792), (-162, 720, 810), (-90, 702, 756), (-108, 720, 738), (-108, 684, 738), (-90, 702, 792), (-180, 756, 792), (-126, 738, 738), (-108, 720, 774), (-126, 720, 774), (-108, 720, 792), (-90, 702, 810), (-54, 684, 738), (-126, 738, 756), (-144, 774, 738)]	(9424, 10564, 9594, 9909, 11572, 9784, 10131, 7355, 5975, 7650, 8298, 7956, 5465, 10266, 8076, 9037, 14521, 19757, 14627, 8850, 15652, 13832, 12095, 2038)
w	530352	(562, 409)	[(-90, 738, 720), (-54, 720, 738), (-90, 720, 774), (-72, 738, 792), (-72, 738, 738), (-72, 720, 738), (-72, 702, 810), (-72, 738, 774), (-108, 702, 792), (-108, 666, 792), (-108, 648, 828), (-108, 666, 810), (-126, 720, 774), (-90, 720, 792), (-126, 702, 756), (-126, 720, 738), (-126, 738, 756), (-144, 702, 864), (-126, 720, 828), (-54, 684, 756), (-72, 666, 738), (-90, 702, 774), (-108, 684, 792), (-72, 702, 828), (-126, 720, 756)]	(9430, 10570, 9538, 9899, 11569, 9776, 9965, 7614, 6271, 7585, 8601, 8154, 5663, 10671, 8003, 9485, 14557, 19737, 14555, 8856, 15586, 13794, 12077, 2029)
a	531636	(657, 457)	[(-90, 702, 792), (-90, 684, 774), (-108, 702, 792), (-144, 738, 774), (-108, 720, 756), (-90, 684, 792), (-108, 702, 774), (-72, 720, 810), (-36, 720, 774), (-54, 738, 828), (-54, 720, 720), (-162, 666, 774), (-144, 612, 846), (-162, 648, 756), (-144, 702, 720), (-162, 702, 774), (-162, 720, 828), (-144, 702, 846), (-162, 648, 828), (-108, 666, 774), (-90, 666, 720), (-126, 648, 810), (-162, 684, 810), (-144, 684, 756), (-162, 702, 774)]	(9417, 10449, 9438, 9841, 11555, 9744, 9370, 7463, 6259, 7687, 8673, 8545, 5705, 10808, 7997, 8827, 14454, 19709, 14343, 8815, 15469, 13516, 12012, 2039)
r	532984	(581, 294)	[(-126, 666, 864), (-144, 648, 846), (-144, 648, 846), (-90, 684, 792), (-126, 720, 702), (-108, 756, 684), (-72, 720, 828), (-72, 684, 810), (-108, 738, 738), (-90, 756, 666), (18, 738, 720), (-72, 684, 810), (-72, 720, 774), (-54, 702, 774), (-36, 702, 774), (-90, 702, 810), (-90, 720, 792), (-90, 720, 792), (-90, 738, 720), (-126, 756, 756), (-126, 756, 792), (-72, 720, 738), (-108, 738, 846), (-72, 702, 810), (-36, 720, 720)]	(9445, 10631, 9555, 9915, 11591, 9815, 10580, 7082, 5614, 7557, 8162, 7584, 5447, 10288, 8040, 8615, 14348, 19790, 14729, 8854, 15767, 12125, 2027, 65535)
j	534347	(673, 157)	[(-54, 738, 828), (-72, 720, 810), (-90, 720, 774), (-72, 720, 738), (-90, 738, 756), (-90, 738, 792), (-72, 720, 756), (-90, 720, 792), (-54, 702, 774), (-90, 720, 756), (-90, 720, 756), (-72, 720, 792), (-90, 738, 738), (-126, 738, 792), (-108, 756, 774), (-126, 756, 720), (-90, 774, 684), (-72, 756, 720), (-72, 738, 810), (-108, 756, 684), (-72, 774, 684), (-54, 756, 774), (-72, 720, 756), (-72, 756, 720)]	(9432, 10613, 9609, 9893, 11576, 9775, 9985, 7147, 5619, 7619, 7921, 7649, 5389, 10176, 8120, 8271, 14258, 19809, 14700, 8820, 15711, 13859, 12165, 2022)
r	535677	(580, 311)	[(36, 684, 756), (-36, 684, 774), (-90, 702, 810), (-90, 702, 792), (-72, 720, 774), (-72, 720, 756), (-108, 720, 792), (-90, 720, 810), (-108, 720, 810), (-90, 720, 792), (-54, 684, 756), (-72, 684, 756), (-108, 738, 756), (-108, 756, 846), (-72, 702, 846), (-72, 684, 774), (-54, 702, 702), (-90, 702, 720), (-90, 738, 720), (-90, 738, 774), (-72, 702, 810), (-108, 738, 810), (-90, 738, 774), (-54, 720, 738), (-54, 684, 702)]	(9429, 10589, 9545, 9882, 11576, 9785, 10331, 7492, 5944, 7582, 8487, 8097, 5510, 10321, 8082, 9244, 14317, 19778, 14626, 8830, 15692, 13832, 12154, 2031)
d	537154	(681, 308)	[(-72, 702, 756), (-72, 720, 720), (-72, 738, 774), (-72, 738, 792), (-54, 738, 792), (-90, 738, 774), (-72, 684, 756), (-54, 684, 756), (-36, 702, 720), (-108, 756, 774), (-90, 684, 828), (-144, 648, 810), (-198, 666, 828), (-162, 702, 792), (-108, 702, 702), (-126, 702, 792), (-180, 720, 882), (-126, 720, 792), (-72, 720, 702), (-90, 702, 702), (-90, 684, 774), (-90, 684, 810), (-108, 702, 828), (-108, 702, 792), (-90, 720, 756)]	(9423, 10495, 9485, 9855, 11561, 9764, 9914, 7397, 5955, 7637, 8696, 8373, 5565, 10646, 8093, 9041, 14365, 19758, 14495, 8814, 15558, 13610, 12097, 2037)
c	538482	(736, 291)	[(-72, 702, 720), (-108, 756, 810), (-54, 720, 792), (-36, 684, 774), (-54, 684, 738), (-72, 702, 738), (-126, 738, 792), (-108, 720, 792), (-72, 702, 774), (-108, 738, 756), (-126, 738, 792), (-90, 702, 774), (-90, 738, 792), (-126, 720, 810), (-90, 738, 738), (-90, 720, 756), (-36, 702, 756), (-90, 720, 792), (-108, 738, 792), (-72, 684, 774), (-90, 684, 756), (-108, 738, 756), (-90, 720, 792), (-108, 702, 792), (-108, 720, 774)]	(9427, 10528, 9502, 9860, 11571, 9767, 9998, 7579, 5979, 7616, 8628, 8307, 5594, 10540, 8068, 9230, 14250, 19741, 14509, 8800, 15589, 13634, 12082, 2033)
f	540004	(670, 283)	[(-90, 738, 756), (-108, 720, 756), (-54, 684, 774), (-90, 702, 810), (-90, 720, 792), (-54, 702, 720), (-90, 684, 720), (-108, 720, 756), (-108, 738, 810), (-72, 720, 828), (-90, 684, 828), (-90, 738, 738), (-90, 702, 756), (-72, 720, 792), (-108, 702, 774), (-108, 738, 810), (-90, 720, 738), (-108, 738, 846), (-72, 702, 756), (-72, 702, 738), (-72, 702, 792), (-90, 720, 792), (-90, 702, 774), (-90, 720, 756), (-126, 756, 756)]	(9440, 10592, 9569, 9897, 11584, 9822, 10819, 7650, 6182, 7644, 8713, 8278, 5585, 10479, 8104, 9362, 14398, 19765, 14623, 8829, 15693, 13801, 12127, 2033)
q	541336	(573, 450)	[(-126, 738, 810), (-90, 702, 792), (-108, 720, 756), (-126, 720, 756), (-126, 756, 774), (-108, 720, 810), (-72, 684, 738), (-72, 666, 792), (-72, 702, 774), (-54, 702, 792), (-72, 684, 828), (-108, 702, 810), (-108, 720, 738), (-144, 756, 756), (-126, 720, 756), (-72, 702, 684), (-72, 702, 828), (-72, 684, 846), (-126, 702, 828), (-72, 684, 792), (-72, 684, 792), (-90, 684, 756), (-126, 720, 756), (-90, 720, 792), (-90, 702, 774)]	(9439, 10539, 9502, 9865, 11573, 9758, 9975, 7472, 6012, 7591, 8864, 8476, 5635, 10502, 8071, 9409, 14342, 19751, 14554, 8827, 15624, 13725, 12106, 2031)
y	542653	(592, 207)	[(-90, 684, 792), (-90, 702, 756), (-90, 702, 774), (-72, 666, 792), (-108, 684, 810), (-72, 702, 792), (-108, 702, 810), (-72, 684, 828), (-108, 684, 810), (-90, 720, 756), (-108, 666, 792), (-144, 666, 828), (-180, 756, 792), (-126, 864, 612), (-90, 810, 648), (-90, 720, 774), (-36, 702, 828), (0, 684, 792), (-18, 720, 792), (-72, 702, 810), (-72, 684, 810), (-72, 738, 756), (-90, 774, 756), (-72, 756, 774), (-72, 756, 738)]	(9435, 10579, 9651, 9895, 11580, 9765, 10068, 7446, 5933, 7640, 8602, 8266, 5484, 10370, 8170, 9296, 14299, 19841, 14771, 8829, 15821, 13881, 12216, 2037)
h	544032	(669, 176)	[(-72, 720, 738), (-54, 702, 810), (-90, 702, 846), (-72, 720, 774), (-108, 756, 720), (-90, 738, 792), (-126, 738, 792), (-126, 756, 756), (-90, 720, 738), (-108, 738, 720), (-90, 738, 702), (-126, 738, 756), (-108, 756, 774), (-90, 756, 756), (-90, 738, 738), (-54, 720, 774), (-90, 720, 756), (-108, 738, 738), (-72, 738, 720), (-90, 756, 720), (-126, 774, 720), (-108, 792, 792), (-108, 720, 792), (-72, 720, 756), (-90, 738, 720)]	(9428, 10510, 9482, 9838, 11559, 9748, 10128, 7531, 5762, 7603, 8696, 8387, 5484, 10364, 8100, 9181, 14035, 19755, 14523, 8782, 15626, 13608, 12129, 2032)
e	545411	(591, 348)	[(-90, 738, 810), (-54, 720, 738), (-54, 720, 720), (-108, 756, 702), (-126, 774, 810), (-90, 756, 720), (-90, 756, 666), (-108, 756, 792), (-108, 720, 828), (-72, 684, 828), (-126, 612, 810), (-126, 648, 846), (-72, 702, 792), (-90, 666, 828), (-108, 702, 828), (-90, 702, 774), (-108, 702, 720), (-108, 738, 756), (-108, 756, 756), (-108, 702, 738), (-126, 738, 792), (-126, 738, 756), (-72, 720, 792), (-72, 684, 828), (-90, 702, 810)]	(9423, 10504, 9476, 9843, 11565, 9770, 10160, 7707, 6022, 7648, 8843, 8604, 5563, 10657, 8095, 9166, 14169, 19742, 14502, 8794, 15567, 13542, 12090, 2034)
y	546946	(611, 216)	[(-90, 738, 792), (-72, 720, 774), (-54, 702, 702), (-90, 720, 738), (-90, 738, 810), (-72, 720, 792), (-108, 720, 774), (-126, 720, 792), (-72, 702, 810), (18, 684, 828), (-36, 738, 738), (-108, 774, 720), (-90, 774, 756), (-90, 774, 630), (-108, 774, 702), (-108, 756, 756), (-90, 774, 756), (-108, 810, 702), (-90, 774, 702), (-72, 756, 720), (-36, 738, 756), (-54, 738, 774), (-72, 756, 756), (-90, 792, 738), (-54, 756, 684)]	(9415, 10537, 9513, 9841, 11578, 9770, 10338, 7536, 5771, 7565, 8479, 8312, 5393, 10046, 8009, 8920, 13463, 19794, 14652, 8787, 15745, 13653, 12140, 2030)
v	548376	(748, 231)	[(-90, 720, 720), (-90, 756, 774), (-90, 738, 792), (-72, 738, 756), (-72, 738, 702), (-108, 738, 720), (-90, 756, 792), (-90, 756, 792), (-72, 720, 774), (-72, 720, 738), (-90, 738, 810), (-90, 738, 792), (-54, 702, 720), (-90, 756, 720), (-90, 756, 792), (-36, 702, 756), (-54, 720, 774), (-108, 738, 756), (-72, 756, 720), (-54, 720, 738), (-54, 720, 738), (-90, 756, 756), (-72, 738, 774), (-54, 702, 756), (-36, 702, 720)]	(9428, 10561, 9457, 9852, 11582, 9769, 10349, 7495, 5803, 7526, 8542, 8304, 5494, 10354, 8081, 8738, 13924, 19794, 14549, 8783, 15708, 13569, 12160, 2037)
k	549704	(659, 109)	[(-90, 720, 774), (-72, 738, 792), (-72, 738, 756), (-90, 720, 792), (-90, 738, 774), (-90, 738, 774), (-36, 684, 774), (-54, 702, 756), (-72, 684, 774), (-162, 828, 720), (-18, 828, 720), (-90, 720, 828), (-72, 702, 738), (-90, 774, 648), (-108, 828, 684), (-72, 774, 720), (-90, 756, 738), (-108, 774, 702), (-72, 738, 720), (-36, 720, 738), (-90, 756, 756), (-144, 792, 648), (-108, 774, 594), (-72, 792, 684), (-90, 810, 720)]	(9435, 10590, 9581, 9859, 11573, 9756, 10365, 7397, 5659, 7495, 8327, 0, 5365, 9939, 8100, 8692, 13717, 19868, 14750, 8803, 15887, 13782, 12225, 2042)
u	551074	(586, 163)	[(-108, 720, 792), (-72, 720, 792), (-54, 720, 810), (-54, 738, 792), (-126, 720, 810), (-72, 702, 756), (-54, 684, 810), (-72, 684, 810), (-126, 774, 702), (-90, 828, 648), (-126, 792, 774), (-162, 774, 810), (-108, 774, 738), (-72, 738, 612), (-108, 792, 612), (-180, 810, 702), (-144, 810, 828), (-108, 756, 810), (-90, 738, 702), (-126, 738, 648), (-126, 792, 702), (-126, 792, 738), (-54, 756, 738), (-108, 774, 756), (-108, 792, 738)]	(9427, 10624, 9629, 9884, 11589, 9798, 10597, 7515, 5679, 7494, 8310, 8256, 5346, 9970, 8016, 8611, 13656, 19827, 14783, 8798, 15936, 13810, 12168, 2034)
q	552504	(576, 467)	[(-72, 720, 702), (-90, 720, 756), (-126, 738, 792), (-72, 756, 774), (-72, 702, 738), (-90, 684, 738), (-126, 684, 792), (-108, 720, 864), (-108, 684, 846), (-108, 702, 828), (-90, 702, 792), (-54, 684, 810), (-54, 684, 774), (-108, 684, 756), (-126, 684, 792), (-108, 648, 828), (-126, 666, 774), (-162, 738, 810), (-108, 702, 792), (-90, 648, 792), (-72, 666, 756), (-162, 684, 810), (-126, 702, 864), (-72, 666, 864)]	(9437, 10487, 9467, 9830, 11557, 9694, 8355, 7845, 5777, 7530, 8877, 8956, 5695, 10980, 8123, 9255, 14361, 19738, 14455, 8801, 15511, 13519, 12098, 2027)
b	553740	(766, 204)	[(-126, 702, 792), (-90, 702, 810), (-54, 720, 738), (-90, 702, 756), (-54, 702, 756), (-72, 702, 792), (-90, 702, 774), (-90, 702, 774), (-72, 702, 792), (-36, 702, 828), (-90, 720, 846), (-108, 720, 810), (-72, 684, 774), (-54, 702, 774), (-36, 720, 792), (-54, 720, 756), (-72, 702, 774), (-72, 720, 720), (-108, 756, 702), (-162, 774, 774), (-90, 720, 810), (-72, 684, 756), (-90, 720, 720), (-108, 756, 738), (-72, 720, 774)]	(9437, 10620, 9546, 9875, 11578, 9795, 10645, 7500, 5564, 7540, 8138, 7605, 5465, 10754, 8181, 8233, 14517, 19851, 14634, 8836, 15743, 13858, 12215, 2035)
