Please hold the phone in your left hand and type with your left thumb
k	938951	(676, 88)	[(-162, 702, 846), (-216, 756, 1008), (-180, 774, 918), (-108, 702, 756), (-72, 666, 576), (-54, 774, 486), (18, 756, 684), (72, 630, 828), (108, 594, 810), (18, 702, 864), (-72, 774, 954), (0, 702, 846), (36, 666, 702), (54, 684, 648), (36, 702, 738), (0, 738, 756), (-54, 756, 756), (0, 684, 756), (36, 666, 792), (-18, 720, 864), (-36, 720, 882), (-54, 738, 846), (0, 720, 684), (0, 720, 630), (36, 720, 630)]	(9466, 11080, 9573, 10068, 12447, 9755, 5993, 7443, 5492, 9034, 6525, 7573, 4719, 6575, 8569, 7132, 12422, 21113, 14996, 9120, 17298, 14905, 12999, 2086)
k	941052	(674, 97)	[(36, 630, 864), (18, 630, 684), (-54, 756, 594), (-108, 792, 738), (-126, 738, 810), (-90, 720, 774), (-90, 738, 702), (-36, 702, 702), (-18, 684, 792), (-36, 684, 810), (-36, 702, 774), (-72, 720, 846), (-72, 666, 954), (-54, 684, 846), (0, 684, 738), (18, 684, 720), (36, 684, 774), (-54, 720, 792), (0, 684, 828), (0, 684, 774), (-36, 702, 792), (-72, 738, 828), (0, 702, 810), (0, 702, 738), (-18, 720, 756)]	(9510, 11175, 9767, 10081, 14243, 9944, 6135, 6426, 4909, 8498, 6376, 6527, 4471, 6217, 7593, 6966, 11814, 20376, 14844, 9201, 17424, 14652, 12658, 2064)
r	942638	(589, 307)	[(-90, 702, 792), (-90, 648, 900), (-108, 630, 792), (-72, 630, 828), (-72, 648, 846), (-108, 684, 864), (-90, 648, 882), (-90, 666, 792), (-90, 666, 774), (-108, 666, 792), (-108, 702, 774), (-144, 720, 846), (-126, 648, 864), (-90, 630, 846), (-54, 630, 828), (-72, 648, 774), (-72, 666, 792), (-108, 666, 792), (-108, 666, 792), (-90, 666, 846), (-108, 648, 936), (-90, 630, 864), (-54, 630, 810), (-54, 648, 792), (-72, 648, 882)]	(9473, 10960, 9695, 9997, 13249, 9985, 8347, 6876, 4784, 8502, 6581, 6699, 4631, 6524, 7659, 7182, 12135, 20427, 14854, 9220, 17692, 15068, 12847, 2063)
v	944166	(743, 235)	[(-72, 648, 846), (-54, 666, 828), (-54, 666, 792), (-54, 684, 774), (-72, 666, 846), (-72, 666, 828), (-108, 666, 828), (-72, 666, 810), (-36, 648, 810), (-54, 666, 828), (-72, 666, 828), (-90, 666, 828), (-72, 666, 828), (-72, 648, 828), (-54, 648, 828), (-72, 648, 864), (-72, 648, 810), (-54, 630, 828), (-72, 666, 810), (-54, 684, 774), (-72, 666, 810), (-90, 684, 864), (-36, 648, 828), (-36, 648, 846), (-54, 648, 864)]	(9480, 10987, 9697, 9992, 13482, 9910, 7041, 6936, 4620, 8686, 6378, 6611, 4526, 6486, 7769, 7102, 12083, 20486, 14807, 9198, 17639, 15060, 12885, 2061)
w	945391	(576, 405)	[(-144, 684, 828), (-126, 666, 828), (-72, 666, 846), (-90, 648, 828), (-90, 648, 774), (-90, 648, 756), (-90, 666, 774), (-72, 648, 792), (-90, 648, 864), (-90, 612, 918), (-36, 576, 900), (-72, 630, 846), (-126, 666, 828), (-108, 630, 828), (-90, 612, 828), (-90, 612, 810), (-126, 630, 864), (-90, 630, 882), (-36, 576, 846), (-54, 558, 900), (-72, 612, 918), (-90, 630, 900), (-108, 630, 882), (-90, 630, 828), (-90, 612, 828)]	(9457, 10871, 9644, 9968, 13450, 9886, 8778, 6943, 4804, 8376, 6637, 6875, 4666, 6698, 7680, 7143, 12377, 20375, 14766, 9244, 17453, 15058, 12764, 2059)
g	946723	(666, 239)	[(-72, 666, 864), (-54, 648, 882), (-54, 666, 828), (-54, 648, 846), (-90, 648, 846), (-72, 684, 810), (-54, 666, 810), (-36, 666, 792), (-36, 666, 774), (-36, 666, 828), (-54, 666, 828), (-90, 738, 792), (-54, 702, 846), (-54, 684, 792), (18, 684, 720), (18, 702, 702), (-90, 738, 738), (-90, 774, 810), (-18, 702, 774), (0, 720, 774), (-36, 702, 774), (-18, 702, 738), (-36, 702, 738), (-54, 720, 792), (-72, 738, 810)]	(9447, 10819, 9513, 9931, 13830, 9930, 8796, 6804, 4845, 8771, 7016, 7294, 4651, 6578, 7918, 7079, 12220, 20566, 14809, 9168, 17486, 15005, 12875, 2068)
r	947984	(582, 312)	[(-162, 756, 810), (-108, 684, 900), (-90, 666, 846), (-54, 630, 792), (-36, 630, 846), (-36, 666, 864), (-54, 666, 882), (-90, 684, 810), (-54, 684, 738), (-72, 684, 738), (-90, 702, 774), (-90, 684, 864), (-72, 684, 846), (-54, 648, 810), (-54, 666, 828), (-36, 666, 810), (-36, 666, 810), (-72, 666, 810), (-72, 702, 792), (-90, 684, 810), (-72, 666, 828), (-18, 666, 792), (-18, 666, 810), (-36, 666, 846), (-72, 684, 810)]	(9448, 10825, 9581, 9947, 13621, 9933, 9166, 7195, 4885, 8770, 7200, 7390, 4643, 6614, 7865, 7189, 12274, 20500, 14823, 9202, 17513, 15041, 12857, 2061)
c	949369	(755, 292)	[(-54, 720, 738), (-126, 756, 738), (-108, 702, 774), (-90, 666, 738), (-36, 630, 756), (-90, 612, 864), (-36, 612, 936), (-54, 594, 972), (-54, 612, 882), (-54, 630, 810), (-90, 666, 810), (-108, 702, 792), (-126, 684, 864), (-108, 666, 846), (-72, 666, 792), (-72, 648, 792), (-54, 630, 774), (-36, 666, 774), (-72, 666, 864), (-90, 666, 864), (-54, 666, 810), (-36, 648, 756), (-72, 648, 846), (-72, 666, 846), (-36, 648, 828)]	(9427, 10664, 9347, 9874, 13560, 9919, 8780, 7071, 4948, 8672, 7275, 8225, 4747, 6705, 7881, 7145, 12384, 20406, 14667, 9160, 17145, 14854, 12771, 2067)
q	950698	(579, 472)	[(-36, 648, 792), (18, 630, 810), (-108, 684, 846), (-144, 720, 846), (-72, 666, 864), (-108, 630, 774), (-180, 648, 810), (-108, 684, 828), (-126, 666, 846), (-108, 630, 846), (-90, 648, 828), (-90, 648, 828), (-90, 666, 828), (-108, 648, 810), (-108, 666, 828), (-90, 648, 828), (-90, 666, 828), (-90, 630, 846), (-54, 630, 828), (-72, 630, 828), (-90, 648, 882), (-72, 648, 792), (-90, 648, 792), (-90, 684, 810), (-108, 666, 846)]	(9403, 10530, 9295, 9786, 13447, 9770, 8219, 7139, 4915, 8634, 7398, 8635, 4752, 7088, 7930, 7151, 12835, 20303, 14598, 9151, 16590, 14792, 12672, 2049)
y	952082	(586, 220)	[(-54, 666, 846), (18, 612, 900), (-36, 666, 828), (72, 666, 738), (54, 684, 702), (0, 738, 630), (-126, 846, 630), (-126, 846, 756), (-108, 810, 756), (-72, 774, 756), (-54, 774, 738), (18, 774, 684), (0, 774, 738), (-36, 756, 792), (36, 720, 738), (72, 720, 684), (0, 774, 756), (18, 738, 738), (-18, 756, 702), (-54, 792, 828), (-18, 792, 774), (0, 774, 666), (54, 774, 594), (-36, 774, 630), (0, 792, 720)]	(9467, 10688, 9246, 9858, 13943, 9838, 7848, 6670, 4592, 8987, 7037, 8266, 4675, 6650, 8200, 7116, 12300, 20678, 14801, 9134, 17220, 14925, 12849, 2067)
z	953346	(745, 380)	[(-72, 684, 828), (-54, 666, 756), (-90, 684, 792), (-108, 684, 864), (-54, 684, 882), (-18, 648, 810), (0, 612, 792), (-54, 648, 810), (-90, 684, 792), (-108, 684, 810), (-90, 666, 846), (-126, 684, 810), (-90, 666, 792), (-72, 630, 810), (-90, 648, 828), (-72, 630, 882), (-90, 648, 846), (-144, 684, 810), (-126, 702, 756), (-126, 684, 846), (-54, 630, 810), (-54, 648, 792), (-72, 648, 846), (-90, 666, 828), (-90, 648, 864)]	(9428, 10699, 9476, 9907, 13330, 9811, 8542, 6973, 4880, 8437, 7016, 7710, 4807, 6858, 7718, 7140, 12538, 20298, 14701, 9188, 17109, 14930, 12684, 2068)
g	954625	(657, 232)	[(-54, 684, 828), (-18, 666, 774), (0, 630, 828), (-36, 648, 846), (-36, 666, 846), (-72, 684, 828), (-90, 720, 810), (-90, 720, 774), (-54, 702, 738), (-54, 702, 792), (-36, 720, 792), (-36, 684, 864), (-36, 666, 846), (-36, 684, 774), (-36, 702, 738), (-36, 702, 738), (-36, 720, 792), (-36, 720, 756), (-54, 720, 774), (-54, 720, 756), (18, 702, 792), (-54, 720, 792), (-54, 738, 774), (-90, 738, 774), (0, 684, 756)]	(9455, 10779, 9573, 9943, 13666, 9888, 9077, 7067, 5030, 8862, 7144, 7692, 4729, 6708, 8127, 7237, 12463, 20595, 14843, 9182, 17400, 15107, 12883, 2090)
f	955790	(659, 334)	[(-72, 684, 810), (-72, 720, 792), (-54, 702, 792), (0, 666, 810), (-72, 684, 792), (-54, 684, 792), (-90, 684, 810), (-90, 702, 810), (-90, 684, 810), (-36, 702, 810), (-54, 684, 828), (-36, 648, 792), (-90, 684, 828), (-54, 702, 864), (-54, 666, 810), (-54, 684, 756), (-90, 684, 774), (-90, 720, 792), (-72, 702, 810), (-90, 666, 828), (-72, 702, 810), (18, 666, 774), (0, 648, 738), (-54, 702, 810), (-72, 702, 882)]	(9431, 10715, 9491, 9885, 13504, 9851, 8639, 6992, 5002, 8660, 7167, 7832, 4799, 6810, 7936, 7260, 12469, 20432, 14780, 9180, 17283, 15010, 12774, 2074)
s	957128	(649, 404)	[(-54, 702, 774), (-90, 720, 810), (-72, 702, 810), (-54, 648, 810), (-54, 648, 828), (-54, 684, 792), (-72, 684, 792), (-108, 702, 792), (-108, 666, 774), (-126, 630, 792), (-144, 648, 900), (-90, 630, 900), (-36, 594, 864), (-72, 612, 864), (-54, 630, 810), (-90, 648, 810), (-144, 702, 846), (-126, 684, 846), (-108, 666, 792), (-54, 648, 756), (-54, 648, 792), (-54, 630, 864), (-72, 648, 882), (-108, 666, 810), (-90, 684, 756)]	(9426, 10658, 9467, 9897, 13435, 9857, 8637, 7048, 5084, 8653, 7198, 8496, 4783, 7000, 7846, 7223, 12740, 20340, 14688, 9171, 17048, 14932, 12700, 2066)
m	958607	(735, 105)	[(126, 648, 828), (-54, 648, 882), (-54, 648, 936), (-72, 666, 972), (-36, 648, 900), (0, 648, 810), (-54, 684, 738), (-54, 738, 702), (-36, 720, 828), (-72, 738, 810), (-54, 756, 684), (36, 684, 702), (0, 738, 810), (-36, 738, 810), (18, 738, 720), (18, 702, 738), (-36, 756, 774), (-18, 774, 738), (-36, 756, 666), (-18, 774, 720), (0, 774, 738), (18, 738, 702), (0, 756, 720), (-36, 738, 738), (-36, 738, 756)]	(9488, 10712, 9569, 9942, 11847, 10032, 10796, 6758, 5045, 8399, 8677, 6923, 4875, 6312, 9163, 9017, 12223, 21395, 14817, 8942, 16756, 14536, 13021, 2080)
t	959940	(582, 262)	[(-54, 648, 792), (18, 612, 774), (0, 630, 828), (18, 630, 882), (-72, 648, 864), (-72, 666, 864), (-54, 648, 810), (-72, 684, 774), (-90, 702, 828), (-72, 702, 828), (-54, 684, 810), (-36, 648, 810), (0, 648, 792), (0, 648, 792), (-54, 666, 828), (-54, 666, 864), (-36, 666, 828), (-18, 648, 792), (18, 648, 792), (-36, 666, 828), (-54, 684, 828), (-36, 666, 792), (-54, 702, 810), (-54, 666, 810), (0, 630, 846)]	(9472, 10741, 9674, 9958, 11852, 10069, 10520, 7131, 5183, 8848, 8606, 7152, 4942, 6385, 9300, 9101, 12518, 21125, 14729, 8944, 16625, 14456, 12911, 2075)
n	961332	(747, 154)	[(-54, 666, 846), (18, 648, 810), (18, 648, 774), (-18, 684, 846), (-72, 702, 810), (-90, 702, 792), (-72, 684, 828), (-54, 684, 792), (-36, 666, 792), (0, 684, 792), (-36, 684, 864), (-36, 684, 864), (-36, 666, 792), (-54, 702, 756), (-72, 738, 774), (-54, 720, 810), (-54, 702, 774), (-54, 720, 774), (0, 684, 774), (0, 702, 774), (-18, 720, 756), (-54, 702, 774), (-36, 720, 720), (-54, 684, 756), (-36, 702, 810)]	(9465, 10687, 9489, 9870, 11855, 9917, 10060, 6915, 5050, 8988, 7971, 7115, 4887, 6412, 9659, 8692, 12450, 21341, 14660, 8919, 16493, 14378, 12939, 2088)
n	962811	(748, 158)	[(-126, 702, 846), (-72, 666, 828), (18, 630, 846), (18, 648, 828), (-72, 684, 756), (-54, 666, 846), (-54, 684, 864), (-54, 702, 774), (-36, 702, 702), (-72, 702, 738), (-90, 720, 828), (-72, 702, 828), (-54, 684, 810), (-72, 702, 810), (-72, 720, 828), (-36, 702, 792), (-18, 702, 720), (-36, 720, 756), (-90, 756, 756), (-36, 720, 828), (-18, 702, 774), (-36, 720, 774), (-36, 738, 720), (-54, 738, 756), (-72, 756, 792)]	(9471, 10698, 9497, 9928, 11861, 9973, 10465, 7013, 5066, 9114, 8271, 7193, 5011, 6411, 9643, 8929, 12410, 21287, 14644, 8910, 16440, 14349, 12893, 2088)
c	964182	(740, 304)	[(-72, 648, 756), (-126, 684, 792), (-90, 702, 774), (-108, 684, 792), (-108, 684, 846), (-54, 648, 828), (-54, 630, 810), (-54, 648, 846), (-72, 648, 900), (-54, 630, 846), (-36, 630, 756), (-72, 648, 774), (-90, 666, 846), (-72, 648, 846), (-54, 648, 828), (-72, 666, 846), (-72, 648, 846), (-36, 648, 774), (-54, 630, 810), (-90, 648, 900), (-54, 648, 828), (-54, 648, 774), (-90, 702, 846), (-72, 648, 828), (0, 612, 792)]	(9469, 10597, 9308, 9876, 11854, 9916, 10009, 7300, 5377, 9225, 8769, 7660, 5042, 6547, 9696, 8775, 12730, 21086, 14537, 8908, 16110, 14301, 12863, 2085)
p	965661	(571, 44)	[(-36, 612, 900), (18, 540, 954), (18, 648, 792), (-144, 756, 630), (-198, 828, 792), (-216, 792, 864), (-234, 774, 810), (-216, 756, 666), (-72, 864, 612), (18, 936, 594), (144, 774, 810), (288, 594, 828), (234, 666, 684), (90, 738, 630), (-72, 918, 774), (-90, 846, 666), (-36, 810, 522), (-36, 828, 504), (-36, 864, 594), (0, 828, 594), (-36, 846, 666), (-54, 846, 738), (-36, 828, 684), (0, 792, 666), (18, 864, 612)]	(9483, 10805, 9690, 9936, 11888, 9895, 10520, 7114, 4875, 9185, 7738, 7104, 4882, 6376, 9327, 8900, 11897, 21412, 15077, 8909, 16735, 14242, 12909, 2095)
j	967143	(672, 139)	[(-36, 666, 846), (-36, 666, 828), (18, 684, 756), (36, 666, 810), (0, 684, 828), (-54, 702, 828), (-54, 702, 810), (-18, 702, 774), (-54, 774, 720), (-36, 774, 684), (72, 666, 756), (36, 666, 810), (0, 756, 810), (-54, 738, 792), (36, 702, 774), (36, 702, 738), (0, 738, 792), (-54, 738, 828), (18, 738, 756), (36, 684, 738), (18, 720, 792), (0, 756, 738), (18, 738, 756), (18, 702, 738), (-36, 738, 774)]	(9466, 10813, 9518, 9976, 11734, 9821, 9584, 6989, 5510, 8140, 7510, 7947, 5097, 7405, 8673, 7836, 13612, 20447, 14833, 8921, 16383, 14439, 12873, 2085)
s	968679	(663, 381)	[(-90, 612, 864), (-72, 630, 828), (-108, 648, 792), (-108, 666, 774), (-126, 684, 810), (-144, 666, 918), (-108, 630, 882), (-72, 630, 792), (-54, 630, 828), (-54, 630, 828), (-126, 648, 900), (-126, 666, 918), (-90, 666, 810), (-54, 630, 738), (-72, 648, 810), (-72, 648, 864), (-36, 630, 846), (-72, 612, 810), (-72, 648, 864), (-72, 648, 846), (-90, 630, 810), (-90, 666, 864), (-90, 666, 846), (-72, 666, 846), (-72, 648, 846)]	(9441, 10563, 9436, 9855, 11708, 9651, 9164, 7278, 6137, 8231, 7876, 8991, 5419, 8127, 8444, 7760, 14271, 20170, 14634, 8912, 15895, 14254, 12670, 2073)
h	970475	(669, 194)	[(-18, 720, 756), (-36, 738, 702), (-18, 756, 702), (-36, 756, 738), (-18, 756, 738), (-36, 738, 738), (-54, 756, 756), (-36, 756, 774), (-36, 756, 738), (-18, 738, 720), (0, 756, 720), (-36, 756, 738), (0, 756, 720), (-36, 774, 738), (-54, 774, 702), (-36, 756, 720), (-36, 756, 774), (-18, 774, 774), (-36, 756, 684), (0, 774, 666), (0, 756, 702), (-36, 774, 738), (-54, 792, 738), (-54, 792, 702), (18, 756, 702)]	(9449, 10718, 9505, 9970, 11761, 9700, 9511, 7104, 5582, 8275, 7327, 7975, 5117, 7515, 8596, 7580, 13795, 20243, 14851, 8900, 16120, 14403, 12728, 2086)
q	972135	(576, 478)	[(-18, 720, 702), (18, 720, 684), (0, 720, 738), (-18, 720, 810), (-36, 720, 810), (-144, 720, 810), (-72, 684, 756), (-90, 720, 810), (-90, 702, 756), (-72, 684, 720), (-108, 684, 846), (-162, 702, 846), (-180, 720, 864), (-144, 702, 774), (-108, 684, 738), (-108, 684, 810), (-144, 684, 810), (-126, 684, 846), (-126, 666, 810), (-126, 702, 774), (-144, 702, 810), (-126, 666, 792), (-126, 702, 810), (-126, 684, 792), (-126, 684, 774)]	(9435, 10518, 9367, 9777, 11690, 9780, 9002, 7766, 5221, 8107, 7844, 9024, 5278, 8171, 8328, 7744, 14269, 20039, 14457, 8871, 15677, 13912, 12493, 2078)
a	973421	(639, 449)	[(-54, 702, 774), (-54, 702, 846), (-108, 720, 810), (-72, 756, 666), (-36, 720, 720), (0, 684, 756), (18, 648, 666), (-54, 684, 684), (-144, 702, 846), (-234, 720, 918), (-198, 702, 846), (-180, 684, 792), (-108, 702, 720), (-108, 648, 792), (-108, 666, 846), (-126, 666, 864), (-126, 666, 756), (-126, 684, 738), (-162, 702, 774), (-126, 648, 846), (-90, 630, 828), (-90, 630, 846), (-90, 666, 810), (-108, 630, 828), (-90, 666, 792)]	(9436, 10556, 9431, 9831, 11692, 9828, 9625, 7699, 5541, 8137, 8037, 8918, 5477, 8155, 8333, 7920, 14402, 20004, 14560, 8881, 15761, 14016, 12506, 2076)
l	974752	(657, 68)	[(-90, 684, 828), (-126, 702, 810), (-126, 702, 828), (-72, 666, 864), (-72, 648, 810), (-144, 630, 936), (-108, 684, 828), (-90, 774, 720), (-90, 774, 684), (-108, 720, 702), (-162, 738, 756), (-180, 900, 612), (-108, 900, 594), (-54, 738, 702), (0, 720, 774), (0, 702, 774), (-18, 738, 756), (-72, 774, 756), (-108, 846, 666), (-18, 810, 612), (90, 702, 684), (36, 720, 756), (-36, 774, 810), (-90, 810, 810), (-126, 828, 684)]	(9472, 10805, 9785, 9975, 11711, 9841, 10134, 6943, 5114, 8152, 7438, 7705, 4976, 7479, 8532, 7679, 13957, 20232, 15018, 8885, 16161, 14377, 12748, 2077)
h	976185	(679, 181)	[(-108, 738, 702), (-108, 738, 756), (-144, 720, 810), (-108, 720, 792), (-108, 738, 774), (-90, 720, 774), (-126, 720, 756), (-108, 738, 756), (-144, 756, 792), (-126, 774, 810), (-126, 738, 738), (-72, 684, 720), (-72, 666, 756), (-90, 720, 846), (-126, 774, 846), (-72, 720, 720), (-72, 720, 684), (-108, 756, 720), (-90, 756, 720), (-108, 756, 684), (-108, 756, 756), (-144, 774, 792), (-108, 756, 720), (-36, 702, 738), (-36, 702, 720)]	(9438, 10642, 9449, 9877, 11732, 9828, 9934, 7449, 5416, 8383, 7623, 8197, 5277, 7780, 8416, 8011, 13741, 20087, 14702, 8871, 15883, 14064, 12528, 2079)
e	977501	(556, 368)	[(-90, 666, 792), (-126, 720, 810), (-144, 738, 828), (-90, 702, 738), (-90, 684, 720), (-144, 756, 846), (-108, 738, 810), (-72, 684, 738), (-54, 666, 702), (-90, 684, 756), (-108, 720, 792), (-90, 720, 792), (-108, 702, 828), (-90, 702, 828), (-72, 702, 774), (-90, 702, 756), (-108, 738, 810), (-126, 738, 738), (-72, 702, 720), (-72, 702, 774), (-108, 738, 846), (-90, 720, 810), (-90, 702, 738), (-90, 702, 720), (-90, 720, 828)]	(9441, 10599, 9450, 9869, 11738, 9867, 9862, 7800, 5720, 8320, 8244, 8710, 5426, 7986, 8287, 8315, 13721, 20028, 14642, 8857, 15844, 13897, 12466, 2085)
m	978681	(756, 104)	[(-72, 702, 756), (-126, 702, 828), (-144, 720, 882), (-54, 684, 846), (-54, 630, 846), (-18, 630, 774), (-54, 702, 792), (-126, 774, 756), (-108, 774, 666), (-108, 720, 774), (-126, 702, 828), (-126, 792, 774), (36, 738, 720), (18, 702, 756), (54, 720, 702), (18, 738, 720), (-36, 774, 720), (-72, 792, 756), (-72, 774, 774), (-54, 756, 684), (0, 720, 630), (-36, 756, 720), (-54, 756, 702), (-36, 774, 666), (-90, 810, 648)]	(9461, 10680, 9605, 9879, 11698, 9736, 9828, 7026, 5399, 8391, 7744, 8198, 5064, 7562, 8706, 7861, 13857, 20295, 14752, 8880, 16011, 14240, 12746, 2080)
d	980060	(661, 317)	[(-144, 684, 792), (-180, 720, 774), (-144, 720, 810), (-72, 684, 666), (-108, 720, 702), (-144, 684, 882), (-144, 648, 954), (-72, 648, 882), (-108, 648, 900), (-72, 666, 828), (-54, 648, 738), (-90, 666, 756), (-126, 684, 846), (-90, 702, 864), (-90, 684, 774), (-90, 666, 756), (-90, 684, 792), (-72, 684, 810), (-108, 684, 810), (-72, 684, 774), (-72, 666, 810), (-90, 684, 810), (-126, 684, 864), (-90, 684, 756), (-72, 666, 756)]	(9459, 10635, 9479, 9853, 11716, 9889, 10486, 8056, 5712, 8183, 8776, 7776, 5472, 8434, 8307, 9144, 14464, 20032, 14525, 8897, 15766, 14100, 12554, 2069)
u	981648	(595, 177)	[(-144, 792, 756), (-162, 810, 684), (18, 774, 612), (18, 756, 630), (-18, 756, 720), (-36, 774, 810), (18, 720, 756), (36, 720, 792), (0, 756, 720), (0, 756, 666), (-54, 774, 756), (-72, 810, 756), (-72, 774, 720), (-36, 756, 720), (-18, 756, 720), (-54, 792, 684), (-36, 756, 666), (-36, 738, 648), (-36, 756, 738), (-54, 792, 864), (-72, 792, 738), (-54, 792, 702), (-36, 774, 720), (-36, 774, 648), (-54, 810, 594)]	(9478, 10734, 9653, 9904, 11715, 9797, 9708, 7086, 4934, 8463, 7600, 7175, 5086, 7846, 8630, 8215, 14014, 20187, 14793, 8881, 15987, 14203, 12683, 2084)
v	983177	(742, 249)	[(-72, 648, 828), (18, 612, 810), (-18, 630, 864), (-72, 684, 864), (-90, 702, 828), (-72, 666, 810), (-108, 702, 810), (-126, 720, 756), (-72, 684, 774), (-54, 666, 810), (-72, 684, 828), (-54, 666, 846), (-36, 666, 756), (-54, 648, 810), (-108, 720, 846), (-108, 702, 774), (-54, 702, 756), (-72, 702, 792), (-36, 702, 810), (-54, 666, 792), (-36, 666, 774), (-72, 684, 828), (-90, 702, 828), (-72, 720, 756), (-72, 684, 720)]	(9464, 10709, 9495, 9872, 11718, 9833, 10526, 7972, 5378, 8379, 8291, 7472, 5364, 8387, 8504, 9370, 14327, 20129, 14647, 8899, 15895, 14156, 12655, 2078)
f	984611	(671, 306)	[(-180, 720, 936), (-144, 702, 810), (-72, 684, 756), (-54, 648, 774), (-72, 666, 864), (-54, 666, 864), (-54, 648, 846), (-54, 630, 846), (-36, 648, 774), (-72, 684, 792), (-90, 702, 828), (-54, 666, 810), (-72, 666, 774), (-54, 684, 792), (-54, 648, 828), (-54, 666, 792), (0, 648, 792), (-90, 684, 846), (-90, 702, 828), (-54, 684, 774), (-72, 666, 774), (-90, 720, 882), (-90, 720, 864), (-54, 648, 720)]	(9470, 10705, 9474, 9878, 11747, 9833, 10549, 7613, 5353, 8296, 8306, 7171, 5546, 8297, 8365, 9309, 14239, 20077, 14631, 8894, 15960, 14209, 12597, 2071)
i	985922	(584, 136)	[(-36, 648, 792), (-36, 684, 846), (-36, 648, 990), (-90, 630, 972), (-234, 846, 594), (-36, 882, 522), (54, 702, 756), (54, 702, 900), (36, 738, 792), (18, 738, 612), (-54, 882, 432), (-90, 864, 576), (-72, 810, 810), (18, 774, 738), (18, 774, 684), (18, 810, 684), (-18, 828, 630), (0, 810, 648), (18, 792, 702), (0, 828, 738), (-54, 828, 720), (-36, 810, 612), (0, 792, 558), (-36, 810, 558), (-36, 846, 684)]	(9491, 10790, 9729, 9925, 11691, 9793, 8914, 6696, 5035, 8160, 7241, 7020, 4975, 7620, 8602, 7867, 13836, 20270, 14955, 8891, 16112, 14310, 12775, 2083)
z	987410	(742, 388)	[(-342, 774, 828), (-378, 738, 810), (-234, 684, 774), (-216, 684, 792), (-252, 702, 792), (-162, 648, 864), (-162, 612, 918), (-198, 666, 882), (-144, 630, 900), (-90, 630, 792), (-108, 684, 702), (-162, 666, 774), (-162, 666, 810), (-126, 648, 828), (-126, 648, 864), (-108, 630, 828), (-126, 648, 810), (-162, 666, 846), (-162, 666, 846), (-108, 648, 774), (-126, 648, 846), (-126, 648, 882), (-72, 630, 792), (-72, 648, 720), (-144, 684, 882)]	(9426, 10543, 9410, 9852, 11695, 9834, 9611, 7472, 6155, 7836, 7889, 8952, 5797, 9055, 7896, 7866, 13850, 19915, 14680, 8873, 15789, 13867, 12327, 2081)
i	988791	(582, 123)	[(-108, 702, 828), (-216, 720, 792), (-270, 774, 648), (-108, 882, 522), (90, 702, 720), (126, 666, 846), (126, 630, 918), (90, 684, 756), (18, 756, 702), (-54, 792, 774), (-90, 792, 792), (36, 774, 684), (18, 756, 648), (0, 774, 792), (0, 774, 810), (72, 774, 702), (108, 756, 594), (72, 756, 630), (0, 774, 756), (0, 792, 720), (36, 792, 702), (-18, 810, 702), (-72, 846, 720), (-36, 828, 648), (72, 774, 612)]	(9458, 10822, 9636, 9926, 11671, 9773, 9083, 7000, 5220, 7705, 6935, 7696, 4986, 7989, 8221, 7360, 13074, 20225, 15048, 8855, 16192, 14178, 12725, 2080)
b	990371	(754, 210)	[(18, 648, 828), (18, 666, 828), (-36, 630, 846), (-90, 684, 864), (-90, 702, 810), (-54, 684, 756), (-36, 684, 756), (-36, 702, 792), (-54, 702, 846), (-36, 684, 828), (0, 666, 810), (-36, 666, 810), (-36, 702, 828), (-36, 702, 756), (0, 702, 720), (-36, 720, 720), (-54, 738, 810), (-36, 720, 846), (36, 684, 774), (18, 684, 738), (36, 684, 810), (-36, 720, 828), (18, 702, 756), (18, 702, 684), (-54, 720, 792)]	(9446, 10598, 9351, 9832, 11673, 9753, 9970, 7315, 5459, 7726, 8130, 8638, 5360, 8391, 8125, 8281, 13005, 20012, 14671, 8821, 15804, 13731, 12472, 2083)
w	991660	(595, 397)	[(-36, 702, 720), (-54, 684, 774), (18, 666, 792), (-54, 666, 810), (-108, 666, 846), (-126, 630, 936), (-144, 648, 900), (-36, 648, 810), (-72, 666, 774), (-126, 702, 810), (-126, 702, 810), (-108, 684, 792), (-54, 666, 774), (-72, 666, 810), (-72, 684, 846), (-54, 648, 828), (-54, 648, 810), (-108, 702, 810), (-72, 666, 828), (-36, 648, 774), (-54, 666, 810), (-54, 684, 864), (-54, 684, 810), (-72, 702, 774), (-90, 684, 774)]	(9447, 10596, 9434, 9866, 11677, 9850, 10219, 7702, 5569, 7982, 8204, 8682, 5446, 8872, 8215, 8386, 13849, 20022, 14642, 8860, 15791, 13760, 12487, 2085)
u	992985	(594, 178)	[(-108, 702, 738), (-108, 720, 648), (-144, 774, 666), (-198, 792, 702), (-90, 774, 738), (54, 792, 720), (108, 774, 612), (180, 702, 630), (162, 702, 774), (90, 756, 864), (18, 792, 828), (-36, 792, 720), (-54, 828, 576), (-54, 846, 594), (-36, 828, 648), (-18, 792, 738), (-36, 810, 684), (36, 792, 648), (72, 756, 666), (36, 774, 738), (-54, 846, 738), (-72, 828, 666), (18, 792, 612), (18, 810, 630), (-36, 828, 738)]	(9452, 10691, 9329, 9886, 11699, 9756, 9782, 7101, 5282, 8026, 7617, 8250, 5009, 7671, 8253, 7766, 12000, 20178, 14868, 8812, 16046, 13748, 12527, 2083)
x	994430	(738, 345)	[(-108, 702, 720), (-126, 774, 684), (-162, 756, 774), (-180, 684, 810), (-144, 630, 774), (-234, 666, 828), (-234, 684, 900), (-108, 666, 828), (-72, 666, 774), (-144, 702, 792), (-162, 684, 792), (-126, 648, 756), (-144, 684, 828), (-126, 702, 864), (-126, 684, 792), (-126, 666, 702), (-126, 702, 828), (-162, 684, 846), (-126, 684, 792), (-144, 702, 810), (-126, 684, 810), (-90, 666, 774), (-108, 684, 792), (-126, 684, 846), (-126, 666, 792)]	(9438, 10471, 9257, 9769, 11659, 9602, 9298, 7361, 5515, 8177, 8016, 9165, 5440, 8850, 8280, 7884, 13360, 19953, 14445, 8816, 15593, 13591, 12370, 2073)
b	995807	(750, 193)	[(-72, 666, 828), (-54, 648, 828), (-54, 666, 810), (-72, 666, 810), (-90, 702, 846), (-90, 720, 792), (-54, 684, 738), (-54, 684, 720), (-72, 702, 810), (-90, 702, 846), (-90, 702, 810), (-90, 738, 810), (-90, 720, 846), (-72, 702, 774), (-36, 702, 684), (-54, 702, 774), (-72, 720, 810), (-90, 738, 792), (-54, 720, 810), (-36, 702, 828), (0, 702, 738), (-36, 738, 648), (-54, 720, 702), (-108, 774, 810), (-90, 774, 810)]	(9454, 10562, 9416, 9843, 11672, 9748, 9846, 7519, 5853, 8101, 7853, 8284, 5469, 8386, 8413, 8219, 13324, 20070, 14645, 8835, 15788, 13725, 12543, 2086)
t	997342	(591, 260)	[(-108, 756, 774), (-90, 738, 720), (-72, 738, 720), (-54, 738, 702), (-54, 720, 774), (-72, 720, 792), (-54, 720, 756), (-36, 720, 720), (-54, 720, 720), (-108, 756, 810), (-108, 738, 828), (-72, 720, 774), (-36, 702, 684), (-54, 720, 774), (-54, 720, 846), (0, 702, 756), (-18, 702, 738), (-54, 756, 810), (-72, 756, 774), (-72, 738, 702), (-54, 738, 720), (-90, 756, 792), (-72, 756, 792), (-36, 720, 720), (-36, 720, 684)]	(9444, 10619, 9495, 9891, 11691, 9710, 10169, 7563, 5644, 7879, 7866, 8196, 5367, 8371, 8179, 8218, 12676, 20046, 14747, 8813, 15894, 13722, 12496, 2077)
p	998704	(578, 34)	[(-36, 684, 810), (54, 612, 810), (18, 630, 846), (-126, 738, 900), (-270, 828, 756), (-342, 918, 486), (-216, 1008, 342), (-90, 936, 432), (-36, 828, 576), (36, 756, 756), (72, 720, 720), (36, 738, 612), (-90, 846, 612), (-234, 990, 720), (-162, 882, 594), (-72, 792, 612), (-108, 810, 648), (-90, 900, 576), (-54, 882, 540), (-36, 828, 540), (-108, 882, 612), (-198, 918, 648), (-180, 918, 558), (-108, 846, 450), (-126, 900, 630)]	(9450, 10738, 9618, 9869, 11672, 9625, 9002, 7092, 5048, 7935, 7021, 7855, 5002, 7508, 8700, 7417, 12340, 20505, 15264, 8839, 16165, 13829, 12736, 2094)
a	1000084	(668, 436)	[(-36, 648, 918), (36, 612, 810), (-108, 576, 774), (-180, 612, 900), (-198, 612, 864), (-108, 648, 846), (-162, 630, 936), (-180, 648, 882), (-126, 648, 810), (-108, 612, 756), (-144, 666, 810), (-162, 648, 846), (-144, 630, 864), (-126, 612, 792), (-72, 612, 774), (-144, 630, 918), (-162, 630, 918), (-126, 630, 828), (-108, 630, 792), (-144, 648, 828), (-144, 630, 846), (-126, 630, 846), (-126, 612, 882), (-126, 612, 900), (-72, 594, 828)]	(9447, 10512, 9395, 9831, 11635, 9734, 9477, 7783, 5674, 8077, 8058, 8858, 5649, 9143, 8361, 8218, 14432, 20015, 14578, 8868, 15731, 13800, 12469, 2086)
d	1001669	(677, 328)	[(-90, 630, 864), (-36, 630, 810), (-54, 648, 828), (-54, 666, 792), (-72, 648, 774), (-90, 684, 846), (-126, 684, 864), (-90, 666, 810), (-36, 648, 792), (-36, 648, 810), (-72, 666, 846), (-72, 666, 810), (-36, 648, 792), (-72, 666, 792), (-90, 684, 864), (-108, 684, 846), (-54, 666, 774), (-72, 684, 846), (-72, 684, 864), (-72, 666, 810), (-72, 684, 738), (-36, 666, 792), (-72, 666, 846), (-90, 666, 846), (-54, 666, 774)]	(9445, 10588, 9445, 9891, 11662, 9805, 10385, 7928, 5667, 8016, 8258, 8541, 5481, 8659, 8382, 8334, 13989, 20007, 14663, 8862, 15793, 13772, 12456, 2092)
j	1003051	(678, 157)	[(-54, 630, 918), (-162, 576, 918), (-252, 684, 720), (-288, 846, 540), (-126, 990, 378), (54, 774, 666), (72, 666, 936), (90, 684, 864), (18, 738, 774), (-36, 810, 720), (-36, 774, 684), (-54, 756, 666), (-90, 756, 648), (-126, 810, 738), (-54, 792, 756), (0, 738, 666), (36, 720, 666), (-18, 738, 792), (-72, 810, 774), (-54, 756, 756), (-54, 738, 756), (-108, 792, 720), (-72, 792, 702), (-54, 756, 684), (-36, 774, 666)]	(9445, 10668, 9534, 9857, 11684, 9718, 10076, 7406, 5265, 8122, 7497, 7858, 5026, 7672, 8432, 7974, 12364, 20168, 14820, 8826, 16035, 13786, 12553, 2085)
o	1004478	(592, 77)	[(-216, 738, 630), (-252, 882, 666), (-54, 846, 702), (18, 738, 666), (0, 738, 720), (36, 774, 846), (-18, 774, 666), (-90, 810, 666), (-108, 756, 738), (-126, 792, 702), (-108, 846, 666), (-90, 810, 666), (-54, 774, 756), (0, 738, 720), (0, 810, 666), (-18, 810, 612), (0, 810, 666), (-18, 792, 684), (-54, 792, 738), (-90, 810, 774), (-90, 828, 648), (-36, 810, 612), (-90, 828, 666), (-90, 828, 756), (-72, 810, 738)]	(9472, 10819, 9775, 9987, 11682, 9754, 9532, 6959, 5301, 8111, 6958, 7606, 5060, 7737, 8723, 7562, 12775, 20486, 15279, 8860, 16258, 14069, 12808, 2090)
x	1005909	(762, 348)	[(-90, 684, 630), (-90, 702, 864), (-144, 666, 846), (-126, 666, 846), (-108, 666, 846), (-108, 630, 846), (-108, 630, 828), (-90, 648, 792), (-90, 630, 846), (-108, 666, 864), (-108, 648, 810), (-72, 648, 792), (-108, 648, 810), (-108, 666, 846), (-126, 666, 810), (-108, 684, 846), (-126, 630, 918), (-72, 612, 792), (18, 684, 702), (-90, 684, 810), (-126, 648, 900), (-108, 666, 846), (-108, 666, 810), (-108, 666, 810), (-72, 630, 810)]	(9427, 10374, 9324, 9744, 11610, 9667, 7942, 7162, 5993, 7950, 7753, 9171, 5720, 8756, 8246, 7806, 13313, 19922, 14428, 8810, 15569, 13580, 12350, 2089)
y	1007197	(608, 218)	[(-90, 648, 828), (-54, 630, 828), (-54, 630, 882), (-54, 666, 918), (-36, 666, 900), (72, 630, 792), (90, 594, 828), (-72, 684, 756), (-144, 792, 612), (-36, 846, 594), (36, 792, 666), (-36, 774, 666), (-54, 774, 702), (18, 756, 738), (0, 720, 738), (-72, 774, 810), (-36, 738, 792), (54, 720, 684), (36, 702, 756), (-36, 756, 882), (-72, 756, 810), (0, 756, 666), (0, 738, 666), (-54, 756, 756), (-54, 756, 774)]	(9455, 10657, 9575, 9875, 11676, 9721, 10163, 7105, 5378, 7801, 7786, 7789, 5128, 8171, 8358, 7901, 13009, 20160, 14783, 8848, 16039, 13944, 12612, 2085)
l	1008577	(665, 66)	[(-18, 666, 756), (-36, 684, 738), (-126, 702, 810), (-126, 846, 792), (18, 792, 756), (72, 684, 756), (108, 666, 702), (18, 738, 666), (-54, 756, 702), (-90, 792, 810), (-126, 810, 846), (-36, 702, 720), (0, 738, 648), (18, 756, 720), (18, 720, 792), (18, 720, 738), (-36, 774, 648), (-72, 810, 702), (-54, 792, 648), (-36, 738, 666), (-36, 738, 702), (-108, 828, 810), (-90, 792, 846), (-36, 720, 720), (18, 720, 666)]	(9461, 10773, 9767, 9954, 11648, 9733, 10030, 7071, 5240, 7842, 7701, 8082, 5129, 8090, 8705, 8021, 13387, 20412, 15019, 8868, 16242, 14152, 12843, 2089)
e	1010260	(580, 358)	[(-54, 702, 756), (-126, 738, 774), (-108, 720, 810), (-54, 684, 792), (0, 648, 774), (-54, 702, 774), (-90, 684, 864), (-126, 684, 846), (-90, 684, 810), (-108, 684, 810), (-72, 684, 810), (-90, 684, 792), (-90, 702, 828), (-90, 684, 738), (-72, 702, 774), (-108, 702, 864), (-90, 684, 828), (-54, 666, 792), (0, 666, 720), (-72, 702, 756), (-126, 720, 882), (-90, 666, 864), (-54, 684, 756), (-72, 684, 774), (-90, 702, 846)]	(9421, 10584, 9377, 9861, 11659, 9793, 10042, 7443, 5514, 7863, 8145, 8320, 5331, 8379, 8212, 8439, 12769, 19993, 14626, 8806, 15813, 13676, 12422, 2078)
o	1011536	(593, 55)	[(-90, 666, 936), (-90, 648, 918), (-198, 738, 738), (0, 774, 630), (108, 666, 720), (18, 612, 864), (-54, 702, 900), (-90, 720, 810), (-144, 774, 684), (-180, 900, 504), (-144, 882, 612), (-126, 774, 792), (-54, 720, 720), (-54, 756, 648), (-72, 792, 648), (-108, 828, 720), (-90, 846, 738), (-72, 792, 684), (-18, 756, 702), (-90, 792, 666), (-72, 792, 630), (-90, 810, 666), (-144, 828, 720), (-108, 846, 720), (-90, 828, 684)]	(9467, 10814, 9789, 9943, 11675, 9737, 9428, 7136, 5024, 8051, 7091, 7878, 4995, 8271, 8660, 7570, 13238, 20394, 15317, 8872, 16231, 14079, 12781, 2100)
