Please hold the phone in both hands. At each letter you will be instructed which thumb to use
right	y	1024836	(582, 214)	[(18, 666, 936), (-54, 684, 846), (72, 684, 918), (90, 702, 756), (108, 666, 774), (72, 666, 810), (90, 648, 774), (90, 720, 900), (54, 684, 774), (36, 666, 756), (18, 666, 774), (90, 738, 756), (54, 756, 828), (36, 756, 792), (0, 702, 702), (54, 720, 630), (54, 702, 720), (36, 720, 792), (18, 720, 810), (36, 720, 810), (18, 720, 774), (36, 720, 774), (54, 738, 774), (36, 702, 792), (36, 702, 792)]	(9472, 11499, 9629, 10207, 11811, 10685, 4484, 9607, 6335, 7076, 6580, 6933, 4611, 7385, 7314, 7752, 13227, 19989, 14788, 9110, 16635, 14676, 12630, 2057)
left	f	1026837	(675, 292)	[(18, 720, 756), (54, 720, 792), (18, 738, 828), (18, 720, 774), (54, 702, 738), (54, 738, 738), (18, 738, 756), (18, 720, 774), (36, 720, 792), (36, 720, 774), (18, 720, 774), (18, 702, 774), (36, 720, 756), (54, 720, 774), (36, 720, 792), (18, 702, 774), (36, 702, 774), (36, 720, 810), (36, 720, 792), (54, 720, 756), (36, 720, 756), (36, 720, 756), (36, 738, 774), (0, 702, 792), (36, 720, 810)]	(9474, 10864, 9668, 10252, 11885, 10719, 4660, 10012, 7729, 7122, 6398, 6930, 5440, 7546, 7346, 7578, 13363, 19860, 14583, 9024, 16351, 14412, 12574, 2069)
right	d	1028580	(661, 328)	[(-72, 756, 738), (-90, 738, 684), (-72, 738, 684), (-54, 756, 738), (-54, 756, 738), (-72, 756, 756), (-72, 756, 774), (-90, 774, 774), (-90, 756, 720), (-72, 738, 702), (-72, 756, 738), (-54, 774, 774), (-72, 756, 756), (-72, 756, 738), (-54, 756, 720), (-72, 738, 774), (-54, 756, 738), (-54, 774, 756), (-54, 738, 738), (-72, 756, 720), (-54, 756, 720), (-54, 774, 774), (-54, 774, 774), (-90, 738, 738), (-72, 738, 702)]	(9451, 10857, 9601, 10285, 11840, 10525, 4701, 11534, 8539, 7127, 6955, 7324, 6015, 8212, 7403, 7936, 13522, 19828, 14422, 8949, 15903, 14017, 12485, 2062)
left	n	1030639	(744, 156)	[(0, 720, 774), (-54, 738, 774), (0, 738, 738), (18, 756, 774), (36, 792, 738), (36, 756, 738), (36, 756, 684), (36, 774, 702), (54, 774, 756), (36, 756, 774), (18, 738, 756), (18, 756, 738), (36, 774, 702), (54, 756, 720), (36, 774, 720), (18, 774, 720), (54, 774, 738), (18, 774, 702), (36, 756, 756), (54, 756, 738), (36, 756, 702), (36, 774, 756), (18, 756, 774), (36, 756, 702), (54, 774, 720)]	(9498, 10836, 9683, 10360, 12040, 10828, 4726, 9141, 7551, 7180, 6451, 7032, 6790, 7538, 7348, 7468, 13156, 19792, 14427, 8926, 16022, 14184, 12515, 2054)
left	j	1032437	(668, 140)	[(18, 720, 756), (18, 720, 738), (18, 738, 792), (18, 738, 792), (18, 720, 792), (0, 720, 774), (-36, 738, 792), (-90, 720, 828), (0, 720, 738), (72, 738, 720), (54, 774, 774), (54, 774, 738), (36, 756, 702), (36, 774, 684), (72, 774, 702), (72, 756, 738), (36, 756, 756), (72, 774, 684), (54, 774, 720), (72, 774, 738), (36, 738, 720), (54, 756, 720), (54, 756, 738), (54, 792, 738), (54, 792, 756)]	(9502, 10857, 9681, 10345, 11993, 10790, 4788, 9869, 6841, 7089, 6298, 6940, 7188, 8083, 7378, 7443, 13429, 19775, 14418, 8910, 16054, 14100, 12577, 2054)
left	a	1034018	(652, 443)	[(-90, 720, 792), (-72, 684, 756), (-108, 666, 774), (-90, 702, 792), (-90, 738, 774), (-90, 702, 810), (-90, 684, 810), (-108, 702, 792), (-108, 702, 774), (-90, 702, 738), (-72, 720, 756), (-90, 720, 756), (-72, 702, 738), (-72, 720, 756), (-72, 684, 792), (-90, 702, 756), (-90, 720, 738), (-90, 720, 792), (-90, 684, 810), (-72, 684, 756), (-108, 684, 828), (-72, 702, 810), (-72, 684, 792), (-72, 702, 792), (-108, 666, 756)]	(9449, 10784, 9510, 10205, 11940, 10498, 4874, 12229, 6693, 7221, 6460, 7906, 6780, 9549, 7471, 7820, 13700, 19782, 14254, 8897, 15599, 13708, 12299, 2048)
left	e	1035445	(577, 369)	[(-36, 720, 738), (-36, 738, 756), (-54, 720, 774), (-54, 738, 774), (-72, 774, 702), (-36, 738, 756), (-36, 738, 756), (-18, 774, 684), (0, 756, 702), (-36, 756, 738), (-36, 756, 756), (-36, 774, 774), (-54, 756, 738), (-36, 756, 702), (0, 756, 738), (0, 756, 738), (-18, 756, 720), (0, 774, 720), (36, 774, 738), (0, 756, 738), (-18, 774, 702), (0, 774, 702), (-36, 756, 738), (0, 756, 720), (18, 774, 684)]	(9465, 10853, 9595, 10273, 11983, 10755, 4699, 12541, 7016, 7205, 6671, 7803, 7564, 9405, 7483, 7726, 13735, 19781, 14320, 8923, 15804, 13777, 12369, 2050)
right	x	1037078	(736, 326)	[(-54, 756, 684), (-90, 774, 720), (-72, 756, 774), (-36, 738, 828), (-18, 738, 774), (-54, 720, 756), (-90, 720, 720), (-90, 738, 756), (-72, 738, 792), (-54, 738, 756), (-36, 738, 756), (-72, 738, 774), (-54, 738, 720), (-72, 756, 774), (-36, 720, 738), (-36, 738, 720), (-54, 756, 756), (-72, 756, 774), (-72, 756, 774), (-54, 738, 756), (-54, 720, 738), (-54, 756, 720), (-72, 756, 774), (-108, 738, 756), (-54, 738, 738)]	(9437, 10810, 9515, 10195, 11871, 10585, 5030, 12480, 7315, 7183, 6731, 7877, 7128, 9566, 7523, 7851, 13743, 19802, 14299, 8904, 15684, 13703, 12321, 2053)
right	n	1039270	(716, 143)	[(0, 774, 720), (18, 756, 720), (18, 756, 720), (36, 756, 720), (18, 774, 738), (36, 774, 720), (36, 756, 702), (18, 756, 738), (18, 774, 792), (54, 792, 720), (0, 738, 702), (0, 756, 810), (0, 738, 756), (0, 720, 774), (0, 738, 720), (0, 738, 720), (18, 738, 774), (0, 738, 756), (18, 738, 738), (18, 738, 720), (18, 738, 738), (-36, 738, 792), (0, 738, 774), (-36, 756, 738), (36, 738, 774)]	(9500, 10956, 9570, 10230, 11897, 10527, 4731, 10759, 5386, 7082, 6370, 6940, 7601, 9330, 7448, 7486, 13560, 19750, 14236, 8879, 15722, 13727, 12356, 2050)
right	g	1040960	(672, 237)	[(-36, 720, 756), (-54, 720, 756), (-36, 738, 738), (0, 738, 738), (0, 720, 774), (0, 720, 738), (-36, 720, 756), (-72, 738, 774), (-36, 738, 738), (-36, 738, 774), (0, 756, 756), (-36, 720, 756), (-36, 720, 738), (-54, 738, 774), (-72, 756, 774), (-72, 738, 774), (-54, 738, 756), (-54, 738, 756), (-72, 756, 756), (-72, 720, 792), (-72, 720, 756), (-54, 738, 774), (-54, 720, 774), (-54, 720, 756), (-72, 738, 738)]	(9465, 10984, 9625, 10238, 11835, 10414, 5015, 12277, 6724, 7175, 6619, 7616, 8113, 10341, 7552, 7950, 13974, 19832, 14324, 8922, 15663, 13756, 12365, 2052)
right	a	1042566	(653, 419)	[(-144, 720, 756), (-144, 702, 756), (-54, 720, 810), (-54, 738, 756), (-72, 720, 720), (-90, 702, 774), (-90, 738, 756), (-72, 738, 756), (-126, 738, 774), (-108, 738, 738), (-126, 738, 666), (-126, 774, 720), (-108, 756, 792), (-108, 738, 792), (-108, 738, 702), (-90, 756, 720), (-162, 792, 720), (-198, 774, 756), (-126, 774, 702), (-126, 774, 666), (-126, 774, 702), (-126, 774, 720), (-162, 756, 756), (-108, 774, 684), (-144, 756, 702)]	(9422, 10905, 9574, 10100, 11728, 9964, 4915, 11823, 7265, 7057, 6585, 7511, 6641, 9445, 7481, 8060, 13599, 19801, 14300, 8932, 15607, 13798, 12293, 2053)
left	p	1044555	(589, 26)	[(-54, 738, 774), (-36, 720, 792), (-54, 738, 666), (54, 810, 756), (36, 810, 720), (54, 810, 720), (126, 846, 648), (144, 864, 486), (162, 864, 504), (126, 828, 504), (144, 846, 558), (108, 828, 612), (126, 864, 630), (144, 900, 630), (144, 864, 612), (144, 846, 540), (198, 882, 540), (180, 864, 522), (144, 864, 576), (126, 864, 630), (126, 864, 630), (108, 900, 576), (126, 864, 558), (180, 864, 468), (180, 882, 486)]	(9534, 10812, 9587, 10193, 11933, 10196, 4708, 8642, 5980, 7043, 6132, 6743, 7404, 7142, 7319, 7117, 12536, 19779, 14734, 8855, 16232, 13873, 12692, 2050)
right	h	1046267	(654, 178)	[(-54, 738, 756), (-54, 738, 756), (-54, 756, 738), (-54, 756, 756), (-54, 756, 738), (-54, 756, 720), (-36, 756, 702), (-54, 756, 702), (-54, 756, 756), (-54, 774, 792), (-36, 738, 720), (-36, 756, 738), (-36, 756, 756), (-72, 756, 720), (-36, 756, 720), (-54, 756, 756), (-54, 756, 738), (-54, 738, 738), (-54, 738, 720), (-36, 738, 738), (-36, 756, 774), (-36, 756, 756), (-54, 756, 702), (-54, 738, 738), (-54, 756, 738)]	(9488, 10853, 9529, 10164, 12123, 10156, 5061, 12621, 6032, 7250, 6540, 8015, 8471, 10484, 7591, 7325, 13848, 19824, 14238, 8840, 15632, 13483, 12505, 2068)
left	m	1048324	(735, 121)	[(36, 720, 810), (18, 720, 810), (18, 702, 792), (18, 720, 756), (36, 702, 774), (36, 720, 810), (18, 702, 792), (36, 720, 756), (36, 702, 792), (18, 702, 792), (-54, 702, 756), (0, 738, 738), (36, 738, 792), (36, 702, 792), (18, 738, 756), (36, 756, 738), (54, 738, 738), (36, 774, 738), (54, 774, 720), (54, 756, 738), (72, 756, 738), (18, 756, 738), (36, 756, 738), (0, 792, 738), (90, 738, 756)]	(9487, 10892, 9652, 10327, 12011, 10220, 4960, 11856, 6178, 7129, 6230, 7287, 8598, 7370, 7460, 7309, 13115, 19904, 14339, 8862, 15874, 13566, 12815, 2061)
right	a	1049957	(661, 426)	[(-180, 738, 702), (-198, 738, 756), (-162, 738, 738), (-90, 720, 738), (-108, 738, 756), (-108, 738, 810), (-108, 738, 756), (-90, 738, 720), (-72, 738, 738), (-108, 738, 774), (-126, 738, 720), (-108, 738, 720), (-108, 720, 738), (-144, 756, 756), (-162, 792, 720), (-180, 774, 684), (-180, 756, 684), (-162, 756, 684), (-270, 810, 612), (-198, 810, 684), (-162, 774, 774), (-144, 792, 774), (-180, 792, 720), (-234, 756, 630), (-198, 792, 648)]	(9475, 10627, 9488, 10034, 11768, 9733, 4910, 12830, 6656, 7191, 6407, 10465, 8436, 9731, 7530, 7367, 13331, 19772, 14227, 8811, 15500, 13491, 12298, 2060)
left	l	1051518	(650, 68)	[(-90, 756, 756), (-90, 702, 810), (-72, 684, 774), (-126, 702, 720), (-72, 774, 702), (72, 846, 648), (144, 864, 630), (108, 846, 648), (108, 792, 702), (72, 738, 684), (54, 792, 702), (18, 846, 684), (36, 828, 738), (72, 774, 702), (54, 774, 684), (72, 792, 702), (72, 810, 666), (72, 774, 702), (72, 792, 684), (54, 828, 684), (54, 810, 720), (72, 774, 702), (72, 810, 720), (54, 810, 720), (90, 810, 648)]	(9532, 10886, 9693, 10285, 12161, 9846, 5148, 10191, 6000, 7129, 6171, 7260, 9221, 6588, 7470, 7194, 12577, 19935, 14336, 8831, 15909, 13536, 12828, 2034)
right	n	1053107	(737, 141)	[(-72, 702, 792), (-54, 720, 774), (-18, 738, 774), (-36, 702, 756), (-54, 702, 720), (-36, 738, 792), (-36, 720, 810), (-36, 702, 774), (0, 702, 738), (-54, 720, 738), (-36, 720, 774), (-36, 738, 792), (-36, 720, 792), (-54, 702, 792), (-54, 702, 756), (-36, 702, 810), (-54, 720, 792), (-54, 702, 738), (-54, 702, 756), (-18, 720, 810), (0, 720, 792), (-36, 720, 756), (-36, 720, 756), (-54, 738, 774), (-54, 684, 810)]	(9466, 11027, 9492, 10060, 11737, 9843, 5932, 10982, 5305, 7061, 6438, 7285, 9059, 6350, 7611, 7721, 11555, 20995, 14336, 8893, 15899, 13418, 12865, 2065)
right	q	1055411	(550, 451)	[(-144, 774, 720), (-162, 738, 738), (-162, 756, 720), (-198, 792, 702), (-216, 774, 702), (-198, 756, 666), (-198, 774, 702), (-180, 756, 756), (-162, 756, 720), (-144, 756, 792), (-180, 756, 792), (-144, 720, 666), (-126, 756, 684), (-180, 774, 756), (-144, 756, 756), (-180, 756, 702), (-180, 774, 702), (-198, 792, 666), (-216, 792, 666), (-252, 810, 558), (-252, 828, 648), (-198, 810, 666), (-198, 810, 648), (-198, 810, 684), (-306, 810, 666)]	(9423, 10677, 9556, 10048, 11583, 9645, 5168, 13354, 6694, 7163, 6667, 10154, 8680, 6486, 8538, 7205, 11699, 20868, 14288, 8797, 15504, 13396, 12538, 2071)
left	b	1057411	(739, 191)	[(-90, 720, 756), (-72, 720, 756), (-90, 720, 756), (-72, 738, 774), (-90, 738, 792), (-108, 720, 792), (-108, 738, 792), (18, 792, 702), (-36, 774, 738), (-54, 756, 702), (-72, 756, 720), (-72, 774, 738), (-54, 774, 738), (-72, 774, 738), (-54, 738, 738), (-54, 756, 738), (-54, 774, 720), (-36, 756, 702), (-54, 756, 684), (-90, 774, 738), (-54, 774, 738), (-54, 792, 720), (-54, 810, 720), (-54, 738, 720), (-36, 756, 702)]	(9603, 11012, 9480, 10030, 11650, 9770, 5834, 11268, 5463, 7055, 6337, 8200, 10330, 6467, 7594, 7349, 11756, 20036, 14255, 8783, 15670, 13421, 12712, 2059)
right	l	1059724	(679, 32)	[(54, 738, 756), (36, 720, 792), (54, 738, 792), (72, 702, 756), (54, 720, 738), (54, 738, 810), (72, 720, 810), (54, 720, 738), (18, 720, 738), (54, 720, 756), (54, 738, 828), (54, 720, 792), (36, 702, 720), (54, 738, 738), (72, 738, 774), (54, 720, 792), (36, 702, 774), (54, 720, 756), (54, 738, 792), (54, 738, 756), (36, 720, 756), (54, 720, 774), (54, 720, 792), (18, 702, 774), (36, 738, 774)]	(9428, 10989, 9480, 10124, 11611, 9741, 7024, 12532, 5340, 7063, 6768, 8320, 9180, 6430, 7720, 7626, 11809, 20610, 14348, 8866, 15853, 13487, 12970, 2071)
right	q	1061318	(580, 453)	[(-108, 702, 738), (18, 648, 720), (-252, 846, 702), (-162, 810, 720), (-126, 702, 774), (-108, 738, 774), (-54, 738, 792), (18, 738, 756), (-72, 720, 720), (-144, 738, 756), (-216, 792, 720), (-216, 810, 648), (-216, 792, 666), (-216, 792, 648), (-252, 792, 702), (-162, 756, 720), (-162, 810, 702), (-216, 810, 684), (-234, 792, 684), (-252, 810, 630), (-270, 810, 630), (-198, 774, 666), (-126, 810, 738), (-180, 810, 720), (-288, 774, 612)]	(9480, 10870, 9513, 10081, 11620, 9801, 5760, 12899, 6493, 7121, 6593, 10380, 9516, 6305, 7850, 7310, 11362, 21075, 14297, 8803, 15547, 13401, 2072, 65535)
left	r	1063176	(581, 291)	[(-72, 738, 756), (-90, 756, 720), (-90, 756, 756), (-72, 756, 756), (-90, 756, 738), (-54, 756, 720), (-72, 738, 738), (-108, 756, 774), (-108, 756, 738), (-72, 756, 738), (-90, 774, 720), (-72, 756, 720), (-54, 774, 738), (-36, 774, 702), (-54, 774, 702), (-90, 774, 738), (-54, 774, 756), (-54, 756, 720), (-72, 774, 684), (-72, 792, 720), (-72, 774, 738), (-90, 756, 756), (-90, 774, 738), (-54, 792, 684), (-54, 738, 720)]	(9777, 10986, 9470, 10118, 11641, 9899, 6943, 12102, 5701, 7125, 6752, 9367, 10093, 7401, 7866, 7581, 12284, 20210, 14270, 8809, 15614, 13441, 12741, 2065)
right	t	1064904	(561, 264)	[(-72, 756, 738), (-72, 756, 720), (-72, 756, 756), (-54, 774, 738), (-54, 756, 756), (-54, 756, 756), (-54, 756, 702), (-54, 756, 720), (-90, 756, 774), (-72, 792, 720), (-72, 756, 720), (-72, 774, 702), (-72, 774, 720), (-72, 756, 720), (-72, 756, 720), (-90, 774, 702), (-72, 756, 702), (-36, 756, 738), (-72, 774, 738), (-90, 792, 756), (-126, 774, 666), (-90, 774, 738), (-54, 774, 738), (-90, 756, 720), (-72, 810, 702)]	(9757, 10928, 9433, 10080, 11610, 9914, 6884, 12346, 5952, 7179, 6731, 9806, 9774, 7524, 7768, 7626, 12180, 20100, 14279, 8804, 15604, 13432, 12634, 2065)
right	c	1066701	(753, 297)	[(-72, 756, 738), (-54, 756, 738), (-72, 756, 756), (-54, 738, 756), (-90, 738, 774), (-90, 738, 720), (-90, 738, 756), (-72, 756, 738), (-54, 738, 756), (-90, 738, 756), (-72, 738, 738), (-72, 738, 774), (-72, 738, 738), (-72, 738, 756), (-72, 756, 774), (-90, 756, 738), (-90, 738, 720), (-72, 756, 756), (-90, 756, 756), (-54, 738, 720), (-90, 720, 792), (-54, 756, 738), (-72, 774, 756), (-72, 738, 756), (-90, 738, 720)]	(9793, 10926, 9552, 10092, 11610, 9914, 6497, 12090, 5881, 7233, 6888, 9513, 10001, 7817, 7904, 7661, 12364, 20200, 14250, 8809, 15599, 13431, 12685, 2037)
right	l	1068135	(641, 49)	[(-108, 756, 756), (-144, 738, 774), (-72, 756, 774), (-72, 738, 792), (-90, 702, 792), (-72, 648, 774), (18, 684, 738), (54, 720, 774), (36, 684, 828), (54, 666, 828), (18, 684, 810), (54, 702, 792), (36, 684, 756), (18, 684, 774), (36, 684, 792), (18, 702, 846), (72, 684, 792), (18, 684, 774), (18, 666, 774), (0, 684, 864), (18, 684, 864), (18, 684, 846), (18, 684, 792), (-36, 684, 756), (36, 684, 774)]	(9577, 10895, 9523, 10112, 11571, 9798, 7712, 12249, 5932, 7184, 6702, 8283, 9380, 6777, 8105, 7755, 12272, 20643, 14284, 8854, 15691, 13484, 12896, 2058)
right	g	1069765	(642, 251)	[(0, 720, 774), (-36, 720, 756), (18, 756, 774), (0, 738, 756), (-36, 720, 774), (0, 720, 756), (0, 720, 756), (36, 738, 774), (18, 738, 738), (-18, 720, 738), (-36, 720, 792), (-90, 756, 810), (-54, 756, 738), (-90, 756, 738), (-90, 738, 738), (-108, 738, 738), (-108, 756, 756), (-90, 738, 738), (-72, 756, 756), (-72, 738, 756), (-54, 720, 756), (-72, 738, 738), (-90, 756, 774), (-90, 720, 756), (-90, 738, 720)]	(9681, 10914, 9531, 10101, 11593, 9953, 7021, 12131, 6065, 7203, 6880, 9342, 10209, 7484, 7977, 7944, 12256, 20313, 14239, 8820, 15573, 13427, 12693, 2060)
left	q	1071346	(586, 454)	[(-36, 738, 792), (-54, 756, 792), (-72, 702, 738), (-162, 738, 666), (-198, 756, 612), (-198, 774, 612), (-252, 810, 702), (-306, 810, 756), (-270, 792, 738), (-216, 792, 666), (-252, 774, 648), (-234, 756, 702), (-216, 774, 720), (-126, 792, 738), (-90, 756, 666), (-162, 738, 774), (-198, 738, 774), (-198, 774, 684), (-162, 738, 702), (-144, 702, 864), (-126, 738, 828), (-144, 756, 792), (-144, 738, 738), (-108, 720, 702), (-198, 720, 720)]	(9748, 10860, 9407, 10021, 11627, 9801, 5846, 11575, 5775, 7185, 6883, 10564, 10374, 6876, 7845, 7486, 12078, 20206, 14225, 8775, 15488, 13398, 12585, 2061)
left	u	1073130	(601, 166)	[(-36, 702, 792), (-72, 738, 792), (-54, 720, 774), (-72, 738, 756), (-90, 720, 792), (-126, 738, 792), (-72, 738, 774), (18, 738, 756), (36, 828, 720), (54, 828, 648), (72, 828, 648), (54, 810, 648), (72, 792, 630), (36, 810, 648), (-36, 810, 684), (36, 810, 774), (18, 792, 702), (36, 810, 702), (54, 810, 684), (36, 810, 648), (72, 828, 594), (54, 828, 666), (18, 810, 702), (0, 828, 666), (36, 846, 666)]	(9974, 11085, 9479, 10250, 11579, 9858, 7262, 11984, 5904, 7092, 6573, 8205, 10722, 6522, 7610, 7635, 11947, 20345, 14371, 8845, 15809, 13493, 13010, 2071)
left	d	1074842	(673, 334)	[(-180, 756, 810), (-126, 738, 738), (-144, 756, 666), (-162, 792, 666), (-162, 738, 738), (-162, 738, 738), (-144, 774, 756), (-162, 792, 684), (-126, 774, 666), (-90, 774, 702), (-90, 756, 720), (-90, 756, 738), (-126, 774, 756), (-144, 774, 738), (-126, 738, 702), (-144, 792, 720), (-108, 774, 720), (-126, 774, 720), (-90, 738, 702), (-108, 792, 702), (-126, 774, 756), (-108, 756, 756), (-126, 774, 702), (-126, 774, 702), (-126, 756, 738)]	(9938, 10842, 9475, 10030, 11586, 9805, 5904, 11762, 5934, 7089, 6856, 9941, 10352, 7227, 7986, 7621, 12282, 20191, 14215, 8795, 15528, 13411, 12642, 2078)
right	r	1076582	(580, 310)	[(-54, 756, 774), (-72, 756, 738), (-72, 774, 720), (-144, 756, 702), (-162, 756, 702), (-180, 792, 720), (-216, 810, 702), (-198, 792, 648), (-234, 846, 594), (-234, 828, 612), (-180, 810, 702), (-162, 792, 702), (-162, 828, 648), (-198, 828, 630), (-198, 810, 648), (-180, 810, 666), (-180, 810, 684), (-198, 828, 630), (-198, 810, 648), (-162, 846, 648), (-180, 828, 684), (-144, 810, 648), (-180, 810, 684), (-216, 828, 666), (-180, 828, 648)]	(9964, 10612, 9489, 10007, 11730, 9631, 5224, 12562, 6154, 7255, 6558, 10242, 10632, 9149, 7768, 7503, 11905, 19863, 14154, 8740, 15384, 13324, 12342, 2056)
right	h	1078288	(662, 185)	[(-54, 738, 738), (-54, 756, 774), (-54, 756, 774), (-54, 738, 720), (-54, 756, 756), (-54, 756, 738), (-54, 756, 738), (-54, 756, 756), (-72, 756, 792), (-54, 756, 738), (-36, 738, 702), (-36, 756, 738), (-54, 756, 738), (-72, 756, 774), (-54, 756, 756), (-72, 756, 738), (-72, 738, 738), (-54, 756, 720), (-72, 774, 756), (-54, 738, 756), (-72, 738, 738), (-54, 756, 756), (-54, 756, 756), (-54, 774, 738), (-72, 756, 720)]	(9767, 10665, 9624, 10065, 11793, 9828, 5295, 12388, 6031, 7296, 6728, 9852, 10100, 9499, 7996, 7601, 12808, 20067, 14196, 8798, 15514, 13395, 12579, 2060)
left	s	1080023	(673, 381)	[(-90, 738, 774), (-108, 738, 774), (-108, 738, 738), (-126, 720, 756), (-126, 738, 756), (-108, 720, 774), (-108, 720, 756), (-126, 720, 756), (-90, 720, 756), (-126, 720, 756), (-126, 720, 756), (-108, 720, 774), (-108, 738, 774), (-90, 738, 774), (-90, 738, 738), (-108, 738, 774), (-108, 738, 774), (-108, 738, 774), (-90, 738, 756), (-90, 702, 756), (-108, 720, 756), (-72, 720, 774), (-108, 738, 774), (-108, 702, 756), (-90, 738, 702)]	(9787, 10599, 9516, 10000, 11729, 9667, 5081, 11866, 5703, 7230, 6729, 10097, 9835, 7211, 8227, 7455, 12318, 20222, 14195, 8780, 15476, 13401, 12589, 2068)
right	z	1081810	(742, 388)	[(-144, 720, 774), (-108, 702, 774), (-126, 720, 792), (-126, 720, 774), (-108, 720, 774), (-108, 702, 756), (-126, 720, 774), (-108, 738, 774), (-108, 702, 756), (-108, 720, 756), (-126, 720, 738), (-126, 720, 738), (-144, 738, 774), (-162, 738, 774), (-162, 720, 756), (-144, 738, 756), (-144, 720, 756), (-108, 720, 738), (-144, 738, 720), (-162, 756, 738), (-144, 720, 774), (-144, 756, 774), (-108, 738, 756), (-144, 738, 774), (-162, 738, 738)]	(9882, 10609, 9531, 9973, 11636, 9733, 5357, 12401, 5679, 7180, 6483, 10281, 9543, 7350, 8353, 7384, 12340, 20233, 14180, 8775, 15427, 13402, 12523, 2070)
left	w	1083594	(567, 420)	[(-126, 738, 774), (-126, 738, 774), (-72, 738, 792), (-36, 810, 684), (0, 792, 648), (0, 774, 612), (54, 792, 684), (18, 792, 702), (-54, 756, 756), (-90, 756, 720), (-72, 774, 720), (-72, 774, 738), (-72, 756, 756), (-54, 756, 720), (-72, 756, 738), (-72, 756, 756), (-72, 774, 756), (-90, 756, 738), (-72, 756, 720), (-54, 738, 702), (-54, 756, 738), (-54, 756, 774), (-72, 756, 756), (-90, 756, 738), (-72, 756, 756)]	(9910, 10665, 9452, 9946, 11702, 9637, 4993, 10461, 5130, 7138, 6404, 9583, 9217, 7170, 7842, 7399, 12348, 20094, 14208, 8785, 15513, 13426, 12643, 2065)
left	c	1085269	(744, 305)	[(-72, 738, 756), (-72, 756, 738), (-90, 720, 792), (-108, 738, 774), (-90, 756, 720), (-90, 738, 774), (-108, 720, 738), (-108, 738, 756), (-90, 720, 756), (-72, 738, 756), (-108, 738, 756), (-72, 738, 738), (-72, 756, 738), (-90, 738, 756), (-72, 738, 738), (-108, 738, 738), (-90, 738, 774), (-90, 738, 738), (-108, 774, 756), (-90, 738, 738), (-90, 756, 738), (-90, 756, 738), (-90, 738, 720), (-108, 792, 738), (-90, 738, 792)]	(9874, 10730, 9553, 9957, 11665, 9830, 5363, 11150, 5147, 7185, 6399, 9337, 9910, 7381, 7909, 7502, 12435, 20118, 14196, 8790, 15503, 13436, 12624, 2060)
left	k	1086958	(662, 113)	[(36, 702, 810), (36, 684, 774), (18, 756, 738), (54, 792, 702), (72, 792, 684), (108, 792, 684), (108, 810, 648), (108, 792, 666), (90, 792, 702), (72, 792, 702), (72, 792, 702), (72, 774, 720), (72, 774, 702), (72, 774, 702), (72, 792, 720), (90, 774, 720), (90, 774, 666), (90, 810, 666), (90, 810, 702), (90, 792, 684), (72, 774, 684), (90, 792, 684), (90, 792, 684), (72, 792, 756), (72, 792, 774)]	(9726, 10884, 9523, 10163, 11577, 9766, 7670, 9425, 5406, 7046, 6495, 7700, 10172, 6338, 7429, 7510, 11380, 20029, 14345, 8821, 15818, 13375, 12605, 2065)
left	x	1088606	(753, 340)	[(-126, 702, 810), (-108, 702, 756), (-108, 738, 738), (-90, 720, 792), (-90, 720, 810), (-90, 720, 774), (-72, 702, 720), (-90, 720, 774), (-90, 720, 774), (-108, 720, 792), (-108, 720, 792), (-90, 684, 810), (-72, 720, 792), (-90, 720, 756), (-90, 720, 792), (-72, 720, 792), (-90, 720, 756), (-108, 702, 774), (-90, 720, 756), (-90, 720, 792), (-90, 720, 792), (-90, 702, 774), (-90, 702, 774), (-90, 720, 756), (-90, 702, 792)]	(9752, 10879, 9404, 10028, 11586, 9841, 6148, 12034, 5577, 7120, 6853, 9820, 10422, 6396, 8214, 7673, 11465, 21549, 14273, 8835, 15557, 13446, 12821, 2072)
left	q	1090041	(558, 459)	[(-54, 702, 810), (-108, 720, 756), (-144, 702, 738), (-144, 702, 738), (-144, 720, 792), (-108, 720, 792), (-90, 720, 756), (-90, 720, 756), (-90, 720, 792), (-108, 702, 792), (-90, 738, 738), (-108, 738, 756), (-90, 720, 792), (-72, 720, 756), (-108, 720, 774), (-108, 720, 774), (-90, 720, 774), (-108, 720, 774), (-90, 702, 792), (-54, 720, 702), (-90, 738, 828), (-54, 702, 810), (-90, 720, 774), (-72, 720, 756), (-108, 702, 738)]	(9826, 10858, 9373, 9980, 11612, 9764, 6007, 11188, 5385, 7152, 6863, 10093, 10210, 6404, 8126, 7794, 11513, 21197, 14224, 8814, 15523, 13424, 12780, 2070)
right	m	1091593	(727, 104)	[(-162, 720, 792), (-198, 666, 864), (-162, 666, 882), (0, 666, 756), (36, 684, 774), (54, 684, 792), (90, 720, 774), (72, 702, 792), (-36, 666, 792), (-18, 684, 792), (-36, 684, 792), (-36, 684, 792), (0, 684, 810), (-18, 702, 774), (18, 702, 774), (-36, 702, 828), (-54, 666, 828), (18, 702, 774), (-54, 684, 738), (-54, 702, 810), (-36, 702, 828), (-18, 684, 774), (-54, 702, 756), (18, 666, 792), (-36, 702, 810)]	(9728, 10827, 9316, 9969, 11539, 9829, 7684, 10590, 5068, 7107, 7071, 9345, 9676, 6504, 8146, 7860, 11627, 21409, 14268, 8843, 15579, 13453, 12843, 2063)
left	h	1093235	(658, 183)	[(-126, 702, 774), (-126, 702, 756), (-90, 702, 756), (-108, 738, 756), (-90, 720, 792), (-108, 720, 810), (-54, 738, 774), (-54, 720, 720), (-36, 738, 666), (-54, 774, 756), (-72, 774, 774), (0, 756, 774), (0, 756, 738), (-54, 756, 720), (-36, 756, 702), (-36, 756, 720), (0, 774, 720), (-18, 774, 738), (-36, 774, 738), (18, 774, 738), (18, 756, 684), (-18, 792, 738), (-36, 792, 720), (-36, 792, 738), (0, 774, 702)]	(9791, 10921, 9402, 10045, 11528, 9798, 6503, 11057, 5376, 7098, 6710, 8718, 11294, 6440, 7725, 7640, 11576, 20329, 14223, 8790, 15563, 13385, 12765, 2059)
right	b	1094820	(735, 199)	[(-72, 738, 774), (-36, 738, 756), (-72, 720, 792), (-54, 738, 756), (-72, 738, 756), (-54, 738, 774), (-90, 738, 792), (-72, 738, 756), (-72, 720, 756), (-72, 756, 792), (-72, 756, 792), (-54, 720, 720), (-72, 738, 756), (-90, 738, 756), (-72, 738, 756), (-72, 738, 774), (-72, 738, 774), (-72, 720, 738), (-90, 738, 702), (-72, 756, 774), (-54, 738, 774), (-54, 720, 774), (-90, 720, 756), (-108, 738, 720), (-90, 738, 774)]	(9762, 10875, 9524, 10052, 11537, 9814, 6172, 12702, 5582, 7197, 6860, 9735, 10741, 6740, 8498, 8045, 11824, 20881, 14264, 8830, 15555, 13459, 12767, 2076)
left	o	1096462	(592, 74)	[(-54, 702, 756), (-54, 702, 810), (-126, 666, 792), (-108, 684, 774), (18, 774, 702), (72, 864, 666), (108, 810, 648), (108, 792, 648), (90, 792, 612), (54, 810, 612), (54, 792, 684), (36, 810, 774), (18, 792, 702), (36, 792, 684), (72, 828, 738), (72, 810, 684), (90, 828, 612), (90, 828, 522), (90, 828, 612), (54, 864, 720), (72, 828, 756), (72, 774, 756), (72, 828, 666), (90, 810, 630), (90, 810, 630)]	(9783, 10975, 9498, 10211, 11548, 9753, 7615, 8067, 5751, 7071, 6709, 7082, 10615, 6342, 7445, 7631, 11419, 20235, 14313, 8848, 15888, 13439, 12923, 2059)
left	c	1098064	(760, 310)	[(-126, 702, 828), (-144, 684, 810), (-144, 702, 774), (-108, 720, 756), (-90, 702, 774), (-108, 702, 828), (-108, 702, 792), (-108, 702, 756), (-90, 702, 756), (-108, 702, 792), (-90, 702, 828), (-72, 720, 774), (-108, 702, 828), (-144, 702, 846), (-108, 702, 792), (-72, 702, 702), (-72, 720, 738), (-72, 702, 846), (-72, 720, 774), (-72, 702, 738), (-108, 720, 774), (-90, 720, 774), (-72, 720, 774), (-72, 720, 792), (-90, 684, 792)]	(9820, 11022, 9476, 10021, 11540, 9941, 6372, 10172, 5126, 7068, 6626, 8407, 10428, 6389, 7551, 7694, 11323, 21556, 14305, 8844, 15649, 13418, 12775, 2073)
left	n	1099507	(735, 158)	[(-72, 702, 774), (-72, 702, 792), (-72, 702, 774), (-90, 720, 792), (-54, 702, 792), (-54, 702, 792), (-54, 720, 774), (-54, 702, 828), (-72, 702, 846), (-72, 684, 846), (-126, 720, 756), (-126, 720, 720), (-72, 738, 756), (0, 756, 774), (18, 756, 756), (36, 774, 702), (18, 792, 630), (54, 774, 630), (36, 792, 702), (36, 774, 738), (-36, 774, 792), (36, 756, 720), (-18, 756, 720), (54, 792, 738), (36, 792, 684)]	(9853, 11056, 9625, 10199, 11569, 9980, 7245, 8503, 5429, 7029, 6585, 7225, 11209, 6380, 7448, 7747, 11353, 20450, 14316, 8827, 15785, 13400, 12864, 2061)
right	m	1101100	(745, 111)	[(-36, 684, 792), (-36, 702, 828), (-36, 684, 828), (-18, 684, 828), (-36, 666, 810), (-36, 684, 810), (0, 666, 828), (0, 684, 810), (-18, 702, 756), (-36, 684, 792), (-36, 702, 792), (0, 684, 792), (-36, 702, 810), (0, 666, 846), (-36, 684, 810), (-54, 684, 792), (-36, 684, 774), (-36, 666, 828), (-36, 684, 792), (18, 702, 810), (-72, 702, 792), (-54, 666, 792), (-36, 666, 810), (-36, 702, 792), (-36, 738, 810)]	(9774, 11002, 9541, 10052, 11537, 9938, 7348, 9908, 5236, 7069, 6695, 7900, 10504, 6445, 7660, 7742, 11449, 21121, 14285, 8825, 15649, 13414, 12811, 2070)
left	v	1102672	(755, 254)	[(-36, 684, 792), (-36, 684, 774), (-36, 684, 810), (-54, 702, 828), (-36, 702, 810), (-54, 684, 774), (-36, 702, 792), (-36, 684, 810), (-18, 702, 792), (-36, 684, 810), (-36, 684, 756), (-54, 684, 792), (-36, 702, 810), (-36, 720, 774), (0, 702, 792), (-18, 702, 774), (-54, 702, 810), (-54, 684, 792), (-36, 702, 792), (-36, 702, 792), (-36, 702, 774), (-54, 684, 774), (-36, 756, 756), (-18, 684, 792), (0, 720, 792)]	(9826, 11034, 9509, 10028, 11537, 9913, 6973, 9886, 5137, 7078, 6709, 7675, 10049, 6732, 8140, 7828, 11689, 21138, 14243, 8844, 15623, 13413, 12839, 2061)
left	d	1104204	(652, 343)	[(-108, 684, 810), (-72, 702, 810), (-90, 720, 792), (-90, 684, 810), (0, 684, 774), (-54, 684, 810), (-72, 702, 792), (-54, 702, 774), (-72, 702, 828), (-72, 684, 792), (-54, 702, 756), (-72, 702, 792), (-54, 702, 810), (-54, 702, 810), (-54, 702, 792), (-54, 702, 774), (-72, 702, 774), (-36, 684, 774), (-54, 702, 810), (-72, 720, 846), (-54, 684, 792), (-54, 684, 756), (-54, 702, 756), (-54, 684, 756), (-72, 720, 846)]	(9880, 10976, 9385, 10010, 11531, 9811, 6229, 9569, 5099, 7024, 6610, 8010, 9808, 6482, 8000, 7784, 11550, 21144, 14217, 8830, 15567, 13404, 12815, 2065)
left	l	1105846	(679, 57)	[(0, 666, 864), (0, 666, 882), (36, 666, 846), (-36, 666, 864), (-126, 594, 846), (-90, 612, 792), (72, 792, 666), (180, 864, 702), (108, 828, 720), (90, 774, 648), (90, 774, 594), (90, 810, 630), (126, 810, 684), (54, 756, 738), (72, 756, 774), (90, 756, 774), (144, 774, 738), (108, 774, 702), (72, 774, 702), (90, 756, 702), (72, 774, 684), (72, 774, 720), (72, 810, 720), (90, 756, 720), (108, 792, 666)]	(9756, 10977, 9587, 10188, 11545, 9866, 7656, 7959, 5459, 7034, 6584, 6919, 11341, 6400, 7391, 7731, 11270, 20025, 14312, 8844, 15932, 13348, 12588, 2053)
right	p	1107332	(582, 30)	[(-90, 684, 756), (-108, 756, 738), (-72, 810, 810), (54, 774, 738), (90, 792, 630), (144, 846, 540), (108, 846, 594), (36, 810, 648), (-54, 810, 702), (0, 792, 702), (72, 810, 720), (54, 846, 702), (72, 810, 720), (72, 774, 630), (18, 774, 684), (0, 756, 720), (-36, 756, 738), (36, 774, 774), (54, 774, 774), (54, 756, 792), (36, 738, 738), (18, 738, 684), (18, 756, 738), (72, 756, 756), (18, 774, 720)]	(9920, 11390, 9641, 10219, 11590, 10025, 8278, 10565, 5362, 7132, 6728, 7108, 10451, 6383, 7514, 7930, 11346, 20667, 14412, 8919, 15993, 13477, 12959, 2073)
left	j	1108921	(654, 135)	[(-18, 702, 774), (-54, 684, 738), (-72, 702, 846), (-18, 684, 846), (-36, 684, 828), (-54, 666, 828), (-90, 720, 792), (-36, 738, 738), (36, 774, 702), (72, 792, 684), (72, 792, 684), (54, 756, 684), (54, 774, 702), (36, 774, 756), (18, 774, 774), (54, 774, 702), (54, 774, 702), (72, 756, 702), (54, 792, 738), (54, 756, 792), (36, 774, 702), (54, 756, 666), (36, 774, 702), (54, 756, 774), (54, 756, 756)]	(10006, 11187, 9701, 10229, 11573, 10028, 7647, 9169, 5564, 7000, 6762, 7083, 11221, 6445, 7441, 8122, 11289, 20240, 14354, 8892, 15971, 13409, 12677, 2057)
left	i	1110773	(582, 126)	[(-36, 720, 810), (-36, 720, 774), (-36, 702, 774), (-36, 720, 738), (-36, 738, 738), (-54, 720, 810), (-36, 702, 792), (-54, 720, 774), (-36, 702, 792), (-54, 684, 792), (-108, 720, 720), (0, 756, 810), (18, 756, 828), (90, 774, 630), (90, 810, 702), (90, 810, 612), (90, 792, 630), (72, 774, 720), (90, 774, 792), (72, 792, 738), (36, 792, 684), (36, 774, 684), (36, 810, 684), (36, 792, 702), (72, 774, 702)]	(10165, 11091, 9647, 10187, 11543, 9931, 6932, 7834, 5431, 6982, 6485, 6868, 11004, 6382, 7409, 7736, 11252, 20371, 14259, 8833, 15741, 13358, 12681, 2053)
left	b	1112408	(751, 203)	[(-36, 702, 792), (-36, 702, 792), (0, 684, 810), (-36, 702, 774), (-36, 720, 792), (-36, 702, 774), (0, 720, 810), (18, 720, 792), (0, 720, 792), (-36, 720, 756), (-36, 720, 792), (-36, 702, 792), (0, 702, 774), (-18, 738, 774), (0, 720, 756), (0, 702, 792), (0, 702, 810), (18, 702, 792), (-36, 702, 738), (-36, 720, 756), (0, 720, 774), (-18, 738, 792), (-54, 720, 810), (-36, 702, 774), (0, 720, 774)]	(9932, 11293, 9663, 10128, 11558, 10220, 7348, 10798, 5325, 7104, 7355, 7610, 10260, 6598, 7527, 9020, 11518, 20988, 14363, 8900, 15817, 13443, 12718, 2062)
right	e	1114313	(575, 353)	[(-36, 684, 792), (-36, 684, 792), (0, 702, 828), (18, 702, 792), (0, 684, 792), (-18, 702, 792), (-18, 702, 774), (18, 702, 792), (-18, 702, 828), (0, 684, 792), (-18, 702, 756), (0, 702, 792), (18, 702, 792), (0, 702, 810), (0, 684, 810), (18, 702, 756), (-36, 702, 792), (18, 684, 810), (-18, 702, 810), (0, 702, 792), (0, 684, 792), (0, 702, 810), (-36, 702, 810), (0, 684, 774), (-36, 702, 810)]	(10003, 11023, 9375, 9996, 11515, 10189, 6915, 9487, 4964, 7075, 7116, 7436, 8860, 6611, 7554, 9199, 11535, 20963, 14300, 8886, 15748, 13409, 12720, 2054)
right	w	1116480	(589, 378)	[(-54, 684, 792), (0, 684, 792), (0, 684, 792), (-36, 684, 810), (0, 684, 828), (-36, 720, 810), (0, 684, 828), (-36, 666, 792), (-72, 720, 702), (-126, 756, 702), (-144, 756, 738), (-144, 774, 810), (-162, 774, 666), (-144, 738, 648), (-162, 774, 702), (-144, 756, 774), (-144, 738, 774), (-144, 738, 756), (-126, 756, 720), (-216, 792, 630), (-144, 774, 702), (-144, 756, 738), (-126, 774, 774), (-144, 774, 756), (-198, 756, 648)]	(9910, 11073, 9464, 10059, 11601, 10313, 6748, 10834, 5598, 7104, 7090, 8270, 11033, 6485, 8190, 8255, 11410, 21326, 14253, 8840, 15553, 13411, 12681, 2067)
right	s	1119478	(651, 370)	[(-36, 720, 756), (-54, 738, 774), (-90, 720, 792), (-90, 738, 774), (-108, 756, 720), (-180, 756, 702), (-180, 738, 702), (-126, 738, 738), (-108, 756, 774), (-144, 738, 738), (-126, 756, 720), (-180, 792, 702), (-144, 756, 684), (-126, 738, 720), (-180, 756, 774), (-126, 774, 738), (-126, 756, 756), (-126, 738, 756), (-126, 756, 702), (-144, 792, 720), (-144, 756, 702), (-90, 738, 756), (-108, 774, 774), (-108, 792, 774), (-180, 738, 720)]	(10053, 11064, 9373, 10048, 11620, 10257, 6537, 10464, 5454, 7133, 7210, 8591, 11047, 6534, 8250, 8368, 11534, 21024, 14246, 8834, 15533, 13426, 12741, 2064)
right	u	1121638	(583, 142)	[(-72, 720, 756), (-72, 720, 774), (-54, 702, 828), (-72, 702, 828), (-72, 738, 738), (-90, 702, 810), (-36, 720, 720), (-54, 720, 756), (-54, 720, 756), (-54, 738, 774), (-54, 720, 810), (-54, 702, 792), (-72, 720, 756), (-72, 720, 810), (-54, 702, 792), (-54, 720, 756), (-54, 702, 774), (-54, 702, 810), (-36, 720, 792), (-90, 702, 792), (-72, 702, 774), (-36, 702, 792), (-54, 720, 810), (-72, 702, 756), (-72, 720, 756)]	(10012, 11001, 9316, 10041, 11577, 10902, 7273, 9355, 5200, 7105, 7536, 8122, 9770, 6620, 7793, 8924, 11688, 20830, 14303, 8865, 15668, 13462, 12908, 2063)
right	s	1123644	(664, 375)	[(-54, 720, 756), (-72, 702, 792), (-36, 702, 828), (-36, 702, 846), (-54, 720, 828), (-90, 702, 810), (-72, 702, 756), (-72, 702, 756), (-90, 738, 720), (-126, 738, 720), (-126, 738, 738), (-126, 738, 774), (-108, 720, 828), (-72, 720, 774), (-108, 738, 756), (-108, 738, 720), (-108, 774, 684), (-108, 756, 774), (-108, 738, 810), (-180, 756, 756), (-126, 756, 702), (-90, 738, 702), (-90, 756, 756), (-126, 738, 792), (-144, 756, 720)]	(10068, 11135, 9411, 10097, 11661, 10902, 7070, 10417, 5491, 7250, 7641, 8490, 10538, 6661, 8340, 11691, 11705, 20958, 14286, 8912, 15542, 13479, 12718, 2072)
left	e	1125226	(596, 373)	[(-54, 738, 792), (-54, 720, 756), (-36, 702, 774), (-54, 720, 774), (-54, 720, 774), (-72, 702, 792), (-54, 702, 774), (-36, 720, 774), (-54, 720, 792), (-36, 720, 774), (-54, 720, 756), (-72, 720, 774), (-54, 720, 792), (-54, 702, 774), (-36, 720, 756), (-54, 720, 774), (-18, 738, 774), (-36, 720, 774), (-72, 720, 792), (-72, 720, 774), (-72, 738, 792), (-54, 720, 792), (-54, 702, 756), (-54, 756, 756), (-36, 702, 792)]	(10035, 11048, 9333, 10030, 11575, 10687, 7299, 9445, 5316, 7178, 7736, 8037, 9885, 6837, 7795, 10356, 12034, 20575, 14270, 8874, 15640, 13446, 12843, 2058)
right	z	1126919	(749, 371)	[(-90, 684, 828), (-72, 702, 756), (-90, 702, 774), (-72, 684, 792), (-72, 756, 792), (-126, 702, 810), (-108, 702, 738), (-90, 738, 738), (-108, 738, 738), (-90, 738, 720), (-126, 702, 792), (-108, 720, 792), (-90, 720, 792), (-90, 702, 738), (-90, 720, 810), (-90, 720, 756), (-90, 738, 738), (-90, 720, 756), (-108, 720, 756), (-108, 702, 756), (-72, 756, 810), (-90, 738, 774), (-72, 738, 774), (-90, 738, 756), (-126, 702, 738)]	(10230, 11106, 9434, 10047, 11591, 10300, 6497, 10301, 5243, 7168, 7326, 8206, 9485, 6640, 8276, 9362, 11992, 21030, 14267, 8895, 15606, 13532, 12871, 2062)
left	r	1128554	(572, 311)	[(0, 720, 738), (0, 738, 738), (-36, 738, 774), (-54, 720, 756), (0, 738, 774), (-36, 738, 774), (-36, 738, 792), (-36, 756, 774), (-36, 756, 738), (0, 756, 684), (-36, 774, 666), (0, 774, 720), (-36, 774, 738), (-36, 756, 792), (-36, 756, 756), (-36, 756, 702), (-36, 756, 702), (0, 756, 702), (-36, 792, 738), (-36, 756, 756), (-36, 756, 738), (-54, 756, 738), (-54, 756, 738), (-36, 792, 738), (18, 756, 702)]	(10017, 11345, 9733, 10120, 11609, 10647, 7279, 10474, 5322, 7179, 7228, 7855, 11440, 6650, 7742, 8763, 11822, 20495, 14324, 8874, 15785, 13485, 12963, 2073)
left	g	1130938	(650, 257)	[(-36, 720, 756), (-36, 720, 756), (0, 738, 774), (0, 738, 774), (-36, 720, 756), (-36, 720, 756), (-18, 720, 756), (-36, 720, 756), (-54, 738, 756), (-36, 720, 774), (0, 738, 774), (0, 738, 738), (0, 738, 774), (0, 756, 738), (0, 738, 738), (0, 756, 756), (-18, 774, 756), (-18, 756, 756), (-18, 738, 738), (0, 756, 720), (-18, 738, 756), (-36, 738, 756), (-18, 774, 774), (18, 738, 738), (18, 738, 738)]	(10132, 11006, 9334, 10036, 11554, 11157, 7194, 8864, 5068, 7130, 7408, 7757, 9955, 6801, 7619, 10434, 11826, 20216, 14240, 8863, 15645, 13380, 12696, 2054)
left	k	1132573	(675, 106)	[(-36, 720, 774), (-36, 720, 738), (0, 756, 792), (-18, 720, 792), (-36, 702, 756), (0, 738, 774), (-36, 702, 828), (-90, 720, 756), (-72, 720, 774), (-72, 720, 792), (0, 756, 720), (54, 774, 720), (54, 774, 702), (54, 774, 702), (18, 792, 684), (54, 756, 702), (54, 756, 720), (72, 774, 720), (72, 792, 684), (36, 828, 720), (54, 774, 756), (36, 774, 720), (36, 774, 720), (54, 810, 738), (72, 774, 702)]	(10208, 10949, 9473, 10081, 11541, 10434, 7245, 7463, 5052, 7053, 6889, 6972, 10878, 6540, 7424, 8182, 11376, 20013, 14223, 8838, 15765, 13357, 12654, 2043)
right	x	1134062	(751, 344)	[(-126, 720, 738), (-126, 720, 720), (-144, 720, 774), (-144, 720, 810), (-144, 720, 774), (-180, 720, 810), (-144, 720, 774), (-126, 738, 720), (-126, 720, 702), (-162, 738, 702), (-144, 738, 738), (-126, 738, 774), (-126, 738, 774), (-126, 738, 774), (-126, 756, 738), (-144, 738, 738), (-144, 738, 756), (-144, 738, 756), (-144, 738, 756), (-162, 756, 702), (-108, 756, 774), (-144, 738, 810), (-108, 720, 756), (-126, 756, 702), (-144, 756, 738)]	(10164, 11016, 9592, 10025, 11547, 10041, 5786, 11418, 5283, 7047, 7000, 8736, 11414, 6460, 7895, 8124, 11340, 21825, 14243, 8835, 15495, 13432, 12762, 2075)
right	o	1135560	(569, 63)	[(-108, 756, 720), (-90, 720, 738), (-72, 702, 774), (-36, 720, 774), (-18, 738, 792), (0, 738, 810), (36, 702, 774), (36, 720, 738), (-36, 702, 792), (-54, 720, 792), (-36, 720, 792), (-36, 738, 738), (-36, 720, 756), (-36, 702, 774), (-36, 720, 792), (0, 720, 720), (-36, 720, 756), (-54, 720, 792), (-18, 720, 774), (-36, 720, 756), (-54, 720, 720), (-36, 738, 774), (-18, 738, 810), (-36, 738, 810), (-36, 738, 774)]	(10020, 11386, 9709, 10082, 11568, 10340, 6881, 10125, 5320, 7111, 7180, 7379, 10162, 6519, 7738, 8285, 11490, 21413, 14370, 8900, 15843, 13508, 13104, 2075)
left	m	1137304	(743, 112)	[(-36, 738, 756), (-36, 738, 756), (-36, 774, 774), (-72, 756, 810), (-36, 756, 774), (18, 756, 702), (36, 774, 702), (36, 792, 684), (36, 792, 702), (36, 774, 738), (18, 774, 702), (0, 792, 702), (18, 774, 738), (54, 774, 738), (18, 774, 702), (18, 792, 702), (54, 792, 720), (72, 792, 720), (72, 774, 738), (36, 774, 702), (0, 792, 702), (18, 792, 720), (18, 792, 684), (18, 792, 702), (54, 774, 738)]	(10071, 11575, 9757, 10192, 11600, 10518, 7137, 9529, 5415, 7083, 6978, 7049, 11812, 6577, 7506, 8165, 11407, 20250, 14354, 8882, 15976, 13432, 12955, 2053)
right	w	1138958	(576, 395)	[(-108, 720, 774), (-90, 702, 792), (-72, 720, 810), (-72, 720, 756), (-72, 720, 738), (-72, 720, 774), (-72, 720, 774), (-72, 738, 756), (-72, 738, 774), (-72, 720, 792), (-54, 720, 756), (-54, 738, 756), (-54, 720, 774), (-54, 720, 756), (-72, 720, 774), (-54, 738, 756), (-72, 720, 756), (-72, 720, 756), (-54, 738, 774), (-54, 720, 756), (-54, 738, 792), (-54, 720, 774), (-36, 720, 774), (-72, 702, 774), (-54, 738, 756)]	(10133, 11040, 9596, 10030, 11535, 10451, 6633, 9044, 4934, 7038, 7288, 7495, 9781, 6560, 7466, 9185, 11387, 20597, 14276, 8856, 15687, 13369, 12531, 2046)
left	o	1140895	(586, 69)	[(0, 774, 774), (18, 738, 792), (-54, 720, 684), (0, 756, 720), (-18, 792, 774), (18, 756, 756), (36, 774, 702), (72, 792, 684), (36, 810, 684), (36, 792, 648), (72, 810, 594), (126, 828, 702), (108, 828, 756), (90, 810, 684), (90, 810, 666), (108, 810, 648), (108, 828, 630), (126, 810, 630), (108, 828, 666), (90, 828, 702), (90, 828, 702), (72, 828, 666), (72, 828, 648), (108, 828, 594), (144, 828, 576)]	(10247, 11087, 9499, 10135, 11552, 10002, 6721, 7095, 5157, 6989, 6525, 6535, 11268, 6373, 7330, 7692, 11126, 19847, 14307, 8848, 16109, 13355, 12698, 2034)
right	j	1142580	(656, 134)	[(18, 756, 702), (36, 720, 702), (36, 720, 720), (18, 738, 792), (-36, 720, 810), (-36, 720, 774), (-36, 720, 756), (-18, 720, 774), (-18, 738, 774), (-36, 720, 774), (0, 720, 774), (-18, 720, 774), (-36, 720, 792), (0, 738, 756), (0, 720, 810), (-18, 720, 774), (0, 720, 756), (0, 720, 774), (-36, 720, 792), (-36, 702, 756), (-36, 756, 774), (18, 738, 774), (0, 720, 774), (0, 756, 756), (-54, 702, 810)]	(10277, 10984, 9565, 10047, 11510, 10833, 6621, 8859, 4943, 7101, 7100, 7313, 9513, 6523, 7485, 8816, 11352, 21102, 14307, 8886, 15728, 13408, 12710, 2052)
right	b	1144372	(751, 206)	[(-18, 720, 810), (-54, 720, 774), (18, 720, 756), (0, 720, 774), (0, 720, 774), (0, 720, 756), (-18, 720, 774), (18, 738, 774), (-18, 756, 792), (-36, 738, 756), (0, 702, 738), (-18, 720, 756), (-36, 738, 810), (-36, 738, 792), (-36, 720, 756), (-18, 720, 738), (-18, 738, 774), (-18, 720, 792), (0, 738, 738), (-18, 720, 738), (-54, 738, 792), (0, 720, 792), (-36, 720, 792), (-36, 738, 774), (-18, 738, 720)]	(10285, 11112, 9427, 10087, 11518, 10752, 6743, 9477, 5217, 7098, 7216, 7294, 9330, 6598, 7543, 9330, 11467, 21188, 14339, 8913, 15798, 13432, 12811, 2060)
right	u	1145909	(556, 142)	[(-36, 738, 756), (18, 738, 774), (0, 738, 756), (18, 738, 756), (0, 738, 756), (-18, 738, 756), (-36, 720, 792), (-18, 756, 720), (-36, 738, 756), (-18, 756, 738), (-36, 756, 756), (-54, 756, 738), (-36, 756, 738), (-18, 756, 738), (-36, 738, 756), (-36, 756, 738), (0, 756, 756), (-36, 756, 720), (-18, 738, 738), (0, 756, 738), (-36, 738, 774), (-36, 756, 774), (-36, 756, 756), (-18, 756, 756), (-54, 756, 720)]	(10218, 11183, 9399, 10061, 11546, 10848, 6708, 9886, 5158, 7096, 7254, 7412, 9388, 6629, 7584, 9479, 11459, 21030, 14323, 8915, 15808, 13433, 12831, 2061)
right	v	1147445	(735, 241)	[(-54, 738, 756), (-54, 738, 774), (-54, 720, 756), (-54, 720, 756), (-18, 738, 738), (-54, 738, 756), (-72, 720, 756), (-54, 738, 774), (-90, 720, 774), (-108, 720, 792), (-72, 738, 774), (-72, 738, 774), (-72, 720, 738), (-72, 738, 792), (-90, 738, 774), (-90, 720, 774), (-72, 720, 756), (-72, 738, 774), (-72, 720, 738), (-72, 720, 756), (-90, 738, 774), (-72, 738, 774), (-54, 720, 756), (-72, 738, 756), (-72, 720, 774)]	(10409, 10931, 9267, 10012, 11519, 10321, 6296, 9447, 5237, 7074, 7226, 8047, 10415, 6514, 7700, 8606, 11318, 21199, 14236, 8844, 15558, 13373, 12622, 2058)
right	k	1149105	(673, 100)	[(54, 792, 684), (90, 792, 720), (54, 774, 738), (0, 756, 774), (-18, 756, 756), (-36, 738, 792), (18, 756, 720), (36, 792, 684), (72, 774, 684), (72, 810, 648), (90, 792, 684), (54, 774, 720), (36, 792, 720), (54, 774, 702), (54, 792, 702), (72, 810, 720), (90, 792, 738), (72, 792, 666), (72, 810, 720), (54, 792, 720), (54, 774, 720), (36, 810, 702), (54, 810, 666), (90, 810, 666), (90, 810, 684)]	(10172, 11508, 9813, 10248, 11585, 10795, 7114, 9770, 5630, 7075, 7000, 7136, 11711, 6649, 7468, 8236, 11406, 20284, 14373, 8926, 16119, 13475, 12873, 2061)
left	f	1151561	(673, 292)	[(-36, 702, 810), (0, 702, 738), (18, 720, 774), (-36, 720, 810), (-54, 702, 792), (-36, 720, 774), (-36, 720, 774), (0, 720, 792), (-36, 720, 792), (-36, 684, 756), (-54, 720, 774), (-36, 720, 774), (-18, 720, 792), (-36, 720, 792), (-36, 720, 756), (-36, 702, 756), (-36, 702, 810), (-36, 738, 792), (-18, 720, 774), (-36, 720, 756), (-36, 720, 774), (-36, 720, 774), (-36, 720, 792), (-36, 702, 774), (0, 702, 756)]	(10333, 11036, 9375, 10017, 11534, 10947, 6650, 8184, 4911, 7091, 7245, 7179, 9337, 6628, 7387, 9519, 11361, 20196, 14237, 8844, 15663, 13332, 12390, 2042)
left	g	1153990	(659, 236)	[(-36, 720, 756), (-36, 720, 774), (-18, 720, 792), (-54, 720, 792), (-54, 720, 774), (-36, 720, 774), (-36, 720, 774), (-36, 720, 792), (-18, 738, 792), (-36, 720, 774), (-36, 702, 774), (-18, 720, 774), (-36, 738, 810), (-54, 720, 774), (-18, 738, 720), (-36, 738, 720), (18, 756, 720), (0, 738, 738), (18, 720, 756), (-36, 756, 774), (-54, 738, 774), (-36, 720, 792), (-54, 756, 756), (18, 774, 756), (18, 702, 756)]	(10298, 11054, 9410, 10043, 11542, 11275, 6790, 8337, 5056, 7090, 7256, 7404, 10259, 6729, 7414, 10045, 11458, 20090, 14240, 8861, 15670, 13335, 12393, 2039)
left	y	1155621	(580, 226)	[(-36, 720, 774), (-36, 738, 756), (-54, 720, 774), (-36, 738, 756), (-36, 738, 774), (-36, 720, 756), (-36, 738, 774), (-36, 720, 774), (-54, 738, 756), (-54, 738, 792), (-54, 738, 810), (-72, 738, 792), (-36, 756, 774), (0, 774, 720), (18, 774, 702), (-18, 774, 666), (18, 774, 702), (0, 756, 738), (36, 792, 756), (-54, 792, 666), (-54, 774, 666), (-54, 810, 684), (-36, 792, 702), (0, 792, 702), (0, 756, 702)]	(10227, 11388, 9801, 10165, 11577, 10633, 6746, 10128, 5701, 7078, 7038, 7336, 12115, 6530, 7465, 8516, 11270, 20591, 14271, 8826, 15544, 13164, 12365, 2055)
right	v	1157479	(722, 243)	[(-36, 720, 774), (-36, 738, 774), (0, 738, 756), (-54, 738, 756), (-54, 720, 774), (0, 738, 792), (0, 738, 792), (-54, 702, 774), (-18, 738, 756), (-36, 720, 756), (-54, 702, 756), (0, 756, 774), (-36, 738, 792), (-36, 720, 738), (-36, 738, 720), (0, 738, 792), (-36, 738, 738), (-36, 738, 756), (-54, 720, 756), (18, 756, 774), (0, 738, 774), (-18, 738, 756), (-36, 720, 756), (0, 738, 756), (0, 738, 792)]	(10189, 11243, 9650, 10068, 11557, 10750, 6895, 9328, 5117, 7090, 7500, 7342, 9773, 6698, 7546, 9676, 11460, 20772, 14302, 8884, 15634, 13216, 12493, 2051)
left	w	1159638	(566, 400)	[(-90, 738, 792), (-72, 720, 774), (-72, 738, 756), (-72, 738, 774), (-90, 720, 774), (-72, 738, 738), (-108, 720, 738), (-72, 738, 774), (-90, 738, 774), (-90, 720, 756), (-90, 738, 756), (-90, 738, 774), (-72, 720, 774), (-90, 738, 774), (-90, 738, 756), (-72, 738, 756), (-72, 738, 738), (-72, 738, 756), (-90, 738, 738), (-90, 720, 738), (-54, 720, 810), (-108, 720, 810), (-72, 720, 756), (-90, 738, 756), (-72, 720, 738)]	(10316, 11140, 9591, 10063, 11579, 10347, 6524, 10490, 5516, 7137, 7542, 8176, 10958, 6551, 7677, 8945, 11288, 21197, 14289, 8846, 15514, 13185, 12428, 2052)
left	h	1162708	(647, 189)	[(-72, 720, 792), (-72, 720, 774), (-54, 720, 756), (-72, 720, 774), (-54, 720, 792), (-54, 720, 810), (-72, 720, 756), (-36, 702, 810), (-72, 720, 810), (-126, 720, 738), (-72, 720, 720), (-90, 720, 810), (-54, 738, 846), (0, 756, 810), (-54, 720, 720), (0, 738, 702), (18, 756, 720), (54, 738, 738), (18, 738, 720), (18, 756, 756), (-36, 756, 774), (-72, 738, 810), (-54, 738, 792), (0, 720, 720), (18, 738, 774)]	(10452, 11058, 9532, 10055, 11558, 10876, 6520, 8596, 5194, 7081, 7296, 7393, 10291, 6662, 7539, 9471, 11395, 20475, 14221, 8844, 15599, 13235, 12519, 2039)
left	z	1164714	(734, 383)	[(-90, 684, 810), (-72, 684, 810), (-54, 666, 792), (-90, 684, 828), (-108, 666, 828), (-90, 666, 810), (-72, 666, 810), (-54, 684, 774), (-90, 648, 828), (-90, 666, 828), (-72, 666, 828), (-72, 666, 828), (-54, 666, 810), (-90, 648, 810), (-90, 666, 810), (-90, 648, 828), (-72, 666, 846), (-72, 666, 846), (-72, 666, 792), (-36, 630, 810), (-72, 648, 846), (-90, 666, 864), (-72, 648, 846), (-54, 648, 828), (-54, 630, 774)]	(10407, 10841, 9247, 9928, 11504, 10123, 5645, 8243, 4860, 7045, 7062, 8113, 7269, 6560, 7422, 8324, 11352, 20849, 14235, 8804, 15442, 13208, 12333, 2059)
left	x	1166444	(751, 339)	[(-72, 666, 846), (-72, 648, 792), (-72, 666, 828), (-54, 666, 846), (-72, 666, 810), (-72, 648, 810), (-72, 666, 828), (-72, 666, 846), (-72, 666, 846), (-72, 666, 846), (-72, 666, 810), (-54, 648, 846), (-54, 666, 810), (-72, 666, 792), (-54, 666, 810), (-72, 684, 810), (-54, 648, 828), (-72, 684, 810), (-54, 666, 810), (-54, 648, 792), (-72, 648, 792), (-72, 666, 846), (-90, 684, 846), (-72, 666, 828), (-36, 684, 810)]	(10337, 11030, 9312, 10017, 11527, 10630, 6471, 9669, 5289, 7127, 7632, 8459, 8676, 6878, 7524, 10773, 11754, 21033, 14303, 8887, 15549, 13262, 12381, 2054)
right	y	1168099	(597, 216)	[(-36, 666, 810), (-54, 666, 810), (-54, 684, 846), (-54, 666, 864), (-72, 702, 792), (-108, 702, 774), (-162, 702, 720), (-126, 738, 756), (-90, 738, 774), (-90, 702, 810), (-90, 702, 756), (-90, 720, 738), (-72, 738, 774), (-90, 738, 774), (-90, 720, 774), (-90, 720, 792), (-108, 720, 774), (-90, 720, 756), (-90, 702, 792), (-90, 720, 774), (-90, 720, 774), (-90, 720, 774), (-90, 720, 774), (-72, 738, 774), (-90, 702, 756)]	(10247, 11092, 9337, 10079, 11567, 11662, 6710, 9672, 5350, 7152, 7599, 8333, 9680, 6758, 7615, 11093, 11581, 21330, 14332, 8885, 15592, 13273, 12520, 2055)
left	t	1169987	(585, 262)	[(-54, 756, 720), (-54, 774, 738), (-54, 756, 756), (-54, 774, 738), (-54, 774, 720), (-54, 756, 720), (-54, 756, 774), (-36, 774, 738), (-54, 774, 738), (-54, 774, 720), (-54, 792, 684), (-54, 774, 756), (18, 792, 702), (-54, 774, 720), (-54, 774, 702), (-54, 792, 702), (-72, 792, 702), (-18, 810, 684), (-36, 792, 702), (-54, 810, 720), (-36, 792, 720), (-54, 792, 702), (-36, 792, 702), (-36, 774, 738), (-36, 792, 702)]	(10196, 11558, 9734, 10124, 11586, 10480, 6620, 10653, 5515, 7111, 7121, 7526, 11780, 6615, 7522, 8460, 11403, 20503, 14322, 8854, 15773, 13295, 12751, 2066)
right	f	1171995	(650, 280)	[(-18, 774, 738), (-54, 774, 720), (-36, 756, 720), (-36, 756, 738), (-36, 738, 738), (-54, 756, 756), (-36, 756, 756), (-36, 738, 774), (54, 756, 720), (18, 738, 756), (-72, 774, 774), (-90, 756, 738), (-54, 756, 738), (-54, 756, 774), (-54, 756, 720), (-72, 756, 720), (-90, 756, 756), (-72, 756, 720), (-90, 756, 738), (-90, 756, 756), (-72, 738, 738), (-72, 738, 738), (-54, 774, 720), (-72, 756, 756), (-90, 774, 720)]	(10272, 11254, 9548, 10083, 11579, 10668, 6514, 9833, 5346, 7109, 7535, 7879, 10312, 6626, 7661, 9146, 11445, 21040, 14329, 8873, 15682, 13328, 12775, 2065)
right	c	1174152	(736, 288)	[(-72, 720, 774), (-72, 720, 792), (-54, 720, 792), (-72, 720, 792), (-72, 720, 774), (-72, 702, 774), (-72, 702, 756), (-72, 720, 774), (-36, 720, 792), (-72, 720, 774), (-54, 720, 756), (-72, 738, 774), (-54, 738, 774), (-90, 702, 792), (-72, 720, 738), (-72, 738, 774), (-36, 720, 774), (-54, 738, 756), (-54, 720, 774), (-72, 720, 774), (-72, 720, 792), (-72, 738, 774), (-72, 720, 774), (-72, 756, 792), (-72, 702, 756)]	(10345, 11024, 9319, 9992, 11525, 10752, 6319, 8571, 5066, 7084, 7344, 7670, 8766, 6655, 7707, 9233, 11417, 21724, 14289, 8882, 15660, 13269, 12448, 2057)
right	p	1176381	(576, 1)	[(54, 666, 792), (54, 720, 810), (72, 684, 828), (54, 684, 846), (72, 720, 792), (72, 684, 756), (54, 702, 774), (54, 684, 810), (54, 702, 828), (72, 684, 774), (36, 684, 774), (36, 684, 792), (54, 720, 810), (36, 702, 792), (72, 702, 756), (36, 702, 738), (18, 702, 810), (36, 702, 774), (36, 684, 792), (54, 702, 792), (36, 720, 792), (18, 684, 810), (36, 702, 810), (18, 738, 810), (54, 666, 774)]	(10217, 11096, 9308, 10025, 11520, 10597, 8117, 8111, 4876, 7089, 7123, 7120, 7790, 6509, 7483, 8738, 11260, 20684, 14326, 8905, 15773, 13252, 12467, 2051)
left	z	1178226	(746, 398)	[(-72, 648, 882), (-90, 648, 864), (-54, 630, 828), (-108, 684, 828), (-126, 648, 828), (-90, 612, 828), (-90, 666, 774), (-90, 666, 810), (-90, 630, 828), (-108, 648, 846), (-126, 648, 828), (-108, 666, 792), (-108, 648, 792), (-72, 666, 810), (-108, 648, 846), (-126, 666, 828), (-90, 666, 810), (-90, 666, 828), (-90, 648, 792), (-126, 666, 828), (-72, 666, 828), (-90, 648, 864), (-108, 648, 864), (-90, 648, 846), (-90, 630, 792)]	(10213, 11122, 9346, 9991, 11544, 10134, 5767, 9792, 5286, 7084, 7440, 7987, 8805, 6577, 7527, 8455, 11324, 21193, 14260, 8820, 15448, 13240, 12501, 2065)
left	s	1179932	(665, 363)	[(-54, 684, 792), (-54, 684, 774), (-54, 684, 828), (-54, 684, 846), (-36, 684, 792), (-54, 684, 810), (-54, 684, 810), (-54, 666, 828), (-54, 666, 810), (-54, 666, 792), (-54, 666, 828), (-36, 684, 828), (-54, 666, 810), (-36, 666, 810), (-54, 684, 828), (-54, 666, 828), (-36, 648, 774), (-54, 684, 792), (-54, 684, 828), (-36, 666, 846), (-36, 666, 828), (-54, 684, 810), (-36, 648, 810), (-54, 702, 810), (-54, 666, 810)]	(10134, 11094, 9296, 10034, 11535, 11959, 6447, 9097, 5350, 7172, 7893, 7919, 8268, 7504, 7626, 11932, 11925, 20998, 14302, 8902, 15587, 13380, 12576, 2057)
left	y	1181353	(580, 215)	[(-54, 684, 828), (-54, 648, 864), (-72, 666, 810), (-180, 666, 864), (18, 756, 774), (18, 774, 720), (36, 738, 648), (-18, 738, 684), (36, 756, 738), (36, 756, 720), (72, 792, 720), (54, 774, 720), (36, 756, 702), (36, 756, 720), (18, 774, 738), (36, 774, 720), (54, 756, 738), (54, 756, 720), (36, 774, 702), (0, 756, 774), (18, 756, 756), (18, 792, 720), (54, 792, 702), (36, 702, 720), (36, 792, 702)]	(10100, 11432, 9769, 10134, 11574, 11731, 6401, 9465, 5495, 7146, 7425, 7700, 10444, 7113, 7464, 9018, 11742, 20159, 14361, 8913, 15975, 13435, 12669, 2055)
right	r	1183057	(587, 298)	[(18, 720, 792), (36, 720, 828), (-36, 720, 810), (-54, 720, 792), (36, 666, 810), (72, 684, 774), (36, 756, 684), (-90, 792, 774), (-252, 846, 576), (-144, 828, 612), (-54, 720, 702), (-126, 774, 756), (-162, 792, 738), (-180, 792, 720), (-108, 756, 720), (-108, 774, 702), (-90, 774, 702), (-144, 810, 648), (-126, 756, 756), (-126, 774, 720), (-90, 774, 702), (-90, 774, 738), (-90, 756, 720), (-126, 774, 720), (-144, 792, 720)]	(9862, 11436, 9678, 10135, 11661, 11298, 6366, 10752, 5612, 7166, 7370, 8157, 11100, 6635, 7685, 9456, 11398, 21504, 14299, 8874, 15586, 13438, 12707, 2075)
right	o	1184631	(551, 64)	[(18, 756, 738), (0, 738, 792), (0, 720, 792), (0, 738, 774), (-36, 720, 756), (0, 720, 756), (-18, 720, 756), (18, 720, 828), (-18, 720, 756), (0, 702, 756), (18, 720, 756), (-54, 720, 774), (-36, 756, 792), (0, 738, 792), (-36, 720, 756), (-36, 720, 774), (-18, 720, 828), (-36, 720, 774), (-36, 720, 738), (0, 702, 756), (-18, 738, 756), (-54, 720, 810), (-36, 720, 792), (-18, 702, 792), (0, 720, 810)]	(9936, 11514, 9694, 10202, 11628, 12455, 6578, 11555, 5694, 7235, 7755, 7976, 9398, 7778, 7664, 9670, 12364, 20963, 14404, 8950, 15869, 13506, 13050, 2060)
left	i	1187773	(585, 129)	[(180, 828, 648), (90, 792, 720), (54, 792, 738), (54, 774, 684), (72, 810, 684), (72, 792, 738), (90, 792, 702), (72, 810, 666), (54, 792, 666), (72, 792, 684), (36, 774, 738), (18, 792, 756), (72, 774, 738), (72, 792, 720), (54, 792, 684), (54, 774, 666), (54, 792, 756), (54, 810, 720), (72, 792, 702), (54, 792, 702), (36, 792, 720), (36, 774, 684), (54, 810, 684), (54, 792, 720), (54, 792, 702)]	(10188, 11043, 9796, 10247, 11576, 11708, 6400, 8144, 5817, 7119, 6956, 7594, 10768, 6838, 7425, 8201, 11496, 20335, 14355, 8908, 16023, 13434, 12722, 2058)
left	a	1189926	(646, 437)	[(-144, 702, 792), (-144, 702, 792), (-126, 702, 756), (-90, 720, 756), (-162, 720, 810), (-108, 702, 810), (-90, 702, 774), (-126, 702, 810), (-126, 702, 774), (-144, 702, 756), (-180, 720, 792), (-144, 720, 774), (-144, 720, 774), (-144, 720, 792), (-126, 702, 774), (-126, 684, 774), (-162, 702, 774), (-108, 720, 684), (-108, 702, 810), (-108, 684, 882), (-126, 684, 864), (-144, 666, 810), (-126, 702, 792), (-144, 666, 774), (-126, 684, 792)]	(10071, 11197, 9535, 10051, 11582, 11298, 6616, 10031, 5555, 7145, 7627, 8760, 9595, 6720, 7390, 9197, 11384, 19951, 14296, 8802, 15562, 13331, 12314, 2061)
right	j	1191619	(664, 142)	[(-36, 684, 774), (-18, 684, 774), (0, 702, 792), (0, 720, 774), (-36, 702, 810), (-36, 702, 774), (-36, 702, 810), (-54, 684, 792), (-18, 702, 792), (-36, 720, 792), (-36, 702, 810), (-36, 702, 828), (-36, 702, 774), (-36, 684, 792), (-36, 684, 774), (-54, 702, 810), (-54, 702, 828), (-36, 702, 774), (-54, 702, 738), (0, 684, 774), (-36, 702, 846), (-54, 702, 846), (-18, 702, 738), (-54, 702, 774), (-36, 720, 756)]	(10296, 11476, 9705, 10135, 11625, 12550, 7158, 9520, 5555, 7235, 8000, 8125, 8580, 6912, 7433, 9649, 11580, 20448, 14439, 8928, 15979, 13456, 12616, 2073)
right	i	1193459	(557, 101)	[(18, 774, 684), (54, 810, 648), (90, 810, 684), (144, 828, 702), (72, 810, 792), (54, 756, 738), (36, 792, 702), (36, 774, 666), (18, 792, 720), (36, 774, 774), (72, 774, 774), (18, 756, 720), (36, 756, 684), (36, 756, 738), (36, 774, 738), (54, 756, 774), (54, 738, 684), (36, 774, 702), (18, 756, 792), (18, 774, 756), (54, 774, 738), (36, 756, 738), (36, 756, 720), (36, 756, 738), (36, 792, 720)]	(10363, 11559, 9728, 10203, 11579, 11962, 6339, 10269, 5516, 7155, 7167, 7793, 9458, 6682, 7396, 8700, 11414, 20306, 14441, 8954, 16127, 13482, 12730, 2071)
left	u	1195666	(602, 167)	[(-54, 720, 792), (-54, 702, 828), (-72, 720, 792), (-90, 720, 720), (-54, 738, 774), (-90, 738, 882), (-54, 738, 774), (-36, 738, 702), (54, 738, 702), (18, 774, 702), (54, 792, 702), (54, 774, 720), (54, 756, 720), (54, 756, 720), (36, 756, 756), (-36, 756, 738), (18, 756, 720), (18, 756, 738), (18, 756, 738), (18, 756, 756), (18, 774, 756), (36, 774, 738), (36, 774, 720), (36, 756, 702), (36, 774, 702)]	(10383, 10994, 9734, 10163, 11550, 12139, 6323, 8019, 5585, 7106, 7112, 7787, 10429, 6871, 7388, 8443, 11498, 20138, 14335, 8900, 15935, 13403, 12578, 2045)
right	d	1197426	(660, 329)	[(-72, 684, 756), (-54, 684, 792), (-18, 720, 810), (36, 666, 846), (72, 666, 810), (0, 702, 702), (-54, 720, 774), (-126, 738, 810), (-180, 738, 756), (-180, 738, 738), (-108, 738, 738), (-72, 774, 702), (-90, 792, 684), (-90, 756, 774), (-90, 738, 792), (-108, 756, 720), (-90, 738, 702), (-108, 738, 720), (-90, 756, 702), (-90, 756, 792), (-72, 738, 774), (-72, 756, 774), (-126, 738, 720), (-90, 756, 738), (-108, 756, 756)]	(10362, 11096, 9348, 10027, 11555, 11289, 6367, 8619, 5180, 7089, 7507, 7966, 8572, 6605, 7353, 9369, 11283, 19775, 14285, 8813, 15588, 13307, 12241, 2037)
left	v	1198910	(729, 220)	[(-36, 738, 756), (-18, 756, 756), (-54, 756, 756), (-90, 738, 828), (-36, 738, 774), (0, 756, 738), (18, 756, 702), (0, 756, 684), (0, 756, 756), (-54, 738, 774), (-36, 756, 792), (-36, 756, 738), (-36, 756, 702), (-36, 756, 702), (-54, 756, 738), (0, 756, 774), (-18, 756, 738), (-36, 756, 702), (-36, 756, 738), (-36, 756, 774), (-36, 738, 774), (-36, 756, 756), (-36, 756, 756), (-18, 756, 756), (0, 738, 720)]	(10374, 11094, 9797, 10146, 11558, 11527, 6366, 8875, 5413, 7116, 7270, 7835, 9338, 6866, 7361, 8617, 11532, 19905, 14349, 8870, 15809, 13378, 12388, 2043)
right	t	1203968	(582, 248)	[(0, 720, 810), (-18, 702, 774), (-36, 720, 774), (-36, 720, 702), (-108, 756, 720), (-126, 756, 792), (-90, 738, 756), (-72, 738, 684), (-72, 738, 720), (-72, 738, 792), (-90, 738, 792), (-72, 738, 756), (-90, 738, 774), (-90, 756, 738), (-72, 738, 738), (-72, 738, 756), (-90, 738, 774), (-108, 738, 756), (-90, 756, 756), (-72, 738, 738), (-54, 738, 774), (-54, 720, 774), (-90, 738, 738), (-90, 738, 738), (-90, 720, 756)]	(10420, 11097, 9310, 10026, 11572, 11067, 6727, 8917, 5473, 7118, 8211, 8330, 8757, 6766, 7395, 10394, 11443, 19954, 14301, 8834, 15609, 13339, 12367, 2042)
right	e	1205593	(591, 338)	[(-54, 738, 774), (-36, 720, 756), (-54, 720, 774), (-54, 702, 792), (-54, 720, 792), (-36, 738, 774), (0, 738, 738), (18, 738, 756), (18, 756, 738), (-18, 756, 756), (-54, 756, 810), (-36, 756, 792), (-162, 720, 756), (-90, 720, 684), (-144, 792, 720), (-144, 774, 756), (-90, 774, 720), (-72, 756, 720), (-144, 792, 720), (-144, 738, 774), (-90, 774, 738), (-72, 774, 702), (-72, 756, 702), (-72, 774, 720), (-162, 774, 738)]	(10572, 10937, 9268, 9993, 11567, 10637, 6336, 8192, 5391, 7115, 8033, 8436, 9148, 6580, 7393, 9843, 11245, 20090, 14256, 8800, 15515, 13316, 12396, 2054)
right	f	1207273	(657, 286)	[(-36, 738, 756), (-72, 720, 810), (-36, 702, 774), (-18, 738, 738), (-54, 720, 774), (-72, 720, 774), (-54, 720, 774), (-54, 738, 792), (-54, 720, 792), (-54, 756, 756), (-36, 738, 774), (-126, 738, 738), (-162, 756, 720), (-108, 738, 774), (-108, 738, 846), (-72, 738, 792), (-72, 720, 702), (-144, 756, 684), (-72, 702, 738), (-72, 756, 810), (-54, 756, 810), (-90, 738, 792), (-90, 720, 684), (-90, 756, 756), (-72, 720, 810)]	(10409, 11046, 9290, 9987, 11540, 10836, 6637, 8290, 5170, 7081, 7738, 8092, 8616, 6623, 7395, 9440, 11293, 20406, 14272, 8822, 15555, 13352, 12508, 2056)
left	t	1211008	(559, 277)	[(-72, 738, 738), (-72, 738, 720), (-72, 738, 738), (-72, 756, 756), (-90, 738, 756), (-72, 738, 738), (-72, 756, 738), (-90, 756, 738), (-108, 738, 720), (-90, 738, 738), (-90, 756, 720), (-36, 774, 738), (18, 774, 738), (0, 792, 810), (-54, 756, 756), (0, 774, 702), (36, 792, 576), (54, 774, 630), (0, 774, 720), (-54, 774, 774), (-54, 774, 774), (-54, 774, 738), (0, 774, 702), (18, 792, 720), (18, 738, 756)]	(10253, 11255, 9673, 10093, 11573, 12107, 6712, 8832, 5385, 7177, 7483, 8223, 9363, 6797, 7411, 9641, 11423, 20121, 14373, 8922, 15895, 13430, 12532, 2063)
right	i	1212797	(569, 114)	[(36, 720, 810), (0, 756, 756), (18, 810, 666), (54, 828, 648), (72, 774, 666), (54, 738, 702), (36, 774, 720), (36, 792, 738), (36, 792, 738), (54, 774, 720), (36, 774, 738), (0, 738, 720), (-54, 756, 738), (0, 756, 738), (18, 756, 756), (0, 756, 702), (-36, 774, 720), (-54, 756, 738), (18, 774, 756), (0, 774, 738), (-18, 756, 756), (-36, 774, 720), (18, 756, 702), (-36, 756, 774), (18, 792, 720)]	(10153, 11199, 9659, 10105, 11553, 11909, 6396, 9485, 5338, 7121, 7293, 8178, 8959, 6694, 7376, 9388, 11348, 19942, 14402, 8925, 15930, 13420, 12373, 2056)
left	p	1214482	(583, 34)	[(-18, 738, 810), (18, 720, 756), (0, 702, 756), (-36, 702, 828), (-36, 702, 792), (-36, 720, 810), (-72, 738, 792), (18, 756, 702), (36, 810, 738), (72, 774, 720), (54, 774, 702), (36, 792, 720), (36, 774, 684), (36, 774, 756), (36, 774, 774), (0, 756, 702), (72, 756, 666), (108, 792, 702), (72, 828, 630), (144, 774, 594), (72, 828, 630), (54, 846, 684), (36, 792, 756), (54, 792, 720), (144, 810, 648)]	(10579, 10927, 9634, 10160, 11527, 10566, 6215, 7363, 5557, 7025, 6724, 7518, 9413, 6428, 7319, 7962, 11140, 19827, 14433, 8923, 16362, 13441, 12364, 2045)
right	k	1216018	(659, 96)	[(0, 720, 720), (36, 792, 666), (144, 828, 702), (108, 810, 684), (72, 756, 720), (18, 756, 684), (18, 756, 720), (-36, 738, 792), (0, 774, 774), (36, 720, 738), (18, 738, 756), (0, 738, 774), (0, 720, 774), (18, 720, 738), (18, 738, 756), (18, 738, 810), (18, 720, 792), (18, 720, 756), (18, 738, 756), (36, 720, 756), (0, 738, 828), (36, 738, 774), (18, 720, 774), (0, 720, 756), (18, 702, 774)]	(10236, 10956, 9607, 10099, 11529, 12012, 6510, 8448, 5253, 7124, 7157, 8411, 6997, 6750, 7345, 8801, 11446, 20013, 14435, 8943, 16035, 13479, 12607, 2059)
