Please hold the phone in your left hand and type with your left thumb
i	1441443	(612, 130)	[(-36, 774, 738), (54, 774, 684), (54, 792, 702), (-54, 792, 720), (0, 792, 738), (54, 756, 738), (108, 756, 738), (72, 756, 756), (54, 774, 774), (36, 774, 756), (18, 792, 684), (0, 774, 702), (0, 792, 702), (-72, 810, 702), (-108, 846, 666), (-72, 828, 684), (-36, 810, 684), (36, 810, 720), (-18, 792, 702), (36, 774, 720), (36, 810, 630), (36, 810, 612), (54, 792, 684), (108, 810, 756), (90, 828, 720)]	(9447, 10581, 9243, 10328, 11554, 9530, 9335, 6621, 8972, 6986, 6686, 9005, 5410, 7860, 8757, 7396, 13918, 20215, 16458, 9205, 17019, 14204, 12312, 2052)
 	1442056	(812, 237)	[(108, 810, 756), (90, 828, 720), (36, 792, 648), (18, 684, 738), (54, 720, 756), (18, 720, 774), (0, 702, 756), (0, 666, 792), (18, 648, 864), (-108, 720, 864), (-108, 738, 846), (-90, 756, 810), (-90, 792, 774), (-90, 774, 792), (-36, 702, 828), (18, 666, 792), (18, 684, 720), (18, 666, 792), (54, 648, 864), (54, 702, 828), (18, 666, 864), (72, 684, 810), (36, 684, 828), (54, 702, 774), (18, 684, 828)]	(9452, 10631, 9281, 10304, 11545, 9650, 9036, 6089, 9374, 7011, 6361, 6736, 5910, 8199, 8775, 7373, 13693, 20068, 14951, 9163, 16644, 14083, 12270, 2053)
s	1442618	(676, 364)	[(72, 684, 810), (36, 684, 828), (54, 702, 774), (18, 684, 828), (0, 702, 828), (-90, 666, 864), (-72, 702, 792), (-72, 702, 792), (-54, 702, 738), (-90, 702, 738), (-72, 684, 792), (-72, 720, 846), (-54, 720, 774), (18, 684, 792), (18, 684, 828), (-18, 720, 810), (-18, 702, 792), (54, 666, 810), (54, 666, 774), (72, 702, 684), (54, 684, 810), (54, 666, 864), (18, 702, 720), (72, 684, 684), (54, 666, 756)]	(9432, 10508, 9231, 10145, 11522, 9599, 9056, 6185, 9418, 7013, 6993, 7825, 5899, 8582, 8336, 7552, 13562, 20024, 14940, 9214, 16742, 14142, 12264, 2047)
t	1443231	(589, 275)	[(72, 684, 684), (54, 666, 756), (0, 702, 774), (-54, 720, 756), (-36, 720, 774), (18, 684, 810), (18, 684, 846), (-90, 738, 738), (-144, 774, 648), (-108, 774, 738), (-54, 720, 792), (-54, 702, 756), (-90, 756, 756), (-162, 828, 864), (-144, 846, 846), (-144, 792, 702), (0, 756, 666), (-18, 756, 702), (-90, 792, 774), (-126, 810, 774), (-36, 774, 612), (72, 756, 684), (36, 738, 738), (-18, 756, 774), (-54, 792, 684)]	(9449, 10506, 9249, 10200, 11544, 9716, 9740, 6230, 9473, 7094, 7549, 7865, 5690, 8399, 8710, 7539, 13883, 20112, 15363, 9202, 16844, 14147, 12287, 2060)
i	1443724	(591, 140)	[(-90, 792, 774), (-126, 810, 774), (-36, 774, 612), (72, 756, 684), (36, 738, 738), (-18, 756, 774), (-54, 792, 684), (0, 756, 684), (-36, 810, 666), (-90, 828, 648), (-54, 828, 630), (-36, 828, 666), (-54, 846, 756), (-72, 846, 774), (-36, 846, 738), (-36, 828, 630), (18, 846, 576), (-36, 882, 576), (-54, 882, 594), (-54, 864, 558), (18, 900, 486), (54, 846, 612), (72, 810, 738), (36, 882, 684), (36, 936, 594)]	(9455, 10510, 9267, 10354, 11552, 9745, 10106, 6148, 9001, 7106, 7353, 7399, 5312, 7947, 8785, 7442, 14055, 20210, 16343, 9198, 17014, 14185, 12307, 2058)
l	1444184	(678, 87)	[(18, 846, 576), (-36, 882, 576), (-54, 882, 594), (-54, 864, 558), (18, 900, 486), (54, 846, 612), (72, 810, 738), (36, 882, 684), (36, 936, 594), (18, 810, 630), (18, 882, 594), (0, 900, 576), (18, 900, 540), (18, 918, 504), (36, 900, 558), (0, 918, 558), (18, 918, 540), (-36, 918, 522), (-72, 936, 486), (-36, 972, 486), (36, 882, 576), (54, 900, 540), (0, 900, 540), (0, 918, 504), (72, 882, 522)]	(9466, 10480, 9271, 10415, 11544, 9729, 10245, 6291, 9125, 7072, 7218, 7172, 5274, 7607, 8642, 7325, 13892, 20212, 16376, 9178, 17079, 14210, 12307, 2048)
l	1444373	(656, 86)	[(18, 900, 486), (54, 846, 612), (72, 810, 738), (36, 882, 684), (36, 936, 594), (18, 810, 630), (18, 882, 594), (0, 900, 576), (18, 900, 540), (18, 918, 504), (36, 900, 558), (0, 918, 558), (18, 918, 540), (-36, 918, 522), (-72, 936, 486), (-36, 972, 486), (36, 882, 576), (54, 900, 540), (0, 900, 540), (0, 918, 504), (72, 882, 522), (-36, 900, 540), (54, 918, 576), (54, 918, 450), (72, 900, 414)]	(9453, 10471, 9262, 10352, 11552, 9751, 10046, 6194, 9021, 7104, 7500, 7257, 5142, 7465, 8592, 7354, 13935, 20225, 16454, 9195, 17125, 14227, 12321, 2054)
 	1444816	(828, 257)	[(36, 882, 576), (54, 900, 540), (0, 900, 540), (0, 918, 504), (72, 882, 522), (-36, 900, 540), (54, 918, 576), (54, 918, 450), (72, 900, 414), (162, 684, 594), (-36, 702, 738), (-126, 684, 828), (-162, 666, 900), (-198, 738, 954), (-198, 756, 882), (-144, 756, 882), (-162, 720, 918), (-198, 756, 882), (-180, 774, 864), (-72, 702, 774), (-90, 738, 648), (18, 702, 756), (-36, 666, 864), (0, 666, 846), (-36, 720, 702)]	(9434, 10504, 9268, 10235, 11540, 9726, 9625, 6185, 9331, 7076, 7404, 8295, 5791, 8217, 8472, 7423, 13397, 20085, 15085, 9192, 16781, 14119, 12280, 2053)
w	1445646	(594, 407)	[(18, 684, 774), (0, 720, 720), (-54, 720, 756), (0, 702, 774), (18, 684, 792), (36, 684, 810), (-36, 702, 774), (0, 720, 720), (18, 720, 774), (-18, 720, 792), (-36, 720, 756), (0, 720, 720), (0, 702, 828), (18, 702, 810), (18, 702, 774), (0, 702, 756), (18, 666, 828), (0, 684, 846), (-36, 702, 792), (-36, 738, 684), (-18, 720, 792), (18, 684, 810), (36, 720, 774), (18, 702, 792), (18, 738, 810)]	(9442, 10492, 9265, 10155, 11528, 9669, 9368, 6245, 9850, 7139, 7537, 7826, 6065, 8897, 8124, 7781, 13337, 19989, 15003, 9236, 16794, 14177, 12261, 2047)
o	1446457	(609, 85)	[(0, 720, 684), (0, 720, 666), (-72, 792, 702), (-108, 846, 666), (-90, 918, 684), (-198, 846, 612), (-90, 864, 648), (0, 810, 810), (-36, 810, 792), (-36, 846, 774), (-36, 846, 648), (36, 828, 540), (-54, 846, 558), (-54, 864, 648), (-36, 828, 666), (-36, 846, 666), (-72, 882, 594), (-108, 900, 630), (-72, 882, 558), (0, 900, 504), (-54, 846, 630), (-54, 882, 648), (-18, 882, 558), (-36, 918, 576), (-36, 936, 594)]	(9451, 10482, 9246, 10370, 11552, 9655, 10047, 6330, 8204, 7114, 7369, 8057, 5096, 7765, 8566, 7425, 13955, 20188, 16583, 9196, 17062, 14257, 12303, 2049)
u	1447065	(579, 184)	[(-36, 918, 576), (-36, 936, 594), (-36, 810, 612), (-36, 828, 684), (36, 810, 630), (36, 792, 576), (-36, 864, 576), (-90, 882, 630), (-54, 846, 702), (18, 828, 666), (18, 792, 684), (36, 792, 702), (-18, 792, 792), (0, 774, 738), (-18, 792, 702), (-36, 792, 720), (0, 810, 756), (-36, 810, 684), (-36, 792, 684), (0, 774, 684), (0, 792, 684), (18, 828, 684), (36, 810, 756), (36, 774, 702), (72, 756, 648)]	(9466, 10494, 9286, 10353, 11559, 9751, 10044, 6030, 8517, 7110, 7547, 6606, 5211, 8306, 8303, 7563, 13540, 20043, 15477, 9209, 16880, 14223, 12272, 2046)
l	1447875	(684, 53)	[(-36, 846, 630), (-54, 864, 540), (18, 864, 594), (36, 828, 612), (36, 864, 630), (18, 828, 648), (18, 846, 612), (18, 864, 558), (18, 882, 612), (0, 828, 666), (-36, 846, 666), (-54, 882, 594), (-54, 900, 558), (-18, 900, 612), (-54, 846, 774), (36, 900, 792), (36, 954, 360), (0, 954, 288), (-36, 918, 468), (36, 900, 486), (36, 918, 468), (0, 918, 540), (54, 918, 504), (54, 990, 432), (54, 936, 504)]	(9455, 10446, 9240, 10432, 11551, 9793, 11758, 10154, 12364, 7296, 7597, 7500, 5068, 7349, 8298, 7314, 13780, 20148, 16234, 9200, 17136, 14280, 12302, 2047)
d	1448584	(659, 337)	[(54, 756, 756), (-108, 792, 774), (-162, 846, 702), (-108, 846, 648), (-90, 864, 684), (-36, 846, 756), (54, 774, 792), (36, 702, 828), (-54, 684, 864), (-36, 702, 864), (-36, 720, 810), (18, 720, 738), (54, 774, 666), (36, 774, 684), (18, 756, 702), (18, 756, 702), (18, 756, 756), (18, 756, 684), (72, 720, 774), (36, 702, 810), (72, 702, 792), (108, 702, 792), (72, 684, 774), (-54, 738, 738), (-36, 720, 702)]	(9450, 10474, 9272, 10209, 11540, 9688, 9345, 5921, 9570, 7079, 7335, 6660, 6308, 7745, 7660, 7677, 13199, 20005, 14993, 9276, 16859, 14305, 12277, 2042)
 	1449144	(829, 263)	[(108, 702, 792), (72, 684, 774), (-54, 738, 738), (-36, 720, 702), (-162, 774, 774), (-90, 774, 774), (-72, 738, 792), (-54, 738, 738), (-36, 756, 774), (-36, 738, 792), (-18, 738, 774), (0, 720, 756), (0, 738, 756), (-36, 738, 738), (18, 756, 756), (18, 720, 720), (0, 738, 738), (36, 738, 720), (36, 738, 720), (-18, 756, 720), (-36, 774, 702), (0, 756, 738), (18, 738, 738), (0, 738, 720), (18, 720, 756)]	(9464, 10524, 9291, 10263, 11523, 9724, 9019, 5826, 9530, 7035, 6715, 6488, 5981, 8373, 8112, 7658, 13676, 20007, 14874, 9236, 16734, 14229, 12271, 2045)
l	1449686	(694, 63)	[(-36, 774, 702), (0, 756, 738), (18, 738, 738), (0, 738, 720), (18, 720, 756), (-36, 738, 774), (-90, 774, 702), (-90, 792, 666), (-54, 810, 558), (-162, 864, 648), (-54, 936, 720), (18, 918, 612), (18, 846, 594), (108, 846, 630), (126, 864, 594), (90, 810, 630), (72, 774, 702), (72, 810, 666), (72, 846, 594), (54, 882, 612), (18, 864, 684), (36, 900, 540), (54, 846, 612), (18, 864, 630), (54, 882, 558)]	(9468, 10452, 9267, 10419, 11543, 9784, 9326, 6205, 7854, 7004, 8166, 7109, 5104, 7687, 8427, 7493, 13956, 20170, 16284, 9209, 17170, 14288, 12296, 2053)
i	1450096	(566, 146)	[(126, 864, 594), (90, 810, 630), (72, 774, 702), (72, 810, 666), (72, 846, 594), (54, 882, 612), (18, 864, 684), (36, 900, 540), (54, 846, 612), (18, 864, 630), (54, 882, 558), (36, 936, 522), (-18, 882, 666), (54, 792, 558), (18, 828, 612), (36, 846, 630), (18, 846, 648), (0, 864, 612), (0, 846, 630), (36, 846, 630), (54, 792, 684), (54, 810, 702), (18, 810, 756), (0, 864, 648), (90, 846, 540)]	(9465, 10444, 9311, 10426, 11561, 9875, 9427, 6065, 7148, 7045, 8303, 6750, 4975, 8122, 8125, 7507, 13657, 20041, 16135, 9163, 16894, 14155, 12263, 2040)
k	1450437	(677, 125)	[(36, 936, 522), (-18, 882, 666), (54, 792, 558), (18, 828, 612), (36, 846, 630), (18, 846, 648), (0, 864, 612), (0, 846, 630), (36, 846, 630), (54, 792, 684), (54, 810, 702), (18, 810, 756), (0, 864, 648), (90, 846, 540), (18, 774, 720), (54, 792, 684), (-18, 792, 684), (0, 792, 684), (18, 810, 666), (18, 810, 666), (0, 828, 666), (54, 774, 738), (36, 774, 738), (54, 774, 774), (72, 792, 756)]	(9467, 10451, 9314, 10448, 11582, 9916, 9437, 6290, 7783, 7087, 8239, 6745, 5157, 8332, 8255, 7657, 13904, 20100, 15578, 9211, 16970, 14266, 12279, 2057)
e	1451047	(580, 353)	[(54, 774, 774), (72, 792, 756), (18, 846, 630), (18, 810, 612), (0, 828, 612), (0, 810, 702), (-36, 828, 756), (18, 756, 864), (162, 630, 810), (126, 666, 828), (72, 738, 810), (-36, 756, 756), (-18, 756, 738), (0, 756, 774), (18, 756, 756), (-54, 738, 774), (-36, 738, 774), (0, 720, 792), (0, 738, 774), (54, 738, 774), (72, 720, 756), (36, 720, 756), (36, 720, 792), (54, 720, 720), (54, 738, 702)]	(9455, 10457, 9313, 10217, 11562, 9902, 9457, 6089, 9870, 7143, 7834, 6617, 6055, 9043, 7881, 7902, 13443, 19968, 14920, 9216, 16616, 14149, 12256, 2048)
 	1451561	(814, 302)	[(0, 738, 774), (54, 738, 774), (72, 720, 756), (36, 720, 756), (36, 720, 792), (54, 720, 720), (54, 738, 702), (18, 756, 774), (108, 702, 738), (126, 702, 774), (126, 648, 738), (144, 648, 738), (36, 648, 594), (108, 720, 756), (18, 720, 846), (-36, 756, 792), (-36, 738, 756), (0, 702, 846), (18, 684, 828), (18, 666, 774), (-54, 720, 738), (-72, 738, 756), (-54, 738, 720), (-54, 756, 756), (-108, 756, 810)]	(9451, 10430, 9261, 10170, 11485, 9487, 5120, 5700, 9685, 6962, 7215, 7414, 6006, 8119, 7735, 7726, 13214, 19899, 14656, 9199, 16494, 14092, 12238, 2041)
t	1452110	(591, 274)	[(-54, 720, 738), (-72, 738, 756), (-54, 738, 720), (-54, 756, 756), (-108, 756, 810), (-72, 720, 864), (18, 648, 882), (18, 648, 810), (36, 684, 684), (-54, 720, 612), (-108, 810, 576), (-126, 810, 630), (-144, 900, 702), (-144, 918, 738), (-72, 864, 720), (0, 810, 738), (36, 738, 792), (54, 720, 882), (18, 738, 864), (0, 738, 756), (18, 756, 720), (72, 738, 738), (36, 720, 792), (0, 756, 846), (-36, 774, 666)]	(9460, 10459, 9327, 10325, 11541, 10111, 8698, 6382, 9311, 7127, 8548, 7038, 5473, 8826, 8364, 7782, 13607, 20001, 15194, 9186, 16692, 14095, 12253, 2044)
o	1452521	(589, 89)	[(0, 810, 738), (36, 738, 792), (54, 720, 882), (18, 738, 864), (0, 738, 756), (18, 756, 720), (72, 738, 738), (36, 720, 792), (0, 756, 846), (-36, 774, 666), (72, 792, 558), (-90, 792, 792), (-36, 810, 630), (-36, 792, 666), (-36, 882, 648), (-54, 918, 558), (36, 882, 540), (0, 864, 558), (-36, 828, 576), (0, 918, 378), (72, 882, 504), (72, 846, 612), (-18, 936, 576), (-54, 954, 522), (-72, 972, 486)]	(9469, 10431, 9307, 10406, 11527, 9922, 8497, 6015, 6512, 7028, 7959, 6822, 4950, 7796, 8427, 7467, 13945, 20079, 16083, 9155, 16813, 14126, 12272, 2050)
 	1453014	(835, 296)	[(-36, 828, 576), (0, 918, 378), (72, 882, 504), (72, 846, 612), (-18, 936, 576), (-54, 954, 522), (-72, 972, 486), (36, 792, 612), (36, 720, 828), (18, 756, 828), (36, 738, 702), (-72, 756, 702), (-90, 774, 828), (-54, 738, 846), (-126, 756, 702), (-108, 756, 720), (-108, 774, 774), (-126, 756, 774), (-180, 846, 630), (-18, 792, 702), (-72, 738, 792), (18, 720, 792), (0, 702, 756), (-36, 792, 648), (0, 756, 774)]	(9457, 10451, 9264, 10217, 11531, 9948, 8860, 6092, 10027, 7077, 8093, 6953, 6610, 8418, 7957, 7700, 13550, 19951, 14701, 9186, 16479, 14125, 12249, 2039)
d	1453577	(663, 344)	[(18, 720, 792), (0, 702, 756), (-36, 792, 648), (0, 756, 774), (-36, 774, 774), (-36, 738, 792), (18, 720, 756), (0, 738, 702), (0, 756, 720), (0, 738, 756), (36, 702, 738), (54, 702, 738), (18, 702, 774), (-36, 738, 810), (-54, 792, 810), (0, 774, 720), (54, 720, 720), (-36, 756, 810), (-72, 792, 828), (-54, 792, 738), (18, 756, 666), (54, 720, 756), (18, 738, 720), (18, 738, 756), (0, 774, 720)]	(9457, 10460, 9280, 10222, 11538, 10124, 8466, 6240, 10018, 7090, 7972, 6555, 6453, 8299, 7864, 7820, 13564, 19966, 14817, 9223, 16606, 14159, 12262, 2042)
i	1454188	(584, 130)	[(18, 738, 756), (0, 774, 720), (-54, 774, 792), (-36, 774, 738), (0, 774, 756), (-36, 774, 720), (-54, 774, 702), (-36, 756, 684), (-36, 738, 720), (-36, 738, 774), (-36, 720, 720), (-36, 756, 576), (-90, 810, 504), (-216, 918, 558), (-198, 954, 558), (-90, 864, 630), (54, 810, 666), (18, 846, 756), (-54, 846, 810), (-36, 828, 756), (72, 792, 648), (72, 846, 558), (36, 810, 702), (36, 828, 684), (54, 882, 630)]	(9462, 10422, 9261, 10273, 11549, 10082, 8442, 6279, 8412, 7039, 8765, 7436, 5167, 7980, 8427, 7656, 13860, 20073, 16095, 9113, 16754, 14021, 12261, 2049)
s	1454899	(653, 393)	[(-108, 720, 900), (-90, 720, 828), (-90, 756, 810), (-108, 756, 828), (-90, 720, 774), (-36, 738, 720), (-36, 738, 684), (0, 720, 738), (0, 720, 792), (0, 720, 756), (36, 738, 738), (-36, 738, 738), (0, 756, 648), (72, 702, 774), (72, 684, 792), (54, 702, 774), (72, 684, 774), (90, 666, 828), (36, 684, 846), (-36, 738, 774), (18, 738, 738), (36, 720, 810), (36, 684, 774), (36, 720, 756), (18, 720, 720)]	(9448, 10443, 9293, 10192, 11516, 10097, 7923, 5964, 9943, 7046, 8130, 6549, 6682, 7411, 7592, 7800, 12798, 19987, 14915, 9264, 16785, 14273, 12277, 2041)
c	1455559	(764, 301)	[(-18, 738, 774), (54, 702, 810), (54, 702, 792), (54, 720, 738), (72, 702, 792), (54, 702, 792), (72, 720, 756), (72, 738, 756), (72, 738, 666), (36, 756, 702), (54, 774, 738), (72, 738, 774), (54, 738, 720), (54, 738, 738), (72, 738, 810), (72, 720, 738), (36, 738, 720), (54, 738, 756), (72, 702, 810), (90, 702, 864), (72, 738, 756), (90, 720, 738), (72, 720, 720), (54, 738, 720), (72, 738, 756)]	(9456, 10463, 9301, 10228, 11532, 10246, 8170, 5851, 9848, 7057, 7903, 6503, 6356, 7529, 7666, 7811, 13052, 20022, 14953, 9287, 16846, 14308, 12287, 2046)
u	1456054	(572, 149)	[(72, 702, 810), (90, 702, 864), (72, 738, 756), (90, 720, 738), (72, 720, 720), (54, 738, 720), (72, 738, 756), (36, 720, 828), (18, 738, 774), (-54, 756, 756), (-72, 738, 756), (-36, 756, 684), (-54, 810, 576), (-72, 972, 666), (-36, 900, 684), (90, 846, 576), (144, 810, 504), (162, 810, 594), (90, 828, 648), (108, 828, 630), (144, 900, 486), (126, 846, 630), (108, 810, 792), (144, 810, 720), (162, 918, 468)]	(9467, 10447, 9341, 10322, 11543, 10333, 8438, 6471, 8570, 7114, 9010, 7260, 5317, 8215, 8553, 7873, 13959, 20100, 15993, 9148, 16842, 14086, 12275, 2049)
s	1456766	(670, 401)	[(0, 702, 864), (-36, 702, 792), (-18, 738, 792), (18, 756, 828), (0, 738, 792), (18, 720, 828), (0, 720, 828), (-36, 720, 774), (54, 684, 756), (90, 648, 702), (18, 720, 702), (-36, 738, 756), (-36, 738, 774), (-72, 774, 774), (-72, 792, 702), (-108, 792, 720), (-108, 810, 738), (-90, 792, 720), (-72, 792, 720), (-36, 774, 738), (36, 756, 666), (0, 756, 684), (18, 720, 792), (36, 738, 756), (-18, 756, 720)]	(9456, 10436, 9273, 10175, 11530, 10227, 8055, 5873, 9838, 7047, 8001, 6413, 6580, 8335, 7575, 7985, 13066, 19922, 14734, 9224, 16586, 14143, 12243, 2038)
s	1457224	(657, 406)	[(-90, 792, 720), (-72, 792, 720), (-36, 774, 738), (36, 756, 666), (0, 756, 684), (18, 720, 792), (36, 738, 756), (-18, 756, 720), (72, 756, 702), (-90, 774, 864), (18, 756, 774), (18, 756, 720), (-36, 738, 756), (36, 738, 738), (36, 756, 720), (36, 738, 738), (18, 738, 720), (36, 738, 774), (0, 756, 738), (-36, 756, 756), (18, 738, 738), (0, 756, 774), (18, 756, 756), (0, 738, 738), (-36, 738, 756)]	(9440, 10428, 9300, 10167, 11526, 10176, 7900, 6052, 9892, 6980, 7967, 6489, 6552, 6530, 7399, 7838, 12246, 20034, 14972, 9330, 16895, 14330, 12293, 2043)
 	1458658	(841, 279)	[(18, 756, 774), (36, 756, 774), (36, 738, 792), (36, 756, 756), (18, 738, 756), (36, 756, 720), (0, 756, 720), (-36, 774, 702), (-36, 792, 720), (18, 774, 702), (18, 756, 720), (18, 756, 774), (36, 756, 774), (54, 738, 738), (18, 756, 756), (0, 774, 774), (0, 774, 810), (36, 774, 666), (36, 738, 702), (36, 738, 666), (18, 756, 630), (0, 774, 666), (-90, 864, 684), (-54, 774, 774), (18, 774, 774)]	(9443, 10445, 9250, 10124, 11500, 10144, 7855, 5782, 9670, 6968, 7277, 6410, 6459, 6500, 7412, 7704, 12406, 20036, 14896, 9330, 16865, 14395, 12298, 2041)
s	1459369	(665, 391)	[(18, 756, 720), (0, 774, 738), (-18, 756, 756), (-36, 756, 738), (-18, 774, 738), (-36, 756, 792), (-36, 774, 792), (18, 756, 792), (18, 756, 720), (54, 756, 702), (36, 738, 720), (18, 756, 720), (18, 756, 720), (36, 756, 756), (36, 756, 738), (18, 774, 684), (18, 774, 738), (36, 756, 756), (36, 756, 738), (18, 756, 756), (18, 720, 756), (54, 756, 666), (18, 756, 702), (18, 756, 720), (36, 756, 684)]	(9438, 10422, 9237, 10141, 11514, 10143, 7809, 5838, 9550, 7010, 7661, 6397, 6364, 7230, 7485, 7966, 12754, 19941, 14786, 9278, 16677, 14180, 12250, 2034)
t	1459927	(584, 249)	[(54, 756, 666), (18, 756, 702), (18, 756, 720), (36, 756, 684), (0, 774, 774), (0, 756, 720), (18, 756, 738), (18, 756, 756), (18, 756, 738), (36, 756, 774), (-36, 738, 666), (0, 756, 540), (-54, 792, 522), (-126, 846, 540), (-162, 882, 702), (-108, 828, 792), (-36, 810, 774), (-54, 828, 792), (-36, 828, 810), (0, 792, 810), (54, 774, 666), (18, 774, 702), (72, 720, 828), (18, 774, 810), (18, 846, 738)]	(9458, 10440, 9314, 10270, 11570, 10473, 8135, 6269, 9776, 7103, 8831, 6764, 5647, 8720, 8185, 8065, 13625, 20026, 15176, 9239, 16831, 14195, 12255, 2041)
a	1460386	(664, 462)	[(-36, 810, 774), (-54, 828, 792), (-36, 828, 810), (0, 792, 810), (54, 774, 666), (18, 774, 702), (72, 720, 828), (18, 774, 810), (18, 846, 738), (18, 792, 738), (0, 684, 864), (-36, 720, 774), (-54, 756, 738), (0, 738, 810), (-54, 756, 702), (72, 792, 648), (18, 810, 720), (36, 774, 738), (36, 756, 720), (36, 720, 738), (-18, 720, 846), (54, 756, 666), (18, 774, 684), (0, 774, 702), (-36, 774, 720)]	(9446, 10431, 9256, 10117, 11493, 9895, 7442, 5705, 9504, 6964, 7760, 6374, 6805, 6644, 7407, 7919, 12355, 19970, 14794, 9347, 16739, 14270, 12276, 2038)
t	1460979	(590, 272)	[(0, 774, 702), (-36, 774, 720), (-126, 828, 792), (36, 738, 720), (0, 756, 756), (-72, 756, 774), (-54, 756, 738), (18, 738, 684), (54, 702, 558), (0, 720, 522), (-126, 846, 504), (-126, 954, 684), (-72, 846, 774), (54, 756, 864), (54, 756, 900), (0, 756, 900), (-36, 774, 810), (-36, 774, 774), (-36, 774, 720), (-54, 828, 576), (-90, 828, 684), (-54, 774, 738), (0, 792, 720), (36, 792, 666), (72, 774, 630)]	(9457, 10439, 9323, 10249, 11552, 10397, 8137, 6223, 10006, 7129, 8888, 6914, 5966, 8668, 8265, 7943, 13483, 19962, 14962, 9140, 16612, 14050, 12239, 2042)
u	1461390	(602, 177)	[(54, 756, 900), (0, 756, 900), (-36, 774, 810), (-36, 774, 774), (-36, 774, 720), (-54, 828, 576), (-90, 828, 684), (-54, 774, 738), (0, 792, 720), (36, 792, 666), (72, 774, 630), (-18, 756, 684), (-72, 846, 648), (-72, 846, 666), (-36, 846, 720), (-18, 828, 756), (18, 810, 756), (54, 810, 720), (72, 864, 576), (54, 810, 684), (72, 792, 666), (126, 810, 702), (36, 864, 630), (108, 900, 558), (54, 828, 612)]	(9458, 10425, 9315, 10246, 11530, 10307, 7764, 6190, 8739, 7133, 8644, 6723, 5349, 8308, 8217, 7827, 13354, 19946, 15095, 9157, 16718, 14084, 12232, 2039)
s	1462000	(657, 389)	[(108, 900, 558), (54, 828, 612), (72, 828, 684), (54, 792, 666), (90, 774, 612), (36, 810, 630), (-54, 828, 756), (-72, 774, 774), (18, 756, 720), (54, 774, 774), (36, 756, 792), (18, 756, 774), (18, 756, 774), (0, 774, 774), (-36, 756, 756), (0, 738, 720), (0, 756, 648), (36, 810, 666), (-36, 792, 720), (-36, 792, 756), (126, 756, 648), (72, 720, 774), (108, 738, 738), (72, 756, 720), (54, 756, 666)]	(9436, 10399, 9255, 10108, 11508, 9852, 7230, 5841, 9511, 7073, 8442, 6660, 6379, 7007, 7518, 7914, 12815, 19928, 14734, 9223, 16571, 14154, 12260, 2034)
 	1462544	(827, 306)	[(126, 756, 648), (72, 720, 774), (108, 738, 738), (72, 756, 720), (54, 756, 666), (18, 792, 738), (90, 702, 774), (90, 720, 756), (108, 702, 684), (108, 702, 666), (36, 756, 684), (0, 756, 738), (36, 774, 702), (-36, 792, 738), (-54, 810, 738), (-72, 810, 756), (-72, 810, 738), (-18, 792, 738), (-126, 864, 684), (36, 792, 666), (90, 756, 666), (54, 756, 738), (18, 810, 756), (36, 792, 648), (72, 774, 702)]	(9454, 10426, 9273, 10125, 11513, 9980, 7872, 5876, 10112, 7050, 8109, 6653, 6906, 6791, 7474, 7801, 12661, 19992, 14785, 9284, 16700, 14287, 12280, 2038)
o	1463577	(582, 93)	[(72, 774, 738), (36, 738, 756), (72, 702, 828), (90, 684, 828), (54, 774, 774), (-72, 828, 684), (-90, 882, 486), (-36, 882, 522), (18, 900, 594), (18, 846, 666), (18, 846, 630), (18, 882, 630), (-36, 882, 630), (0, 882, 576), (36, 882, 612), (18, 900, 648), (18, 900, 648), (90, 846, 540), (144, 810, 504), (72, 828, 486), (-36, 900, 576), (18, 864, 648), (36, 828, 774), (-54, 918, 684), (-54, 972, 576)]	(9478, 10485, 9302, 10480, 11542, 9766, 10402, 6174, 6843, 7109, 7748, 6994, 4974, 7672, 8425, 7441, 14116, 20174, 16538, 9197, 16974, 14226, 12295, 2048)
f	1464290	(683, 299)	[(36, 810, 684), (90, 774, 738), (54, 720, 846), (-54, 738, 864), (-108, 738, 864), (-36, 774, 828), (-54, 756, 810), (-72, 738, 756), (-36, 738, 756), (-36, 738, 756), (-54, 756, 720), (-36, 756, 774), (-36, 738, 774), (-54, 738, 738), (18, 738, 756), (36, 738, 720), (0, 774, 648), (18, 810, 702), (18, 864, 576), (162, 702, 792), (198, 648, 828), (126, 684, 774), (90, 792, 720), (72, 702, 720), (126, 702, 702)]	(9452, 10418, 9275, 10176, 11511, 9615, 8285, 6066, 9696, 7062, 8384, 7361, 6146, 8471, 7821, 7866, 13226, 19938, 14684, 9198, 16482, 14112, 12244, 2043)
 	1465002	(828, 304)	[(18, 756, 756), (-36, 774, 738), (0, 774, 720), (-36, 774, 774), (18, 738, 774), (0, 756, 756), (36, 774, 684), (18, 756, 702), (-18, 774, 648), (-90, 810, 648), (-72, 810, 720), (-72, 774, 774), (-144, 774, 702), (-108, 828, 720), (-72, 810, 774), (-90, 810, 756), (-54, 792, 648), (-36, 774, 720), (18, 738, 774), (-36, 774, 684), (36, 738, 666), (18, 756, 684), (18, 756, 666), (-36, 774, 684), (-126, 828, 684)]	(9448, 10426, 9243, 10128, 11490, 9624, 8334, 5750, 9718, 6935, 7534, 6872, 6573, 6755, 7506, 7720, 12721, 19994, 14753, 9276, 16659, 14265, 12281, 2025)
t	1465615	(580, 279)	[(-36, 774, 684), (-126, 828, 684), (-54, 756, 738), (-90, 810, 774), (18, 756, 756), (-18, 756, 756), (54, 792, 666), (36, 810, 630), (-54, 810, 666), (54, 774, 666), (72, 792, 648), (36, 828, 738), (36, 774, 792), (90, 756, 702), (90, 738, 630), (54, 774, 612), (-36, 828, 612), (0, 792, 648), (18, 864, 612), (36, 774, 864), (18, 774, 882), (36, 756, 828), (18, 774, 792), (90, 774, 702)]	(9443, 10429, 9271, 10206, 11520, 9848, 9028, 6512, 9867, 7156, 8557, 7437, 5870, 8959, 8334, 7969, 13591, 19959, 14909, 9159, 16536, 14010, 12235, 2048)
h	1465911	(690, 187)	[(-54, 810, 666), (54, 774, 666), (72, 792, 648), (36, 828, 738), (36, 774, 792), (90, 756, 702), (90, 738, 630), (54, 774, 612), (-36, 828, 612), (0, 792, 648), (18, 864, 612), (36, 774, 864), (18, 774, 882), (36, 756, 828), (18, 774, 792), (90, 774, 702), (0, 810, 774), (54, 720, 756), (-18, 774, 756), (-36, 792, 684), (54, 810, 576), (-54, 774, 756), (36, 774, 702), (36, 792, 756), (54, 774, 756)]	(9449, 10435, 9272, 10242, 11531, 9747, 8928, 6347, 9914, 7142, 8758, 7442, 5941, 8693, 8197, 7949, 13546, 20012, 14992, 9206, 16733, 14154, 12258, 2042)
e	1466426	(579, 346)	[(-18, 774, 756), (-36, 792, 684), (54, 810, 576), (-54, 774, 756), (36, 774, 702), (36, 792, 756), (54, 774, 756), (72, 720, 720), (18, 792, 666), (72, 756, 576), (-36, 792, 666), (-36, 756, 756), (72, 720, 738), (90, 720, 720), (36, 738, 774), (36, 756, 702), (18, 774, 630), (-18, 792, 738), (-36, 756, 792), (0, 738, 792), (0, 756, 792), (-36, 774, 792), (72, 756, 720), (36, 720, 810), (36, 756, 738)]	(9458, 10420, 9255, 10222, 11529, 9727, 8368, 6360, 10045, 7110, 8849, 7427, 6089, 8766, 8242, 8121, 13744, 20017, 15088, 9241, 16718, 14172, 12261, 2048)
 	1467139	(824, 321)	[(72, 738, 774), (72, 738, 756), (54, 738, 756), (72, 738, 720), (72, 756, 684), (54, 738, 774), (72, 702, 738), (54, 720, 738), (54, 738, 756), (36, 738, 792), (-36, 756, 774), (-72, 774, 810), (-18, 720, 792), (-36, 738, 792), (-72, 756, 774), (-72, 792, 738), (-54, 774, 738), (-36, 828, 594), (18, 738, 720), (18, 702, 792), (72, 684, 738), (72, 684, 702), (-36, 756, 774), (-54, 792, 738), (-36, 774, 774)]	(9439, 10404, 9203, 10115, 11495, 9675, 8496, 5813, 9884, 7010, 7587, 6800, 6979, 8745, 7770, 7937, 13093, 19884, 14585, 9204, 16413, 14070, 12234, 2031)
p	1467801	(594, 50)	[(-54, 756, 810), (18, 702, 756), (36, 738, 774), (-36, 828, 846), (-36, 810, 756), (36, 828, 540), (18, 900, 360), (0, 900, 450), (90, 918, 540), (126, 882, 630), (126, 882, 666), (90, 846, 648), (126, 864, 486), (90, 900, 450), (18, 972, 468), (36, 954, 414), (36, 918, 450), (72, 918, 468), (18, 1062, 198), (0, 954, 558), (36, 990, 540), (90, 954, 486), (0, 1008, 450), (0, 1008, 324), (-36, 990, 342)]	(9485, 10456, 9245, 10444, 11513, 9470, 9504, 5834, 7004, 6992, 6462, 6486, 4809, 7363, 7925, 7262, 13847, 20129, 16825, 9185, 17070, 14312, 12310, 2047)
r	1468397	(600, 315)	[(0, 1008, 450), (0, 1008, 324), (-36, 990, 342), (36, 882, 486), (72, 828, 792), (18, 828, 702), (-54, 882, 684), (-36, 810, 612), (90, 774, 576), (-54, 846, 630), (-90, 846, 666), (0, 846, 702), (18, 828, 720), (54, 792, 702), (36, 792, 666), (0, 792, 720), (0, 810, 738), (54, 792, 666), (36, 846, 702), (36, 846, 594), (72, 756, 882), (126, 738, 828), (72, 774, 810), (54, 792, 720), (108, 774, 648)]	(9430, 10385, 9200, 10090, 11484, 9578, 7191, 6176, 9488, 6956, 7290, 9087, 5972, 8724, 7977, 7690, 13392, 19964, 14738, 9149, 16349, 14029, 12242, 2048)
o	1468960	(578, 84)	[(72, 774, 810), (54, 792, 720), (108, 774, 648), (90, 792, 630), (-36, 846, 630), (36, 792, 810), (54, 774, 756), (18, 864, 558), (-36, 864, 468), (36, 900, 450), (72, 972, 486), (-54, 1008, 486), (18, 918, 522), (108, 846, 540), (162, 828, 630), (144, 828, 648), (90, 882, 630), (54, 936, 612), (36, 900, 558), (36, 900, 468), (18, 1044, 378), (36, 918, 594), (108, 918, 594), (108, 918, 540), (90, 900, 522)]	(9468, 10446, 9273, 10391, 11520, 9598, 10299, 6175, 7090, 7055, 7363, 7299, 4971, 8012, 8212, 7364, 13982, 20138, 16544, 9138, 16921, 14105, 12286, 2049)
g	1470093	(664, 255)	[(72, 720, 666), (36, 774, 648), (-72, 810, 738), (-126, 864, 756), (-144, 864, 720), (-108, 846, 684), (-72, 810, 738), (-90, 792, 756), (-54, 792, 756), (18, 774, 702), (36, 756, 702), (18, 774, 702), (36, 756, 756), (72, 756, 702), (36, 756, 738), (18, 756, 720), (-18, 792, 720), (-54, 792, 738), (0, 774, 738), (-36, 756, 774), (-54, 738, 738), (-108, 918, 504), (54, 756, 774), (90, 738, 774), (72, 774, 720)]	(9453, 10421, 9244, 10200, 11523, 9643, 9368, 6412, 10163, 7027, 7795, 8028, 6475, 9184, 8239, 7792, 13631, 20020, 14883, 9170, 16494, 14122, 12264, 2054)
r	1470589	(587, 321)	[(0, 774, 738), (-36, 756, 774), (-54, 738, 738), (-108, 918, 504), (54, 756, 774), (90, 738, 774), (72, 774, 720), (0, 720, 792), (-36, 774, 738), (-108, 828, 792), (-108, 792, 738), (54, 756, 720), (54, 738, 720), (0, 756, 756), (36, 720, 702), (36, 738, 684), (0, 756, 756), (-36, 774, 756), (-54, 774, 774), (-54, 846, 594), (-36, 774, 828), (18, 738, 774), (18, 756, 756), (18, 810, 702), (72, 792, 666)]	(9447, 10420, 9260, 10189, 11509, 9606, 8543, 6480, 9975, 7121, 8072, 8187, 6174, 9131, 8083, 7764, 13454, 19946, 14751, 9140, 16352, 14011, 12235, 2051)
a	1471002	(663, 471)	[(36, 720, 702), (36, 738, 684), (0, 756, 756), (-36, 774, 756), (-54, 774, 774), (-54, 846, 594), (-36, 774, 828), (18, 738, 774), (18, 756, 756), (18, 810, 702), (72, 792, 666), (54, 684, 792), (90, 684, 756), (126, 648, 720), (-54, 702, 792), (-162, 738, 774), (-36, 774, 828), (36, 702, 774), (18, 702, 792), (0, 702, 810), (-72, 738, 846), (36, 738, 720), (72, 720, 756), (54, 666, 774), (-36, 666, 864)]	(9436, 10391, 9193, 10053, 11485, 9580, 7609, 6266, 10010, 7015, 7826, 8220, 7478, 7471, 7468, 7986, 12431, 19915, 14619, 9230, 16438, 14101, 12242, 2042)
m	1471570	(781, 96)	[(72, 720, 756), (54, 666, 774), (-36, 666, 864), (108, 648, 756), (-72, 738, 846), (36, 720, 810), (18, 720, 954), (36, 684, 954), (108, 630, 828), (216, 666, 792), (162, 720, 738), (-144, 882, 450), (0, 954, 432), (216, 828, 378), (252, 846, 576), (108, 864, 774), (18, 864, 666), (198, 810, 522), (270, 828, 576), (90, 846, 666), (54, 954, 558), (54, 864, 612), (162, 846, 630), (180, 918, 486), (252, 864, 450)]	(9440, 10391, 9203, 10204, 11511, 9620, 9354, 6312, 8874, 7099, 7767, 7972, 5810, 8506, 8209, 7424, 13696, 20009, 15286, 9110, 16802, 14069, 12259, 2051)
 	1471913	(824, 265)	[(-144, 882, 450), (0, 954, 432), (216, 828, 378), (252, 846, 576), (108, 864, 774), (18, 864, 666), (198, 810, 522), (270, 828, 576), (90, 846, 666), (54, 954, 558), (54, 864, 612), (162, 846, 630), (180, 918, 486), (252, 864, 450), (36, 756, 756), (18, 756, 774), (-72, 828, 792), (-126, 828, 810), (-72, 810, 774), (-126, 972, 648), (-90, 792, 846), (90, 738, 720), (72, 720, 648), (18, 756, 684), (162, 720, 666)]	(9462, 10455, 9261, 10245, 11534, 9663, 9892, 6105, 9822, 6990, 7370, 6877, 7739, 9084, 7820, 7717, 13336, 19867, 14704, 9142, 16502, 14062, 12225, 2044)
w	1472576	(584, 389)	[(18, 756, 738), (0, 702, 792), (-36, 738, 720), (-144, 810, 864), (-162, 792, 864), (54, 738, 720), (72, 702, 756), (54, 702, 810), (18, 720, 792), (18, 702, 774), (90, 702, 720), (108, 702, 720), (108, 720, 702), (90, 684, 810), (72, 720, 828), (36, 756, 720), (90, 774, 684), (54, 738, 774), (54, 720, 864), (54, 792, 504), (90, 720, 774), (90, 720, 882), (90, 702, 792), (90, 756, 792), (72, 738, 720)]	(9448, 10411, 9216, 10126, 11504, 9687, 8224, 6417, 10377, 7151, 8520, 8254, 7013, 9653, 7876, 8041, 13247, 19891, 14692, 9145, 16397, 13985, 12217, 2033)
h	1473389	(691, 181)	[(18, 738, 792), (0, 756, 774), (18, 756, 774), (18, 774, 738), (-54, 792, 756), (0, 774, 774), (54, 738, 774), (90, 738, 792), (54, 738, 792), (72, 756, 756), (36, 738, 720), (36, 774, 684), (36, 774, 648), (54, 810, 558), (54, 846, 702), (18, 828, 756), (54, 810, 702), (108, 756, 666), (72, 900, 468), (126, 792, 648), (126, 774, 702), (72, 828, 720), (90, 828, 684), (180, 756, 576), (54, 774, 666)]	(9443, 10412, 9255, 10190, 11512, 9649, 8715, 6403, 9570, 7133, 8555, 7772, 5805, 8820, 7922, 7764, 13382, 19961, 14959, 9136, 16645, 14082, 12250, 2047)
e	1474052	(579, 361)	[(0, 810, 720), (0, 810, 666), (-72, 828, 792), (18, 792, 738), (72, 774, 666), (90, 756, 684), (54, 756, 738), (54, 756, 684), (54, 774, 684), (90, 756, 720), (72, 756, 720), (54, 774, 756), (54, 756, 774), (18, 774, 756), (54, 792, 702), (72, 774, 738), (36, 756, 774), (18, 774, 774), (54, 792, 630), (90, 756, 702), (108, 738, 720), (54, 738, 828), (54, 774, 792), (108, 738, 720), (108, 756, 792)]	(9451, 10422, 9237, 10157, 11513, 9728, 8556, 6288, 9858, 7078, 8853, 7654, 6370, 9107, 7811, 7918, 13323, 19890, 14772, 9160, 16495, 14058, 12225, 2026)
n	1474612	(753, 167)	[(108, 738, 720), (54, 738, 828), (54, 774, 792), (108, 738, 720), (108, 756, 792), (18, 774, 738), (36, 756, 774), (72, 756, 792), (72, 738, 720), (90, 756, 756), (126, 756, 810), (162, 738, 792), (108, 810, 630), (90, 846, 504), (72, 828, 594), (72, 810, 666), (72, 810, 666), (72, 792, 702), (126, 792, 684), (108, 846, 810), (144, 882, 630), (180, 810, 594), (198, 810, 522), (162, 810, 576), (90, 900, 540)]	(9456, 10420, 9262, 10156, 11517, 9790, 8886, 6521, 10483, 7120, 8654, 7575, 6841, 8455, 8034, 7748, 13669, 20019, 15093, 9117, 16772, 14081, 12264, 2048)
 	1475012	(835, 246)	[(72, 828, 594), (72, 810, 666), (72, 810, 666), (72, 792, 702), (126, 792, 684), (108, 846, 810), (144, 882, 630), (180, 810, 594), (198, 810, 522), (162, 810, 576), (90, 900, 540), (108, 882, 486), (108, 828, 738), (162, 810, 684), (144, 792, 594), (90, 792, 666), (72, 846, 576), (72, 738, 720), (72, 774, 702), (18, 810, 684), (18, 792, 702), (36, 792, 738), (-72, 882, 756), (0, 864, 702), (72, 774, 774)]	(9444, 10400, 9222, 10113, 11515, 9621, 8928, 6113, 9881, 7071, 7810, 6778, 7918, 8173, 7600, 7736, 13031, 19870, 14653, 9160, 16485, 14125, 12232, 2035)
y	1475475	(660, 470)	[(72, 738, 720), (72, 774, 702), (18, 810, 684), (18, 792, 702), (36, 792, 738), (-72, 882, 756), (0, 864, 702), (72, 774, 774), (54, 738, 702), (36, 774, 720), (0, 738, 702), (126, 684, 846), (-54, 738, 864), (-54, 810, 792), (-72, 792, 756), (0, 756, 738), (36, 738, 720), (36, 720, 738), (36, 720, 792), (54, 702, 846), (90, 666, 828), (162, 684, 738), (144, 666, 738), (90, 684, 792), (90, 702, 774)]	(9451, 10383, 9208, 10053, 11465, 9475, 5074, 5677, 9615, 6948, 7680, 8183, 6455, 6548, 7375, 7720, 12332, 19922, 14627, 9211, 16425, 14118, 12230, 2037)
o	1476093	(762, 255)	[(90, 702, 774), (108, 666, 720), (-36, 738, 864), (90, 720, 702), (108, 702, 792), (72, 684, 810), (108, 684, 828), (108, 666, 774), (144, 738, 738), (126, 738, 756), (90, 720, 756), (126, 738, 702), (126, 738, 720), (90, 756, 792), (72, 756, 828), (144, 720, 720), (144, 720, 666), (90, 774, 756), (36, 846, 702), (126, 738, 684), (162, 684, 720), (90, 756, 774), (180, 738, 738), (234, 684, 648), (180, 666, 720)]	(9439, 10385, 9189, 10053, 11483, 9540, 6360, 6111, 9667, 7015, 8615, 8070, 6540, 7849, 7772, 7791, 13343, 19910, 14597, 9145, 16338, 14025, 12225, 2046)
u	1476492	(657, 456)	[(90, 756, 792), (72, 756, 828), (144, 720, 720), (144, 720, 666), (90, 774, 756), (36, 846, 702), (126, 738, 684), (162, 684, 720), (90, 756, 774), (180, 738, 738), (234, 684, 648), (180, 666, 720), (-36, 774, 828), (0, 720, 702), (18, 774, 630), (18, 756, 648), (36, 756, 684), (54, 702, 774), (90, 666, 864), (54, 702, 846), (108, 720, 720), (144, 684, 792), (54, 702, 792), (18, 738, 756), (54, 720, 828)]	(9442, 10377, 9234, 10065, 11472, 9559, 5620, 5883, 9622, 6971, 8304, 8118, 6509, 6377, 7353, 7744, 11980, 19978, 14793, 9313, 16715, 14271, 12274, 2035)
 	1477155	(551, 124)	[(-90, 756, 846), (36, 720, 630), (36, 792, 666), (90, 720, 738), (144, 648, 702), (144, 684, 774), (90, 774, 756), (72, 828, 792), (90, 846, 576), (144, 864, 576), (216, 810, 684), (270, 774, 720), (234, 756, 720), (180, 810, 702), (216, 810, 702), (216, 774, 702), (162, 792, 684), (108, 846, 630), (108, 918, 486), (108, 882, 540), (126, 864, 612), (162, 828, 648), (126, 846, 666), (144, 846, 630), (198, 846, 540)]	(9461, 10396, 9272, 10283, 11511, 9695, 8667, 6275, 7794, 7070, 8781, 7891, 5016, 7915, 8414, 7522, 14028, 20104, 16073, 9140, 16799, 14118, 12270, 2041)
a	1477768	(676, 74)	[(144, 846, 630), (198, 846, 540), (126, 828, 684), (90, 864, 720), (126, 774, 756), (126, 738, 684), (144, 774, 774), (144, 792, 738), (144, 774, 702), (162, 756, 684), (162, 774, 702), (126, 792, 666), (126, 846, 630), (108, 846, 612), (90, 828, 612), (90, 864, 612), (90, 882, 576), (90, 864, 576), (126, 828, 684), (180, 792, 684), (180, 828, 612), (162, 792, 630), (180, 828, 576), (144, 828, 630), (162, 846, 684)]	(9444, 10385, 9241, 10247, 11524, 9806, 8614, 6151, 7245, 7049, 8515, 7426, 5052, 7584, 8371, 7569, 14004, 20093, 15761, 9136, 16871, 14140, 12271, 2048)
r	1478312	(675, 443)	[(180, 828, 612), (162, 792, 630), (180, 828, 576), (144, 828, 630), (162, 846, 684), (162, 810, 612), (144, 630, 774), (36, 630, 918), (-108, 666, 954), (-126, 702, 846), (18, 738, 882), (18, 684, 846), (-144, 702, 918), (-72, 720, 936), (54, 612, 810), (54, 612, 792), (36, 630, 882), (18, 648, 972), (36, 648, 774), (198, 630, 666), (180, 612, 720), (162, 630, 810), (36, 666, 864), (90, 648, 900), (126, 630, 846)]	(9426, 10367, 9235, 10053, 11463, 9496, 4965, 5815, 9534, 6909, 8314, 8060, 5919, 6186, 7251, 7527, 11541, 19987, 14699, 9340, 16622, 14267, 12279, 2048)
e	1478931	(781, 212)	[(90, 648, 900), (126, 630, 846), (144, 648, 666), (126, 648, 810), (144, 648, 846), (90, 702, 792), (162, 702, 810), (180, 684, 810), (162, 684, 756), (162, 738, 702), (180, 720, 792), (162, 702, 792), (144, 738, 720), (144, 756, 720), (162, 738, 738), (144, 720, 792), (108, 720, 792), (180, 738, 756), (144, 720, 792), (126, 756, 774), (108, 792, 684), (198, 720, 702), (198, 702, 756), (234, 684, 702), (198, 684, 702)]	(9441, 10372, 9244, 10120, 11495, 9754, 6060, 6161, 9447, 7026, 8990, 7597, 5542, 6458, 7530, 7680, 12879, 20054, 14876, 9210, 16692, 14269, 12305, 2043)
 	1479494	(673, 82)	[(108, 792, 684), (198, 720, 702), (198, 702, 756), (234, 684, 702), (198, 684, 702), (108, 738, 774), (72, 756, 828), (144, 738, 774), (126, 720, 738), (0, 792, 774), (36, 774, 738), (108, 810, 612), (126, 810, 648), (180, 810, 666), (216, 792, 702), (252, 792, 666), (216, 774, 720), (216, 810, 702), (180, 828, 684), (198, 810, 558), (162, 792, 468), (108, 990, 522), (162, 810, 630), (198, 846, 630), (162, 900, 648)]	(9472, 10407, 9284, 10355, 11520, 10003, 7364, 6166, 7629, 7093, 9018, 7240, 4951, 7081, 8595, 7482, 14051, 20202, 15970, 9146, 16894, 14143, 12295, 2043)
a	1480154	(577, 375)	[(162, 936, 540), (36, 846, 738), (72, 774, 738), (90, 702, 792), (72, 684, 882), (54, 702, 900), (108, 702, 810), (90, 738, 792), (36, 720, 864), (36, 720, 828), (36, 720, 774), (36, 738, 720), (36, 738, 738), (36, 720, 792), (54, 738, 774), (72, 702, 756), (90, 702, 774), (72, 702, 810), (90, 720, 756), (126, 720, 684), (90, 702, 810), (72, 702, 774), (72, 738, 738), (54, 738, 774), (54, 738, 792)]	(9440, 10376, 9261, 10116, 11514, 9915, 7005, 6195, 9344, 6955, 9042, 6709, 5491, 7142, 7618, 7920, 13170, 19964, 14778, 9199, 16517, 14127, 12260, 2036)
v	1482358	(754, 261)	[(18, 738, 774), (18, 756, 810), (90, 720, 702), (90, 738, 756), (90, 738, 738), (108, 756, 738), (108, 738, 738), (126, 702, 774), (90, 720, 756), (36, 774, 738), (54, 756, 738), (36, 756, 792), (18, 756, 756), (54, 756, 738), (72, 738, 774), (72, 756, 720), (90, 738, 702), (108, 738, 720), (72, 738, 792), (108, 702, 792), (90, 756, 720), (90, 792, 684), (36, 738, 846), (36, 774, 756), (54, 810, 810)]	(9456, 10365, 9274, 10178, 11537, 10042, 7776, 6160, 10020, 7007, 9044, 6723, 5923, 7870, 7827, 7970, 13730, 20009, 14693, 9242, 16454, 14190, 12271, 2041)
a	1482869	(667, 460)	[(72, 738, 792), (108, 702, 792), (90, 756, 720), (90, 792, 684), (36, 738, 846), (36, 774, 756), (54, 810, 810), (144, 666, 720), (-90, 774, 900), (36, 774, 810), (-36, 756, 810), (-90, 774, 792), (-54, 756, 720), (18, 702, 702), (54, 738, 684), (18, 756, 738), (-36, 738, 810), (36, 702, 828), (90, 702, 774), (90, 720, 756), (54, 702, 810), (126, 702, 756), (90, 702, 756), (108, 702, 738), (144, 720, 756)]	(9451, 10384, 9223, 10091, 11491, 9595, 5843, 5869, 10085, 6899, 8537, 7155, 7962, 6671, 7397, 7968, 12414, 19902, 14592, 9302, 16504, 14208, 12256, 2040)
i	1483631	(567, 124)	[(90, 702, 504), (126, 720, 450), (18, 846, 612), (0, 864, 738), (18, 792, 684), (108, 792, 630), (90, 828, 720), (90, 774, 774), (90, 810, 846), (144, 774, 864), (180, 792, 738), (126, 792, 684), (72, 792, 666), (72, 810, 648), (108, 846, 666), (108, 864, 666), (54, 846, 630), (126, 846, 576), (198, 864, 486), (162, 828, 666), (144, 828, 648), (72, 846, 612), (54, 900, 540), (126, 882, 486), (72, 864, 648)]	(9441, 10405, 9261, 10295, 11506, 9967, 7796, 5818, 7166, 7026, 8802, 7135, 5000, 7427, 8485, 7560, 14047, 20128, 15832, 9135, 16801, 14101, 12279, 2056)
l	1483928	(673, 82)	[(144, 774, 864), (180, 792, 738), (126, 792, 684), (72, 792, 666), (72, 810, 648), (108, 846, 666), (108, 864, 666), (54, 846, 630), (126, 846, 576), (198, 864, 486), (162, 828, 666), (144, 828, 648), (72, 846, 612), (54, 900, 540), (126, 882, 486), (72, 864, 648), (108, 756, 918), (126, 900, 450), (54, 882, 540), (36, 882, 648), (72, 846, 612), (72, 900, 594), (108, 936, 504), (180, 882, 432)]	(9462, 10390, 9269, 10306, 11515, 10078, 7705, 6184, 7436, 7075, 9088, 7183, 4996, 7082, 8408, 7571, 13879, 20118, 15701, 9122, 16864, 14115, 12289, 2050)
a	1484447	(667, 473)	[(54, 882, 540), (36, 882, 648), (72, 846, 612), (72, 900, 594), (108, 936, 504), (180, 882, 432), (234, 792, 468), (0, 666, 810), (-216, 738, 972), (-144, 684, 1026), (-108, 666, 900), (-54, 684, 900), (-54, 666, 936), (-36, 612, 828), (18, 594, 738), (-36, 630, 864), (-54, 630, 954), (-36, 630, 864), (18, 612, 828), (36, 612, 900), (36, 648, 720), (36, 666, 792), (54, 630, 828), (18, 594, 792), (108, 630, 756)]	(9422, 10350, 9233, 10003, 11480, 9708, 5499, 6120, 9472, 6984, 8731, 7138, 5569, 6362, 7350, 7860, 12164, 19961, 14495, 9273, 16389, 14173, 12265, 2053)
b	1485161	(764, 209)	[(72, 738, 738), (126, 702, 756), (126, 702, 792), (126, 684, 774), (126, 720, 684), (144, 720, 666), (180, 702, 720), (162, 702, 774), (126, 702, 720), (90, 720, 720), (90, 738, 756), (72, 756, 756), (36, 756, 756), (54, 756, 792), (36, 756, 756), (72, 756, 774), (90, 756, 774), (126, 738, 738), (126, 738, 702), (126, 828, 522), (198, 702, 666), (144, 720, 774), (144, 738, 738), (144, 720, 720), (144, 684, 792)]	(9460, 10379, 9287, 10160, 11513, 9972, 6091, 6185, 9501, 7069, 9405, 7122, 5602, 6831, 7606, 8030, 13119, 19967, 14788, 9204, 16626, 14198, 12265, 2031)
l	1485622	(684, 76)	[(90, 756, 774), (126, 738, 738), (126, 738, 702), (126, 828, 522), (198, 702, 666), (144, 720, 774), (144, 738, 738), (144, 720, 720), (144, 684, 792), (-54, 810, 738), (54, 756, 774), (36, 756, 576), (36, 756, 594), (18, 774, 666), (90, 792, 648), (108, 774, 648), (90, 846, 630), (72, 846, 684), (162, 846, 738), (162, 846, 702), (108, 864, 702), (216, 774, 684), (144, 828, 648), (162, 846, 630), (144, 864, 486)]	(9477, 10408, 9281, 10350, 11519, 10144, 5733, 6117, 7648, 7035, 9241, 7125, 4938, 6964, 8306, 7752, 13918, 20101, 15638, 9141, 16810, 14180, 12278, 2043)
e	1486170	(594, 357)	[(108, 864, 702), (216, 774, 684), (144, 828, 648), (162, 846, 630), (144, 864, 486), (108, 810, 594), (18, 846, 720), (90, 738, 666), (126, 720, 720), (90, 702, 774), (72, 702, 810), (90, 684, 864), (90, 666, 846), (54, 666, 828), (36, 702, 810), (36, 738, 774), (18, 738, 774), (18, 720, 846), (36, 702, 828), (54, 738, 720), (54, 738, 738), (90, 684, 810), (108, 666, 810), (54, 702, 738), (108, 738, 684)]	(9449, 10363, 9289, 10158, 11520, 9999, 6225, 6106, 9384, 7080, 9322, 6760, 5388, 7828, 7638, 8305, 13091, 19899, 14640, 9180, 16405, 14050, 12237, 2053)
t	1489598	(576, 280)	[(-108, 774, 738), (-108, 738, 864), (-108, 756, 882), (-90, 738, 846), (-54, 702, 810), (-54, 702, 810), (-54, 702, 810), (-90, 720, 810), (-108, 756, 774), (-108, 738, 756), (-90, 738, 702), (-90, 738, 702), (-108, 756, 720), (-126, 774, 756), (-126, 792, 738), (-108, 792, 720), (-108, 792, 792), (-108, 828, 702), (18, 792, 738), (90, 702, 738), (126, 702, 720), (-36, 756, 684), (0, 810, 612), (18, 810, 666), (-72, 792, 756)]	(9447, 10422, 9325, 10257, 11580, 11494, 5953, 6264, 8846, 7075, 8265, 6442, 5421, 7136, 8377, 7861, 13873, 20112, 14910, 9159, 16586, 14125, 12289, 2040)
h	1490089	(650, 193)	[(18, 792, 738), (90, 702, 738), (126, 702, 720), (-36, 756, 684), (0, 810, 612), (18, 810, 666), (-72, 792, 756), (72, 684, 864), (0, 756, 756), (18, 738, 756), (18, 756, 702), (0, 756, 648), (18, 756, 666), (36, 738, 684), (36, 738, 648), (18, 756, 666), (-36, 774, 666), (0, 792, 666), (-18, 792, 720), (-90, 900, 720), (-18, 792, 882), (18, 792, 774), (-54, 810, 756), (36, 792, 684), (72, 720, 594)]	(9473, 10426, 9348, 10312, 11596, 11406, 5943, 6273, 9333, 7167, 8914, 6822, 5342, 7092, 8219, 8433, 13791, 20060, 14845, 9149, 16599, 14132, 12274, 2049)
e	1490599	(589, 374)	[(-90, 900, 720), (-18, 792, 882), (18, 792, 774), (-54, 810, 756), (36, 792, 684), (72, 720, 594), (54, 666, 702), (-54, 702, 720), (-72, 738, 828), (-54, 720, 810), (0, 702, 810), (-36, 702, 846), (-54, 684, 846), (-72, 720, 774), (-54, 720, 738), (0, 738, 702), (-36, 738, 702), (0, 738, 756), (18, 720, 792), (36, 702, 810), (-36, 756, 702), (36, 738, 756), (36, 666, 828), (72, 684, 810), (0, 720, 810)]	(9465, 10411, 9355, 10241, 11599, 11514, 6142, 6337, 9797, 7136, 8512, 6655, 5794, 7384, 8055, 8212, 14029, 20084, 14827, 9240, 16604, 14246, 12298, 2037)
y	1491092	(580, 215)	[(18, 720, 792), (36, 702, 810), (-36, 756, 702), (36, 738, 756), (36, 666, 828), (72, 684, 810), (0, 720, 810), (-90, 774, 684), (18, 774, 792), (18, 756, 810), (18, 720, 756), (54, 738, 684), (72, 774, 648), (36, 774, 702), (18, 774, 702), (54, 810, 612), (18, 864, 612), (0, 882, 648), (54, 828, 720), (90, 792, 684), (54, 828, 648), (54, 774, 756), (36, 810, 666), (54, 864, 630), (90, 864, 576)]	(9474, 10429, 9394, 10329, 11594, 11352, 5996, 6229, 8647, 7127, 9255, 6734, 5250, 7207, 8101, 8550, 13553, 19994, 15049, 9138, 16695, 14086, 12260, 2042)
 	1491502	(835, 320)	[(36, 774, 702), (18, 774, 702), (54, 810, 612), (18, 864, 612), (0, 882, 648), (54, 828, 720), (90, 792, 684), (54, 828, 648), (54, 774, 756), (36, 810, 666), (54, 864, 630), (90, 864, 576), (108, 756, 756), (36, 648, 738), (-108, 666, 954), (-108, 702, 918), (-126, 738, 882), (-36, 738, 774), (-108, 774, 810), (-198, 864, 630), (18, 756, 666), (-54, 702, 720), (18, 702, 702), (0, 702, 702), (-54, 720, 846)]	(9454, 10382, 9257, 10143, 11543, 10420, 5948, 6225, 10130, 7118, 9101, 6681, 6522, 7433, 8175, 8185, 13783, 19959, 14422, 9087, 16095, 13973, 12246, 2039)
a	1492014	(655, 474)	[(-108, 774, 810), (-198, 864, 630), (18, 756, 666), (-54, 702, 720), (18, 702, 702), (0, 702, 702), (-54, 720, 846), (-72, 720, 792), (-18, 684, 792), (-36, 684, 792), (-72, 684, 846), (-108, 702, 864), (-108, 702, 846), (-54, 702, 810), (0, 702, 738), (-54, 738, 702), (-54, 702, 774), (-54, 702, 792), (0, 684, 738), (-36, 702, 738), (36, 702, 702), (36, 648, 738), (-54, 720, 756), (-54, 720, 828), (-90, 702, 882)]	(9439, 10369, 9245, 10052, 11520, 10278, 5628, 6124, 9553, 7045, 8542, 6577, 6002, 6611, 7467, 8130, 12855, 19957, 14434, 9212, 16234, 14135, 12270, 2038)
r	1492613	(592, 336)	[(-54, 720, 756), (-54, 720, 828), (-90, 702, 882), (-36, 720, 774), (-108, 702, 828), (-126, 738, 810), (-72, 774, 684), (-54, 738, 720), (-72, 738, 828), (-36, 702, 720), (72, 720, 720), (54, 738, 738), (-36, 792, 792), (-54, 792, 774), (36, 738, 666), (18, 720, 720), (-72, 756, 738), (-54, 756, 666), (-90, 774, 702), (-108, 774, 756), (-54, 792, 666), (-36, 774, 702), (-36, 756, 810), (-36, 810, 738), (-36, 756, 720)]	(9478, 10396, 9330, 10242, 11565, 11135, 5955, 6442, 10571, 7200, 9580, 6920, 6155, 7644, 7917, 8862, 13466, 19935, 14617, 9140, 16355, 14057, 12251, 2044)
e	1492874	(573, 373)	[(-72, 738, 828), (-36, 702, 720), (72, 720, 720), (54, 738, 738), (-36, 792, 792), (-54, 792, 774), (36, 738, 666), (18, 720, 720), (-72, 756, 738), (-54, 756, 666), (-90, 774, 702), (-108, 774, 756), (-54, 792, 666), (-36, 774, 702), (-36, 756, 810), (-36, 810, 738), (-36, 756, 720), (-36, 756, 774), (-36, 756, 666), (-36, 774, 666), (0, 774, 702), (-36, 738, 756), (-36, 774, 720), (-54, 792, 774), (-54, 774, 774)]	(9464, 10393, 9350, 10189, 11570, 11075, 5741, 6480, 10185, 7072, 9504, 6780, 6006, 7831, 7893, 8803, 13434, 19882, 14572, 9124, 16300, 13986, 12231, 2037)
 	1493517	(819, 312)	[(-54, 792, 684), (-36, 756, 702), (0, 756, 702), (-36, 756, 720), (-36, 774, 738), (-54, 774, 792), (-72, 810, 774), (-36, 774, 774), (0, 810, 756), (18, 828, 720), (54, 774, 702), (90, 720, 684), (72, 666, 756), (18, 702, 810), (54, 702, 738), (36, 702, 738), (-36, 738, 810), (-108, 810, 900), (-126, 828, 684), (-54, 756, 738), (-18, 738, 756), (-36, 738, 702), (-36, 738, 756), (-36, 756, 828), (54, 702, 792)]	(9451, 10395, 9285, 10162, 11538, 11140, 5671, 6097, 9694, 7013, 8366, 6517, 6370, 7600, 7736, 8124, 13558, 19950, 14534, 9177, 16338, 14125, 12250, 2046)
t	1494545	(580, 265)	[(18, 756, 774), (0, 792, 720), (-54, 810, 702), (36, 756, 720), (36, 756, 738), (36, 756, 738), (18, 756, 720), (-18, 792, 738), (0, 792, 702), (18, 774, 684), (18, 774, 738), (18, 828, 720), (0, 828, 612), (36, 828, 594), (36, 828, 648), (18, 810, 684), (18, 810, 702), (36, 810, 684), (36, 828, 684), (36, 810, 666), (90, 846, 540), (54, 810, 720), (72, 792, 720), (36, 846, 648), (54, 846, 612)]	(9466, 10403, 9346, 10234, 11550, 11085, 5716, 6229, 9834, 7047, 9335, 6666, 5694, 7733, 8143, 8806, 13432, 19894, 14706, 9114, 16470, 14000, 12234, 2040)
o	1495157	(592, 99)	[(36, 846, 648), (54, 846, 612), (54, 846, 684), (36, 810, 738), (36, 810, 648), (90, 810, 612), (126, 828, 612), (54, 882, 594), (-36, 882, 558), (54, 882, 558), (90, 828, 594), (108, 846, 540), (72, 864, 558), (72, 882, 612), (90, 864, 630), (72, 828, 612), (54, 846, 612), (54, 936, 450), (72, 864, 540), (36, 846, 630), (-36, 882, 684), (-72, 882, 756), (0, 882, 738), (54, 900, 648), (36, 882, 576)]	(9482, 10413, 9324, 10418, 11536, 10791, 5541, 5977, 7453, 7055, 8621, 6471, 5045, 7370, 8509, 8085, 14033, 20086, 15594, 9102, 16681, 14076, 12255, 2045)
 	1495715	(840, 302)	[(-72, 882, 756), (0, 882, 738), (54, 900, 648), (36, 882, 576), (108, 864, 666), (144, 756, 720), (234, 648, 666), (126, 666, 738), (-72, 720, 792), (-162, 666, 792), (-144, 648, 792), (-198, 684, 810), (-270, 774, 810), (-324, 846, 864), (-324, 882, 810), (-270, 864, 684), (-216, 846, 738), (-54, 774, 774), (-90, 738, 882), (36, 720, 522), (90, 630, 756), (90, 648, 756), (36, 684, 720), (-54, 720, 720), (-36, 738, 756)]	(9458, 10410, 9286, 10188, 11536, 10555, 6352, 6209, 10313, 7088, 9332, 6962, 6710, 7863, 8396, 8045, 13793, 19967, 14518, 9086, 16201, 13997, 12246, 2045)
e	1496309	(590, 357)	[(36, 684, 720), (-54, 720, 720), (-36, 738, 756), (-90, 774, 702), (-126, 792, 828), (-144, 738, 828), (-72, 738, 774), (-54, 738, 738), (-36, 738, 738), (-36, 720, 738), (-72, 738, 774), (-90, 738, 792), (-72, 738, 810), (-54, 720, 810), (-36, 738, 756), (-90, 738, 738), (-90, 774, 756), (-72, 774, 738), (-54, 774, 666), (-54, 792, 630), (-90, 828, 630), (-72, 828, 648), (0, 756, 756), (36, 738, 792), (36, 702, 756)]	(9444, 10395, 9308, 10201, 11532, 10875, 6608, 6347, 10202, 7170, 9388, 7019, 6723, 8153, 8251, 8407, 13443, 19890, 14548, 9063, 16261, 13946, 12215, 2039)
x	1496868	(767, 363)	[(-72, 828, 648), (0, 756, 756), (36, 738, 792), (36, 702, 756), (72, 720, 810), (18, 756, 720), (-54, 774, 720), (18, 756, 774), (54, 702, 792), (18, 684, 738), (-72, 738, 792), (-144, 774, 720), (-126, 810, 648), (-90, 756, 738), (-108, 720, 792), (-90, 738, 756), (-108, 756, 738), (-90, 738, 828), (-36, 684, 900), (54, 720, 702), (-72, 702, 846), (0, 684, 828), (-54, 684, 792), (0, 702, 792), (-36, 720, 810)]	(9452, 10381, 9244, 10111, 11508, 9930, 5988, 6115, 10067, 7062, 9153, 6880, 6526, 8215, 7844, 8239, 13379, 19855, 14371, 9103, 16076, 13952, 12208, 2044)
e	1497430	(576, 383)	[(0, 684, 828), (-54, 684, 792), (0, 702, 792), (-36, 720, 810), (-108, 792, 792), (-72, 720, 774), (0, 702, 738), (18, 720, 720), (-72, 738, 756), (-54, 738, 738), (-36, 720, 756), (-36, 738, 738), (-54, 756, 756), (18, 738, 792), (18, 702, 828), (0, 702, 828), (-36, 720, 828), (-36, 702, 846), (-54, 702, 828), (-54, 738, 792), (-36, 720, 774), (72, 702, 702), (54, 666, 756), (0, 720, 810), (0, 720, 792)]	(9468, 10391, 9309, 10210, 11530, 10314, 6378, 6458, 10604, 7087, 9916, 7012, 6592, 8355, 8225, 8563, 13571, 19884, 14519, 9088, 16219, 13955, 12214, 2032)
c	1498400	(755, 304)	[(-36, 720, 792), (18, 720, 774), (0, 720, 756), (0, 720, 774), (18, 720, 756), (0, 720, 774), (-36, 738, 774), (-18, 738, 738), (-36, 738, 774), (-54, 756, 774), (-36, 738, 756), (18, 738, 756), (36, 702, 756), (18, 720, 792), (0, 738, 756), (18, 720, 738), (18, 738, 774), (0, 738, 774), (18, 702, 774), (18, 720, 774), (36, 756, 666), (0, 720, 828), (54, 702, 738), (-36, 774, 720), (0, 738, 810)]	(9459, 10398, 9315, 10239, 11528, 10505, 6400, 6350, 10602, 7153, 9475, 6783, 6745, 8251, 8043, 8346, 13561, 19914, 14496, 9117, 16242, 14021, 12239, 2045)
u	1498911	(583, 157)	[(18, 720, 774), (36, 756, 666), (0, 720, 828), (54, 702, 738), (-36, 774, 720), (0, 738, 810), (18, 738, 882), (36, 738, 738), (-90, 756, 792), (-72, 756, 738), (-54, 792, 702), (-90, 810, 666), (-72, 864, 666), (-54, 810, 630), (108, 810, 630), (126, 828, 702), (126, 846, 684), (216, 774, 666), (234, 738, 666), (90, 954, 396), (144, 828, 684), (198, 774, 738), (198, 846, 612), (108, 864, 504), (126, 864, 414)]	(9472, 10404, 9271, 10247, 11517, 10512, 6254, 5955, 9970, 7098, 8803, 6606, 5447, 7857, 8341, 8109, 14035, 20015, 15211, 9119, 16710, 14120, 12264, 2050)
t	1499354	(585, 263)	[(126, 846, 684), (216, 774, 666), (234, 738, 666), (90, 954, 396), (144, 828, 684), (198, 774, 738), (198, 846, 612), (108, 864, 504), (126, 864, 414), (54, 810, 648), (-72, 792, 810), (-108, 810, 792), (-90, 810, 720), (-90, 828, 648), (-36, 792, 666), (0, 774, 720), (-36, 774, 702), (0, 792, 684), (18, 792, 702), (54, 828, 594), (72, 810, 720), (54, 774, 756), (-18, 792, 720), (-54, 792, 720), (54, 828, 684)]	(9466, 10388, 9300, 10243, 11548, 10717, 6512, 6490, 10172, 7155, 9311, 6881, 5821, 8530, 8307, 8660, 13678, 19929, 14648, 9081, 16368, 14000, 12227, 2051)
e	1499812	(577, 360)	[(-36, 774, 702), (0, 792, 684), (18, 792, 702), (54, 828, 594), (72, 810, 720), (54, 774, 756), (-18, 792, 720), (-54, 792, 720), (54, 828, 684), (36, 738, 738), (-36, 756, 684), (18, 774, 720), (18, 756, 756), (-36, 756, 756), (-54, 756, 792), (18, 738, 774), (18, 738, 756), (-36, 756, 774), (-54, 774, 630), (36, 774, 756), (36, 756, 756), (36, 738, 774), (36, 756, 756), (36, 738, 720), (36, 756, 738)]	(9442, 10369, 9283, 10215, 11529, 10439, 6515, 6270, 10106, 7055, 9341, 6682, 6000, 8672, 8235, 8590, 13686, 19885, 14496, 9090, 16165, 13946, 12211, 2039)
 	1500473	(831, 329)	[(54, 738, 738), (36, 774, 720), (54, 756, 756), (54, 756, 738), (54, 756, 720), (18, 774, 756), (36, 738, 720), (36, 720, 684), (36, 720, 738), (18, 702, 828), (-144, 738, 828), (-126, 774, 792), (-18, 756, 756), (-72, 756, 774), (-108, 810, 720), (-36, 756, 720), (0, 756, 684), (-36, 756, 666), (-216, 846, 666), (72, 756, 720), (18, 702, 774), (90, 702, 702), (36, 720, 756), (-36, 720, 810), (0, 720, 810)]	(9449, 10383, 9257, 10102, 11492, 10145, 6495, 5974, 10095, 7007, 8292, 6605, 6971, 8757, 8182, 7935, 13806, 19921, 14397, 9112, 16062, 13980, 12231, 2047)
t	1500918	(576, 278)	[(0, 756, 684), (-36, 756, 666), (-216, 846, 666), (72, 756, 720), (18, 702, 774), (90, 702, 702), (36, 720, 756), (-36, 720, 810), (0, 720, 810), (-126, 810, 756), (0, 720, 666), (0, 756, 612), (-108, 882, 702), (-90, 828, 792), (0, 792, 756), (36, 774, 756), (0, 792, 702), (-36, 810, 648), (18, 792, 684), (72, 810, 594), (18, 864, 540), (-18, 792, 738), (18, 774, 756), (108, 702, 702), (54, 756, 738)]	(9456, 10399, 9291, 10225, 11538, 10690, 6666, 6449, 10280, 7154, 9481, 6909, 6671, 8701, 8155, 8694, 13261, 19847, 14595, 9030, 16328, 13840, 12198, 2047)
h	1501224	(680, 207)	[(-126, 810, 756), (0, 720, 666), (0, 756, 612), (-108, 882, 702), (-90, 828, 792), (0, 792, 756), (36, 774, 756), (0, 792, 702), (-36, 810, 648), (18, 792, 684), (72, 810, 594), (18, 864, 540), (-18, 792, 738), (18, 774, 756), (108, 702, 702), (54, 756, 738), (72, 738, 720), (18, 792, 720), (18, 774, 720), (0, 864, 630), (72, 738, 738), (90, 720, 774), (0, 774, 738), (-54, 810, 738), (0, 774, 774)]	(9473, 10410, 9304, 10305, 11561, 11038, 6842, 6564, 10838, 7190, 9563, 6796, 6876, 8907, 8310, 8762, 13710, 19960, 14735, 9124, 16518, 14019, 12219, 2050)
e	1501620	(574, 366)	[(18, 774, 756), (108, 702, 702), (54, 756, 738), (72, 738, 720), (18, 792, 720), (18, 774, 720), (0, 864, 630), (72, 738, 738), (90, 720, 774), (0, 774, 738), (-54, 810, 738), (0, 774, 774), (72, 792, 666), (-108, 774, 792), (-54, 756, 792), (18, 738, 702), (36, 738, 738), (0, 756, 756), (-18, 756, 720), (0, 774, 720), (18, 792, 720), (18, 774, 684), (54, 702, 738), (72, 738, 774), (0, 756, 702)]	(9462, 10394, 9322, 10226, 11543, 10652, 6838, 6587, 10903, 7162, 9380, 6702, 7044, 8697, 8159, 8659, 13665, 19895, 14555, 9092, 16239, 13964, 12225, 2049)
 	1502080	(826, 299)	[(36, 738, 738), (0, 756, 756), (-18, 756, 720), (0, 774, 720), (18, 792, 720), (18, 774, 684), (54, 702, 738), (72, 738, 774), (0, 756, 702), (18, 756, 702), (-54, 756, 864), (18, 792, 756), (36, 792, 756), (18, 774, 720), (108, 684, 666), (144, 648, 684), (90, 720, 720), (0, 738, 720), (-18, 774, 720), (-126, 828, 738), (18, 738, 702), (-54, 756, 720), (-54, 756, 792), (-36, 774, 810), (0, 720, 810)]	(9458, 10386, 9301, 10170, 11527, 10471, 6675, 6056, 10450, 7099, 8790, 6495, 7325, 8370, 7891, 8101, 13628, 19887, 14461, 9114, 16211, 14056, 12224, 2037)
m	1502523	(754, 101)	[(0, 738, 720), (-18, 774, 720), (-126, 828, 738), (18, 738, 702), (-54, 756, 720), (-54, 756, 792), (-36, 774, 810), (0, 720, 810), (0, 738, 810), (-90, 756, 774), (-72, 810, 666), (-162, 900, 558), (0, 828, 666), (90, 792, 684), (90, 792, 648), (144, 792, 720), (108, 828, 666), (90, 828, 468), (126, 846, 450), (198, 810, 558), (90, 972, 468), (90, 828, 594), (72, 864, 522), (72, 900, 450), (36, 936, 468)]	(9468, 10384, 9309, 10293, 11532, 10470, 5603, 6089, 9986, 7100, 9445, 6690, 5626, 7290, 8381, 8748, 13838, 20010, 14943, 9068, 16645, 14081, 12265, 2054)
a	1503084	(672, 459)	[(90, 972, 468), (90, 828, 594), (72, 864, 522), (72, 900, 450), (36, 936, 468), (90, 810, 522), (-36, 684, 828), (-162, 720, 990), (-252, 792, 936), (-234, 846, 774), (-126, 828, 666), (-54, 756, 774), (-90, 756, 792), (-18, 720, 702), (0, 720, 756), (-36, 738, 774), (18, 738, 756), (-54, 738, 756), (-72, 738, 810), (-54, 738, 720), (-36, 756, 756), (-36, 738, 720), (18, 738, 702), (18, 702, 774), (0, 738, 756)]	(9463, 10386, 9219, 10095, 11505, 10322, 5729, 5853, 10581, 7040, 8679, 6659, 8115, 8447, 7770, 8240, 13453, 19857, 14347, 9144, 16089, 14034, 12216, 2044)
n	1503847	(759, 155)	[(18, 738, 738), (54, 756, 720), (18, 738, 756), (36, 774, 594), (72, 756, 648), (90, 756, 738), (0, 810, 720), (-36, 846, 702), (54, 810, 630), (72, 810, 594), (18, 846, 720), (-18, 864, 702), (72, 846, 630), (126, 792, 666), (90, 792, 648), (72, 828, 666), (36, 828, 666), (36, 864, 666), (36, 846, 630), (54, 864, 504), (72, 810, 630), (72, 792, 702), (18, 864, 612), (54, 882, 576), (90, 792, 702)]	(9475, 10384, 9308, 10282, 11524, 10466, 5071, 6247, 10233, 7109, 9314, 6701, 6124, 7560, 8334, 9142, 13679, 19912, 14636, 9015, 16374, 13935, 12222, 2042)
d	1504659	(669, 349)	[(-36, 810, 630), (-36, 792, 666), (-36, 792, 720), (0, 810, 720), (18, 792, 756), (-18, 792, 720), (36, 774, 684), (36, 774, 720), (36, 792, 630), (18, 810, 648), (0, 792, 702), (18, 792, 756), (36, 774, 720), (36, 774, 720), (18, 792, 720), (36, 828, 684), (72, 792, 684), (54, 774, 720), (36, 756, 702), (-36, 756, 702), (-36, 792, 720), (-36, 828, 720), (-18, 792, 666), (0, 810, 630), (-36, 810, 774)]	(9461, 10387, 9266, 10141, 11521, 10524, 5508, 6109, 10088, 7085, 8956, 6707, 7102, 8528, 8020, 8625, 13535, 19841, 14385, 9053, 16017, 13893, 12201, 2045)
a	1505171	(683, 446)	[(36, 756, 702), (-36, 756, 702), (-36, 792, 720), (-36, 828, 720), (-18, 792, 666), (0, 810, 630), (-36, 810, 774), (18, 792, 756), (90, 738, 630), (72, 720, 648), (36, 756, 702), (-36, 774, 738), (-54, 792, 666), (0, 774, 738), (-54, 774, 792), (-72, 774, 774), (0, 756, 756), (-18, 756, 756), (-54, 774, 720), (-72, 810, 702), (54, 738, 666), (36, 720, 684), (0, 756, 720), (0, 756, 720), (18, 702, 738)]	(9459, 10375, 9250, 10072, 11497, 10134, 5367, 5833, 10129, 7035, 8638, 6435, 7140, 8184, 7650, 8296, 13262, 19831, 14282, 9119, 15998, 13969, 12213, 2051)
t	1505782	(600, 268)	[(0, 756, 720), (0, 756, 720), (18, 702, 738), (-90, 774, 810), (-72, 738, 810), (-54, 756, 810), (-108, 774, 738), (-36, 792, 558), (-36, 810, 468), (-36, 810, 558), (36, 864, 702), (90, 810, 846), (90, 792, 774), (108, 774, 756), (90, 810, 756), (54, 810, 738), (0, 810, 720), (-54, 828, 666), (-54, 828, 630), (18, 828, 558), (36, 900, 450), (0, 810, 756), (18, 792, 792), (18, 846, 666), (54, 810, 594)]	(9457, 10379, 9274, 10171, 11540, 10893, 5952, 6347, 10233, 7165, 9775, 6889, 6691, 8358, 8280, 8902, 13406, 19860, 14490, 9027, 16143, 13872, 12205, 2050)
e	1506274	(556, 371)	[(-54, 828, 630), (18, 828, 558), (36, 900, 450), (0, 810, 756), (18, 792, 792), (18, 846, 666), (54, 810, 594), (-54, 846, 720), (-36, 810, 702), (36, 774, 648), (-72, 810, 756), (-72, 828, 720), (-36, 828, 684), (-36, 828, 684), (-54, 810, 666), (-36, 810, 702), (-36, 810, 756), (18, 792, 720), (36, 774, 666), (18, 828, 540), (18, 774, 720), (54, 720, 738), (-18, 810, 684), (-54, 828, 648), (18, 828, 720)]	(9467, 10387, 9303, 10220, 11533, 10509, 5889, 6465, 10531, 7064, 9681, 6857, 6540, 8301, 8074, 8951, 13485, 19858, 14463, 9071, 16095, 13940, 12207, 2051)
 	1506885	(830, 294)	[(-54, 828, 648), (18, 828, 720), (54, 810, 702), (108, 702, 720), (126, 684, 702), (36, 738, 702), (36, 702, 774), (36, 702, 828), (0, 720, 756), (-54, 792, 702), (-90, 810, 702), (-54, 792, 702), (0, 792, 720), (-18, 774, 774), (-54, 774, 774), (-72, 792, 702), (-36, 756, 702), (36, 738, 738), (-180, 864, 810), (108, 792, 486), (36, 702, 756), (90, 702, 720), (18, 720, 702), (-108, 810, 810), (-54, 774, 828)]	(9471, 10384, 9279, 10141, 11523, 10472, 5671, 6043, 10789, 7129, 9143, 6643, 7087, 8264, 7918, 8376, 13557, 19861, 14394, 9076, 16087, 13999, 12215, 2043)
l	1507393	(684, 61)	[(108, 792, 486), (36, 702, 756), (90, 702, 720), (18, 720, 702), (-108, 810, 810), (-54, 774, 828), (-18, 720, 972), (36, 720, 594), (18, 918, 558), (-90, 972, 684), (162, 792, 612), (126, 810, 612), (18, 900, 666), (54, 900, 594), (36, 882, 486), (36, 882, 540), (54, 864, 702), (108, 882, 666), (18, 918, 306), (108, 900, 306), (36, 900, 594), (0, 918, 666), (-72, 972, 630), (54, 972, 522), (126, 882, 468)]	(9475, 10395, 9269, 10348, 11517, 10329, 6061, 6094, 9723, 7015, 8381, 6645, 5386, 7512, 8390, 7931, 14085, 20127, 15682, 9154, 16931, 14283, 12290, 2058)
e	1508002	(590, 377)	[(54, 972, 522), (126, 882, 468), (0, 918, 468), (-108, 774, 810), (-180, 828, 918), (-72, 738, 846), (36, 774, 648), (54, 774, 612), (54, 756, 684), (36, 756, 738), (-54, 792, 720), (-54, 792, 720), (36, 756, 774), (72, 756, 774), (54, 738, 738), (18, 738, 810), (18, 756, 738), (36, 774, 738), (36, 810, 666), (0, 792, 648), (0, 774, 738), (36, 756, 738), (36, 792, 684), (54, 810, 648), (18, 810, 738)]	(9467, 10374, 9272, 10186, 11534, 10164, 6635, 6458, 10423, 7065, 9295, 6860, 6542, 8859, 8048, 8509, 13389, 19846, 14436, 9053, 16070, 13920, 12204, 2043)
t	1508496	(595, 253)	[(36, 810, 666), (0, 792, 648), (0, 774, 738), (36, 756, 738), (36, 792, 684), (54, 810, 648), (18, 810, 738), (36, 792, 738), (36, 792, 648), (0, 792, 666), (36, 792, 702), (36, 810, 684), (18, 810, 648), (18, 828, 702), (0, 810, 720), (0, 828, 702), (36, 828, 666), (36, 846, 648), (18, 882, 594), (54, 900, 540), (72, 774, 666), (72, 792, 720), (-36, 828, 738), (36, 846, 648), (126, 828, 594)]	(9459, 10384, 9305, 10242, 11536, 10266, 6627, 6454, 10016, 7125, 9671, 6898, 5962, 8743, 8064, 8688, 13366, 19872, 14586, 9072, 16295, 13955, 12208, 2048)
t	1508805	(605, 251)	[(0, 792, 666), (36, 792, 702), (36, 810, 684), (18, 810, 648), (18, 828, 702), (0, 810, 720), (0, 828, 702), (36, 828, 666), (36, 846, 648), (18, 882, 594), (54, 900, 540), (72, 774, 666), (72, 792, 720), (-36, 828, 738), (36, 846, 648), (126, 828, 594), (-54, 810, 666), (-18, 846, 702), (-36, 828, 702), (18, 792, 702), (36, 810, 666), (18, 918, 450), (18, 774, 756), (90, 756, 648), (54, 810, 630)]	(9475, 10390, 9309, 10229, 11538, 10252, 6698, 6283, 10383, 7109, 9825, 6821, 6034, 8746, 8078, 8740, 13433, 19877, 14579, 9068, 16293, 13971, 12212, 2044)
e	1509351	(578, 364)	[(36, 810, 666), (18, 918, 450), (18, 774, 756), (90, 756, 648), (54, 810, 630), (18, 792, 738), (18, 828, 666), (36, 774, 612), (-54, 756, 720), (-54, 756, 738), (0, 792, 684), (-36, 810, 648), (18, 810, 684), (18, 810, 702), (-18, 810, 702), (-18, 792, 738), (36, 756, 756), (54, 774, 702), (18, 828, 630), (72, 810, 720), (90, 738, 666), (36, 756, 702), (36, 792, 684), (54, 774, 630), (18, 810, 702)]	(9455, 10369, 9290, 10182, 11523, 9988, 6220, 6254, 10077, 7043, 9136, 6825, 6075, 8679, 7954, 8584, 13442, 19850, 14440, 9078, 16106, 13935, 12203, 2039)
r	1509709	(581, 308)	[(-36, 810, 648), (18, 810, 684), (18, 810, 702), (-18, 810, 702), (-18, 792, 738), (36, 756, 756), (54, 774, 702), (18, 828, 630), (72, 810, 720), (90, 738, 666), (36, 756, 702), (36, 792, 684), (54, 774, 630), (18, 810, 702), (36, 792, 720), (0, 792, 702), (18, 810, 738), (36, 792, 756), (54, 756, 702), (36, 810, 684), (54, 756, 720), (72, 774, 666), (36, 792, 666), (54, 792, 738), (90, 792, 720)]	(9475, 10394, 9280, 10248, 11534, 10210, 6757, 6362, 10429, 7088, 9611, 6966, 5926, 8757, 7989, 8734, 13515, 19894, 14578, 9117, 16263, 14000, 12221, 2045)
 	1510472	(823, 303)	[(72, 810, 702), (90, 810, 684), (72, 810, 720), (54, 774, 702), (90, 738, 630), (90, 792, 666), (72, 756, 666), (72, 738, 684), (0, 792, 702), (0, 774, 720), (-54, 810, 774), (-108, 846, 774), (-126, 846, 774), (-54, 828, 738), (-72, 828, 756), (-72, 828, 720), (18, 810, 666), (-36, 792, 738), (-72, 846, 738), (144, 738, 612), (18, 738, 720), (36, 756, 630), (18, 774, 594), (0, 756, 666), (-72, 792, 684)]	(9472, 10381, 9275, 10151, 11549, 10372, 7232, 6357, 10746, 7164, 8795, 6647, 8164, 8828, 7926, 8151, 13747, 19949, 14462, 9167, 16196, 14125, 12248, 2038)
b	1511090	(759, 233)	[(-72, 792, 684), (-54, 792, 720), (0, 756, 774), (0, 720, 828), (-36, 774, 648), (-36, 828, 612), (-54, 792, 684), (36, 810, 738), (18, 774, 738), (18, 810, 630), (54, 828, 648), (54, 810, 666), (72, 810, 648), (54, 810, 702), (18, 828, 738), (54, 810, 720), (90, 828, 612), (54, 846, 540), (108, 774, 630), (90, 756, 738), (72, 774, 684), (72, 792, 684), (36, 846, 648), (72, 828, 648), (18, 810, 738)]	(9456, 10377, 9237, 10207, 11521, 10278, 6543, 6140, 10318, 7075, 8851, 6685, 7341, 8566, 8112, 8293, 13707, 19868, 14507, 9020, 16135, 13871, 12200, 2053)
y	1511483	(588, 238)	[(54, 810, 702), (18, 828, 738), (54, 810, 720), (90, 828, 612), (54, 846, 540), (108, 774, 630), (90, 756, 738), (72, 774, 684), (72, 792, 684), (36, 846, 648), (72, 828, 648), (18, 810, 738), (-36, 846, 666), (-36, 810, 702), (0, 810, 630), (36, 864, 666), (18, 864, 756), (-18, 846, 792), (54, 792, 756), (108, 810, 594), (54, 810, 756), (36, 792, 684), (18, 846, 630), (18, 882, 648), (18, 882, 720)]	(9468, 10377, 9300, 10245, 11533, 10596, 6724, 6510, 10282, 7131, 9563, 6959, 6300, 8469, 8200, 8701, 13657, 19896, 14693, 9034, 16316, 13928, 12208, 2043)
 	1511943	(837, 286)	[(18, 864, 756), (-18, 846, 792), (54, 792, 756), (108, 810, 594), (54, 810, 756), (36, 792, 684), (18, 846, 630), (18, 882, 648), (18, 882, 720), (72, 846, 738), (72, 684, 720), (108, 666, 738), (-36, 756, 756), (-108, 828, 666), (-54, 828, 720), (0, 810, 774), (-36, 828, 756), (-126, 846, 702), (-36, 882, 738), (72, 828, 666), (18, 756, 648), (72, 774, 594), (18, 792, 684), (108, 792, 756), (-36, 774, 864)]	(9445, 10361, 9229, 10095, 11528, 10374, 6787, 5925, 9977, 7017, 8218, 6464, 8020, 8372, 7822, 7989, 13421, 19862, 14345, 9082, 16055, 14000, 12223, 2051)
c	1512386	(751, 303)	[(-36, 828, 756), (-126, 846, 702), (-36, 882, 738), (72, 828, 666), (18, 756, 648), (72, 774, 594), (18, 792, 684), (108, 792, 756), (-36, 774, 864), (-108, 900, 810), (-36, 810, 648), (54, 774, 666), (0, 810, 684), (-36, 810, 720), (36, 774, 756), (72, 774, 738), (36, 792, 702), (18, 810, 684), (36, 792, 702), (54, 810, 774), (180, 756, 630), (72, 756, 738), (72, 738, 720), (72, 792, 720), (90, 774, 720)]	(9465, 10381, 9290, 10189, 11540, 10483, 6855, 6128, 10825, 7148, 8930, 6582, 7821, 8716, 7893, 8276, 13527, 19879, 14406, 9095, 16117, 13992, 12219, 2045)
l	1513250	(695, 88)	[(-18, 828, 684), (-54, 810, 720), (-54, 810, 774), (-54, 846, 756), (0, 846, 612), (-72, 900, 594), (-36, 900, 666), (90, 810, 702), (180, 756, 666), (90, 828, 648), (36, 918, 630), (90, 864, 594), (108, 828, 558), (126, 846, 540), (108, 864, 612), (36, 900, 522), (18, 882, 540), (144, 810, 558), (108, 1026, 270), (90, 864, 522), (126, 900, 540), (54, 900, 612), (126, 846, 648), (54, 936, 594), (-54, 918, 594)]	(9462, 10386, 9275, 10281, 11526, 10163, 6473, 5989, 9774, 6997, 8750, 6686, 5486, 7390, 8240, 7863, 13926, 20079, 15390, 9108, 16819, 14190, 12290, 2051)
o	1513556	(565, 104)	[(90, 828, 648), (36, 918, 630), (90, 864, 594), (108, 828, 558), (126, 846, 540), (108, 864, 612), (36, 900, 522), (18, 882, 540), (144, 810, 558), (108, 1026, 270), (90, 864, 522), (126, 900, 540), (54, 900, 612), (126, 846, 648), (54, 936, 594), (-54, 918, 594), (-54, 882, 666), (18, 882, 684), (0, 1026, 270), (90, 882, 396), (-54, 900, 900), (18, 918, 702), (90, 954, 522), (72, 936, 378), (18, 918, 378)]	(9471, 10361, 9196, 10121, 11480, 9504, 6974, 5702, 9360, 7008, 7371, 6526, 5072, 7318, 8226, 7311, 14049, 20076, 15343, 9078, 16584, 14150, 12298, 2056)
s	1514153	(686, 400)	[(18, 918, 378), (36, 936, 414), (144, 738, 810), (-90, 738, 738), (-36, 774, 738), (-108, 792, 792), (-108, 774, 810), (54, 720, 684), (36, 648, 504), (-36, 792, 684), (-162, 882, 702), (-36, 810, 702), (-36, 756, 666), (-36, 774, 720), (-18, 756, 810), (-54, 774, 828), (18, 756, 774), (36, 702, 702), (54, 720, 756), (0, 720, 792), (18, 774, 666), (18, 720, 792), (36, 738, 738), (18, 738, 702)]	(9471, 10381, 9262, 10130, 11505, 9971, 5371, 6047, 10663, 6989, 9020, 6701, 6930, 8019, 7875, 8437, 13588, 19879, 14281, 9090, 15932, 13944, 12231, 2043)
e	1514814	(607, 392)	[(-18, 756, 738), (18, 756, 738), (18, 756, 702), (18, 738, 756), (18, 756, 756), (-36, 774, 720), (-18, 756, 720), (-36, 774, 702), (0, 774, 720), (0, 792, 738), (0, 774, 720), (-36, 792, 756), (-72, 774, 774), (-54, 810, 756), (-36, 792, 720), (18, 774, 684), (-18, 792, 702), (-36, 774, 720), (-18, 792, 738), (18, 774, 738), (36, 792, 648), (36, 774, 684), (36, 774, 720), (-36, 774, 720), (18, 774, 684)]	(9469, 10380, 9279, 10155, 11511, 10014, 5525, 6170, 10950, 7003, 9426, 6755, 6924, 8313, 8156, 8811, 13588, 19868, 14331, 9062, 15939, 13918, 12207, 2045)
 	1515376	(825, 311)	[(36, 774, 684), (36, 774, 720), (-36, 774, 720), (18, 774, 684), (0, 792, 738), (54, 792, 756), (36, 792, 720), (54, 792, 720), (90, 756, 720), (90, 720, 684), (108, 702, 702), (18, 738, 738), (72, 774, 666), (18, 810, 702), (0, 792, 756), (-54, 792, 774), (0, 792, 756), (-36, 810, 792), (-36, 792, 774), (-126, 918, 558), (126, 774, 594), (54, 738, 756), (90, 720, 720), (36, 756, 738), (54, 756, 756)]	(9471, 10372, 9252, 10142, 11528, 10371, 6044, 6393, 11163, 7124, 9360, 6957, 8209, 8096, 8174, 8364, 13758, 19932, 14376, 9088, 16052, 14009, 12223, 2045)
o	1515885	(588, 106)	[(-36, 792, 774), (-126, 918, 558), (126, 774, 594), (54, 738, 756), (90, 720, 720), (36, 756, 738), (54, 756, 756), (-54, 828, 648), (0, 792, 684), (18, 864, 630), (36, 900, 612), (90, 810, 576), (90, 828, 558), (36, 918, 666), (18, 900, 666), (90, 828, 558), (90, 846, 504), (54, 846, 486), (108, 900, 594), (90, 846, 630), (90, 810, 630), (36, 918, 558), (18, 918, 630), (-18, 864, 756), (0, 918, 684)]	(9468, 10361, 9225, 10178, 11505, 9900, 7019, 6014, 10218, 7060, 8021, 6446, 5342, 7798, 8357, 7897, 14377, 20177, 15857, 9178, 16906, 14309, 12312, 2059)
f	1516851	(660, 277)	[(-36, 792, 738), (-36, 774, 792), (18, 756, 702), (0, 792, 684), (-54, 792, 720), (-36, 792, 756), (0, 792, 666), (18, 810, 612), (18, 810, 684), (18, 810, 666), (36, 846, 666), (90, 774, 702), (90, 756, 720), (54, 774, 720), (36, 774, 684), (54, 792, 720), (18, 828, 738), (0, 810, 702), (-72, 846, 738), (-72, 918, 702), (90, 828, 594), (108, 810, 684), (108, 828, 648), (126, 810, 594), (198, 774, 612)]	(9448, 10356, 9239, 10128, 11516, 9946, 7331, 6360, 10112, 7063, 9213, 6877, 6985, 8628, 7833, 8194, 13168, 19843, 14363, 9045, 16045, 13916, 12199, 2049)
 	1517410	(830, 308)	[(90, 828, 594), (108, 810, 684), (108, 828, 648), (126, 810, 594), (198, 774, 612), (36, 756, 720), (18, 792, 774), (-36, 774, 738), (-36, 774, 720), (-72, 810, 702), (-108, 828, 666), (-54, 846, 702), (-72, 828, 702), (-36, 810, 666), (18, 792, 702), (18, 738, 756), (36, 792, 756), (18, 792, 774), (36, 774, 756), (72, 756, 756), (90, 810, 486), (126, 792, 612), (126, 720, 666), (108, 720, 612), (-18, 810, 756)]	(9463, 10368, 9239, 10102, 11503, 9744, 7220, 6358, 10850, 7140, 8960, 7075, 7535, 8884, 8029, 8006, 13678, 19911, 14335, 9094, 16028, 14017, 12232, 2050)
b	1517922	(755, 189)	[(36, 774, 756), (72, 756, 756), (90, 810, 486), (126, 792, 612), (126, 720, 666), (108, 720, 612), (-18, 810, 756), (-36, 846, 558), (90, 828, 738), (90, 846, 666), (18, 828, 702), (54, 828, 666), (126, 792, 630), (54, 792, 720), (54, 810, 702), (90, 792, 666), (72, 792, 648), (36, 864, 666), (90, 882, 558), (72, 846, 666), (108, 828, 630), (90, 846, 576), (108, 882, 540), (162, 846, 540), (90, 774, 594)]	(9446, 10357, 9244, 10155, 11494, 9935, 6807, 6050, 10035, 7030, 9265, 6876, 6751, 7869, 7830, 8122, 13236, 19858, 14565, 9050, 16335, 14022, 12221, 2042)
u	1518368	(583, 173)	[(72, 792, 648), (36, 864, 666), (90, 882, 558), (72, 846, 666), (108, 828, 630), (90, 846, 576), (108, 882, 540), (162, 846, 540), (90, 774, 594), (-36, 846, 720), (18, 828, 702), (36, 774, 666), (18, 810, 666), (54, 810, 630), (54, 792, 612), (18, 810, 648), (-18, 882, 666), (36, 900, 630), (72, 846, 648), (72, 810, 702), (90, 882, 558), (90, 846, 522), (54, 846, 720), (72, 882, 702)]	(9472, 10395, 9317, 10263, 11520, 10263, 7376, 6278, 9567, 7115, 9554, 7031, 5464, 8481, 8191, 8246, 13804, 19947, 14995, 9083, 16536, 14060, 12233, 2048)
s	1519028	(668, 390)	[(72, 846, 612), (-54, 774, 882), (-54, 738, 972), (-18, 684, 918), (18, 720, 774), (18, 828, 738), (-54, 846, 756), (18, 792, 630), (36, 792, 594), (36, 792, 630), (-18, 810, 630), (18, 792, 666), (18, 792, 684), (18, 810, 702), (54, 810, 702), (90, 810, 684), (126, 774, 720), (72, 756, 702), (54, 774, 720), (72, 792, 756), (126, 792, 612), (126, 756, 720), (126, 774, 684), (90, 774, 720), (90, 756, 756)]	(9446, 10361, 9241, 10084, 11505, 9821, 7143, 6011, 10132, 7023, 8813, 6627, 6951, 8331, 7643, 8156, 13158, 19860, 14302, 9108, 16035, 13985, 12217, 2053)
i	1519642	(575, 111)	[(90, 774, 720), (90, 756, 756), (36, 792, 774), (54, 792, 702), (54, 774, 702), (54, 792, 666), (54, 792, 684), (54, 792, 720), (36, 756, 774), (-36, 738, 756), (-54, 756, 630), (-108, 846, 504), (-90, 936, 558), (-90, 882, 630), (72, 918, 666), (144, 936, 666), (234, 846, 612), (270, 810, 684), (270, 792, 738), (252, 810, 648), (162, 846, 450), (180, 954, 414), (216, 846, 666), (288, 828, 540), (216, 918, 468)]	(9473, 10383, 9272, 10260, 11514, 9897, 8251, 6415, 9116, 7113, 8747, 6747, 5483, 8472, 8280, 8095, 14077, 20036, 15443, 9084, 16670, 14037, 12261, 2057)
n	1520558	(746, 157)	[(0, 810, 540), (54, 792, 684), (54, 792, 738), (36, 810, 792), (-54, 810, 810), (-18, 846, 810), (36, 774, 720), (54, 810, 648), (18, 810, 594), (0, 846, 630), (0, 846, 612), (18, 846, 612), (0, 828, 684), (36, 828, 702), (72, 846, 684), (90, 846, 630), (108, 846, 612), (90, 864, 666), (54, 864, 684), (36, 918, 630), (108, 864, 522), (54, 864, 558), (90, 864, 576), (144, 864, 576), (216, 828, 540)]	(9442, 10385, 9242, 10134, 11496, 9502, 9310, 6222, 9667, 7118, 7662, 7452, 6595, 8680, 8125, 7583, 13715, 19939, 14662, 9099, 16421, 14113, 12232, 2055)
e	1521272	(601, 384)	[(-108, 882, 594), (-162, 918, 666), (-162, 900, 630), (-54, 846, 612), (-36, 810, 684), (-54, 774, 810), (0, 774, 828), (-36, 774, 792), (18, 792, 702), (36, 828, 630), (36, 828, 666), (36, 774, 648), (54, 774, 648), (18, 810, 702), (-54, 828, 702), (0, 810, 684), (36, 792, 666), (0, 792, 738), (-18, 792, 792), (-54, 810, 648), (54, 792, 756), (72, 774, 702), (54, 810, 702), (36, 774, 702), (90, 792, 720)]	(9441, 10368, 9234, 10071, 11487, 9522, 8520, 6435, 9966, 7079, 7973, 7631, 7245, 9300, 7849, 7920, 13332, 19864, 14428, 9087, 16123, 13968, 12214, 2041)
s	1522136	(675, 393)	[(18, 810, 702), (18, 810, 702), (0, 792, 702), (0, 810, 702), (54, 774, 738), (54, 756, 720), (18, 792, 702), (36, 810, 684), (36, 810, 648), (36, 792, 666), (0, 810, 702), (-36, 810, 702), (-36, 828, 666), (0, 828, 684), (18, 810, 720), (36, 774, 702), (36, 792, 720), (54, 792, 738), (54, 774, 738), (54, 792, 738), (36, 810, 684), (72, 810, 630), (90, 774, 684), (54, 774, 666), (18, 810, 666)]	(9442, 10381, 9227, 10057, 11489, 9562, 7835, 6178, 10092, 6974, 8037, 8083, 7035, 9186, 7619, 8028, 13066, 19872, 14379, 9131, 16143, 14018, 12221, 2049)
s	1522646	(669, 398)	[(54, 792, 738), (36, 810, 684), (72, 810, 630), (90, 774, 684), (54, 774, 666), (18, 810, 666), (54, 792, 666), (-36, 810, 702), (18, 792, 684), (18, 810, 684), (36, 810, 666), (18, 810, 666), (36, 810, 684), (18, 792, 702), (36, 792, 720), (18, 810, 702), (0, 828, 702), (18, 828, 720), (36, 792, 756), (72, 810, 558), (36, 792, 702), (36, 774, 720), (54, 792, 648), (36, 792, 630), (72, 792, 612)]	(9448, 10370, 9236, 10093, 11477, 9596, 7711, 6222, 10184, 7080, 8110, 8135, 7152, 9056, 7603, 8077, 13059, 19907, 14438, 9153, 16223, 14073, 12239, 2047)
 	1523158	(818, 303)	[(72, 810, 558), (36, 792, 702), (36, 774, 720), (54, 792, 648), (36, 792, 630), (72, 792, 612), (0, 792, 756), (-36, 828, 720), (0, 810, 738), (90, 738, 684), (72, 792, 648), (0, 792, 756), (18, 792, 738), (54, 810, 630), (54, 810, 756), (36, 792, 702), (54, 774, 720), (54, 774, 756), (-54, 846, 648), (162, 756, 576), (72, 756, 702), (72, 774, 666), (0, 828, 720), (72, 792, 702), (36, 810, 756)]	(9442, 10366, 9209, 10067, 11479, 9527, 7900, 6103, 9870, 6981, 7774, 7707, 7131, 8601, 7593, 7839, 13189, 19876, 14417, 9140, 16197, 14094, 12226, 2043)
t	1523818	(574, 265)	[(18, 828, 648), (0, 810, 702), (36, 792, 720), (36, 774, 720), (-36, 774, 792), (0, 774, 738), (90, 792, 594), (90, 792, 594), (54, 792, 684), (-36, 828, 666), (0, 900, 702), (18, 864, 720), (90, 774, 774), (90, 756, 738), (90, 774, 702), (36, 846, 558), (54, 846, 612), (72, 828, 702), (90, 774, 702), (90, 756, 702), (108, 882, 612), (108, 828, 810), (180, 792, 774), (108, 846, 612), (144, 846, 612)]	(9450, 10400, 9232, 10140, 11486, 9635, 9497, 6290, 9524, 7118, 8073, 7808, 5570, 9669, 8178, 7855, 13620, 19963, 14756, 9116, 16374, 14049, 12230, 2052)
o	1524581	(594, 87)	[(-18, 810, 666), (0, 828, 666), (0, 846, 666), (-36, 846, 702), (18, 864, 684), (36, 846, 648), (54, 846, 648), (72, 810, 702), (90, 828, 648), (90, 900, 540), (72, 882, 504), (72, 900, 504), (72, 918, 558), (126, 900, 522), (108, 900, 594), (90, 900, 522), (72, 954, 504), (72, 918, 558), (144, 900, 504), (90, 1008, 198), (126, 900, 576), (180, 918, 540), (180, 918, 540), (108, 990, 486), (108, 954, 306)]	(9473, 10427, 9244, 10297, 11543, 9636, 10478, 6244, 7360, 7134, 7384, 7455, 5077, 8469, 8216, 7447, 13975, 20080, 15592, 9094, 16783, 14150, 12280, 2061)
d	1525446	(679, 357)	[(-36, 810, 648), (-36, 846, 666), (-90, 900, 792), (-144, 864, 702), (36, 846, 594), (-18, 828, 720), (-72, 810, 738), (-54, 792, 738), (-108, 828, 594), (-36, 864, 630), (36, 810, 666), (-36, 792, 612), (-54, 828, 630), (-54, 846, 666), (0, 828, 720), (18, 810, 738), (18, 810, 684), (36, 792, 666), (36, 810, 684), (54, 792, 666), (18, 774, 630), (36, 792, 594), (-36, 810, 648), (-54, 828, 720), (-54, 810, 684)]	(9444, 10350, 9194, 10021, 11450, 9439, 5016, 5903, 9937, 6965, 7534, 8324, 6101, 9581, 7774, 7918, 13096, 19831, 14243, 9052, 15798, 13833, 12196, 2044)
a	1526111	(679, 460)	[(0, 828, 720), (18, 810, 648), (18, 810, 684), (0, 810, 666), (18, 792, 630), (-54, 846, 666), (-54, 864, 684), (-54, 828, 630), (-36, 846, 612), (-54, 846, 648), (-54, 828, 702), (-54, 828, 702), (-36, 846, 684), (18, 828, 648), (18, 828, 684), (-36, 810, 702), (0, 792, 630), (72, 810, 612), (54, 792, 630), (-36, 828, 522), (18, 846, 630), (-36, 774, 756), (54, 774, 684), (-36, 792, 720), (-54, 810, 792)]	(9438, 10338, 9181, 9988, 11444, 9440, 5170, 5737, 9666, 6904, 7696, 7948, 6092, 6670, 7412, 7834, 12281, 19920, 14339, 9165, 16074, 14040, 12250, 2042)
y	1526728	(597, 217)	[(-36, 792, 720), (-54, 810, 792), (-36, 828, 756), (-36, 792, 666), (-36, 792, 756), (-36, 792, 774), (-36, 810, 684), (-36, 810, 576), (18, 828, 504), (0, 900, 504), (-54, 900, 504), (0, 918, 468), (-36, 900, 450), (36, 900, 504), (72, 936, 684), (0, 864, 810), (18, 864, 774), (72, 846, 720), (126, 846, 522), (108, 900, 504), (90, 810, 630), (126, 828, 612), (108, 918, 558), (144, 828, 468), (180, 810, 612)]	(9459, 10379, 9261, 10128, 11495, 9803, 8291, 6351, 8113, 7103, 8841, 6938, 5408, 8073, 8286, 7748, 13474, 19929, 14634, 9060, 16282, 14066, 12242, 2039)
