Please hold the phone in your left hand and type with your left thumb
t	1239638	(572, 262)	[(-90, 684, 810), (-126, 738, 684), (-90, 702, 684), (-36, 666, 756), (-36, 666, 846), (-54, 702, 792), (-54, 702, 774), (-54, 666, 810), (18, 648, 846), (72, 648, 828), (36, 648, 810), (-36, 666, 738), (-108, 738, 648), (-162, 792, 684), (-162, 774, 810), (-180, 792, 792), (-144, 792, 702), (-108, 810, 684), (-126, 810, 720), (-54, 774, 774), (0, 702, 756), (-54, 756, 738), (-90, 738, 774), (-72, 720, 756), (-90, 810, 630)]	(9422, 10676, 9210, 10250, 11530, 9560, 6992, 6909, 7514, 7061, 6213, 8772, 5062, 7631, 9190, 7320, 13894, 20237, 15382, 9230, 16970, 14265, 12312, 2060)
e	1240848	(576, 359)	[(-72, 666, 774), (-90, 666, 882), (-126, 684, 900), (-144, 684, 900), (-90, 648, 918), (-54, 630, 864), (-54, 648, 846), (-90, 666, 864), (-90, 702, 828), (-126, 738, 774), (-126, 738, 756), (-126, 738, 720), (-108, 720, 774), (-126, 702, 828), (-90, 684, 828), (-90, 666, 810), (-72, 684, 810), (-72, 666, 810), (-72, 684, 810), (-72, 684, 792), (-72, 684, 792), (-54, 666, 846), (-72, 666, 810), (-90, 702, 720), (-54, 684, 756)]	(9417, 10629, 9231, 10186, 11528, 9565, 7471, 6680, 8685, 6996, 6250, 8132, 5232, 7339, 9303, 7360, 14233, 20283, 15207, 9294, 17035, 14385, 12333, 2053)
k	1242126	(677, 102)	[(-36, 702, 792), (-36, 684, 810), (0, 702, 792), (-54, 720, 756), (-90, 738, 756), (-126, 774, 684), (-90, 684, 846), (-126, 702, 846), (-126, 774, 846), (-162, 846, 792), (-126, 828, 648), (54, 792, 648), (-126, 828, 630), (-72, 846, 702), (-72, 828, 612), (-36, 864, 594), (-36, 864, 594), (-36, 828, 450), (-54, 864, 468), (-36, 864, 630), (-18, 882, 702), (0, 846, 630), (18, 864, 612), (-36, 918, 540), (-18, 864, 576)]	(9435, 10626, 9209, 10259, 11530, 9597, 8277, 6675, 7239, 6986, 6323, 9266, 5000, 7104, 9532, 7332, 14225, 20335, 15560, 9270, 17138, 14390, 12360, 2058)
i	1243504	(592, 121)	[(-90, 702, 846), (-72, 648, 882), (-36, 630, 846), (-180, 864, 504), (-216, 864, 486), (-180, 828, 630), (-126, 864, 774), (-90, 900, 756), (-72, 846, 756), (-36, 810, 630), (-36, 810, 612), (-54, 810, 558), (-36, 864, 522), (-72, 882, 558), (-72, 882, 576), (-54, 864, 576), (-36, 864, 540), (-36, 846, 576), (0, 828, 630), (-36, 846, 684), (-18, 828, 594), (-54, 828, 558), (-90, 900, 630), (-162, 918, 738), (-90, 936, 558)]	(9446, 10595, 9209, 10335, 11534, 9598, 9295, 6525, 6696, 7072, 6597, 8280, 4869, 7189, 9307, 7295, 14117, 20292, 15898, 9270, 17089, 14367, 12340, 2057)
r	1245219	(585, 322)	[(-90, 684, 972), (-126, 702, 828), (-108, 684, 756), (-54, 630, 810), (-36, 648, 810), (-36, 648, 810), (36, 612, 882), (-54, 666, 720), (-162, 756, 648), (-144, 792, 702), (-90, 828, 738), (-144, 774, 720), (-108, 738, 774), (-90, 702, 774), (-90, 720, 774), (-90, 738, 738), (-90, 720, 738), (-90, 720, 738), (-72, 720, 774), (-108, 738, 738), (-108, 738, 774), (-108, 720, 810), (-90, 720, 792), (-72, 720, 774), (-90, 738, 756)]	(9430, 10576, 9255, 10229, 11537, 9677, 9683, 6104, 8907, 6991, 7190, 6687, 5279, 6834, 9282, 7358, 14176, 20352, 15058, 9265, 16857, 14356, 12355, 2053)
u	1246389	(591, 164)	[(-108, 738, 774), (-108, 720, 774), (-108, 738, 792), (-108, 738, 810), (-90, 756, 792), (-90, 738, 792), (-72, 720, 846), (-54, 702, 792), (-54, 702, 738), (-54, 702, 810), (-72, 720, 756), (-162, 810, 594), (-198, 864, 486), (-198, 882, 504), (-162, 882, 612), (-144, 864, 684), (-144, 846, 720), (-108, 828, 720), (-90, 828, 720), (-90, 810, 720), (-72, 810, 648), (-54, 810, 612), (-36, 810, 684), (-90, 828, 630), (-72, 918, 558)]	(9423, 10521, 9225, 10175, 11508, 9675, 9468, 6316, 8524, 7053, 7100, 7777, 5299, 7098, 9381, 7398, 14062, 20278, 15414, 9200, 16879, 14167, 12323, 2058)
h	1247566	(672, 193)	[(-90, 792, 720), (-90, 792, 702), (-90, 792, 684), (-90, 792, 684), (-108, 828, 702), (-108, 792, 756), (-36, 774, 702), (-54, 738, 756), (-36, 738, 792), (-36, 756, 774), (0, 774, 738), (-36, 774, 720), (-72, 792, 684), (-54, 774, 666), (-90, 792, 702), (-90, 810, 720), (-126, 828, 666), (-108, 846, 630), (-108, 828, 630), (-108, 846, 576), (-108, 882, 630), (-90, 864, 684), (0, 792, 720), (-36, 774, 684), (18, 792, 666)]	(9420, 10509, 9205, 10176, 11520, 9599, 9625, 6031, 9006, 6999, 7188, 7208, 5451, 7401, 8986, 7399, 13720, 20109, 15009, 9199, 16763, 14235, 12300, 2045)
v	1248987	(745, 259)	[(-90, 738, 792), (-72, 738, 810), (-72, 720, 792), (-54, 720, 756), (-72, 720, 774), (-36, 702, 666), (0, 720, 684), (-54, 756, 774), (-90, 774, 774), (-54, 774, 756), (-36, 720, 810), (0, 684, 828), (-54, 702, 810), (-54, 738, 720), (-54, 738, 684), (-36, 756, 684), (-36, 774, 684), (-108, 846, 702), (-54, 810, 720), (18, 756, 774), (-36, 756, 720), (18, 720, 738), (-18, 720, 756), (-90, 774, 774), (-72, 792, 684)]	(9437, 10522, 9234, 10141, 11537, 9710, 9663, 6112, 9225, 7043, 7198, 6657, 5438, 7368, 8974, 7404, 14115, 20174, 14835, 9251, 16695, 14343, 12329, 2047)
o	1250347	(572, 88)	[(-54, 738, 702), (-72, 738, 738), (-126, 774, 774), (-144, 774, 828), (-108, 756, 882), (-36, 684, 846), (-54, 738, 738), (-126, 828, 648), (-198, 846, 594), (-144, 882, 522), (-108, 900, 522), (-36, 864, 612), (36, 828, 684), (54, 828, 756), (36, 846, 666), (18, 846, 576), (18, 882, 594), (18, 900, 630), (0, 882, 594), (36, 882, 540), (18, 882, 522), (54, 882, 540), (72, 882, 558), (36, 864, 594), (18, 882, 576)]	(9433, 10452, 9187, 10300, 11502, 9584, 9833, 6070, 7912, 6975, 6977, 7567, 5010, 7257, 8703, 7296, 13833, 20191, 15841, 9212, 17019, 14337, 12312, 2047)
y	1251678	(592, 224)	[(-36, 810, 702), (-36, 828, 702), (-90, 900, 648), (-144, 936, 558), (-72, 882, 576), (-36, 864, 576), (-36, 828, 594), (0, 774, 594), (-72, 828, 576), (-90, 864, 612), (-126, 882, 684), (-108, 864, 720), (-72, 828, 684), (-72, 810, 648), (-72, 846, 666), (-54, 846, 648), (-72, 846, 666), (-72, 828, 666), (-36, 810, 648), (-54, 810, 666), (-90, 810, 684), (-54, 810, 630), (-90, 846, 630), (-90, 846, 648), (-72, 846, 630)]	(9440, 10504, 9215, 10243, 11541, 9636, 10068, 6104, 8938, 7083, 6914, 6535, 5514, 7841, 8777, 7385, 13718, 20139, 15080, 9194, 16760, 14244, 12299, 2044)
g	1253056	(675, 255)	[(-72, 792, 774), (-72, 792, 756), (-72, 828, 666), (-90, 864, 648), (-36, 828, 630), (0, 828, 558), (0, 828, 522), (-54, 810, 594), (-36, 792, 648), (18, 810, 666), (18, 828, 684), (-18, 846, 648), (0, 810, 666), (-18, 810, 648), (-36, 828, 666), (-72, 846, 684), (-54, 810, 684), (-54, 792, 648), (-72, 810, 648), (-72, 846, 666), (-72, 828, 702), (-36, 810, 648), (-54, 810, 684), (-54, 792, 702), (-36, 792, 720)]	(9427, 10481, 9230, 10176, 11528, 9668, 9651, 5980, 8942, 7129, 6914, 6450, 5514, 7912, 8770, 7433, 13843, 20090, 14724, 9176, 16395, 14184, 12283, 2041)
s	1254476	(661, 387)	[(-90, 792, 702), (-72, 792, 702), (-54, 792, 720), (-54, 792, 756), (-54, 738, 702), (0, 738, 720), (-72, 738, 756), (-54, 738, 756), (-54, 756, 702), (-90, 792, 702), (-126, 810, 702), (-144, 846, 774), (-126, 792, 738), (-54, 774, 720), (-90, 774, 810), (-72, 738, 810), (-54, 774, 702), (-54, 756, 702), (-72, 792, 684), (-126, 828, 666), (-90, 810, 648), (-108, 810, 666), (-126, 828, 666), (-126, 828, 684), (-90, 810, 648)]	(9426, 10475, 9197, 10125, 11519, 9584, 9599, 6142, 9587, 7024, 6924, 6723, 6279, 8036, 8391, 7490, 13676, 19989, 14480, 9187, 16167, 14122, 12269, 2037)
b	1255823	(775, 208)	[(-90, 810, 702), (-72, 810, 720), (-54, 810, 684), (-72, 810, 738), (-54, 774, 756), (-36, 774, 774), (-36, 792, 738), (0, 792, 720), (36, 792, 702), (36, 792, 666), (36, 828, 540), (0, 828, 630), (18, 828, 648), (36, 810, 648), (54, 810, 648), (54, 810, 648), (0, 810, 666), (-18, 864, 684), (-36, 846, 648), (-36, 846, 684), (-54, 864, 666), (-54, 846, 648), (54, 846, 648), (18, 810, 720), (18, 828, 684)]	(9440, 10467, 9235, 10201, 11530, 9701, 9801, 6178, 9401, 7058, 7565, 6929, 5900, 7679, 8770, 7442, 13896, 20123, 14748, 9193, 16594, 14259, 12303, 2052)
d	1257085	(658, 342)	[(-36, 846, 666), (-126, 828, 810), (0, 792, 738), (-18, 792, 684), (0, 774, 684), (-18, 792, 666), (-18, 792, 648), (-54, 828, 612), (-72, 828, 630), (-72, 828, 684), (-108, 792, 774), (-54, 774, 810), (-54, 774, 792), (-54, 792, 774), (-54, 792, 702), (-36, 774, 720), (-54, 774, 648), (-54, 810, 720), (-54, 810, 702), (-54, 792, 702), (-54, 774, 684), (-54, 792, 702), (0, 774, 684), (18, 774, 648), (-54, 792, 684)]	(9429, 10469, 9212, 10131, 11507, 9610, 9598, 6008, 9420, 7043, 7012, 6478, 6037, 7749, 8295, 7501, 13699, 20038, 14638, 9189, 16366, 14171, 12278, 2037)
n	1258410	(755, 161)	[(-54, 792, 720), (-72, 792, 756), (-54, 792, 756), (-36, 792, 738), (-54, 756, 756), (-36, 774, 702), (-54, 810, 666), (-36, 810, 702), (-36, 792, 756), (36, 738, 756), (-72, 864, 486), (-54, 936, 450), (0, 864, 540), (-36, 882, 630), (18, 864, 630), (18, 810, 612), (18, 828, 648), (36, 828, 594), (0, 846, 648), (-54, 882, 630), (-36, 882, 666), (-36, 864, 630), (0, 846, 576), (-54, 918, 540), (-54, 882, 684)]	(9429, 10433, 9204, 10188, 11510, 9603, 9371, 6021, 9118, 7051, 7345, 6994, 6071, 7332, 8609, 7403, 13705, 20092, 14908, 9176, 16845, 14295, 12303, 2044)
p	1259738	(595, 41)	[(-36, 846, 630), (18, 846, 576), (18, 846, 576), (36, 828, 558), (54, 810, 558), (18, 810, 594), (-72, 846, 612), (-180, 846, 846), (-90, 756, 864), (18, 684, 756), (-90, 792, 810), (-36, 828, 792), (-144, 918, 630), (-126, 972, 540), (72, 918, 486), (-144, 954, 378), (-90, 972, 468), (0, 900, 576), (-36, 864, 522), (-72, 918, 522), (-54, 936, 486), (-72, 954, 504), (-72, 954, 540), (-90, 936, 504), (-90, 972, 396)]	(9432, 10404, 9171, 10231, 11488, 9497, 9448, 5756, 8330, 6979, 6533, 6805, 5030, 6901, 7883, 7209, 13442, 20157, 15897, 9229, 17086, 14404, 12323, 2042)
e	1261051	(596, 358)	[(-108, 864, 666), (-126, 900, 720), (-144, 864, 792), (0, 738, 774), (36, 720, 720), (0, 756, 702), (0, 774, 612), (-90, 792, 612), (-126, 810, 666), (-90, 828, 720), (-54, 792, 684), (-36, 756, 666), (-54, 756, 720), (-36, 738, 720), (0, 756, 720), (-54, 792, 792), (-72, 756, 774), (-54, 774, 756), (-54, 774, 738), (-54, 738, 738), (-54, 756, 774), (-54, 756, 792), (-18, 738, 756), (0, 756, 666), (18, 774, 684)]	(9428, 10420, 9211, 10078, 11499, 9483, 8713, 6267, 9839, 6996, 6691, 7615, 6313, 8094, 8478, 7531, 13802, 20031, 14609, 9192, 16286, 14169, 12277, 2037)
i	1262376	(571, 123)	[(-54, 792, 738), (-36, 792, 774), (-36, 774, 756), (0, 756, 774), (-36, 756, 828), (-54, 792, 846), (-36, 792, 648), (-54, 828, 522), (-72, 882, 486), (-90, 918, 468), (-54, 954, 468), (-18, 918, 558), (36, 900, 612), (54, 846, 612), (54, 900, 630), (36, 900, 558), (36, 900, 558), (36, 900, 558), (54, 900, 504), (18, 900, 486), (-54, 936, 558), (-36, 882, 576), (54, 882, 576), (0, 900, 558), (0, 954, 450)]	(9417, 10423, 9193, 10115, 11478, 9568, 8962, 6314, 9045, 7098, 6786, 7918, 5477, 7773, 7976, 7346, 13276, 20040, 15486, 9190, 17002, 14316, 12280, 2036)
g	1263654	(673, 248)	[(90, 738, 720), (90, 738, 702), (36, 756, 756), (18, 738, 702), (18, 756, 612), (-54, 846, 630), (-90, 864, 720), (-54, 792, 738), (-36, 792, 684), (-36, 846, 612), (-36, 864, 594), (36, 828, 594), (36, 828, 648), (18, 882, 738), (72, 828, 774), (126, 792, 666), (72, 792, 666), (72, 756, 648), (36, 792, 648), (-18, 828, 630), (-54, 828, 648), (-72, 846, 702), (-54, 810, 702), (-36, 792, 702), (0, 810, 648)]	(9410, 10408, 9193, 10047, 11474, 9510, 8562, 6303, 9486, 6995, 6880, 7968, 6337, 8193, 7847, 7531, 13181, 19972, 14669, 9179, 16406, 14198, 12261, 2038)
a	1265051	(669, 463)	[(-72, 774, 702), (-144, 810, 720), (-126, 846, 756), (-126, 846, 756), (-72, 810, 720), (-72, 792, 684), (-54, 828, 738), (18, 756, 738), (54, 738, 702), (18, 720, 684), (18, 738, 738), (-36, 774, 756), (36, 774, 684), (-36, 756, 594), (-36, 774, 702), (-72, 810, 738), (-90, 792, 756), (-36, 738, 774), (18, 738, 774), (18, 738, 756), (0, 756, 774), (-72, 774, 792), (-54, 738, 756), (-36, 774, 702), (-72, 774, 720)]	(9415, 10381, 9164, 10000, 11467, 9460, 7859, 6298, 9529, 6973, 6664, 8439, 7035, 8006, 7495, 8068, 12490, 19916, 14471, 9209, 16272, 14069, 12234, 2034)
l	1266413	(679, 44)	[(-72, 792, 702), (-36, 792, 738), (-54, 774, 756), (-36, 774, 756), (0, 738, 756), (-36, 720, 738), (-72, 774, 828), (-54, 810, 684), (0, 810, 666), (0, 792, 720), (18, 792, 756), (-36, 828, 720), (-54, 810, 684), (36, 846, 612), (90, 918, 630), (0, 954, 594), (-54, 936, 540), (18, 936, 540), (72, 882, 540), (144, 864, 540), (126, 864, 594), (90, 882, 540), (54, 954, 414), (18, 954, 414), (0, 990, 306)]	(9432, 10377, 9151, 10137, 11478, 9447, 9346, 6029, 8099, 6953, 6720, 7703, 5511, 6715, 7572, 7257, 12835, 20101, 15997, 9209, 17225, 14374, 12309, 2039)
n	1267843	(736, 156)	[(0, 846, 666), (-54, 810, 738), (-54, 810, 756), (0, 810, 702), (18, 774, 684), (18, 756, 774), (36, 792, 702), (54, 774, 648), (90, 738, 630), (54, 792, 594), (-54, 828, 666), (-72, 846, 702), (-36, 828, 702), (-18, 864, 720), (0, 828, 756), (0, 828, 666), (36, 864, 594), (54, 846, 558), (0, 864, 576), (18, 846, 576), (72, 810, 612), (90, 774, 666), (54, 828, 666), (18, 936, 540), (54, 810, 666)]	(9434, 10403, 9204, 10175, 11493, 9542, 8801, 6206, 8303, 7091, 7624, 8127, 5832, 9485, 7597, 7820, 12557, 19959, 14935, 16865, 14213, 12242, 2035, 65535)
o	1269221	(582, 79)	[(18, 738, 756), (-36, 738, 810), (-54, 774, 774), (-72, 792, 774), (-54, 774, 810), (-36, 756, 846), (-90, 792, 738), (-162, 900, 576), (0, 846, 738), (54, 774, 954), (90, 756, 720), (72, 846, 504), (36, 918, 450), (-90, 918, 252), (36, 954, 288), (54, 936, 504), (18, 936, 450), (36, 936, 450), (18, 936, 522), (54, 936, 558), (36, 954, 432), (0, 936, 432), (-72, 990, 432), (18, 972, 432)]	(9447, 10393, 9187, 10196, 11483, 9500, 9462, 5905, 7043, 7053, 7083, 7012, 5103, 8943, 7775, 7517, 13452, 19955, 15422, 9127, 16734, 14134, 12230, 2041)
x	1270649	(736, 350)	[(-54, 846, 666), (-54, 828, 720), (-72, 810, 702), (0, 810, 648), (0, 810, 666), (-18, 846, 720), (-72, 828, 756), (0, 810, 738), (90, 756, 648), (90, 774, 648), (18, 792, 756), (0, 774, 720), (54, 774, 666), (54, 792, 720), (54, 792, 756), (18, 774, 702), (-36, 792, 684), (-36, 810, 702), (-54, 810, 684), (0, 828, 648), (36, 792, 648), (54, 792, 684), (36, 774, 684), (36, 810, 684), (54, 792, 720)]	(9440, 10362, 9182, 10032, 11465, 9477, 6961, 5965, 9848, 6941, 7167, 7921, 6689, 9730, 7616, 8256, 12792, 19879, 14371, 9161, 16112, 13994, 12213, 2038)
f	1272046	(671, 277)	[(0, 774, 738), (-54, 756, 684), (18, 792, 594), (-18, 846, 630), (0, 792, 720), (18, 738, 756), (36, 792, 756), (18, 810, 738), (18, 810, 684), (36, 810, 738), (18, 810, 720), (18, 810, 666), (-18, 810, 666), (-18, 792, 648), (18, 792, 648), (36, 810, 648), (0, 810, 684), (18, 810, 702), (18, 774, 738), (18, 774, 738), (0, 792, 720), (-36, 774, 738), (0, 756, 738), (0, 774, 684), (-18, 846, 594)]	(9436, 10367, 9190, 10085, 11465, 9469, 7923, 6338, 9864, 7117, 7606, 7717, 6528, 10001, 7868, 8203, 13098, 19902, 14570, 9150, 16274, 14018, 12221, 2032)
u	1273424	(568, 160)	[(-108, 828, 720), (-126, 846, 702), (-72, 810, 720), (-54, 792, 738), (-72, 828, 684), (-108, 864, 630), (-54, 864, 594), (54, 846, 540), (72, 918, 576), (18, 900, 630), (36, 900, 576), (54, 882, 522), (54, 882, 540), (18, 900, 540), (-54, 936, 450), (-72, 954, 432), (-54, 918, 450), (-36, 918, 450), (-54, 936, 522), (-54, 954, 486), (-72, 936, 432), (-54, 954, 450), (-72, 990, 558), (18, 936, 540), (72, 900, 540)]	(9434, 10361, 9197, 10076, 11493, 9592, 9028, 6442, 9180, 7096, 7798, 7516, 6005, 9880, 7740, 7851, 12954, 19932, 15077, 9080, 16588, 13914, 12224, 2044)
k	1274788	(667, 119)	[(0, 846, 666), (-36, 882, 702), (-18, 864, 702), (36, 828, 648), (72, 810, 648), (36, 792, 648), (-54, 756, 684), (-108, 810, 648), (-108, 882, 630), (-90, 936, 666), (-90, 954, 630), (-72, 954, 504), (-18, 936, 450), (36, 918, 504), (54, 900, 576), (54, 882, 558), (36, 864, 540), (18, 918, 486), (18, 936, 468), (36, 936, 468), (36, 954, 450), (18, 936, 504), (18, 936, 504), (72, 990, 396), (108, 918, 432)]	(9446, 10376, 9176, 10142, 11490, 9601, 9329, 6170, 9858, 7078, 7964, 7208, 6590, 9454, 7797, 7773, 12928, 19914, 15091, 9090, 16682, 13979, 12225, 2047)
m	1276062	(758, 98)	[(-54, 882, 630), (0, 864, 576), (54, 846, 522), (36, 792, 540), (0, 792, 576), (-108, 792, 558), (-180, 864, 666), (-234, 864, 792), (-126, 864, 738), (-180, 882, 810), (-162, 846, 792), (-90, 846, 702), (-72, 828, 702), (-54, 828, 702), (18, 810, 738), (36, 756, 774), (18, 774, 630), (36, 918, 414), (54, 954, 432), (72, 900, 522), (54, 864, 540), (36, 864, 522), (54, 900, 486), (72, 918, 540), (-54, 990, 414)]	(9437, 10367, 9184, 10124, 11456, 9548, 8852, 6222, 8796, 7022, 7611, 7392, 5991, 8294, 7772, 7619, 13244, 19964, 15093, 9138, 16865, 14203, 12244, 2031)
a	1277288	(658, 464)	[(-18, 882, 576), (18, 864, 594), (36, 864, 594), (18, 864, 576), (18, 864, 522), (36, 882, 504), (18, 882, 558), (-36, 864, 558), (0, 864, 522), (-90, 864, 702), (-72, 828, 846), (36, 738, 774), (144, 702, 666), (90, 738, 738), (18, 738, 792), (36, 738, 756), (0, 684, 756), (-36, 702, 882), (-90, 720, 882), (-72, 702, 774), (-90, 720, 828), (-90, 720, 828), (-90, 738, 828), (-72, 738, 828), (-54, 702, 864)]	(9409, 10351, 9144, 10012, 11448, 9433, 6016, 6163, 9261, 6924, 6590, 8920, 6436, 7426, 7347, 8113, 11965, 19904, 14496, 9212, 16325, 14015, 12228, 2039)
f	1278861	(668, 295)	[(-72, 900, 504), (-108, 882, 540), (-36, 864, 702), (-90, 828, 738), (-108, 810, 756), (-72, 792, 684), (-54, 810, 720), (-54, 792, 720), (-72, 810, 648), (-72, 810, 648), (-72, 792, 648), (-72, 792, 666), (-72, 810, 684), (-72, 792, 738), (-72, 810, 756), (-90, 828, 720), (-54, 828, 630), (-54, 828, 648), (-108, 810, 666), (-54, 810, 666), (-36, 774, 756), (-54, 792, 738), (-72, 810, 702), (-54, 810, 648), (-72, 846, 558)]	(9425, 10384, 9161, 10066, 11468, 9555, 8745, 6228, 9567, 7049, 6777, 8456, 6748, 9567, 7526, 8209, 12414, 19936, 14717, 9186, 16518, 14088, 12225, 2035)
h	1280020	(656, 180)	[(-72, 810, 720), (-90, 810, 702), (-54, 810, 684), (-72, 792, 720), (-54, 810, 720), (-54, 774, 756), (0, 792, 702), (-18, 810, 666), (-54, 792, 702), (-54, 792, 756), (-72, 810, 702), (-90, 828, 666), (-90, 864, 666), (-54, 846, 702), (-36, 828, 684), (18, 810, 702), (72, 810, 666), (36, 864, 540), (0, 882, 486), (0, 900, 540), (54, 864, 594), (72, 846, 648), (90, 846, 612), (72, 828, 576), (90, 882, 504)]	(9408, 10381, 9143, 10036, 11463, 9489, 8916, 6279, 9741, 7033, 7009, 8628, 7683, 8928, 7565, 7679, 12465, 19927, 14975, 9108, 16729, 14070, 12228, 2016)
m	1281200	(763, 112)	[(-36, 846, 666), (-36, 846, 666), (-36, 846, 648), (-36, 846, 666), (-36, 828, 684), (0, 810, 666), (0, 810, 630), (18, 810, 720), (18, 810, 738), (36, 792, 738), (54, 810, 666), (54, 810, 666), (54, 810, 702), (0, 828, 666), (-36, 846, 648), (54, 810, 666), (36, 846, 612), (-54, 900, 540), (-54, 900, 612), (0, 882, 612), (36, 882, 594), (36, 882, 612), (36, 936, 522), (0, 972, 414), (90, 900, 504)]	(9440, 10419, 9162, 10150, 11471, 9485, 8894, 6061, 8707, 7042, 6722, 8682, 6734, 9094, 7736, 7638, 13118, 19985, 15114, 9162, 16910, 14228, 12241, 2033)
r	1282560	(578, 327)	[(-36, 846, 612), (-90, 864, 594), (-72, 846, 648), (-72, 864, 648), (-72, 846, 648), (-108, 864, 630), (-126, 864, 666), (-90, 846, 684), (-72, 810, 684), (-90, 810, 738), (-144, 846, 774), (-162, 864, 684), (-54, 846, 594), (-18, 828, 576), (-72, 810, 612), (-90, 792, 684), (-54, 810, 630), (-54, 828, 684), (-54, 846, 720), (-54, 828, 720), (-54, 828, 666), (-54, 810, 720), (-54, 828, 684), (-54, 828, 684), (-72, 900, 504)]	(9425, 10415, 9177, 10076, 11476, 9521, 8365, 6420, 9450, 6983, 6483, 8394, 6653, 9629, 7629, 7976, 12731, 19918, 14786, 9170, 16569, 14079, 12229, 2033)
w	1283937	(585, 406)	[(-36, 774, 684), (0, 774, 702), (0, 756, 720), (36, 792, 756), (18, 738, 684), (-18, 738, 702), (-90, 828, 720), (-90, 828, 702), (-108, 810, 720), (-72, 810, 666), (-108, 828, 756), (-126, 792, 756), (0, 756, 738), (36, 738, 702), (36, 738, 738), (36, 774, 720), (0, 756, 702), (-18, 774, 720), (-18, 774, 720), (-54, 774, 756), (-54, 792, 720), (-54, 774, 756), (-36, 756, 756), (-36, 774, 702), (0, 774, 702)]	(9434, 10413, 9178, 10074, 11476, 9487, 8154, 6477, 9888, 7045, 6460, 8730, 6995, 9937, 7553, 8252, 12585, 19885, 14696, 9208, 16511, 14110, 12230, 2034)
c	1285261	(737, 310)	[(-54, 792, 720), (-54, 774, 720), (-54, 774, 720), (-36, 792, 720), (-54, 792, 756), (-54, 792, 720), (0, 792, 702), (-18, 810, 702), (0, 792, 720), (36, 774, 666), (54, 756, 630), (36, 774, 684), (-54, 810, 738), (0, 792, 702), (18, 792, 648), (-36, 810, 684), (-36, 792, 684), (-72, 792, 702), (-54, 792, 756), (-36, 774, 738), (0, 792, 702), (-36, 792, 720), (-36, 792, 738), (0, 810, 648), (18, 756, 756)]	(9416, 10399, 9169, 10072, 11464, 9475, 8167, 6279, 9532, 7030, 6355, 8540, 6355, 9494, 7488, 8167, 12400, 19910, 14637, 9231, 16496, 14150, 12251, 2035)
x	1286540	(735, 350)	[(-108, 810, 756), (-36, 774, 702), (-18, 774, 702), (0, 774, 666), (0, 756, 720), (-18, 774, 720), (0, 774, 720), (-18, 756, 756), (0, 756, 720), (-36, 774, 666), (-90, 810, 720), (-108, 810, 702), (-36, 810, 648), (-72, 792, 684), (-54, 792, 720), (-54, 792, 720), (-54, 774, 738), (-36, 792, 756), (0, 756, 738), (-36, 774, 774), (-36, 774, 738), (-36, 774, 720), (-36, 774, 738), (-18, 792, 684), (-36, 774, 684)]	(9420, 10380, 9163, 10048, 11468, 9491, 7663, 6440, 9423, 7010, 6403, 8677, 6288, 9986, 7475, 8292, 12451, 19918, 14512, 9197, 16313, 14061, 12232, 2040)
v	1288067	(746, 236)	[(-72, 792, 702), (-36, 810, 738), (-36, 774, 702), (-36, 774, 738), (-36, 774, 738), (-36, 792, 702), (-72, 792, 720), (-72, 792, 738), (-18, 810, 720), (0, 792, 684), (0, 774, 684), (-18, 792, 684), (18, 774, 684), (0, 774, 702), (-36, 792, 738), (-18, 810, 738), (0, 792, 702), (0, 810, 666), (-54, 828, 648), (0, 810, 612), (-54, 792, 702), (0, 774, 720), (0, 774, 702), (-54, 846, 702), (72, 756, 792)]	(9432, 10413, 9178, 10071, 11485, 9567, 8847, 6398, 9876, 7042, 6609, 9012, 6787, 10375, 7661, 8193, 12780, 19931, 14725, 9191, 16544, 14133, 12237, 2034)
z	1289378	(745, 413)	[(0, 792, 702), (-18, 792, 666), (-54, 810, 666), (-36, 810, 666), (-36, 810, 684), (-54, 846, 720), (18, 774, 684), (90, 720, 612), (90, 684, 648), (36, 702, 756), (-72, 738, 900), (-72, 792, 864), (18, 756, 738), (0, 738, 774), (-54, 756, 828), (-72, 756, 828), (0, 756, 792), (54, 702, 756), (54, 684, 774), (72, 666, 810), (54, 720, 738), (36, 738, 702), (-18, 756, 756), (-54, 774, 792), (-72, 756, 774)]	(9408, 10374, 9159, 10050, 11460, 9534, 7281, 6544, 9902, 7064, 6549, 9312, 6890, 10686, 7533, 8600, 12351, 19862, 14395, 9143, 16148, 13933, 12204, 2034)
w	1290709	(573, 419)	[(-36, 756, 738), (-36, 756, 720), (-36, 774, 738), (-36, 774, 702), (-36, 774, 720), (-54, 774, 720), (-36, 774, 702), (0, 774, 702), (-54, 774, 720), (-36, 738, 792), (-36, 756, 774), (-54, 756, 756), (-36, 756, 756), (-54, 774, 738), (-36, 756, 756), (-18, 720, 702), (-36, 774, 666), (-90, 792, 720), (-90, 792, 702), (-90, 810, 702), (-108, 810, 774), (-72, 774, 774), (-54, 756, 756), (-54, 756, 738), (-72, 774, 702)]	(9411, 10373, 9151, 10002, 11463, 9461, 7899, 6557, 9813, 7093, 6586, 9242, 6982, 10809, 7638, 8493, 12548, 19847, 14450, 9118, 16168, 13897, 12196, 2035)
j	1292039	(654, 143)	[(-54, 792, 756), (-36, 756, 720), (-36, 756, 702), (-54, 774, 756), (-36, 756, 792), (-54, 756, 774), (-90, 810, 594), (0, 810, 540), (-54, 792, 594), (-108, 864, 666), (-90, 864, 774), (-36, 792, 774), (0, 774, 756), (18, 774, 792), (0, 810, 720), (0, 828, 666), (-36, 864, 540), (-54, 936, 504), (-36, 936, 540), (36, 918, 576), (36, 882, 630), (54, 846, 630), (72, 846, 594), (90, 846, 612), (90, 864, 540)]	(9418, 10430, 9193, 10134, 11479, 9490, 8799, 6364, 8779, 6995, 6724, 9116, 5805, 9488, 7780, 7710, 13350, 20021, 15185, 9160, 14168, 12269, 2040, 65535)
q	1293367	(554, 479)	[(36, 792, 684), (36, 792, 666), (0, 810, 648), (18, 792, 648), (36, 774, 666), (18, 774, 684), (-72, 792, 720), (-144, 828, 756), (-126, 864, 720), (-54, 828, 720), (0, 774, 684), (-36, 792, 684), (-54, 774, 738), (-36, 774, 738), (18, 756, 684), (18, 720, 702), (-36, 774, 720), (-108, 828, 738), (-90, 828, 684), (-54, 810, 630), (-54, 792, 684), (-54, 810, 702), (-72, 810, 738), (-72, 774, 756), (-36, 792, 702)]	(9420, 10368, 9160, 10008, 11472, 9506, 7150, 6502, 9794, 7047, 6570, 9549, 7057, 10375, 7531, 8396, 12264, 19817, 14410, 9119, 16173, 13918, 12204, 2025)
p	1294627	(598, 27)	[(-36, 792, 720), (18, 756, 738), (-18, 774, 702), (-54, 792, 684), (-36, 792, 720), (-72, 792, 738), (-90, 792, 792), (-54, 738, 828), (-54, 756, 738), (-72, 810, 648), (-72, 828, 558), (-72, 900, 486), (-108, 954, 486), (-90, 954, 504), (-36, 918, 522), (36, 882, 612), (-54, 918, 648), (-72, 954, 612), (0, 954, 540), (-90, 972, 522), (-108, 990, 486), (0, 954, 504), (108, 900, 504), (90, 1008, 198), (126, 972, 270)]	(9449, 10385, 9153, 10186, 11475, 9464, 8229, 6175, 9166, 6996, 6100, 6949, 5740, 9855, 7468, 7582, 12653, 20006, 16297, 9172, 17099, 14287, 12261, 2027)
c	1296163	(756, 319)	[(-18, 756, 756), (-90, 720, 792), (-108, 720, 828), (-108, 774, 738), (-198, 828, 792), (-234, 792, 828), (-198, 792, 828), (-198, 792, 774), (-216, 828, 810), (-180, 792, 738), (-126, 756, 756), (-72, 738, 756), (36, 720, 738), (0, 720, 738), (54, 702, 756), (36, 684, 756), (36, 720, 774), (36, 720, 774), (18, 720, 720), (18, 720, 720), (-36, 738, 720), (-90, 774, 738), (-72, 774, 774), (-54, 756, 756), (-36, 720, 792)]	(9429, 10415, 9187, 10075, 11483, 9527, 9645, 6229, 9739, 7108, 6866, 7637, 7326, 10025, 7601, 7952, 12845, 19916, 14614, 9155, 16385, 14075, 12231, 2028)
s	1297438	(664, 386)	[(0, 756, 738), (-36, 738, 756), (-36, 756, 756), (-54, 738, 738), (-36, 756, 702), (-54, 810, 720), (-54, 810, 702), (0, 756, 702), (0, 738, 756), (0, 702, 828), (-18, 720, 828), (0, 720, 828), (-36, 702, 810), (0, 702, 810), (0, 702, 756), (-54, 738, 738), (-54, 738, 828), (-54, 738, 774), (-36, 720, 774), (0, 720, 756), (-18, 720, 774), (18, 702, 792), (18, 702, 774), (18, 720, 702), (0, 720, 738)]	(9432, 10410, 9173, 10035, 11467, 9591, 9586, 6259, 9725, 7107, 7019, 7335, 7202, 10237, 7589, 8085, 12675, 19878, 14548, 9150, 16337, 14046, 12222, 2032)
j	1298817	(653, 141)	[(-54, 738, 720), (-54, 738, 756), (-72, 756, 774), (-90, 756, 774), (-54, 738, 774), (-36, 738, 738), (-54, 756, 720), (-54, 792, 684), (0, 738, 756), (-18, 756, 810), (-54, 792, 810), (-72, 792, 774), (-36, 756, 720), (-108, 792, 666), (-144, 846, 612), (-162, 900, 558), (-180, 936, 576), (-90, 936, 576), (-72, 882, 594), (0, 882, 648), (18, 864, 558), (36, 900, 522), (0, 882, 576), (18, 900, 612), (0, 900, 540)]	(9415, 10394, 9134, 10065, 11471, 9561, 9469, 6293, 8754, 7112, 7091, 8147, 6008, 9757, 7824, 7707, 13158, 19944, 15101, 9123, 16655, 14002, 12238, 2025)
y	1299925	(575, 228)	[(-54, 810, 720), (-108, 846, 630), (-72, 828, 630), (-72, 810, 666), (-72, 828, 720), (-72, 846, 702), (-54, 810, 702), (0, 792, 774), (0, 756, 756), (0, 792, 702), (0, 792, 666), (0, 792, 630), (-54, 810, 666), (-72, 828, 666), (-90, 828, 738), (-90, 828, 720), (-90, 828, 702), (-72, 846, 666), (-54, 846, 666), (18, 828, 648), (54, 792, 648), (54, 810, 738), (54, 810, 720), (54, 810, 684), (0, 828, 612)]	(9432, 10384, 9187, 10102, 11484, 9498, 9750, 6223, 8730, 7085, 7243, 7552, 6019, 9562, 7732, 7725, 12853, 19885, 14932, 9102, 16591, 14037, 12223, 2036)
t	1301255	(580, 264)	[(-36, 774, 666), (0, 774, 720), (-54, 774, 720), (-36, 810, 756), (18, 792, 774), (0, 756, 756), (-36, 738, 756), (-36, 756, 738), (-54, 792, 702), (-54, 810, 666), (-36, 792, 702), (-36, 774, 720), (0, 774, 702), (18, 756, 756), (36, 756, 756), (-54, 810, 648), (-54, 828, 666), (-54, 810, 738), (-72, 828, 720), (-90, 828, 666), (-90, 810, 576), (-72, 810, 648), (-54, 810, 738), (0, 810, 738), (18, 792, 720)]	(9427, 10392, 9153, 10089, 11485, 9599, 9510, 6216, 9647, 7073, 7460, 7667, 6941, 9729, 7714, 7792, 12812, 19890, 14800, 9112, 16460, 13998, 12217, 2028)
z	1302514	(751, 442)	[(54, 756, 720), (36, 756, 756), (36, 756, 756), (54, 738, 738), (36, 702, 720), (18, 738, 738), (-54, 756, 828), (-54, 756, 774), (-36, 756, 738), (-54, 810, 666), (-54, 774, 630), (18, 756, 738), (-36, 702, 864), (-72, 738, 864), (-90, 792, 738), (-108, 810, 684), (-90, 774, 666), (-72, 774, 702), (-18, 810, 720), (36, 810, 666), (-72, 738, 738), (18, 720, 792), (-36, 756, 774), (36, 774, 720), (-54, 738, 720)]	(9425, 10385, 9188, 10060, 11484, 9521, 9583, 6241, 9639, 6971, 7036, 7122, 7984, 8721, 7465, 7980, 12664, 19835, 14547, 9118, 16329, 13961, 12207, 2024)
d	1303740	(664, 350)	[(0, 792, 702), (18, 774, 702), (-18, 774, 684), (0, 792, 630), (0, 810, 738), (18, 756, 792), (54, 756, 792), (36, 756, 738), (36, 774, 720), (36, 756, 756), (36, 738, 756), (36, 738, 702), (-18, 756, 774), (-36, 756, 756), (18, 756, 702), (-36, 774, 756), (-54, 774, 756), (-54, 774, 756), (-36, 774, 774), (-36, 774, 774), (-36, 774, 738), (-36, 774, 684), (-36, 774, 684), (0, 756, 666), (36, 756, 630)]	(9437, 10399, 9203, 10098, 11494, 9636, 9763, 6193, 9912, 7036, 7346, 7608, 7665, 10433, 7495, 8260, 12621, 19877, 14626, 9139, 16468, 14006, 12210, 2031)
l	1305218	(665, 37)	[(-36, 756, 738), (-54, 774, 738), (-54, 828, 666), (-90, 864, 612), (-108, 918, 666), (-90, 900, 666), (-54, 864, 648), (-18, 864, 666), (18, 828, 684), (36, 828, 612), (18, 846, 558), (18, 846, 612), (18, 810, 612), (36, 828, 612), (36, 828, 648), (-90, 954, 774), (-90, 918, 774), (54, 900, 576), (144, 882, 468), (90, 900, 450), (90, 936, 432), (90, 918, 270), (54, 900, 306), (36, 936, 360), (54, 1026, 144)]	(9442, 10351, 9144, 10137, 11465, 9528, 8967, 5781, 9571, 6987, 6930, 7030, 6393, 8708, 7594, 7483, 13240, 19966, 15678, 9069, 16885, 13980, 12257, 2028)
b	1306447	(745, 202)	[(-72, 864, 648), (-90, 864, 684), (-36, 846, 684), (0, 828, 630), (0, 792, 630), (-54, 810, 684), (-54, 846, 666), (-72, 828, 684), (-54, 810, 666), (-36, 810, 684), (-90, 846, 666), (-90, 846, 702), (-18, 792, 702), (-36, 792, 756), (-36, 756, 810), (18, 738, 774), (18, 774, 756), (0, 792, 666), (-18, 810, 630), (-36, 810, 630), (0, 810, 648), (-36, 810, 666), (-54, 810, 630), (-72, 828, 666), (-72, 864, 702)]	(9435, 10375, 9179, 10054, 11485, 9549, 9657, 6210, 9804, 7092, 7085, 7307, 7651, 9723, 7652, 7796, 13032, 19860, 14639, 9087, 16407, 14036, 12214, 2025)
q	1307706	(537, 471)	[(-72, 828, 684), (-72, 828, 684), (-54, 792, 702), (-36, 792, 684), (-36, 810, 666), (-36, 810, 648), (-54, 810, 774), (-54, 792, 774), (-18, 774, 720), (-36, 756, 738), (-36, 756, 738), (0, 756, 720), (18, 774, 720), (0, 756, 756), (-36, 774, 756), (-54, 774, 738), (-18, 756, 774), (0, 756, 756), (18, 774, 630), (36, 738, 648), (18, 756, 756), (-36, 792, 738), (-36, 792, 702), (-36, 756, 702), (-36, 774, 738)]	(9419, 10362, 9168, 10043, 11480, 9553, 9132, 6114, 9834, 6942, 6890, 7539, 7335, 9840, 7552, 7913, 12600, 19805, 14437, 9085, 16203, 13937, 12195, 2024)
