Please hold the phone in your left hand and type with your left thumb
l	1874099	(674, 79)	[(18, 324, 1044), (18, 378, 1134), (-54, 432, 954), (36, 486, 702), (18, 522, 738), (54, 486, 810), (54, 468, 954), (-54, 504, 1080), (90, 486, 1098), (108, 504, 774), (54, 576, 702), (-108, 684, 648), (-234, 738, 630), (-216, 756, 702), (-72, 702, 774), (-54, 702, 756), (-162, 702, 774), (-126, 666, 846), (0, 630, 900), (-18, 648, 882), (18, 738, 630), (36, 612, 738), (0, 684, 810), (-126, 738, 810), (0, 666, 702)]	(9479, 10625, 9336, 10580, 11591, 9802, 9419, 5777, 5990, 6980, 7043, 6455, 4647, 6436, 9293, 7083, 13381, 20654, 15379, 9291, 17402, 14490, 12475, 2065)
i	1874656	(590, 147)	[(36, 612, 738), (0, 684, 810), (-126, 738, 810), (0, 666, 702), (0, 576, 684), (-90, 522, 810), (-72, 522, 810), (-54, 504, 900), (18, 468, 972), (-54, 450, 1062), (-90, 468, 1026), (-72, 450, 1008), (-36, 468, 1008), (-72, 450, 1098), (-90, 468, 1008), (-54, 486, 864), (-72, 522, 756), (-72, 576, 774), (-108, 594, 918), (-144, 576, 1026), (-162, 522, 918), (-72, 540, 810), (0, 576, 810), (54, 504, 882), (18, 540, 900)]	(9491, 10665, 9429, 10626, 11644, 10006, 9560, 5936, 6037, 7066, 7051, 6445, 4745, 6602, 9625, 7215, 13730, 20664, 15372, 9265, 17109, 14477, 12463, 2075)
s	1875671	(666, 394)	[(-198, 450, 972), (-126, 486, 936), (-90, 468, 900), (-126, 468, 936), (-126, 468, 882), (-144, 468, 918), (-144, 486, 900), (-144, 504, 882), (-162, 450, 954), (-144, 432, 1008), (-90, 450, 918), (-126, 468, 828), (-126, 450, 864), (-126, 468, 918), (-126, 486, 918), (-144, 468, 882), (-108, 450, 918), (-90, 468, 936), (-126, 468, 936), (-90, 486, 990), (-108, 504, 810), (-126, 486, 936), (-90, 486, 936), (-90, 468, 972), (-108, 468, 918)]	(9452, 10610, 9358, 10270, 11615, 10202, 8509, 6080, 9091, 7047, 7505, 6595, 5369, 6557, 9155, 7325, 14060, 20488, 14753, 9309, 16656, 14469, 12412, 2067)
a	1876179	(653, 466)	[(-126, 468, 936), (-90, 486, 990), (-108, 504, 810), (-126, 486, 936), (-90, 486, 936), (-90, 468, 972), (-108, 468, 918), (-126, 468, 1008), (-126, 432, 972), (-108, 432, 972), (-90, 432, 900), (-72, 432, 900), (-90, 432, 972), (-90, 432, 954), (-90, 432, 900), (-90, 432, 972), (-90, 396, 1008), (-90, 396, 1008), (-90, 432, 900), (-144, 450, 918), (-36, 414, 936), (-72, 432, 972), (-72, 414, 954), (-108, 468, 864), (-180, 450, 936)]	(9443, 10530, 9293, 10169, 11586, 9933, 8574, 6086, 9439, 7007, 7680, 6749, 5620, 6893, 9268, 7462, 14252, 20319, 14600, 9289, 16347, 14370, 12370, 2066)
 	1876686	(833, 241)	[(-144, 450, 918), (-36, 414, 936), (-72, 432, 972), (-72, 414, 954), (-108, 468, 864), (-180, 450, 936), (-108, 432, 1008), (-126, 432, 990), (0, 432, 1080), (0, 396, 972), (18, 396, 954), (36, 414, 864), (18, 432, 864), (-36, 468, 864), (-18, 504, 918), (18, 468, 900), (36, 468, 972), (36, 468, 954), (18, 468, 918), (36, 486, 918), (72, 450, 1008), (18, 486, 990), (54, 450, 954), (54, 468, 918), (72, 450, 882)]	(9455, 10578, 9362, 10341, 11611, 10286, 8586, 6251, 8980, 7065, 8559, 7088, 5178, 6546, 9590, 7507, 13953, 20730, 14900, 9250, 16938, 14512, 12460, 2079)
m	1877348	(770, 117)	[(-36, 468, 1044), (-54, 486, 954), (54, 432, 1044), (54, 432, 1098), (-54, 540, 918), (-54, 630, 792), (-126, 576, 702), (-72, 648, 720), (-18, 630, 936), (36, 594, 972), (36, 558, 864), (-54, 576, 828), (-36, 612, 882), (0, 594, 900), (0, 594, 900), (0, 558, 918), (-54, 594, 864), (-72, 612, 882), (-18, 576, 936), (36, 540, 936), (-54, 666, 774), (-90, 594, 882), (-54, 630, 738), (-72, 666, 774), (-36, 630, 756)]	(9456, 10492, 9325, 10392, 11593, 10559, 7681, 6196, 7592, 7054, 9058, 7609, 4919, 6420, 9277, 7417, 13725, 20814, 15160, 9255, 17189, 14577, 12473, 2084)
e	1878697	(577, 359)	[(-90, 468, 900), (-90, 468, 936), (-126, 468, 900), (-126, 468, 936), (-108, 486, 972), (-90, 468, 936), (-90, 468, 936), (-108, 504, 954), (-126, 486, 954), (-108, 486, 918), (-90, 486, 900), (-90, 468, 900), (-108, 486, 900), (-108, 468, 900), (-126, 486, 900), (-144, 504, 954), (-108, 486, 936), (-108, 486, 918), (-144, 486, 954), (-126, 504, 936), (-108, 450, 936), (-126, 486, 954), (-108, 468, 954), (-126, 468, 918), (-108, 450, 882)]	(9444, 10552, 9368, 10295, 11645, 10756, 8215, 6284, 9073, 7079, 8589, 6666, 5422, 6762, 9221, 7705, 14081, 20342, 14740, 9239, 16573, 14385, 12379, 2079)
l	1879759	(679, 51)	[(-126, 558, 936), (-90, 540, 936), (-90, 504, 864), (-90, 558, 810), (-180, 630, 774), (-126, 648, 702), (18, 612, 684), (-54, 630, 810), (-72, 648, 954), (-72, 630, 918), (0, 612, 900), (18, 630, 828), (-18, 666, 900), (-72, 702, 1008), (-126, 738, 936), (-126, 702, 810), (54, 648, 774), (54, 648, 774), (-36, 702, 738), (-108, 738, 774), (0, 702, 756), (72, 684, 720), (72, 702, 720), (-72, 738, 630), (-144, 774, 648)]	(9474, 10526, 9343, 10513, 11620, 10056, 9198, 6025, 6416, 7043, 7800, 7168, 4784, 6371, 8916, 7150, 13714, 20750, 15717, 9292, 17310, 14680, 12494, 2082)
l	1879999	(688, 61)	[(18, 612, 684), (-54, 630, 810), (-72, 648, 954), (-72, 630, 918), (0, 612, 900), (18, 630, 828), (-18, 666, 900), (-72, 702, 1008), (-126, 738, 936), (-126, 702, 810), (54, 648, 774), (54, 648, 774), (-36, 702, 738), (-108, 738, 774), (0, 702, 756), (72, 684, 720), (72, 702, 720), (-72, 738, 630), (-144, 774, 648), (-144, 684, 846), (-72, 702, 774), (-90, 846, 738), (-72, 648, 828), (-54, 702, 774), (-72, 684, 756)]	(9479, 10534, 9362, 10516, 11660, 10258, 9617, 6192, 6869, 7105, 8300, 6898, 4895, 6403, 8999, 7239, 13737, 20761, 15730, 9295, 17367, 14701, 12505, 2079)
e	1880777	(571, 361)	[(-180, 522, 1026), (-162, 522, 918), (-162, 504, 936), (-144, 468, 954), (-126, 432, 972), (-108, 414, 1026), (-126, 432, 1008), (-126, 450, 936), (-126, 450, 918), (-126, 486, 936), (-144, 486, 972), (-144, 468, 936), (-108, 450, 954), (-90, 450, 918), (-108, 450, 918), (-90, 450, 954), (-72, 450, 936), (-72, 432, 936), (-72, 450, 900), (-90, 504, 846), (-126, 468, 954), (-90, 414, 1044), (-90, 432, 972), (-108, 486, 936), (-108, 468, 846)]	(9449, 10504, 9356, 10308, 11625, 10226, 8684, 6211, 8492, 7052, 8543, 6680, 5229, 6727, 9035, 7535, 14005, 20344, 14746, 9247, 16501, 14408, 12384, 2077)
n	1881486	(740, 168)	[(-108, 486, 918), (-126, 504, 936), (-90, 486, 954), (-90, 450, 936), (-90, 432, 972), (-126, 486, 954), (-126, 504, 990), (-90, 450, 1062), (-108, 450, 918), (-54, 540, 864), (-54, 486, 918), (0, 486, 936), (0, 540, 900), (18, 558, 810), (0, 540, 846), (-36, 540, 900), (-36, 540, 882), (-18, 558, 900), (-36, 558, 900), (0, 576, 864), (36, 594, 738), (0, 540, 864), (-54, 612, 846), (36, 540, 756), (90, 486, 810)]	(9458, 10557, 9344, 10408, 11594, 10345, 8444, 5932, 6882, 7037, 7691, 6472, 5078, 6592, 9310, 7306, 13911, 20560, 14895, 9242, 16906, 14515, 12435, 2076)
c	1882028	(751, 305)	[(36, 594, 738), (0, 540, 864), (-54, 612, 846), (36, 540, 756), (90, 486, 810), (-216, 522, 1044), (-90, 468, 900), (-126, 486, 918), (-180, 504, 972), (-198, 468, 1026), (-162, 468, 918), (-144, 468, 900), (-144, 468, 990), (-126, 432, 1044), (-108, 450, 900), (-108, 450, 918), (-72, 450, 1026), (-90, 450, 990), (-54, 432, 936), (-36, 432, 1008), (0, 396, 936), (0, 414, 954), (-54, 396, 954), (-72, 414, 900), (-54, 414, 990)]	(9475, 10618, 9398, 10456, 11604, 10392, 8213, 5950, 7574, 7046, 6821, 6330, 5116, 6768, 9285, 7316, 14101, 20437, 14733, 9284, 16647, 14478, 12406, 2071)
a	1882588	(649, 469)	[(0, 396, 936), (0, 414, 954), (-54, 396, 954), (-72, 414, 900), (-54, 414, 990), (-36, 396, 1008), (-36, 414, 882), (-108, 468, 954), (-234, 450, 918), (-180, 450, 954), (-126, 360, 846), (-54, 414, 954), (-108, 396, 1008), (-144, 396, 972), (-108, 396, 900), (-90, 378, 972), (-72, 378, 1044), (-108, 378, 954), (-126, 396, 972), (-108, 414, 1062), (-72, 378, 936), (-72, 396, 936), (-72, 414, 936), (-90, 414, 954), (-180, 414, 1026)]	(9454, 10494, 9340, 10253, 11570, 10252, 6964, 6096, 9863, 7076, 8546, 6705, 5906, 7173, 9199, 7676, 14276, 20267, 14533, 9276, 16209, 14319, 12355, 2076)
m	1883197	(762, 95)	[(-90, 414, 954), (-180, 414, 1026), (-144, 432, 954), (-36, 360, 1062), (-90, 468, 1008), (-72, 450, 972), (72, 396, 900), (198, 378, 972), (108, 432, 1044), (-162, 648, 810), (-216, 684, 630), (-90, 648, 648), (36, 612, 828), (0, 594, 1008), (-162, 684, 846), (-72, 666, 828), (54, 594, 810), (36, 612, 810), (0, 702, 792), (-18, 702, 792), (54, 648, 702), (18, 630, 702), (36, 666, 774), (18, 540, 1044), (-36, 612, 1062)]	(9451, 10502, 9332, 10400, 11590, 10710, 7195, 6175, 7160, 7069, 8708, 6764, 5108, 6530, 9180, 7722, 13725, 20543, 14942, 9208, 16954, 14506, 12420, 2083)
p	1883652	(588, 37)	[(54, 594, 810), (36, 612, 810), (0, 702, 792), (-18, 702, 792), (54, 648, 702), (18, 630, 702), (36, 666, 774), (18, 540, 1044), (-36, 612, 1062), (-72, 666, 756), (-72, 702, 828), (-54, 702, 792), (-72, 702, 720), (-36, 702, 792), (0, 684, 774), (-126, 738, 792), (-90, 738, 900), (54, 702, 828), (36, 720, 540), (72, 738, 558), (0, 756, 810), (18, 792, 720), (54, 756, 648), (18, 774, 756), (54, 774, 720)]	(9470, 10483, 9234, 10350, 11576, 9640, 9348, 6050, 7870, 7004, 6334, 7199, 4813, 6260, 7648, 7029, 13133, 20499, 16326, 9262, 17273, 14855, 12542, 2077)
 	1886450	(844, 265)	[(-162, 702, 792), (-162, 666, 810), (-126, 666, 792), (-144, 684, 774), (-144, 702, 756), (-198, 738, 720), (-216, 756, 774), (-162, 720, 810), (-162, 756, 774), (-108, 720, 774), (-90, 594, 720), (-72, 576, 846), (-108, 594, 936), (-126, 594, 864), (-90, 612, 810), (-90, 558, 828), (-90, 558, 846), (-162, 594, 918), (-162, 630, 918), (-108, 576, 918), (-126, 576, 1008), (-198, 792, 684), (-126, 630, 864), (-162, 594, 954), (-126, 558, 972)]	(9468, 10556, 9318, 10277, 11572, 9961, 9585, 6099, 9733, 7045, 7378, 6548, 6216, 6539, 9290, 7280, 13983, 20991, 14840, 9234, 16581, 14532, 12521, 2094)
o	1888978	(594, 78)	[(54, 450, 972), (-90, 432, 1026), (-216, 648, 918), (-162, 648, 846), (-36, 576, 828), (-72, 612, 828), (-54, 522, 972), (36, 450, 990), (90, 486, 1026), (144, 540, 1026), (72, 558, 1008), (36, 612, 954), (-18, 612, 828), (54, 666, 756), (90, 702, 738), (54, 702, 720), (108, 666, 738), (90, 648, 828), (72, 630, 846), (18, 648, 810), (-54, 756, 666), (0, 630, 882), (90, 666, 828), (126, 702, 702), (72, 774, 558)]	(9468, 10607, 9305, 10406, 11576, 9715, 10390, 6382, 6268, 7061, 7561, 8864, 4941, 6563, 9299, 7257, 14042, 20850, 15969, 9253, 17226, 14715, 12536, 2087)
n	1889693	(739, 164)	[(-162, 594, 918), (-72, 558, 684), (0, 486, 756), (-36, 504, 954), (-144, 558, 1080), (-144, 522, 1062), (-90, 522, 1098), (-90, 540, 1008), (-90, 558, 1008), (-36, 522, 1026), (36, 540, 882), (72, 558, 810), (162, 486, 882), (126, 504, 864), (36, 558, 774), (18, 594, 774), (90, 558, 864), (126, 540, 900), (36, 558, 918), (-36, 648, 774), (0, 666, 702), (18, 630, 900), (-36, 666, 828), (-36, 702, 702), (72, 648, 666)]	(9452, 10565, 9292, 10291, 11553, 9694, 9677, 6152, 7630, 7046, 7701, 7489, 5411, 6481, 9288, 7220, 13725, 20770, 14936, 9170, 16887, 14543, 12500, 2084)
 	1890307	(847, 263)	[(-36, 666, 828), (-36, 702, 702), (72, 648, 666), (108, 558, 774), (-72, 540, 882), (-54, 522, 936), (-54, 540, 954), (-54, 540, 918), (-54, 540, 954), (-36, 522, 918), (18, 504, 882), (18, 504, 846), (0, 504, 954), (0, 504, 990), (0, 486, 936), (18, 504, 900), (36, 504, 936), (36, 504, 936), (18, 504, 1008), (18, 486, 1044), (108, 486, 738), (54, 468, 864), (36, 522, 972), (18, 486, 936), (-72, 630, 720)]	(9471, 10638, 9336, 10347, 11569, 9769, 9871, 6013, 7912, 7007, 7272, 6674, 5370, 6707, 9641, 7247, 14016, 20645, 14797, 9200, 16693, 14519, 12457, 2092)
a	1890819	(663, 461)	[(18, 486, 1044), (108, 486, 738), (54, 468, 864), (36, 522, 972), (18, 486, 936), (-72, 630, 720), (-72, 540, 792), (-126, 450, 1008), (-108, 468, 1098), (-216, 468, 990), (-126, 504, 954), (-72, 504, 900), (18, 486, 864), (-36, 468, 882), (-54, 468, 918), (-108, 486, 936), (-72, 468, 936), (-54, 432, 918), (-90, 468, 936), (-108, 504, 936), (-36, 450, 792), (0, 432, 954), (-36, 450, 1026), (-108, 504, 972), (-108, 468, 918)]	(9446, 10511, 9263, 10158, 11559, 9734, 9326, 6187, 9836, 7045, 7689, 6873, 6922, 6850, 8753, 7367, 14013, 20241, 14524, 9217, 16223, 14380, 12371, 2065)
n	1892109	(765, 166)	[(-108, 540, 936), (-90, 504, 954), (-72, 522, 918), (-36, 522, 972), (-36, 522, 954), (-18, 522, 936), (36, 486, 900), (0, 522, 936), (0, 540, 990), (-54, 558, 990), (-18, 540, 954), (18, 558, 882), (0, 576, 882), (0, 630, 810), (-18, 612, 828), (-36, 630, 792), (-36, 648, 774), (36, 612, 846), (54, 612, 900), (54, 612, 864), (0, 630, 810), (-36, 630, 828), (36, 648, 810), (-36, 684, 810), (-36, 666, 756)]	(9435, 10504, 9283, 10226, 11552, 9738, 9282, 6247, 8722, 7078, 8341, 7354, 5933, 6619, 9347, 7364, 13800, 20569, 14818, 9147, 16759, 14443, 12443, 2089)
y	1892705	(573, 226)	[(-36, 666, 756), (-36, 612, 756), (-126, 612, 882), (-126, 594, 936), (-108, 558, 900), (-108, 594, 846), (-126, 594, 936), (-126, 558, 990), (-144, 576, 936), (-144, 576, 864), (-126, 594, 810), (-108, 612, 774), (-72, 612, 828), (-54, 594, 882), (-72, 612, 918), (-90, 594, 954), (-54, 576, 882), (-54, 576, 882), (-54, 594, 936), (-36, 648, 828), (0, 558, 882), (36, 522, 900), (36, 558, 900), (-36, 630, 810), (-18, 594, 720)]	(9466, 10580, 9331, 10348, 11587, 9873, 10053, 6466, 7995, 7120, 8790, 7563, 5556, 6745, 9437, 7715, 13977, 20558, 15008, 9165, 16831, 14490, 12445, 2082)
 	1893113	(831, 267)	[(-72, 612, 918), (-90, 594, 954), (-54, 576, 882), (-54, 576, 882), (-54, 594, 936), (-36, 648, 828), (0, 558, 882), (36, 522, 900), (36, 558, 900), (-36, 630, 810), (-18, 594, 720), (54, 432, 828), (-108, 504, 1062), (-72, 504, 972), (-54, 504, 954), (-72, 504, 990), (-90, 522, 972), (-108, 522, 954), (-72, 522, 810), (18, 504, 792), (-54, 504, 972), (-36, 486, 972), (18, 432, 1062), (72, 432, 954), (18, 522, 918)]	(9445, 10566, 9303, 10270, 11574, 9815, 9607, 6218, 9475, 7012, 7550, 6609, 6465, 6686, 9189, 7309, 13931, 20454, 14707, 9177, 16580, 14472, 12430, 2080)
i	1893623	(595, 137)	[(-72, 522, 810), (18, 504, 792), (-54, 504, 972), (-36, 486, 972), (18, 432, 1062), (72, 432, 954), (18, 522, 918), (-126, 594, 828), (-72, 630, 828), (-36, 594, 864), (18, 558, 882), (54, 558, 882), (36, 594, 954), (18, 630, 990), (-54, 648, 972), (-90, 684, 810), (-108, 666, 738), (-90, 648, 846), (18, 630, 774), (0, 684, 666), (-54, 648, 756), (0, 648, 828), (-90, 684, 756), (-198, 756, 720), (-126, 702, 828)]	(9451, 10545, 9289, 10302, 11555, 9703, 9600, 6033, 7128, 7032, 7920, 7236, 5122, 6542, 9209, 7309, 13787, 20642, 15145, 9141, 16868, 14476, 12478, 2086)
s	1894437	(679, 382)	[(-36, 468, 882), (18, 468, 936), (-54, 504, 1008), (-144, 576, 882), (-108, 576, 792), (0, 522, 828), (18, 504, 864), (-54, 522, 882), (-54, 540, 954), (-36, 522, 900), (0, 504, 900), (36, 486, 882), (-18, 522, 900), (-36, 522, 918), (-18, 504, 936), (18, 486, 936), (-36, 504, 936), (-54, 486, 900), (-54, 522, 918), (-36, 540, 918), (-54, 522, 918), (-54, 522, 900), (-72, 540, 882), (-90, 558, 882), (-90, 540, 918)]	(9432, 10495, 9282, 10177, 11557, 9740, 9270, 6152, 9547, 7041, 7925, 6787, 6520, 6552, 8033, 7376, 13719, 20199, 14592, 9199, 16331, 14477, 12395, 2070)
s	1895098	(657, 404)	[(-36, 522, 864), (-54, 540, 900), (-90, 540, 918), (-90, 540, 882), (-90, 540, 882), (-72, 522, 882), (-54, 504, 918), (-72, 540, 900), (-90, 540, 900), (-72, 522, 900), (-72, 522, 864), (-90, 540, 900), (-72, 540, 918), (-72, 522, 918), (-72, 504, 918), (-90, 522, 900), (-72, 522, 936), (-36, 522, 900), (-72, 522, 900), (-72, 540, 936), (-90, 522, 972), (-54, 522, 882), (-72, 540, 918), (-72, 540, 918), (-90, 522, 882)]	(9446, 10502, 9292, 10188, 11563, 9771, 9287, 6149, 9564, 7050, 8024, 6745, 6573, 6555, 7860, 7407, 13628, 20149, 14627, 9233, 16413, 14503, 12374, 2066)
u	1895908	(597, 181)	[(-72, 558, 864), (-90, 540, 918), (-90, 558, 900), (-72, 540, 918), (-54, 540, 900), (-72, 540, 918), (-72, 540, 954), (-90, 522, 900), (-108, 558, 828), (-108, 576, 702), (-108, 666, 720), (-108, 702, 864), (-90, 648, 954), (18, 576, 900), (0, 540, 918), (-18, 558, 954), (-90, 648, 882), (-90, 666, 810), (-54, 648, 810), (-54, 666, 756), (-36, 666, 756), (18, 576, 882), (-36, 612, 936), (-90, 702, 828), (-90, 702, 666)]	(9473, 10565, 9349, 10341, 11582, 9873, 10001, 6379, 7808, 7080, 8846, 7401, 5412, 6841, 9346, 7726, 13965, 20438, 15024, 9144, 16794, 14446, 12428, 2075)
e	1896578	(579, 360)	[(-90, 558, 1026), (-108, 522, 1044), (-126, 558, 954), (-108, 612, 828), (-36, 630, 828), (-36, 612, 846), (-90, 630, 864), (-90, 612, 846), (-54, 612, 864), (-72, 594, 900), (-108, 558, 972), (-72, 540, 864), (18, 522, 864), (36, 522, 864), (-36, 540, 864), (-108, 558, 846), (-72, 576, 864), (-36, 540, 900), (0, 540, 810), (18, 522, 846), (-54, 558, 846), (-54, 558, 918), (-54, 558, 990), (-54, 558, 900), (54, 522, 828)]	(9452, 10484, 9299, 10222, 11561, 9782, 9288, 6353, 10014, 7097, 8840, 7050, 6588, 7010, 8790, 7811, 14059, 20227, 14643, 9171, 16363, 14352, 12370, 2073)
s	1897072	(671, 395)	[(0, 540, 810), (18, 522, 846), (-54, 558, 846), (-54, 558, 918), (-54, 558, 990), (-54, 558, 900), (54, 522, 828), (-90, 522, 810), (-72, 540, 900), (-90, 558, 882), (-72, 540, 864), (-54, 522, 828), (-54, 522, 954), (-54, 540, 900), (-72, 540, 918), (-72, 540, 918), (-72, 504, 936), (-54, 522, 954), (-54, 540, 936), (-72, 540, 864), (-54, 540, 846), (-72, 522, 900), (-36, 504, 918), (-54, 504, 882), (-54, 504, 900)]	(9447, 10475, 9285, 10170, 11554, 9781, 9169, 6221, 9946, 7098, 8309, 6959, 6830, 7209, 8555, 7600, 13981, 20116, 14536, 9181, 16262, 14304, 12333, 2068)
 	1897682	(843, 318)	[(-54, 504, 882), (-54, 504, 900), (-72, 540, 918), (-54, 522, 918), (-54, 540, 936), (-54, 540, 918), (-36, 540, 918), (-18, 522, 882), (-36, 522, 882), (-72, 540, 900), (-54, 540, 900), (-36, 540, 900), (-54, 522, 900), (-54, 540, 882), (-72, 558, 936), (-72, 558, 918), (-54, 558, 882), (-36, 558, 900), (-36, 540, 918), (-36, 540, 882), (-90, 576, 864), (-72, 558, 864), (-54, 558, 882), (-72, 540, 900), (-72, 540, 918)]	(9456, 10505, 9286, 10210, 11556, 9778, 9463, 6185, 9855, 7066, 7957, 6764, 6723, 7128, 8783, 7446, 14094, 20213, 14575, 9198, 16332, 14401, 12374, 2071)
r	1898393	(583, 323)	[(-36, 540, 828), (-18, 540, 900), (-72, 540, 936), (-72, 540, 954), (-108, 558, 918), (-108, 576, 936), (-126, 576, 882), (-126, 576, 882), (-126, 594, 882), (-90, 594, 882), (-72, 576, 900), (-90, 576, 918), (-126, 576, 882), (-108, 612, 882), (-36, 558, 882), (-54, 540, 864), (-72, 558, 864), (-90, 576, 882), (-90, 594, 882), (-54, 576, 792), (18, 540, 846), (18, 522, 954), (-54, 540, 936), (-126, 576, 900), (-90, 576, 846)]	(9453, 10505, 9315, 10248, 11576, 9841, 9647, 6251, 9705, 7073, 8764, 7120, 6513, 7125, 8995, 7753, 14061, 20244, 14695, 9150, 16405, 14366, 12366, 2079)
e	1898635	(585, 357)	[(-126, 576, 882), (-126, 576, 882), (-126, 594, 882), (-90, 594, 882), (-72, 576, 900), (-90, 576, 918), (-126, 576, 882), (-108, 612, 882), (-36, 558, 882), (-54, 540, 864), (-72, 558, 864), (-90, 576, 882), (-90, 594, 882), (-54, 576, 792), (18, 540, 846), (18, 522, 954), (-54, 540, 936), (-126, 576, 900), (-90, 576, 846), (-108, 540, 882), (54, 522, 846), (18, 504, 882), (-54, 540, 918), (-72, 522, 990), (-72, 540, 936)]	(9458, 10502, 9301, 10240, 11568, 9844, 9385, 6234, 9702, 7053, 8780, 6934, 6423, 7033, 8711, 7813, 14069, 20226, 14742, 9203, 16548, 14438, 12380, 2074)
g	1899096	(666, 228)	[(-126, 576, 900), (-90, 576, 846), (-108, 540, 882), (54, 522, 846), (18, 504, 882), (-54, 540, 918), (-72, 522, 990), (-72, 540, 936), (-18, 540, 900), (-90, 558, 900), (-54, 504, 954), (54, 486, 900), (18, 504, 882), (-72, 594, 846), (-108, 630, 792), (-72, 594, 810), (-54, 558, 846), (-36, 576, 918), (-72, 594, 954), (-90, 612, 846), (-108, 630, 846), (-54, 630, 846), (0, 540, 918), (-72, 576, 882), (-90, 630, 882)]	(9454, 10507, 9305, 10252, 11584, 9877, 9530, 6282, 9588, 7136, 9024, 7214, 6296, 7022, 8962, 7824, 14001, 20279, 14812, 9179, 16688, 14439, 12394, 2088)
a	1899655	(658, 464)	[(-108, 630, 846), (-54, 630, 846), (0, 540, 918), (-72, 576, 882), (-90, 630, 882), (-108, 576, 954), (-108, 558, 936), (-162, 558, 1080), (-180, 540, 972), (-108, 558, 882), (-72, 540, 882), (-108, 522, 954), (-90, 558, 846), (-72, 594, 774), (18, 558, 864), (18, 522, 936), (-54, 522, 882), (-54, 558, 846), (-54, 576, 828), (-90, 558, 936), (-18, 558, 900), (-54, 540, 900), (-54, 558, 918), (-72, 540, 918), (-54, 540, 864)]	(9433, 10459, 9250, 10109, 11540, 9746, 9010, 6068, 9579, 6989, 7905, 6750, 6872, 6693, 7745, 7463, 13365, 20060, 14539, 9244, 16328, 14435, 12347, 2066)
r	1900149	(568, 318)	[(-54, 576, 828), (-90, 558, 936), (-18, 558, 900), (-54, 540, 900), (-54, 558, 918), (-72, 540, 918), (-54, 540, 864), (-108, 558, 954), (0, 558, 846), (0, 522, 936), (36, 504, 936), (72, 558, 954), (-54, 594, 954), (0, 576, 864), (72, 522, 846), (72, 486, 810), (36, 522, 828), (-18, 612, 864), (-72, 684, 720), (-90, 594, 846), (-90, 522, 936), (-54, 540, 1026), (-90, 576, 990), (-72, 594, 828), (-54, 540, 918)]	(9451, 10500, 9300, 10191, 11561, 9825, 9382, 6297, 9250, 7096, 8804, 7046, 5924, 7147, 8839, 7810, 13940, 20156, 14666, 9161, 16510, 14367, 12350, 2071)
d	1900611	(675, 346)	[(36, 522, 828), (-18, 612, 864), (-72, 684, 720), (-90, 594, 846), (-90, 522, 936), (-54, 540, 1026), (-90, 576, 990), (-72, 594, 828), (-54, 540, 918), (-72, 504, 900), (-72, 522, 954), (-54, 522, 828), (-18, 522, 846), (-54, 522, 936), (-72, 522, 918), (-72, 522, 846), (-72, 540, 918), (-72, 540, 954), (-72, 522, 900), (-54, 504, 900), (-72, 522, 918), (-72, 540, 864), (-36, 522, 864), (-36, 522, 864), (-54, 540, 900)]	(9453, 10479, 9290, 10174, 11561, 9786, 9261, 6188, 9740, 7051, 8494, 6889, 6450, 6975, 8352, 7624, 13951, 20137, 14605, 9201, 16415, 14410, 12356, 2069)
i	1901273	(553, 143)	[(-90, 576, 972), (-90, 576, 846), (-72, 540, 900), (-54, 576, 864), (-108, 612, 828), (-126, 648, 810), (-108, 630, 828), (-90, 630, 828), (-54, 648, 828), (-54, 666, 774), (-54, 684, 738), (18, 666, 756), (18, 648, 864), (36, 630, 954), (90, 630, 828), (90, 666, 792), (72, 666, 918), (72, 630, 918), (54, 666, 738), (0, 702, 720), (-36, 738, 738), (-54, 756, 684), (54, 648, 864), (36, 684, 882), (0, 684, 792)]	(9468, 10510, 9318, 10277, 11569, 9842, 10025, 6457, 8061, 7163, 8777, 7581, 5266, 7114, 9590, 7707, 14084, 20394, 15223, 9120, 16749, 14358, 12401, 2098)
n	1901815	(754, 172)	[(-36, 738, 738), (-54, 756, 684), (54, 648, 864), (36, 684, 882), (0, 684, 792), (-36, 738, 702), (36, 558, 936), (90, 594, 918), (72, 612, 936), (-18, 666, 810), (36, 684, 720), (54, 666, 756), (72, 648, 828), (54, 648, 810), (18, 684, 738), (72, 666, 810), (72, 666, 828), (54, 648, 792), (0, 666, 774), (0, 702, 774), (36, 648, 828), (36, 594, 918), (18, 612, 882), (-36, 648, 864), (18, 666, 810)]	(9445, 10501, 9302, 10260, 11575, 9813, 9794, 6292, 9962, 7133, 8519, 7267, 7096, 6898, 9028, 7617, 13657, 20227, 14716, 9116, 16678, 14397, 12389, 2077)
g	1902326	(649, 242)	[(36, 648, 828), (36, 594, 918), (18, 612, 882), (-36, 648, 864), (18, 666, 810), (18, 648, 792), (-36, 648, 846), (-90, 594, 864), (-72, 540, 918), (-36, 558, 846), (-72, 576, 846), (-90, 594, 918), (-90, 576, 900), (-54, 558, 918), (-72, 558, 954), (-72, 558, 918), (-90, 558, 936), (-90, 558, 900), (-72, 576, 864), (-90, 612, 810), (-72, 594, 900), (-36, 558, 936), (-36, 558, 900), (-54, 576, 882), (-54, 576, 864)]	(9456, 10506, 9291, 10232, 11582, 9842, 9753, 6331, 9627, 7121, 8582, 7050, 6347, 7317, 8999, 7746, 13923, 20172, 14678, 9144, 16500, 14377, 12351, 2073)
 	1902840	(853, 301)	[(-72, 576, 864), (-90, 612, 810), (-72, 594, 900), (-36, 558, 936), (-36, 558, 900), (-54, 576, 882), (-54, 576, 864), (-18, 522, 936), (-54, 540, 882), (-72, 522, 900), (-54, 540, 900), (-108, 522, 882), (-126, 558, 864), (-144, 540, 954), (-126, 522, 972), (-90, 540, 864), (-126, 576, 792), (-270, 612, 1026), (-144, 576, 918), (-144, 558, 846), (-144, 558, 792), (-90, 558, 810), (-126, 522, 882), (-180, 540, 1026), (-126, 594, 936)]	(9440, 10500, 9274, 10195, 11563, 9738, 9649, 6183, 9519, 7033, 7637, 6849, 6627, 7267, 8783, 7376, 13980, 20171, 14610, 9173, 16373, 14391, 12370, 2071)
p	1903451	(603, 30)	[(-126, 594, 936), (-216, 666, 846), (-72, 648, 918), (-126, 684, 720), (-18, 666, 738), (18, 612, 864), (36, 648, 918), (54, 684, 918), (54, 684, 846), (0, 702, 846), (36, 684, 846), (72, 666, 810), (72, 702, 738), (90, 702, 756), (90, 774, 738), (180, 684, 684), (252, 648, 684), (216, 666, 720), (108, 738, 720), (126, 774, 684), (216, 720, 594), (198, 828, 522), (54, 792, 846), (108, 774, 684), (108, 828, 684)]	(9461, 10434, 9219, 10217, 11552, 9615, 9067, 6330, 9383, 7034, 6459, 6555, 5007, 6775, 8384, 7115, 13928, 20452, 16518, 9223, 17318, 14845, 12517, 2070)
e	1904313	(601, 354)	[(-72, 558, 972), (-144, 522, 1026), (-108, 540, 954), (-72, 522, 936), (-90, 540, 954), (-90, 540, 882), (-90, 540, 846), (-108, 558, 882), (-108, 576, 864), (-108, 558, 864), (-108, 576, 900), (-126, 576, 900), (-108, 558, 882), (-90, 540, 882), (-72, 540, 900), (-72, 540, 882), (-36, 522, 900), (-72, 522, 954), (-72, 522, 918), (-72, 522, 864), (-54, 522, 990), (-54, 486, 1008), (-36, 504, 1008), (-90, 504, 864), (-72, 504, 846)]	(9459, 10475, 9316, 10222, 11570, 10471, 8055, 6228, 9757, 7108, 9185, 6771, 6377, 7080, 8591, 8135, 13848, 20141, 14613, 9129, 16331, 14332, 12349, 2079)
n	1905380	(775, 160)	[(-54, 540, 864), (-54, 540, 936), (-72, 558, 900), (-54, 540, 882), (-36, 522, 918), (18, 468, 990), (-36, 504, 936), (-54, 576, 828), (-90, 594, 900), (-54, 504, 954), (18, 504, 954), (-36, 540, 900), (-72, 594, 864), (-108, 612, 882), (-36, 594, 900), (-36, 540, 918), (-72, 630, 828), (-108, 648, 828), (-72, 612, 864), (-36, 558, 882), (0, 576, 882), (-54, 630, 792), (-18, 612, 810), (0, 612, 774), (-18, 630, 774)]	(9461, 10469, 9300, 10250, 11571, 10453, 7768, 6271, 8911, 7112, 9187, 6902, 5631, 6855, 8986, 8177, 13700, 20301, 14749, 9087, 16641, 14361, 12399, 2078)
d	1905939	(652, 345)	[(-54, 630, 792), (-18, 612, 810), (0, 612, 774), (-18, 630, 774), (-54, 576, 810), (-126, 522, 936), (-216, 594, 1026), (-252, 594, 1044), (-162, 558, 900), (-126, 540, 846), (-108, 558, 882), (-108, 540, 864), (-126, 540, 864), (-144, 522, 864), (-90, 540, 882), (-72, 504, 918), (-108, 504, 954), (-108, 504, 972), (-90, 504, 882), (-72, 540, 792), (0, 486, 990), (-36, 486, 936), (-54, 522, 828), (-90, 522, 810), (-72, 522, 864)]	(9453, 10447, 9291, 10169, 11555, 10171, 7737, 6280, 9780, 7074, 9130, 6798, 6220, 7197, 8435, 8162, 13917, 20107, 14552, 9127, 16246, 14278, 12328, 2069)
i	1906399	(565, 132)	[(-108, 504, 954), (-108, 504, 972), (-90, 504, 882), (-72, 540, 792), (0, 486, 990), (-36, 486, 936), (-54, 522, 828), (-90, 522, 810), (-72, 522, 864), (-180, 522, 954), (-126, 630, 756), (-90, 666, 828), (-36, 630, 846), (18, 594, 846), (36, 594, 828), (36, 594, 738), (36, 684, 810), (36, 612, 882), (90, 594, 864), (72, 720, 522), (72, 684, 702), (18, 648, 864), (36, 684, 810), (72, 666, 774), (54, 630, 828)]	(9465, 10465, 9317, 10291, 11573, 10218, 8360, 6314, 7481, 7101, 8495, 6773, 5128, 7305, 9136, 7790, 14038, 20276, 15098, 9054, 16598, 14120, 12360, 2095)
n	1907014	(740, 173)	[(72, 666, 774), (54, 630, 828), (36, 612, 954), (-90, 594, 882), (36, 522, 918), (72, 558, 864), (-36, 594, 918), (-72, 558, 990), (-18, 486, 972), (0, 540, 882), (-54, 594, 864), (-90, 612, 828), (-90, 630, 810), (-54, 612, 864), (-72, 594, 882), (-108, 630, 864), (-90, 630, 882), (-54, 594, 918), (0, 540, 864), (-36, 630, 738), (-72, 612, 846), (-90, 594, 900), (-90, 594, 882), (-36, 558, 810), (-72, 540, 918)]	(9459, 10459, 9305, 10263, 11582, 10447, 7956, 6224, 9165, 7107, 7959, 6530, 5981, 7351, 9267, 7608, 13938, 20286, 14753, 9094, 16503, 14277, 12376, 2098)
g	1907357	(665, 246)	[(-90, 612, 828), (-90, 630, 810), (-54, 612, 864), (-72, 594, 882), (-108, 630, 864), (-90, 630, 882), (-54, 594, 918), (0, 540, 864), (-36, 630, 738), (-72, 612, 846), (-90, 594, 900), (-90, 594, 882), (-36, 558, 810), (-72, 540, 918), (-36, 576, 936), (-90, 504, 972), (-108, 504, 936), (-90, 504, 936), (-108, 504, 936), (-126, 540, 900), (-90, 558, 828), (-54, 558, 774), (-90, 540, 918), (-54, 522, 972), (-126, 558, 882)]	(9470, 10483, 9343, 10283, 11615, 10605, 8304, 6311, 9862, 7109, 8828, 6633, 6536, 7611, 8952, 8120, 14057, 20207, 14734, 9152, 16499, 14368, 12363, 2080)
 	1907750	(847, 270)	[(-72, 540, 918), (-36, 576, 936), (-90, 504, 972), (-108, 504, 936), (-90, 504, 936), (-108, 504, 936), (-126, 540, 900), (-90, 558, 828), (-54, 558, 774), (-90, 540, 918), (-54, 522, 972), (-126, 558, 882), (54, 414, 954), (-54, 486, 918), (-36, 450, 972), (-36, 450, 954), (-54, 504, 918), (-126, 540, 918), (-108, 540, 900), (-54, 540, 864), (54, 486, 828), (-108, 558, 846), (-36, 486, 954), (0, 450, 972), (0, 522, 1008)]	(9459, 10471, 9309, 10233, 11586, 10538, 8034, 6070, 9984, 7085, 7833, 6428, 6884, 7498, 8817, 7602, 13934, 20149, 14623, 9140, 16392, 14366, 12365, 2077)
l	1908313	(680, 69)	[(-108, 558, 846), (-36, 486, 954), (0, 450, 972), (0, 522, 1008), (-144, 558, 990), (-90, 630, 828), (-54, 648, 792), (36, 666, 774), (126, 648, 846), (108, 648, 900), (54, 648, 936), (36, 684, 756), (72, 684, 738), (90, 702, 738), (72, 702, 702), (0, 720, 756), (-54, 774, 756), (0, 756, 756), (90, 810, 558), (108, 702, 720), (0, 756, 684), (-36, 756, 702), (36, 720, 720), (72, 738, 774), (90, 738, 756)]	(9461, 10458, 9290, 10317, 11587, 10255, 8348, 6272, 7978, 7119, 8946, 6764, 5137, 6696, 8961, 8135, 13613, 20421, 15208, 9069, 16815, 14326, 12427, 2084)
i	1908724	(580, 133)	[(72, 702, 702), (0, 720, 756), (-54, 774, 756), (0, 756, 756), (90, 810, 558), (108, 702, 720), (0, 756, 684), (-36, 756, 702), (36, 720, 720), (72, 738, 774), (90, 738, 756), (-54, 774, 792), (0, 684, 828), (-54, 684, 828), (-36, 702, 756), (-36, 702, 756), (-36, 720, 828), (-36, 702, 882), (0, 810, 594), (-18, 684, 900), (108, 666, 846), (126, 648, 774), (-36, 738, 666), (-108, 720, 756), (-72, 720, 828)]	(9471, 10451, 9317, 10317, 11610, 10455, 8081, 6233, 7575, 7088, 8924, 6620, 5108, 7063, 8791, 8190, 13704, 20197, 15012, 9073, 16681, 14299, 12351, 2087)
t	1909370	(586, 266)	[(-108, 702, 810), (18, 612, 846), (-54, 612, 882), (-162, 684, 918), (-180, 648, 864), (-90, 648, 792), (-108, 648, 792), (-90, 612, 864), (-90, 612, 882), (-90, 630, 900), (-90, 630, 846), (-90, 630, 864), (-72, 612, 882), (-54, 612, 900), (-90, 648, 846), (-108, 648, 828), (-54, 648, 882), (0, 594, 954), (18, 558, 900), (0, 666, 684), (18, 594, 864), (36, 594, 900), (18, 576, 846), (-72, 630, 756), (-54, 648, 882)]	(9465, 10454, 9319, 10243, 11611, 10480, 8222, 6243, 9407, 7098, 8868, 6569, 5895, 7497, 8584, 8314, 13792, 20082, 14663, 9093, 16410, 14264, 12318, 2078)
i	1909980	(598, 132)	[(-72, 630, 756), (-54, 648, 882), (-36, 648, 864), (36, 630, 828), (-54, 648, 846), (-54, 648, 864), (0, 612, 864), (-36, 648, 810), (-54, 630, 828), (-90, 648, 828), (-90, 666, 882), (-54, 648, 900), (-54, 648, 882), (-36, 630, 882), (-36, 648, 864), (18, 666, 846), (0, 666, 810), (-54, 702, 774), (-36, 702, 774), (0, 774, 666), (36, 666, 774), (54, 648, 900), (72, 666, 882), (54, 684, 810), (36, 702, 756)]	(9484, 10485, 9369, 10386, 11631, 10556, 8676, 6408, 7758, 7189, 9047, 6773, 5254, 7300, 9045, 8288, 13990, 20281, 15189, 9088, 16764, 14356, 12381, 2090)
g	1910915	(674, 241)	[(72, 666, 756), (36, 612, 828), (-72, 594, 846), (-90, 684, 792), (-72, 684, 828), (-90, 666, 810), (-90, 630, 828), (-108, 666, 846), (-126, 702, 882), (-144, 630, 972), (-90, 612, 972), (-72, 612, 900), (-36, 630, 810), (-36, 630, 882), (-36, 612, 882), (-36, 630, 810), (18, 612, 774), (54, 558, 810), (72, 540, 882), (0, 576, 864), (-36, 612, 882), (-36, 558, 900), (0, 576, 864), (-36, 612, 864), (-36, 630, 864)]	(9462, 10454, 9318, 10228, 11597, 10416, 8169, 6240, 9546, 7108, 8600, 6575, 5914, 7545, 8661, 7903, 14076, 20153, 14588, 9148, 16244, 14346, 12353, 2080)
a	1911511	(659, 468)	[(0, 576, 864), (-36, 612, 864), (-36, 630, 864), (-72, 558, 972), (-126, 558, 846), (-144, 576, 900), (-126, 558, 936), (-90, 558, 882), (-36, 522, 846), (-72, 504, 882), (-90, 522, 972), (-108, 540, 954), (-72, 522, 918), (-54, 504, 918), (-36, 504, 954), (-54, 486, 972), (-72, 540, 882), (-72, 540, 882), (-108, 522, 954), (-54, 486, 954), (18, 504, 882), (-18, 504, 900), (0, 504, 882), (-36, 504, 936), (0, 486, 936)]	(9454, 10407, 9255, 10074, 11560, 10034, 8018, 6238, 10517, 7097, 8629, 6650, 7032, 8017, 8357, 7760, 14130, 20049, 14322, 9136, 15879, 14154, 12303, 2070)
t	1912074	(582, 248)	[(0, 504, 882), (-36, 504, 936), (0, 486, 936), (-54, 486, 882), (-162, 558, 1008), (-54, 486, 972), (-72, 522, 1044), (-72, 540, 990), (-54, 558, 810), (-54, 612, 612), (-72, 702, 630), (-54, 810, 738), (0, 630, 900), (54, 522, 936), (-36, 594, 936), (-108, 666, 936), (-90, 648, 882), (-126, 666, 828), (-108, 666, 846), (-90, 630, 846), (-36, 648, 846), (18, 666, 792), (18, 594, 810), (18, 630, 846), (36, 630, 792)]	(9467, 10437, 9313, 10220, 11583, 10495, 8106, 6501, 10225, 7188, 9476, 6817, 6371, 7845, 8998, 8608, 14012, 20115, 14600, 9045, 16149, 14112, 12306, 2088)
i	1912685	(580, 132)	[(18, 594, 810), (18, 630, 846), (36, 630, 792), (36, 612, 936), (-36, 630, 828), (-54, 630, 846), (-72, 648, 900), (-126, 630, 882), (-72, 612, 774), (-18, 648, 720), (72, 684, 774), (-54, 666, 756), (0, 666, 738), (18, 702, 810), (54, 666, 882), (36, 630, 846), (18, 648, 846), (36, 648, 900), (54, 684, 864), (36, 720, 738), (54, 720, 774), (108, 594, 918), (90, 648, 846), (18, 666, 810), (18, 684, 792)]	(9496, 10469, 9345, 10370, 11593, 10646, 8045, 6417, 7290, 7136, 9219, 6730, 5285, 7604, 8882, 8582, 14111, 20143, 14984, 9007, 16508, 14086, 12317, 2089)
o	1913194	(579, 89)	[(54, 684, 864), (36, 720, 738), (54, 720, 774), (108, 594, 918), (90, 648, 846), (18, 666, 810), (18, 684, 792), (0, 684, 864), (36, 702, 684), (54, 702, 702), (18, 738, 684), (18, 756, 666), (36, 738, 720), (18, 720, 756), (0, 738, 720), (-18, 738, 720), (18, 774, 774), (36, 720, 756), (18, 756, 792), (36, 720, 774), (72, 702, 810), (18, 774, 846), (-90, 756, 936), (-54, 774, 756), (-54, 774, 702)]	(9490, 10454, 9340, 10381, 11610, 10383, 8368, 6445, 7154, 7135, 9084, 6806, 5228, 7422, 8919, 8491, 14173, 20262, 15317, 9059, 16695, 14216, 12359, 2094)
n	1913855	(757, 168)	[(36, 792, 630), (-72, 576, 792), (-270, 702, 1044), (-180, 702, 990), (-108, 648, 918), (-90, 684, 918), (-54, 684, 846), (-36, 666, 792), (-36, 666, 846), (36, 648, 810), (0, 648, 846), (-72, 630, 882), (-90, 630, 882), (-54, 612, 864), (0, 612, 918), (-36, 612, 864), (-36, 630, 846), (-108, 684, 738), (-36, 666, 828), (54, 630, 810), (54, 630, 846), (72, 630, 864), (90, 630, 738), (72, 576, 756), (54, 576, 864)]	(9472, 10465, 9331, 10285, 11615, 10752, 7211, 6019, 8689, 7046, 7910, 6385, 6107, 6788, 8632, 7790, 13759, 20255, 14745, 9076, 16665, 14419, 12407, 2075)
c	1915847	(753, 312)	[(-54, 486, 882), (-54, 522, 900), (-72, 522, 954), (18, 486, 900), (-54, 504, 936), (-54, 540, 936), (-18, 486, 918), (18, 468, 954), (18, 450, 936), (-36, 450, 936), (-54, 504, 936), (-36, 486, 954), (0, 468, 954), (0, 486, 882), (-36, 486, 882), (-36, 486, 918), (0, 468, 954), (-36, 468, 918), (0, 486, 990), (36, 486, 918), (18, 468, 954), (36, 486, 900), (-36, 486, 900), (-54, 522, 918), (-54, 504, 972)]	(9455, 10577, 9299, 10224, 11581, 9763, 10005, 6258, 9500, 7063, 8075, 6897, 6505, 6995, 8992, 7500, 13941, 20295, 14635, 9125, 16330, 14379, 12392, 2077)
o	1916730	(589, 94)	[(108, 540, 954), (54, 594, 846), (54, 630, 810), (54, 666, 882), (90, 648, 864), (54, 630, 792), (18, 630, 810), (18, 648, 828), (54, 648, 810), (72, 648, 792), (54, 666, 828), (0, 666, 828), (18, 666, 792), (72, 648, 792), (72, 648, 918), (18, 648, 864), (0, 684, 810), (-36, 702, 828), (18, 666, 810), (36, 666, 774), (0, 720, 702), (-36, 720, 810), (18, 666, 936), (72, 648, 828), (0, 720, 774)]	(9468, 10529, 9306, 10333, 11576, 9738, 10524, 6490, 7947, 7120, 8250, 7459, 5204, 6891, 9493, 7554, 14020, 20624, 15484, 9122, 16873, 14470, 12455, 2115)
u	1917232	(577, 201)	[(36, 666, 774), (0, 720, 702), (-36, 720, 810), (18, 666, 936), (72, 648, 828), (0, 720, 774), (-54, 738, 774), (108, 630, 702), (18, 612, 864), (54, 612, 882), (-36, 630, 900), (-54, 630, 828), (-54, 630, 828), (0, 630, 846), (-54, 648, 864), (-72, 648, 864), (-72, 630, 882), (-36, 612, 900), (18, 612, 864), (18, 612, 846), (-54, 648, 810), (-54, 630, 864), (-54, 612, 828), (-36, 630, 900), (-54, 630, 882)]	(9460, 10532, 9294, 10286, 11574, 9755, 10418, 6270, 7662, 7093, 8034, 6854, 5429, 7170, 9130, 7501, 13969, 20305, 14908, 9107, 16559, 14359, 12374, 2093)
l	1917691	(665, 86)	[(-72, 630, 882), (-36, 612, 900), (18, 612, 864), (18, 612, 846), (-54, 648, 810), (-54, 630, 864), (-54, 612, 828), (-36, 630, 900), (-54, 630, 882), (-36, 648, 882), (18, 630, 828), (0, 630, 882), (-36, 648, 846), (-36, 684, 792), (-18, 684, 774), (18, 684, 774), (36, 648, 774), (18, 648, 756), (-36, 702, 774), (-18, 810, 720), (36, 630, 828), (0, 702, 774), (-72, 756, 720), (18, 720, 684), (54, 666, 720)]	(9455, 10511, 9257, 10270, 11547, 9655, 10000, 6027, 7421, 7037, 7885, 6779, 5312, 6735, 8992, 7308, 13817, 20457, 15059, 9086, 16774, 14452, 12437, 2085)
d	1918183	(668, 337)	[(-36, 702, 774), (-18, 810, 720), (36, 630, 828), (0, 702, 774), (-72, 756, 720), (18, 720, 684), (54, 666, 720), (54, 522, 774), (-360, 540, 1170), (-450, 558, 1062), (-234, 576, 990), (-162, 558, 846), (-126, 576, 846), (-108, 540, 900), (-126, 504, 918), (-108, 504, 918), (-90, 486, 900), (-72, 468, 900), (-54, 468, 918), (-90, 540, 828), (-108, 540, 936), (-144, 486, 972), (-126, 486, 936), (-108, 522, 954), (-108, 486, 972)]	(9432, 10414, 9232, 10089, 11536, 9662, 9164, 6314, 9874, 7063, 8922, 7503, 5933, 7350, 8467, 7679, 14082, 20159, 14410, 9160, 16027, 14235, 12343, 2080)
 	1918593	(842, 315)	[(-108, 540, 900), (-126, 504, 918), (-108, 504, 918), (-90, 486, 900), (-72, 468, 900), (-54, 468, 918), (-90, 540, 828), (-108, 540, 936), (-144, 486, 972), (-126, 486, 936), (-108, 522, 954), (-108, 486, 972), (-144, 522, 918), (-90, 558, 900), (-72, 522, 864), (36, 450, 882), (-54, 504, 882), (-72, 576, 900), (-54, 558, 846), (-18, 540, 846), (-90, 540, 936), (0, 576, 792), (-18, 558, 900), (-36, 522, 918), (18, 522, 954)]	(9437, 10438, 9240, 10141, 11553, 9717, 9710, 6239, 10203, 7072, 8275, 7038, 7157, 7041, 8671, 7455, 14089, 20223, 14409, 9114, 16057, 14261, 12371, 2071)
b	1919036	(761, 227)	[(-54, 504, 882), (-72, 576, 900), (-54, 558, 846), (-18, 540, 846), (-90, 540, 936), (0, 576, 792), (-18, 558, 900), (-36, 522, 918), (18, 522, 954), (-18, 594, 864), (72, 612, 720), (18, 630, 774), (18, 612, 828), (36, 612, 864), (0, 594, 918), (0, 594, 918), (0, 576, 918), (0, 594, 882), (18, 612, 936), (36, 594, 918), (54, 576, 846), (-72, 648, 828), (-90, 666, 828), (-36, 648, 810), (-36, 648, 882)]	(9451, 10452, 9246, 10158, 11548, 9748, 9601, 6239, 10287, 7077, 8233, 6998, 7713, 6914, 8753, 7495, 13868, 20224, 14582, 9075, 16261, 14256, 12360, 2082)
e	1919545	(564, 378)	[(36, 594, 918), (54, 576, 846), (-72, 648, 828), (-90, 666, 828), (-36, 648, 810), (-36, 648, 882), (18, 594, 774), (-54, 594, 864), (-72, 594, 864), (-90, 558, 864), (-54, 558, 918), (-72, 522, 972), (0, 504, 918), (-72, 558, 882), (-108, 612, 864), (-90, 576, 882), (-72, 558, 936), (-90, 558, 990), (-108, 558, 936), (-54, 558, 954), (-72, 522, 864), (-36, 540, 918), (-108, 540, 954), (-90, 540, 954), (-108, 540, 864)]	(9453, 10468, 9278, 10199, 11582, 9838, 9972, 6340, 10439, 7100, 8657, 7040, 7763, 7280, 8786, 7728, 14014, 20162, 14566, 9088, 16185, 14232, 12333, 2085)
 	1920007	(830, 344)	[(-72, 558, 936), (-90, 558, 990), (-108, 558, 936), (-54, 558, 954), (-72, 522, 864), (-36, 540, 918), (-108, 540, 954), (-90, 540, 954), (-108, 540, 864), (-108, 558, 972), (-36, 522, 918), (0, 522, 918), (-36, 540, 918), (-36, 504, 918), (18, 468, 846), (0, 468, 864), (-72, 522, 900), (-72, 522, 936), (-108, 504, 882), (-72, 522, 918), (-108, 576, 900), (-90, 522, 882), (-90, 504, 900), (-144, 540, 954), (-108, 540, 954)]	(9460, 10485, 9267, 10197, 11579, 9820, 10272, 6246, 10762, 7106, 7867, 6744, 8673, 7401, 8701, 7470, 14132, 20170, 14379, 9124, 16022, 14287, 12351, 2079)
a	1920402	(660, 470)	[(18, 468, 846), (0, 468, 864), (-72, 522, 900), (-72, 522, 936), (-108, 504, 882), (-72, 522, 918), (-108, 576, 900), (-90, 522, 882), (-90, 504, 900), (-144, 540, 954), (-108, 540, 954), (-54, 486, 864), (-90, 540, 828), (-162, 540, 972), (-126, 522, 990), (-90, 486, 882), (-72, 486, 828), (-90, 486, 936), (-108, 486, 1008), (-90, 504, 936), (-108, 486, 972), (-90, 468, 864), (0, 450, 882), (-72, 450, 1026), (-90, 486, 1026)]	(9444, 10443, 9244, 10089, 11541, 9690, 9842, 6520, 10844, 7128, 8502, 7645, 9019, 7782, 8616, 7718, 14162, 20070, 14328, 9116, 15894, 14151, 12300, 2075)
 	1920816	(828, 317)	[(-90, 486, 882), (-72, 486, 828), (-90, 486, 936), (-108, 486, 1008), (-90, 504, 936), (-108, 486, 972), (-90, 468, 864), (0, 450, 882), (-72, 450, 1026), (-90, 486, 1026), (-180, 468, 900), (-198, 540, 936), (-108, 450, 990), (-54, 486, 1008), (0, 450, 936), (54, 468, 828), (54, 468, 828), (18, 504, 918), (0, 504, 936), (-36, 522, 846), (36, 486, 828), (0, 504, 864), (0, 504, 1008), (-54, 468, 1044), (18, 558, 936)]	(9448, 10449, 9240, 10135, 11565, 9787, 9821, 6290, 10337, 7095, 8349, 7020, 8955, 7226, 8739, 7530, 13900, 20119, 14411, 9044, 15991, 14130, 12319, 2076)
r	1921260	(578, 310)	[(54, 468, 828), (18, 504, 918), (0, 504, 936), (-36, 522, 846), (36, 486, 828), (0, 504, 864), (0, 504, 1008), (-54, 468, 1044), (18, 558, 936), (-144, 648, 828), (-90, 630, 900), (-126, 648, 810), (-36, 576, 810), (54, 504, 954), (0, 522, 972), (-72, 576, 864), (-108, 594, 864), (-90, 594, 864), (-72, 594, 846), (-54, 612, 756), (18, 594, 882), (-90, 558, 1026), (-108, 576, 954), (-72, 576, 828), (-36, 594, 810)]	(9452, 10461, 9251, 10169, 11568, 9769, 10261, 6624, 10683, 7135, 9025, 7685, 8836, 7522, 9226, 7835, 14036, 20202, 14590, 9041, 16040, 14084, 12316, 2087)
a	1921870	(666, 457)	[(-72, 576, 828), (-36, 594, 810), (-54, 540, 972), (-72, 450, 918), (-72, 450, 936), (-90, 486, 918), (-72, 504, 882), (-90, 522, 864), (-90, 540, 882), (-108, 522, 954), (-54, 468, 918), (-72, 504, 900), (-108, 522, 900), (-90, 540, 864), (-90, 540, 900), (-108, 522, 936), (-72, 522, 990), (-72, 486, 954), (-54, 486, 954), (0, 468, 900), (-72, 468, 954), (36, 504, 918), (-54, 486, 936), (-36, 486, 882), (-90, 468, 936)]	(9438, 10397, 9229, 10054, 11534, 9647, 8825, 6277, 10425, 7077, 8565, 7339, 7590, 7739, 8346, 7710, 13975, 20017, 14291, 9107, 15870, 14112, 12290, 2070)
n	1922580	(743, 165)	[(-54, 486, 954), (-72, 504, 918), (-90, 486, 954), (-72, 468, 954), (0, 468, 900), (0, 486, 954), (-36, 486, 972), (-72, 522, 972), (-90, 594, 918), (0, 612, 756), (72, 594, 720), (54, 576, 792), (18, 540, 990), (0, 612, 936), (18, 594, 864), (-36, 612, 846), (-54, 648, 828), (36, 648, 846), (18, 630, 810), (18, 666, 792), (-54, 666, 846), (0, 666, 774), (36, 756, 684), (18, 648, 792), (0, 684, 792)]	(9458, 10458, 9268, 10222, 11550, 9782, 9725, 6404, 9627, 7125, 8720, 7330, 6728, 6858, 8946, 7712, 13898, 20328, 14723, 9058, 16432, 14311, 12392, 2087)
g	1923030	(672, 252)	[(36, 648, 846), (18, 630, 810), (18, 666, 792), (-54, 666, 846), (0, 666, 774), (36, 756, 684), (18, 648, 792), (0, 684, 792), (54, 648, 738), (-90, 630, 900), (-126, 558, 1044), (-90, 558, 972), (-72, 594, 972), (-72, 558, 954), (-36, 522, 936), (-36, 558, 810), (-54, 594, 810), (-54, 648, 828), (-90, 612, 846), (-72, 630, 810), (-36, 630, 864), (36, 576, 882), (0, 576, 882), (18, 594, 846), (-36, 594, 864)]	(9454, 10476, 9277, 10215, 11576, 9844, 10053, 6490, 10049, 7135, 8956, 7320, 7407, 7180, 8855, 7932, 14065, 20240, 14675, 9102, 16314, 14305, 12368, 2078)
e	1923641	(567, 360)	[(18, 594, 846), (-36, 594, 864), (-72, 648, 864), (-72, 576, 882), (-72, 576, 954), (-108, 540, 990), (-90, 522, 900), (36, 540, 810), (-36, 540, 918), (-72, 576, 846), (-90, 576, 774), (-90, 594, 810), (-90, 594, 900), (-90, 612, 900), (-90, 612, 882), (-90, 612, 846), (-72, 594, 954), (-90, 576, 954), (-90, 576, 864), (-54, 594, 738), (0, 558, 882), (0, 558, 918), (-72, 558, 882), (-90, 594, 882), (0, 558, 900)]	(9443, 10451, 9257, 10160, 11545, 9759, 9723, 6335, 9829, 7091, 8758, 7136, 7278, 7414, 8680, 7821, 13992, 20103, 14490, 9069, 16092, 14174, 12309, 2081)
 	1924253	(835, 306)	[(-90, 594, 882), (0, 558, 900), (-72, 594, 882), (-54, 576, 900), (-36, 612, 882), (0, 576, 846), (36, 576, 810), (72, 522, 864), (-36, 504, 936), (-72, 522, 918), (-54, 540, 864), (-36, 522, 918), (-108, 558, 936), (-144, 594, 882), (-126, 630, 864), (-90, 594, 828), (-54, 594, 900), (-180, 648, 846), (-36, 612, 756), (-72, 558, 846), (-54, 558, 828), (-108, 558, 900), (-144, 576, 972), (-72, 522, 972), (-36, 468, 1062)]	(9437, 10442, 9249, 10138, 11558, 9770, 9887, 6229, 10043, 7075, 8034, 6878, 8160, 7385, 8535, 7560, 13931, 20075, 14376, 9070, 16038, 14225, 12307, 2079)
o	1924812	(586, 106)	[(-108, 558, 900), (-144, 576, 972), (-72, 522, 972), (-36, 468, 1062), (-180, 684, 792), (18, 612, 864), (-72, 666, 792), (-90, 666, 810), (-54, 630, 846), (-54, 630, 864), (-90, 720, 936), (-108, 738, 1026), (-18, 666, 828), (72, 648, 666), (90, 666, 648), (54, 684, 810), (-54, 738, 792), (-108, 774, 738), (-90, 774, 702), (-72, 756, 756), (-36, 774, 684), (-36, 738, 666), (-36, 756, 792), (-72, 810, 756), (-72, 828, 630)]	(9457, 10438, 9245, 10210, 11545, 9696, 9832, 6255, 9385, 7109, 8296, 7269, 5321, 6794, 8841, 7473, 13946, 20381, 15218, 9080, 16723, 14399, 12417, 2092)
f	1925432	(677, 300)	[(-72, 828, 630), (-72, 792, 702), (-72, 756, 666), (-108, 738, 864), (-36, 666, 774), (72, 666, 720), (36, 684, 882), (0, 684, 900), (0, 666, 792), (18, 630, 756), (0, 630, 882), (-54, 648, 972), (-72, 666, 882), (-72, 648, 810), (-54, 630, 810), (18, 612, 882), (18, 594, 900), (-54, 630, 810), (-108, 666, 792), (-72, 630, 900), (-108, 540, 954), (18, 576, 846), (-90, 612, 900), (-108, 648, 882), (-126, 666, 792)]	(9450, 10445, 9280, 10186, 11587, 9814, 10244, 6251, 10261, 7093, 8690, 6727, 7319, 6843, 7976, 7737, 13637, 20083, 14488, 9107, 16167, 14325, 12347, 2074)
 	1925778	(828, 300)	[(-72, 666, 882), (-72, 648, 810), (-54, 630, 810), (18, 612, 882), (18, 594, 900), (-54, 630, 810), (-108, 666, 792), (-72, 630, 900), (-108, 540, 954), (18, 576, 846), (-90, 612, 900), (-108, 648, 882), (-126, 666, 792), (-54, 684, 774), (-54, 666, 810), (-54, 558, 882), (-72, 594, 900), (-108, 630, 846), (-108, 648, 810), (-54, 648, 864), (0, 630, 738), (90, 594, 684), (-36, 576, 810), (-54, 594, 846), (-90, 630, 882)]	(9458, 10481, 9269, 10220, 11562, 9766, 10348, 6030, 10178, 7019, 7316, 6508, 7150, 7144, 8584, 7365, 14140, 20197, 14471, 9124, 16134, 14396, 12387, 2058)
t	1926289	(583, 275)	[(-54, 648, 864), (0, 630, 738), (90, 594, 684), (-36, 576, 810), (-54, 594, 846), (-90, 630, 882), (-54, 612, 972), (-54, 666, 738), (-54, 648, 864), (18, 648, 774), (0, 666, 810), (-72, 702, 810), (-90, 684, 810), (-54, 648, 846), (36, 648, 846), (36, 648, 828), (-54, 666, 810), (-54, 684, 792), (-36, 702, 774), (-36, 648, 792), (54, 648, 828), (18, 648, 882), (-18, 684, 864), (-36, 666, 792), (18, 666, 792)]	(9453, 10468, 9280, 10217, 11582, 9807, 10286, 6257, 10238, 7116, 8424, 6694, 8437, 7354, 8482, 7708, 13752, 20024, 14547, 9044, 16223, 14199, 12309, 2070)
h	1926582	(675, 184)	[(0, 666, 810), (-72, 702, 810), (-90, 684, 810), (-54, 648, 846), (36, 648, 846), (36, 648, 828), (-54, 666, 810), (-54, 684, 792), (-36, 702, 774), (-36, 648, 792), (54, 648, 828), (18, 648, 882), (-18, 684, 864), (-36, 666, 792), (18, 666, 792), (0, 666, 864), (0, 630, 864), (36, 666, 810), (-36, 666, 828), (-36, 684, 792), (0, 738, 666), (0, 684, 846), (0, 666, 846), (36, 648, 828), (18, 684, 828)]	(9468, 10472, 9292, 10249, 11591, 9834, 10374, 6300, 10498, 7131, 8548, 6730, 8475, 7361, 8499, 7816, 13845, 20080, 14688, 9071, 16423, 14302, 12332, 2075)
i	1926925	(584, 130)	[(18, 648, 882), (-18, 684, 864), (-36, 666, 792), (18, 666, 792), (0, 666, 864), (0, 630, 864), (36, 666, 810), (-36, 666, 828), (-36, 684, 792), (0, 738, 666), (0, 684, 846), (0, 666, 846), (36, 648, 828), (18, 684, 828), (-18, 702, 792), (-54, 684, 774), (-18, 684, 684), (0, 720, 756), (-36, 684, 828), (36, 666, 792), (36, 648, 828), (18, 684, 738), (36, 684, 774), (72, 648, 918), (72, 666, 846)]	(9470, 10455, 9249, 10208, 11567, 9778, 10394, 6437, 9718, 7153, 8449, 6872, 5880, 7420, 8793, 7904, 14175, 20250, 15129, 9111, 16682, 14368, 12380, 2084)
n	1927486	(749, 186)	[(36, 648, 828), (18, 684, 738), (36, 684, 774), (72, 648, 918), (72, 666, 846), (18, 666, 846), (90, 648, 792), (18, 666, 792), (-18, 702, 846), (90, 522, 936), (144, 540, 900), (-54, 594, 864), (-216, 612, 864), (-180, 648, 846), (-90, 666, 900), (-54, 648, 918), (-54, 666, 864), (-108, 702, 792), (-90, 684, 756), (-54, 666, 810), (-36, 666, 828), (18, 684, 720), (-54, 648, 810), (-18, 648, 828), (-36, 630, 828)]	(9466, 10465, 9265, 10198, 11599, 9852, 9926, 6240, 10225, 7117, 8769, 6673, 8204, 6954, 8329, 7890, 13660, 20063, 14562, 9028, 16331, 14233, 12332, 2070)
g	1927878	(647, 248)	[(-180, 648, 846), (-90, 666, 900), (-54, 648, 918), (-54, 666, 864), (-108, 702, 792), (-90, 684, 756), (-54, 666, 810), (-36, 666, 828), (18, 684, 720), (-54, 648, 810), (-18, 648, 828), (-36, 630, 828), (-72, 702, 846), (-90, 630, 954), (-36, 630, 846), (-54, 576, 882), (-72, 648, 828), (-36, 648, 810), (18, 648, 864), (0, 630, 900), (-36, 630, 864), (18, 666, 756), (54, 558, 864), (0, 612, 900), (-36, 630, 774)]	(9471, 10466, 9273, 10228, 11607, 9893, 10125, 6284, 10490, 7126, 8756, 6638, 8395, 7329, 8266, 8005, 13881, 20067, 14633, 9103, 16405, 14352, 12342, 2065)
s	1928490	(666, 402)	[(-36, 630, 774), (36, 630, 756), (-126, 648, 918), (-18, 576, 846), (-126, 576, 864), (-126, 630, 828), (-108, 648, 864), (-126, 630, 936), (-72, 576, 864), (-36, 576, 828), (-18, 612, 828), (-90, 612, 882), (-90, 594, 900), (-54, 576, 882), (-72, 576, 828), (-54, 576, 846), (-54, 594, 918), (-54, 576, 936), (-72, 558, 936), (-54, 558, 918), (-36, 558, 828), (-36, 558, 846), (-36, 558, 882), (-72, 576, 864), (-108, 540, 846)]	(9468, 10462, 9269, 10156, 11597, 9870, 10198, 6231, 10852, 7117, 7643, 6533, 9384, 8020, 8229, 7614, 14091, 20025, 14370, 9130, 16036, 14261, 12302, 2068)
 	1929521	(837, 306)	[(-36, 594, 882), (-54, 594, 864), (-54, 576, 846), (-36, 594, 882), (-36, 558, 918), (-36, 576, 882), (-54, 594, 864), (-72, 630, 864), (-90, 648, 828), (-72, 594, 846), (-36, 558, 828), (-36, 576, 846), (-36, 594, 882), (-54, 576, 882), (-72, 594, 882), (-72, 594, 936), (-54, 558, 918), (-72, 594, 882), (-90, 576, 828), (-36, 558, 882), (-108, 540, 954), (-126, 558, 918), (-126, 558, 936), (-54, 558, 828), (-36, 576, 846)]	(9468, 10489, 9267, 10206, 11574, 9835, 9975, 6008, 10375, 7048, 7062, 6393, 8345, 7646, 8410, 7415, 14066, 20047, 14392, 9103, 16060, 14290, 12331, 2076)
b	1932142	(740, 215)	[(-18, 576, 882), (0, 558, 900), (0, 576, 882), (-54, 612, 864), (0, 594, 828), (0, 576, 864), (-18, 558, 936), (-36, 558, 936), (-72, 576, 882), (-72, 612, 882), (-72, 612, 864), (-54, 612, 846), (-54, 648, 810), (0, 648, 810), (72, 558, 828), (-36, 594, 774), (-144, 630, 864), (-126, 612, 1008), (-72, 612, 972), (-72, 594, 936), (-54, 594, 864), (-90, 684, 684), (18, 576, 936), (0, 576, 936), (-36, 594, 846)]	(9470, 10461, 9288, 10232, 11605, 9921, 10009, 6336, 10686, 7133, 8930, 6704, 8915, 7319, 8483, 8099, 13928, 20083, 14593, 9070, 16348, 14303, 12339, 2076)
u	1932660	(574, 171)	[(-54, 594, 864), (-90, 684, 684), (18, 576, 936), (0, 576, 936), (-36, 594, 846), (18, 558, 846), (-144, 576, 954), (-162, 594, 972), (-144, 576, 972), (-126, 576, 954), (-90, 576, 918), (-90, 594, 900), (-126, 612, 918), (-108, 630, 810), (-72, 666, 738), (-54, 666, 774), (-54, 648, 864), (-54, 648, 810), (0, 684, 684), (36, 558, 882), (54, 630, 954), (-72, 648, 792), (-54, 720, 666), (-36, 666, 774), (-36, 594, 864)]	(9444, 10441, 9250, 10176, 11582, 9779, 9940, 6169, 9330, 7073, 8340, 6529, 6049, 7190, 8486, 7664, 13955, 20116, 14678, 9068, 16380, 14308, 12357, 2081)
t	1933004	(586, 291)	[(-90, 594, 900), (-126, 612, 918), (-108, 630, 810), (-72, 666, 738), (-54, 666, 774), (-54, 648, 864), (-54, 648, 810), (0, 684, 684), (36, 558, 882), (54, 630, 954), (-72, 648, 792), (-54, 720, 666), (-36, 666, 774), (-36, 594, 864), (-126, 648, 864), (-126, 648, 864), (-90, 612, 828), (-90, 612, 792), (-108, 630, 882), (-108, 612, 864), (-108, 594, 936), (-72, 540, 990), (-36, 576, 756), (-72, 594, 774), (-108, 594, 864)]	(9463, 10457, 9281, 10227, 11608, 9871, 10113, 6274, 10251, 7115, 8744, 6616, 7562, 7429, 8317, 8060, 13993, 20076, 14660, 9101, 16395, 14325, 12345, 2070)
 	1933457	(823, 306)	[(-90, 612, 792), (-108, 630, 882), (-108, 612, 864), (-108, 594, 936), (-72, 540, 990), (-36, 576, 756), (-72, 594, 774), (-108, 594, 864), (-72, 612, 792), (-90, 612, 972), (0, 594, 792), (0, 594, 828), (0, 558, 846), (-54, 576, 774), (-108, 576, 900), (-72, 504, 936), (-108, 522, 918), (-198, 576, 828), (-198, 594, 918), (-198, 630, 936), (-54, 504, 882), (-126, 540, 846), (-126, 576, 864), (-216, 576, 954), (-144, 576, 918)]	(9475, 10507, 9292, 10249, 11596, 9895, 10025, 6026, 10605, 7060, 7068, 6402, 8959, 7095, 8066, 7387, 13908, 20065, 14511, 9107, 16216, 14399, 12363, 2069)
h	1933816	(668, 196)	[(0, 594, 828), (0, 558, 846), (-54, 576, 774), (-108, 576, 900), (-72, 504, 936), (-108, 522, 918), (-198, 576, 828), (-198, 594, 918), (-198, 630, 936), (-54, 504, 882), (-126, 540, 846), (-126, 576, 864), (-216, 576, 954), (-144, 576, 918), (-252, 648, 846), (-126, 612, 882), (-72, 648, 792), (0, 648, 792), (54, 558, 846), (72, 594, 792), (-36, 666, 720), (-36, 576, 936), (0, 612, 900), (-36, 684, 864), (18, 630, 720)]	(9468, 10478, 9287, 10246, 11591, 9877, 10203, 6279, 10705, 7116, 8253, 6595, 7467, 7302, 8548, 7646, 14030, 20157, 14768, 9100, 16603, 14395, 12373, 2068)
e	1934434	(574, 366)	[(18, 630, 720), (54, 612, 684), (-108, 612, 882), (-234, 648, 954), (-180, 612, 864), (-144, 594, 828), (-144, 612, 846), (-144, 612, 882), (-126, 576, 846), (-144, 594, 828), (-126, 594, 828), (-90, 594, 846), (-90, 594, 864), (-90, 576, 900), (-90, 558, 918), (-72, 540, 882), (-90, 576, 882), (-126, 594, 900), (-126, 612, 720), (-36, 648, 774), (-108, 594, 882), (-18, 558, 972), (-36, 540, 936), (-72, 540, 828), (-36, 558, 882)]	(9462, 10463, 9283, 10207, 11595, 9891, 10166, 6300, 10549, 7122, 8694, 6621, 8255, 7693, 8508, 7893, 13956, 20030, 14432, 9059, 16055, 14191, 12309, 2082)
 	1935030	(832, 311)	[(-72, 540, 828), (-36, 558, 882), (36, 504, 864), (-72, 504, 954), (-144, 522, 936), (-126, 540, 900), (-72, 540, 972), (-90, 540, 936), (-72, 558, 792), (-72, 576, 792), (-90, 558, 918), (-90, 558, 918), (-90, 540, 882), (-72, 540, 882), (-108, 576, 882), (-144, 576, 882), (-126, 576, 918), (-90, 522, 990), (-72, 630, 666), (-72, 594, 810), (-72, 540, 918), (-54, 522, 882), (-90, 522, 936), (-54, 522, 882), (-90, 540, 1062)]	(9452, 10479, 9274, 10188, 11576, 9817, 9942, 6070, 10289, 7062, 7272, 6476, 7903, 7709, 8496, 7458, 14143, 20082, 14384, 9101, 16032, 14269, 12335, 2083)
s	1935592	(668, 386)	[(-54, 522, 882), (-90, 522, 936), (-54, 522, 882), (-90, 540, 1062), (-90, 594, 936), (-72, 558, 792), (-72, 540, 810), (-90, 558, 936), (-90, 540, 972), (-72, 558, 846), (-90, 558, 810), (-54, 558, 864), (-72, 558, 900), (-108, 576, 936), (-90, 576, 918), (-72, 540, 918), (-72, 522, 936), (-72, 522, 918), (-72, 522, 900), (-90, 522, 864), (-108, 558, 882), (-36, 504, 954), (-90, 522, 900), (-90, 540, 900), (-108, 540, 918)]	(9461, 10456, 9274, 10190, 11602, 9890, 9849, 6242, 10459, 7099, 7540, 6512, 8222, 7979, 8491, 7574, 14139, 20045, 14364, 9092, 15999, 14202, 12307, 2072)
e	1936104	(575, 372)	[(-72, 522, 900), (-90, 522, 864), (-108, 558, 882), (-36, 504, 954), (-90, 522, 900), (-90, 540, 900), (-108, 540, 918), (-108, 558, 900), (-72, 540, 918), (-90, 522, 936), (-108, 558, 846), (-108, 612, 810), (-126, 612, 864), (-108, 576, 846), (-108, 612, 864), (-108, 594, 900), (-108, 594, 846), (-72, 594, 864), (-90, 558, 864), (18, 594, 774), (-72, 558, 936), (-90, 594, 864), (-72, 576, 900), (0, 540, 900), (-72, 576, 918)]	(9458, 10471, 9294, 10214, 11614, 9911, 10065, 6282, 10530, 7111, 8275, 6608, 8831, 7855, 8529, 7702, 13990, 20015, 14427, 9051, 16045, 14147, 12301, 2074)
e	1936298	(565, 374)	[(-90, 540, 900), (-108, 540, 918), (-108, 558, 900), (-72, 540, 918), (-90, 522, 936), (-108, 558, 846), (-108, 612, 810), (-126, 612, 864), (-108, 576, 846), (-108, 612, 864), (-108, 594, 900), (-108, 594, 846), (-72, 594, 864), (-90, 558, 864), (18, 594, 774), (-72, 558, 936), (-90, 594, 864), (-72, 576, 900), (0, 540, 900), (-72, 576, 918), (-108, 612, 936), (0, 558, 828), (-36, 576, 846), (-36, 558, 792), (-54, 576, 900)]	(9463, 10463, 9285, 10188, 11601, 9882, 9915, 6252, 10388, 7127, 8348, 6550, 8781, 7788, 8383, 7773, 13906, 19980, 14413, 9041, 16069, 14145, 12288, 2071)
m	1936862	(752, 122)	[(-108, 612, 936), (0, 558, 828), (-36, 576, 846), (-36, 558, 792), (-54, 576, 900), (-36, 540, 900), (-90, 576, 918), (-54, 558, 954), (-36, 522, 972), (-18, 558, 972), (-72, 612, 882), (-72, 648, 774), (-54, 648, 792), (-36, 666, 720), (36, 684, 792), (18, 666, 846), (-36, 684, 828), (-36, 702, 774), (18, 684, 774), (18, 684, 792), (-18, 702, 756), (54, 720, 702), (54, 666, 828), (0, 702, 810), (-72, 756, 684)]	(9466, 10451, 9276, 10237, 11590, 9853, 9601, 6315, 10290, 7141, 8926, 6700, 7240, 6895, 8614, 8108, 13765, 20194, 14736, 9040, 16555, 14284, 12381, 2080)
s	1937408	(669, 401)	[(54, 720, 702), (54, 666, 828), (0, 702, 810), (-72, 756, 684), (-36, 756, 594), (-144, 630, 846), (-144, 576, 1098), (-180, 576, 1080), (-126, 576, 936), (-72, 594, 846), (-72, 576, 846), (-126, 558, 972), (-90, 540, 936), (-54, 540, 810), (-36, 522, 792), (-54, 540, 918), (-108, 540, 972), (-126, 540, 900), (-54, 540, 846), (-72, 522, 918), (-54, 522, 936), (-72, 540, 918), (-54, 558, 828), (-54, 558, 900), (-108, 522, 828)]	(9452, 10457, 9265, 10153, 11591, 9859, 9768, 6186, 10370, 7083, 7461, 6452, 8369, 7806, 8214, 7546, 14017, 20010, 14350, 9084, 16025, 14209, 12299, 2078)
 	1938123	(831, 285)	[(-54, 576, 810), (-36, 576, 864), (-36, 540, 864), (-36, 558, 846), (-36, 558, 882), (-54, 576, 918), (-54, 558, 936), (-72, 594, 900), (-72, 630, 846), (-90, 630, 882), (-90, 612, 882), (-72, 612, 864), (-54, 576, 846), (-72, 576, 864), (-54, 576, 882), (-36, 558, 882), (-36, 576, 900), (-36, 594, 882), (-54, 558, 900), (-90, 612, 900), (0, 612, 810), (-72, 594, 864), (-36, 594, 828), (-54, 594, 864), (-72, 630, 864)]	(9467, 10475, 9287, 10229, 11599, 9906, 10195, 6288, 10745, 7122, 7881, 6569, 8447, 7729, 8694, 7564, 14258, 20159, 14525, 9107, 16160, 14334, 12357, 2080)
t	1938786	(572, 282)	[(-72, 594, 918), (-72, 576, 882), (-72, 576, 918), (-54, 612, 828), (-72, 630, 792), (-90, 648, 810), (-90, 630, 846), (-90, 666, 846), (-36, 648, 828), (-36, 630, 864), (-36, 630, 900), (-36, 630, 900), (0, 630, 846), (-18, 666, 828), (-36, 666, 774), (18, 630, 792), (-36, 594, 900), (-90, 648, 918), (-126, 702, 846), (-72, 702, 774), (-36, 702, 720), (54, 576, 990), (36, 594, 900), (-72, 630, 792), (-36, 648, 702)]	(9468, 10468, 9311, 10258, 11606, 9935, 10171, 6373, 10790, 7167, 8845, 6709, 8995, 7616, 8581, 7891, 13865, 20021, 14550, 9025, 16195, 14177, 12305, 2075)
o	1939251	(588, 118)	[(-90, 648, 918), (-126, 702, 846), (-72, 702, 774), (-36, 702, 720), (54, 576, 990), (36, 594, 900), (-72, 630, 792), (-36, 648, 702), (-18, 666, 936), (-90, 684, 846), (0, 702, 810), (18, 684, 828), (18, 684, 774), (18, 720, 648), (54, 702, 684), (126, 702, 864), (36, 702, 810), (-18, 738, 738), (18, 774, 540), (36, 720, 648), (-72, 756, 846), (-72, 756, 738), (-72, 792, 738), (-72, 810, 702), (-54, 828, 702)]	(9452, 10406, 9228, 10156, 11564, 9661, 10162, 6230, 9796, 7076, 7960, 6666, 6424, 6970, 8539, 7284, 13801, 20224, 15081, 9046, 16619, 14310, 12394, 2082)
 	1939645	(818, 292)	[(18, 720, 648), (54, 702, 684), (126, 702, 864), (36, 702, 810), (-18, 738, 738), (18, 774, 540), (36, 720, 648), (-72, 756, 846), (-72, 756, 738), (-72, 792, 738), (-72, 810, 702), (-54, 828, 702), (-108, 684, 846), (-36, 612, 792), (-72, 612, 864), (-144, 612, 900), (-72, 594, 936), (-72, 558, 954), (-144, 648, 900), (36, 504, 936), (-90, 504, 900), (-36, 504, 900), (-72, 576, 846), (-126, 594, 918), (-36, 540, 954)]	(9475, 10505, 9288, 10241, 11598, 9793, 10633, 6086, 10746, 7109, 6767, 6451, 8694, 7615, 8640, 7296, 13998, 20107, 14484, 9053, 16105, 14273, 12355, 2083)
b	1940058	(740, 207)	[(-36, 612, 792), (-72, 612, 864), (-144, 612, 900), (-72, 594, 936), (-72, 558, 954), (-144, 648, 900), (36, 504, 936), (-90, 504, 900), (-36, 504, 900), (-72, 576, 846), (-126, 594, 918), (-36, 540, 954), (-36, 612, 900), (-72, 630, 864), (-36, 630, 774), (36, 594, 774), (54, 612, 864), (36, 612, 918), (18, 612, 792), (0, 630, 810), (0, 612, 918), (18, 666, 828), (0, 630, 882), (0, 630, 864), (36, 648, 846)]	(9483, 10486, 9302, 10263, 11625, 9870, 10793, 6291, 10952, 7151, 7649, 6535, 9781, 7559, 8571, 7514, 13889, 20095, 14672, 9053, 16383, 14287, 12344, 2087)
e	1940773	(571, 352)	[(-36, 630, 828), (-36, 630, 828), (-54, 630, 846), (-54, 612, 846), (-36, 612, 846), (-54, 612, 918), (-108, 630, 918), (36, 576, 828), (18, 540, 810), (0, 612, 882), (18, 594, 918), (18, 558, 882), (-36, 594, 900), (-36, 630, 864), (-54, 630, 864), (-36, 648, 864), (0, 612, 846), (54, 576, 882), (36, 594, 882), (0, 594, 864), (18, 576, 882), (36, 576, 828), (54, 576, 828), (18, 594, 864), (-18, 612, 810)]	(9470, 10485, 9294, 10251, 11616, 9869, 10533, 6242, 10465, 7116, 7384, 6450, 9286, 7800, 8345, 7478, 13812, 19975, 14473, 9039, 16159, 14206, 12299, 2073)
 	1941267	(831, 296)	[(36, 594, 882), (0, 594, 864), (18, 576, 882), (36, 576, 828), (54, 576, 828), (18, 594, 864), (-18, 612, 810), (18, 576, 936), (18, 630, 810), (18, 612, 792), (36, 630, 828), (18, 612, 846), (18, 594, 828), (36, 576, 810), (54, 540, 828), (18, 540, 846), (-36, 612, 810), (-180, 702, 882), (-36, 576, 882), (-90, 576, 864), (-54, 594, 846), (-108, 612, 900), (-108, 630, 900), (-72, 576, 990), (-72, 558, 1044)]	(9473, 10500, 9287, 10241, 11583, 9760, 10111, 6005, 10427, 7055, 6652, 6380, 8157, 7929, 8445, 7372, 14044, 20036, 14441, 9084, 16103, 14278, 12325, 2080)
n	1941727	(748, 157)	[(-36, 612, 810), (-180, 702, 882), (-36, 576, 882), (-90, 576, 864), (-54, 594, 846), (-108, 612, 900), (-108, 630, 900), (-72, 576, 990), (-72, 558, 1044), (-198, 720, 810), (-36, 702, 810), (-36, 684, 846), (36, 666, 774), (108, 630, 756), (144, 612, 810), (36, 666, 828), (-54, 684, 792), (18, 684, 810), (72, 648, 810), (72, 648, 828), (36, 792, 738), (36, 684, 756), (72, 666, 774), (72, 720, 720), (54, 702, 720)]	(9485, 10480, 9306, 10293, 11612, 9840, 10543, 6264, 10548, 7135, 7806, 6566, 9480, 7376, 8472, 7538, 13870, 20089, 14807, 9060, 16582, 14328, 12351, 2072)
o	1942175	(579, 98)	[(-54, 684, 792), (18, 684, 810), (72, 648, 810), (72, 648, 828), (36, 792, 738), (36, 684, 756), (72, 666, 774), (72, 720, 720), (54, 702, 720), (54, 702, 756), (-72, 702, 810), (-36, 666, 810), (-54, 648, 666), (-36, 684, 648), (0, 738, 702), (36, 702, 882), (72, 648, 936), (90, 648, 1044), (90, 612, 972), (90, 666, 738), (36, 702, 648), (18, 756, 648), (126, 612, 936), (162, 648, 936), (90, 702, 810)]	(9471, 10436, 9253, 10209, 11576, 9711, 10570, 6289, 9943, 7126, 8378, 6668, 5527, 7178, 8530, 7588, 14093, 20280, 15398, 9098, 16802, 14484, 12437, 2072)
t	1942740	(576, 274)	[(18, 756, 648), (126, 612, 936), (162, 648, 936), (90, 702, 810), (36, 720, 702), (36, 702, 792), (0, 630, 810), (0, 612, 810), (-18, 630, 936), (-54, 630, 954), (-90, 630, 864), (-54, 648, 828), (-36, 612, 828), (-36, 594, 846), (-36, 612, 864), (-18, 630, 900), (-54, 612, 864), (-36, 612, 864), (0, 630, 846), (54, 648, 846), (54, 558, 864), (36, 576, 864), (0, 594, 864), (-36, 630, 846), (36, 630, 864)]	(9454, 10450, 9290, 10202, 11612, 9827, 10424, 6248, 10140, 7141, 8128, 6520, 7612, 8053, 8292, 7696, 13730, 19982, 14584, 9084, 16341, 14293, 12303, 2065)
i	1943257	(568, 132)	[(54, 648, 846), (54, 558, 864), (36, 576, 864), (0, 594, 864), (-36, 630, 846), (36, 630, 864), (-36, 612, 900), (0, 612, 846), (36, 612, 828), (18, 630, 810), (-36, 630, 846), (-54, 648, 882), (-36, 630, 828), (-54, 648, 828), (0, 666, 792), (-36, 684, 882), (18, 666, 864), (18, 684, 756), (18, 738, 756), (108, 684, 684), (72, 702, 720), (72, 648, 846), (126, 666, 900), (126, 666, 828), (162, 666, 720)]	(9474, 10452, 9280, 10229, 11590, 9767, 10634, 6426, 9991, 7159, 8152, 6718, 5900, 8032, 8491, 7750, 14200, 20143, 15120, 9074, 16672, 14314, 12370, 2087)
n	1943820	(764, 170)	[(72, 648, 846), (126, 666, 900), (126, 666, 828), (162, 666, 720), (54, 594, 900), (18, 612, 918), (-72, 630, 810), (-36, 630, 810), (0, 630, 882), (-36, 666, 936), (0, 666, 882), (-36, 666, 828), (18, 666, 828), (18, 630, 810), (18, 666, 864), (18, 666, 846), (-36, 666, 810), (-36, 666, 828), (0, 666, 828), (0, 720, 684), (36, 612, 954), (126, 594, 846), (126, 612, 738), (54, 630, 738), (18, 648, 828)]	(9468, 10469, 9263, 10205, 11590, 9775, 10297, 6157, 10132, 7088, 7546, 6485, 8541, 7895, 8423, 7475, 13816, 20003, 14563, 9023, 16250, 14195, 12318, 2086)
g	1944216	(641, 267)	[(18, 630, 810), (18, 666, 864), (18, 666, 846), (-36, 666, 810), (-36, 666, 828), (0, 666, 828), (0, 720, 684), (36, 612, 954), (126, 594, 846), (126, 612, 738), (54, 630, 738), (18, 648, 828), (-72, 666, 918), (0, 612, 846), (36, 612, 882), (18, 594, 900), (-72, 630, 828), (-72, 648, 792), (36, 630, 918), (36, 630, 810), (90, 540, 954), (36, 576, 864), (0, 630, 792), (18, 630, 756), (90, 612, 918)]	(9466, 10466, 9280, 10224, 11608, 9806, 10343, 6225, 10094, 7091, 7420, 6444, 8297, 8170, 8209, 7511, 13790, 19953, 14518, 9060, 16255, 14255, 12305, 2083)
 	1944781	(840, 305)	[(36, 576, 864), (0, 630, 792), (18, 630, 756), (90, 612, 918), (-18, 612, 954), (36, 630, 810), (-18, 612, 792), (0, 594, 846), (18, 576, 900), (18, 594, 864), (-54, 612, 882), (-72, 630, 846), (-72, 594, 882), (-36, 558, 936), (18, 558, 954), (-90, 594, 864), (-126, 594, 774), (-144, 612, 846), (-144, 648, 936), (-162, 666, 882), (-180, 702, 720), (-90, 594, 900), (-72, 558, 900), (-90, 576, 900), (-108, 594, 918)]	(9478, 10500, 9291, 10275, 11591, 9762, 10231, 6053, 10624, 7090, 6602, 6417, 8215, 8202, 8350, 7377, 14066, 20028, 14495, 9107, 16197, 14362, 12335, 2076)
t	1945392	(578, 259)	[(-108, 594, 918), (-36, 576, 864), (-90, 594, 882), (-36, 594, 864), (0, 576, 864), (18, 576, 828), (0, 630, 846), (-36, 666, 918), (-90, 684, 954), (18, 648, 792), (126, 576, 828), (126, 558, 900), (90, 594, 828), (18, 648, 774), (-36, 684, 792), (18, 648, 810), (54, 612, 810), (54, 612, 810), (36, 648, 810), (-36, 684, 882), (36, 666, 756), (108, 612, 756), (90, 630, 828), (0, 684, 864), (-18, 666, 828)]	(9477, 10465, 9307, 10246, 11616, 9814, 10621, 6249, 10350, 7125, 7796, 6486, 8413, 7988, 8219, 7604, 13860, 19971, 14622, 9066, 16416, 14295, 12307, 2067)
i	1946043	(575, 125)	[(72, 648, 756), (126, 540, 864), (72, 576, 864), (0, 630, 864), (-18, 630, 900), (36, 612, 846), (36, 630, 846), (18, 630, 828), (0, 666, 864), (0, 666, 882), (0, 666, 846), (18, 648, 828), (36, 630, 810), (36, 666, 738), (0, 702, 756), (-18, 720, 774), (36, 648, 792), (72, 648, 846), (54, 666, 864), (18, 792, 684), (36, 738, 648), (108, 648, 900), (72, 684, 900), (36, 720, 792), (36, 702, 792)]	(9475, 10446, 9283, 10249, 11594, 9781, 10719, 6392, 10215, 7127, 8090, 6676, 5805, 7826, 8454, 7673, 14265, 20177, 15196, 9103, 16748, 14420, 12388, 2080)
m	1946455	(746, 130)	[(0, 702, 756), (-18, 720, 774), (36, 648, 792), (72, 648, 846), (54, 666, 864), (18, 792, 684), (36, 738, 648), (108, 648, 900), (72, 684, 900), (36, 720, 792), (36, 702, 792), (-108, 720, 828), (72, 594, 864), (-54, 684, 882), (18, 630, 792), (90, 648, 792), (54, 648, 810), (36, 684, 828), (18, 648, 828), (36, 648, 828), (36, 702, 846), (36, 720, 792), (36, 648, 828), (90, 684, 810), (36, 684, 828)]	(9470, 10458, 9256, 10216, 11581, 9742, 10350, 6183, 10363, 7102, 7348, 6503, 8517, 7647, 8419, 7427, 13852, 20032, 14723, 9018, 16463, 14254, 12341, 2071)
i	1946801	(581, 135)	[(-108, 720, 828), (72, 594, 864), (-54, 684, 882), (18, 630, 792), (90, 648, 792), (54, 648, 810), (36, 684, 828), (18, 648, 828), (36, 648, 828), (36, 702, 846), (36, 720, 792), (36, 648, 828), (90, 684, 810), (36, 684, 828), (0, 702, 774), (-18, 702, 774), (0, 702, 774), (-54, 738, 846), (18, 702, 846), (54, 702, 774), (90, 648, 810), (90, 684, 774), (72, 684, 828), (108, 684, 756), (90, 720, 738)]	(9472, 10442, 9280, 10236, 11595, 9773, 10527, 6405, 10130, 7164, 8173, 6687, 6012, 7969, 8494, 7916, 14266, 20196, 15195, 9103, 16772, 14405, 12389, 2099)
n	1947266	(745, 176)	[(-54, 738, 846), (18, 702, 846), (54, 702, 774), (90, 648, 810), (90, 684, 774), (72, 684, 828), (108, 684, 756), (90, 720, 738), (54, 720, 738), (18, 666, 864), (-72, 702, 828), (0, 666, 846), (18, 666, 918), (18, 666, 864), (54, 666, 828), (108, 630, 828), (90, 630, 774), (54, 630, 810), (54, 648, 864), (108, 612, 846), (54, 594, 792), (36, 630, 810), (18, 648, 846), (72, 630, 828), (54, 684, 828)]	(9470, 10474, 9273, 10224, 11587, 9739, 10381, 6135, 9966, 7105, 7189, 6483, 7716, 7849, 8427, 7438, 13963, 20056, 14591, 9052, 16292, 14303, 12357, 2080)
g	1947608	(670, 235)	[(0, 666, 846), (18, 666, 918), (18, 666, 864), (54, 666, 828), (108, 630, 828), (90, 630, 774), (54, 630, 810), (54, 648, 864), (108, 612, 846), (54, 594, 792), (36, 630, 810), (18, 648, 846), (72, 630, 828), (54, 684, 828), (0, 702, 810), (36, 630, 864), (36, 630, 810), (36, 612, 846), (54, 612, 882), (90, 630, 846), (126, 576, 810), (72, 558, 882), (54, 630, 900), (36, 612, 828), (36, 666, 846)]	(9467, 10462, 9281, 10219, 11595, 9801, 10371, 6146, 10017, 7089, 7360, 6444, 8060, 7973, 8172, 7522, 13885, 19986, 14545, 9067, 16325, 14325, 12326, 2080)
 	1947905	(826, 263)	[(54, 594, 792), (36, 630, 810), (18, 648, 846), (72, 630, 828), (54, 684, 828), (0, 702, 810), (36, 630, 864), (36, 630, 810), (36, 612, 846), (54, 612, 882), (90, 630, 846), (126, 576, 810), (72, 558, 882), (54, 630, 900), (36, 612, 828), (36, 666, 846), (72, 594, 810), (-108, 594, 990), (-180, 648, 846), (-144, 666, 792), (36, 648, 756), (-72, 594, 972), (-54, 576, 882), (-36, 594, 900), (36, 558, 828)]	(9478, 10492, 9293, 10272, 11602, 9796, 10324, 6166, 10590, 7128, 6880, 6541, 8122, 8377, 8551, 7477, 14176, 20105, 14598, 9123, 16371, 14436, 12361, 2085)
m	1948518	(755, 116)	[(-36, 594, 900), (36, 558, 828), (-72, 594, 882), (-36, 594, 864), (0, 594, 828), (36, 594, 828), (18, 594, 846), (0, 576, 900), (0, 576, 972), (0, 558, 1044), (0, 558, 936), (-108, 720, 738), (-126, 756, 756), (0, 648, 774), (90, 648, 882), (126, 630, 828), (180, 594, 936), (144, 594, 918), (0, 738, 684), (36, 702, 612), (72, 684, 810), (126, 648, 846), (-36, 774, 738), (-54, 738, 756), (-36, 720, 774)]	(9481, 10463, 9275, 10226, 11590, 9770, 10037, 6174, 9521, 7087, 8177, 6542, 7517, 7302, 8290, 7733, 13805, 20045, 14710, 9029, 16542, 14345, 12352, 2072)
a	1949082	(674, 459)	[(72, 684, 810), (126, 648, 846), (-36, 774, 738), (-54, 738, 756), (-36, 720, 774), (0, 648, 684), (-72, 540, 1026), (-108, 594, 1008), (-126, 630, 918), (-90, 630, 882), (-72, 612, 882), (18, 558, 864), (18, 612, 792), (-18, 594, 900), (-18, 522, 990), (-36, 504, 972), (-90, 504, 936), (-54, 504, 954), (-90, 540, 882), (-108, 540, 864), (18, 540, 846), (0, 522, 918), (18, 504, 900), (-54, 504, 864), (0, 486, 846)]	(9470, 10492, 9262, 10169, 11580, 9747, 10195, 6029, 10586, 7080, 6627, 6411, 9076, 8595, 8198, 7462, 13919, 19926, 14266, 9077, 15883, 14136, 12276, 2066)
y	1949594	(575, 197)	[(-108, 540, 864), (18, 540, 846), (0, 522, 918), (18, 504, 900), (-54, 504, 864), (0, 486, 846), (0, 540, 918), (-36, 522, 954), (0, 540, 936), (0, 576, 846), (54, 540, 882), (72, 504, 936), (90, 504, 990), (72, 540, 918), (36, 630, 774), (-54, 720, 684), (-54, 720, 702), (0, 630, 828), (36, 630, 864), (54, 630, 900), (54, 612, 864), (72, 576, 882), (126, 594, 918), (90, 612, 828), (90, 648, 792)]	(9467, 10460, 9288, 10240, 11600, 9831, 10389, 6326, 9785, 7133, 8049, 6630, 6295, 7862, 8546, 7664, 14160, 20120, 14813, 9080, 16532, 14313, 12360, 2084)
b	1950457	(741, 207)	[(-54, 648, 774), (-54, 612, 828), (-54, 630, 828), (-108, 630, 882), (-18, 594, 864), (18, 558, 918), (0, 576, 864), (18, 594, 810), (18, 612, 810), (-36, 666, 828), (-36, 648, 864), (-36, 630, 846), (18, 648, 846), (54, 612, 846), (36, 630, 828), (36, 594, 864), (18, 594, 900), (0, 630, 900), (-54, 630, 864), (-36, 648, 846), (0, 738, 792), (108, 612, 846), (36, 630, 882), (90, 630, 792), (144, 576, 738)]	(9466, 10450, 9270, 10184, 11602, 9813, 9650, 6151, 9824, 7088, 7992, 6420, 7318, 7409, 8166, 7684, 13902, 20023, 14561, 9059, 16332, 14311, 12337, 2080)
e	1951024	(578, 353)	[(36, 630, 882), (90, 630, 792), (144, 576, 738), (90, 558, 828), (-90, 630, 954), (-54, 594, 900), (-54, 558, 846), (-90, 576, 918), (-72, 576, 936), (-72, 576, 846), (-72, 576, 882), (-90, 558, 936), (-90, 576, 900), (-72, 576, 846), (-72, 576, 864), (-72, 558, 918), (-54, 558, 900), (-36, 594, 918), (-54, 594, 918), (0, 540, 954), (-36, 576, 774), (18, 594, 846), (36, 540, 936), (72, 522, 846), (36, 558, 864)]	(9464, 10458, 9292, 10215, 11591, 9830, 10101, 6264, 10302, 7128, 7535, 6466, 7352, 8305, 8289, 7632, 14117, 20024, 14528, 9108, 16270, 14318, 12316, 2077)
 	1951698	(825, 304)	[(0, 630, 846), (72, 576, 864), (90, 522, 846), (90, 468, 828), (72, 504, 882), (0, 486, 864), (-72, 540, 828), (-216, 594, 846), (-162, 612, 900), (-126, 594, 918), (-144, 576, 954), (-90, 558, 990), (-72, 576, 972), (-72, 594, 900), (-54, 594, 864), (-36, 558, 936), (-90, 558, 990), (-36, 558, 900), (-54, 558, 900), (-108, 630, 1026), (54, 594, 738), (-54, 540, 828), (18, 540, 882), (18, 504, 918), (-36, 594, 900)]	(9475, 10477, 9295, 10251, 11603, 9835, 10713, 6312, 11067, 7154, 6993, 6562, 9380, 8621, 8537, 7532, 14305, 20076, 14473, 9120, 16115, 14329, 12330, 2082)
t	1952516	(556, 290)	[(-72, 594, 936), (18, 558, 918), (0, 576, 828), (18, 630, 810), (-18, 576, 882), (18, 558, 900), (0, 576, 864), (0, 594, 846), (36, 630, 864), (0, 612, 918), (-36, 558, 864), (18, 612, 720), (0, 648, 774), (-72, 630, 918), (-90, 666, 900), (-18, 648, 864), (-54, 666, 828), (-54, 666, 810), (36, 630, 792), (-36, 702, 774), (36, 648, 846), (90, 540, 936), (18, 576, 828), (-108, 666, 864), (-126, 648, 810)]	(9474, 10470, 9291, 10230, 11606, 9841, 10796, 6473, 10873, 7191, 7996, 6708, 9250, 8647, 8393, 7705, 14048, 19955, 14517, 9017, 16112, 14081, 12274, 2093)
h	1952813	(685, 197)	[(-36, 558, 864), (18, 612, 720), (0, 648, 774), (-72, 630, 918), (-90, 666, 900), (-18, 648, 864), (-54, 666, 828), (-54, 666, 810), (36, 630, 792), (-36, 702, 774), (36, 648, 846), (90, 540, 936), (18, 576, 828), (-108, 666, 864), (-126, 648, 810), (54, 666, 846), (0, 612, 882), (36, 648, 810), (18, 630, 846), (36, 612, 756), (54, 648, 720), (18, 594, 900), (36, 630, 864), (18, 630, 846), (36, 648, 810)]	(9479, 10467, 9281, 10241, 11610, 9856, 10791, 6498, 10954, 7185, 7970, 6668, 9508, 8581, 8474, 7771, 14207, 20034, 14620, 9048, 16263, 14215, 12312, 2086)
e	1953275	(584, 345)	[(0, 612, 882), (36, 648, 810), (18, 630, 846), (36, 612, 756), (54, 648, 720), (18, 594, 900), (36, 630, 864), (18, 630, 846), (36, 648, 810), (-72, 648, 900), (-90, 630, 900), (-72, 612, 864), (-54, 594, 792), (-54, 594, 828), (0, 594, 882), (-54, 612, 918), (-54, 612, 900), (-54, 594, 882), (18, 576, 900), (18, 576, 846), (-18, 630, 774), (36, 558, 918), (36, 558, 756), (18, 594, 864), (-18, 612, 936)]	(9467, 10451, 9284, 10185, 11594, 9812, 10175, 6215, 10499, 7086, 7559, 6499, 8698, 8381, 8163, 7633, 14009, 19947, 14429, 9056, 16094, 14181, 12282, 2084)
y	1953720	(587, 209)	[(-54, 612, 900), (-54, 594, 882), (18, 576, 900), (18, 576, 846), (-18, 630, 774), (36, 558, 918), (36, 558, 756), (18, 594, 864), (-18, 612, 936), (18, 594, 900), (-36, 612, 864), (-36, 612, 864), (-54, 594, 918), (-36, 612, 918), (18, 630, 864), (36, 648, 774), (-36, 666, 864), (54, 648, 828), (36, 630, 846), (18, 684, 666), (72, 702, 720), (108, 576, 882), (72, 630, 936), (18, 684, 756), (72, 648, 756)]	(9467, 10440, 9265, 10188, 11600, 9809, 10090, 6316, 10365, 7152, 8303, 6582, 7526, 8242, 8272, 7895, 13991, 19978, 14615, 9045, 16379, 14193, 12295, 2089)
 	1954233	(824, 285)	[(18, 684, 666), (72, 702, 720), (108, 576, 882), (72, 630, 936), (18, 684, 756), (72, 648, 756), (0, 666, 882), (-18, 630, 792), (0, 612, 792), (0, 540, 846), (-54, 522, 954), (-72, 558, 954), (-90, 612, 936), (-90, 594, 936), (-54, 576, 846), (36, 558, 774), (-36, 594, 918), (-72, 594, 918), (36, 648, 702), (18, 540, 900), (18, 540, 900), (0, 540, 882), (-72, 576, 918), (-72, 594, 972)]	(9460, 10452, 9265, 10175, 11571, 9769, 9923, 6084, 10409, 7080, 6930, 6451, 8711, 8329, 8273, 7460, 14082, 19976, 14388, 9061, 16026, 14216, 12293, 2081)
a	1954898	(674, 471)	[(18, 558, 882), (-36, 540, 900), (0, 522, 828), (0, 540, 882), (-54, 558, 972), (0, 576, 936), (-72, 576, 864), (-72, 558, 882), (-54, 558, 846), (-36, 558, 882), (-72, 576, 936), (-90, 576, 864), (-126, 576, 846), (-54, 540, 846), (0, 522, 936), (-54, 540, 972), (-126, 558, 882), (-72, 576, 864), (-54, 558, 846), (-72, 558, 810), (0, 540, 882), (-36, 540, 936), (-36, 540, 918), (-54, 486, 900), (-36, 522, 828)]	(9444, 10435, 9253, 10090, 11560, 9723, 9856, 6143, 10382, 7078, 7008, 6522, 7996, 9166, 8135, 7699, 13932, 19931, 14269, 9098, 15815, 14059, 12248, 2081)
r	1955397	(608, 325)	[(-54, 558, 846), (-72, 558, 810), (0, 540, 882), (-36, 540, 936), (-36, 540, 918), (-54, 486, 900), (-36, 522, 828), (-126, 612, 918), (-54, 576, 882), (-36, 540, 882), (-18, 504, 882), (-36, 540, 882), (-90, 630, 900), (-90, 630, 882), (-72, 558, 864), (-36, 576, 810), (-36, 612, 846), (-54, 630, 900), (-36, 612, 900), (-54, 576, 864), (-54, 630, 792), (18, 630, 810), (18, 558, 918), (-36, 576, 900), (-54, 612, 882)]	(9469, 10441, 9280, 10198, 11596, 9845, 9925, 6338, 10758, 7132, 8218, 6609, 8555, 8440, 8417, 7765, 14157, 19992, 14447, 9057, 16046, 14154, 12288, 2085)
e	1955710	(571, 364)	[(-36, 540, 882), (-18, 504, 882), (-36, 540, 882), (-90, 630, 900), (-90, 630, 882), (-72, 558, 864), (-36, 576, 810), (-36, 612, 846), (-54, 630, 900), (-36, 612, 900), (-54, 576, 864), (-54, 630, 792), (18, 630, 810), (18, 558, 918), (-36, 576, 900), (-54, 612, 882), (-36, 612, 882), (0, 594, 900), (36, 558, 774), (54, 558, 846), (0, 558, 918), (-54, 594, 882), (18, 576, 882), (-36, 594, 864), (-54, 612, 882)]	(9458, 10439, 9269, 10166, 11598, 9827, 9678, 6255, 10431, 7101, 8031, 6519, 8230, 8375, 8241, 7726, 14106, 19971, 14414, 9066, 16068, 14162, 12290, 2088)
 	1956107	(824, 306)	[(18, 558, 918), (-36, 576, 900), (-54, 612, 882), (-36, 612, 882), (0, 594, 900), (36, 558, 774), (54, 558, 846), (0, 558, 918), (-54, 594, 882), (18, 576, 882), (-36, 594, 864), (-54, 612, 882), (54, 576, 900), (0, 558, 900), (0, 594, 900), (18, 576, 864), (18, 504, 882), (-54, 540, 954), (-90, 648, 792), (18, 576, 792), (-36, 540, 846), (0, 540, 882), (-36, 540, 936), (-90, 558, 990), (-72, 576, 954)]	(9469, 10451, 9278, 10197, 11593, 9825, 10047, 6116, 10748, 7093, 7151, 6435, 8167, 8291, 8125, 7543, 14212, 20013, 14392, 9121, 16064, 14312, 12316, 2075)
t	1956455	(547, 267)	[(54, 576, 900), (0, 558, 900), (0, 594, 900), (18, 576, 864), (18, 504, 882), (-54, 540, 954), (-90, 648, 792), (18, 576, 792), (-36, 540, 846), (0, 540, 882), (-36, 540, 936), (-90, 558, 990), (-72, 576, 954), (18, 540, 936), (-126, 720, 792), (36, 630, 900), (18, 630, 882), (0, 630, 900), (0, 648, 882), (72, 612, 882), (126, 630, 720), (54, 666, 882), (18, 648, 846), (18, 648, 864), (54, 702, 792)]	(9476, 10450, 9289, 10219, 11614, 9901, 10413, 6495, 10866, 7182, 8571, 6722, 8801, 8414, 8544, 8098, 14189, 20036, 14682, 9055, 16338, 14147, 12296, 2092)
a	1956871	(659, 456)	[(-126, 720, 792), (36, 630, 900), (18, 630, 882), (0, 630, 900), (0, 648, 882), (72, 612, 882), (126, 630, 720), (54, 666, 882), (18, 648, 846), (18, 648, 864), (54, 702, 792), (144, 540, 900), (-90, 486, 954), (-90, 540, 1008), (-72, 576, 990), (-54, 540, 900), (-36, 504, 918), (-90, 540, 972), (-126, 558, 972), (-36, 540, 828), (0, 522, 702), (18, 576, 882), (-72, 540, 918), (-54, 522, 900), (-90, 522, 954)]	(9466, 10410, 9241, 10096, 11557, 9771, 8996, 6209, 11036, 7104, 8560, 6704, 9206, 7756, 7764, 7755, 13815, 19935, 14282, 9142, 15923, 14219, 12281, 2081)
p	1957785	(598, 43)	[(0, 702, 990), (108, 540, 882), (72, 630, 828), (-36, 666, 900), (0, 684, 864), (0, 684, 774), (-36, 738, 792), (-54, 702, 864), (-18, 702, 864), (0, 738, 666), (36, 702, 756), (90, 702, 990), (36, 738, 972), (-54, 738, 738), (0, 738, 540), (72, 756, 630), (144, 720, 810), (90, 756, 828), (-54, 828, 648), (0, 846, 486), (54, 846, 612), (18, 792, 810), (126, 774, 684), (162, 792, 684), (0, 864, 630)]	(9459, 10393, 9209, 10155, 11575, 9666, 9882, 6289, 10353, 7077, 7103, 6764, 5602, 7104, 7870, 7178, 13972, 20195, 15721, 9089, 16842, 14568, 12451, 2083)
p	1958033	(596, 50)	[(-54, 702, 864), (-18, 702, 864), (0, 738, 666), (36, 702, 756), (90, 702, 990), (36, 738, 972), (-54, 738, 738), (0, 738, 540), (72, 756, 630), (144, 720, 810), (90, 756, 828), (-54, 828, 648), (0, 846, 486), (54, 846, 612), (18, 792, 810), (126, 774, 684), (162, 792, 684), (0, 864, 630), (-36, 846, 540), (-54, 846, 774), (126, 828, 522), (-72, 864, 684), (-36, 828, 666), (36, 828, 630), (36, 864, 522)]	(9465, 10384, 9210, 10136, 11555, 9619, 9475, 6381, 10454, 7088, 6930, 6789, 5897, 7381, 7884, 7203, 14090, 20200, 15768, 9095, 16825, 14566, 12436, 2086)
e	1958699	(590, 351)	[(-36, 828, 828), (180, 648, 684), (126, 684, 738), (-162, 774, 864), (-198, 756, 900), (-144, 666, 864), (-90, 612, 828), (-72, 630, 846), (-126, 576, 918), (-108, 612, 954), (-108, 612, 936), (-54, 612, 864), (-54, 612, 846), (-36, 594, 882), (-36, 558, 936), (18, 576, 864), (-36, 576, 828), (-18, 612, 864), (0, 612, 900), (-36, 612, 792), (36, 576, 828), (36, 540, 882), (54, 540, 900), (-36, 612, 954), (-72, 576, 900)]	(9463, 10406, 9250, 10114, 11578, 9775, 9144, 6252, 10505, 7091, 8803, 6555, 7482, 7594, 7641, 8136, 13549, 19903, 14447, 9089, 16155, 14238, 12274, 2075)
d	1959013	(673, 351)	[(-108, 612, 936), (-54, 612, 864), (-54, 612, 846), (-36, 594, 882), (-36, 558, 936), (18, 576, 864), (-36, 576, 828), (-18, 612, 864), (0, 612, 900), (-36, 612, 792), (36, 576, 828), (36, 540, 882), (54, 540, 900), (-36, 612, 954), (-72, 576, 900), (18, 594, 846), (0, 540, 936), (-108, 576, 936), (-126, 576, 918), (-36, 576, 756), (18, 558, 738), (-72, 558, 900), (-126, 576, 918), (-90, 594, 846), (-108, 576, 864)]	(9467, 10406, 9265, 10123, 11571, 9796, 9370, 6199, 10705, 7115, 8445, 6581, 8121, 6870, 7525, 7888, 13173, 19985, 14474, 9187, 16261, 14408, 12310, 2066)
 	1959460	(846, 285)	[(18, 594, 846), (0, 540, 936), (-108, 576, 936), (-126, 576, 918), (-36, 576, 756), (18, 558, 738), (-72, 558, 900), (-126, 576, 918), (-90, 594, 846), (-108, 576, 864), (-36, 558, 972), (-36, 576, 900), (-36, 576, 882), (-72, 558, 918), (-36, 540, 882), (54, 522, 810), (18, 558, 846), (0, 576, 954), (-18, 594, 882), (108, 576, 792), (36, 540, 846), (72, 522, 864), (72, 540, 846), (-54, 594, 882), (-90, 612, 972)]	(9457, 10415, 9261, 10132, 11580, 9811, 9457, 6216, 10229, 7102, 8147, 6520, 8056, 7408, 7676, 7661, 13895, 19936, 14445, 9099, 16130, 14285, 12304, 2060)
o	1960325	(592, 89)	[(36, 558, 864), (-18, 594, 864), (-36, 648, 810), (-72, 720, 810), (36, 612, 792), (72, 630, 666), (18, 720, 810), (54, 630, 972), (72, 612, 846), (-54, 684, 846), (-72, 684, 882), (36, 684, 882), (36, 720, 846), (-54, 702, 846), (0, 720, 738), (18, 738, 756), (36, 702, 792), (18, 684, 810), (0, 684, 828), (18, 702, 810), (18, 774, 648), (54, 684, 792), (90, 738, 774), (-18, 792, 756), (36, 738, 594)]	(9475, 10424, 9257, 10229, 11575, 9782, 10272, 6356, 8903, 7091, 8569, 6757, 5340, 7675, 8392, 7860, 14298, 20192, 15397, 9100, 16755, 14355, 12379, 2087)
u	1960840	(598, 180)	[(18, 702, 810), (18, 774, 648), (54, 684, 792), (90, 738, 774), (-18, 792, 756), (36, 738, 594), (-126, 720, 864), (36, 666, 846), (-90, 684, 828), (-126, 702, 864), (-36, 666, 792), (-72, 684, 810), (-90, 684, 846), (-72, 666, 828), (-72, 684, 774), (-72, 684, 774), (-90, 702, 792), (-72, 684, 864), (-72, 774, 666), (18, 630, 792), (72, 648, 828), (-36, 684, 846), (-36, 702, 810), (18, 666, 792), (0, 648, 828)]	(9477, 10424, 9280, 10209, 11597, 9856, 9914, 6390, 10083, 7165, 8751, 6685, 6490, 8391, 8190, 8096, 14025, 20006, 14810, 9084, 16506, 14263, 12316, 2063)
t	1961356	(577, 281)	[(-72, 774, 666), (18, 630, 792), (72, 648, 828), (-36, 684, 846), (-36, 702, 810), (18, 666, 792), (0, 648, 828), (-126, 738, 792), (-72, 630, 864), (-126, 666, 810), (-108, 684, 828), (-54, 648, 846), (0, 612, 864), (-54, 630, 900), (-108, 666, 810), (-90, 702, 810), (-36, 648, 864), (-36, 630, 864), (-72, 648, 882), (-54, 666, 810), (0, 648, 846), (-36, 648, 864), (-54, 666, 864), (-54, 666, 810), (-36, 648, 774)]	(9469, 10434, 9274, 10192, 11598, 9846, 10169, 6344, 10600, 7158, 8494, 6662, 7851, 8867, 8102, 8005, 13957, 19947, 14577, 9075, 16238, 14187, 12282, 2075)
 	1961854	(821, 316)	[(-72, 648, 882), (-54, 666, 810), (0, 648, 846), (-36, 648, 864), (-54, 666, 864), (-54, 666, 810), (-36, 648, 774), (-54, 666, 882), (54, 648, 810), (54, 648, 828), (72, 612, 756), (54, 558, 774), (72, 468, 864), (36, 414, 990), (-72, 468, 1026), (-144, 594, 882), (-144, 612, 900), (-72, 612, 882), (-72, 576, 918), (-72, 558, 918), (-144, 648, 828), (18, 522, 900), (0, 504, 990), (0, 522, 918), (-54, 540, 900)]	(9476, 10437, 9269, 10191, 11593, 9840, 10381, 6295, 11123, 7126, 7485, 6571, 9152, 8911, 8080, 7666, 14251, 19999, 14387, 9133, 16042, 14273, 12301, 2076)
f	1962517	(686, 294)	[(-72, 540, 918), (-18, 558, 882), (-36, 558, 846), (-90, 558, 918), (-72, 558, 954), (-36, 540, 1008), (-36, 540, 918), (-36, 594, 810), (-54, 630, 882), (36, 540, 864), (54, 540, 846), (36, 576, 864), (0, 612, 882), (-36, 612, 846), (-18, 612, 828), (18, 594, 846), (36, 558, 846), (36, 576, 918), (-36, 684, 774), (18, 558, 900), (54, 540, 864), (72, 558, 900), (54, 612, 864), (54, 594, 846), (36, 576, 810)]	(9455, 10414, 9228, 10136, 11567, 9777, 10162, 6325, 10382, 7115, 8355, 6675, 8875, 8763, 8042, 7845, 13870, 19882, 14280, 9000, 15880, 14035, 12255, 2072)
o	1963083	(584, 104)	[(54, 612, 864), (54, 594, 846), (36, 576, 810), (18, 630, 864), (-36, 630, 882), (-72, 666, 792), (-54, 702, 774), (-54, 720, 828), (-36, 720, 828), (0, 702, 774), (0, 702, 720), (36, 738, 738), (54, 738, 684), (54, 792, 720), (72, 738, 720), (54, 738, 648), (72, 774, 684), (90, 738, 756), (36, 756, 738), (-36, 792, 774), (36, 846, 558), (90, 828, 612), (108, 738, 810), (108, 792, 756), (36, 810, 720)]	(9468, 10404, 9225, 10146, 11558, 9668, 10295, 6365, 10339, 7139, 7779, 6696, 6252, 8385, 7980, 7426, 14217, 20037, 15110, 9040, 16485, 14296, 12347, 2087)
r	1963645	(594, 313)	[(90, 828, 612), (108, 738, 810), (108, 792, 756), (36, 810, 720), (-36, 846, 702), (-108, 828, 774), (54, 612, 882), (-36, 666, 936), (-90, 720, 864), (-108, 702, 864), (-108, 702, 774), (-36, 702, 738), (-54, 738, 738), (-54, 702, 792), (-54, 684, 846), (18, 666, 792), (-36, 666, 810), (-36, 666, 882), (18, 630, 918), (108, 630, 702), (54, 630, 756), (-54, 630, 864), (54, 630, 1026), (72, 594, 954), (126, 594, 702)]	(9454, 10405, 9243, 10115, 11582, 9763, 10330, 6309, 10594, 7141, 8389, 6636, 9555, 9122, 7903, 7797, 13497, 19814, 14268, 8976, 15813, 13964, 12230, 2079)
 	1964102	(812, 306)	[(-36, 666, 882), (18, 630, 918), (108, 630, 702), (54, 630, 756), (-54, 630, 864), (54, 630, 1026), (72, 594, 954), (126, 594, 702), (18, 684, 702), (-54, 684, 846), (36, 666, 792), (54, 594, 828), (72, 558, 774), (72, 576, 828), (-36, 576, 864), (-36, 612, 972), (-36, 630, 900), (0, 630, 864), (18, 612, 882), (-126, 648, 900), (54, 594, 882), (-54, 594, 864), (18, 576, 882), (0, 576, 918), (54, 540, 810)]	(9479, 10451, 9275, 10187, 11591, 9795, 10573, 6243, 11047, 7130, 7193, 6533, 9901, 9225, 8030, 7596, 14120, 19943, 14349, 9062, 15940, 14200, 12286, 2081)
c	1964564	(745, 309)	[(-36, 630, 900), (0, 630, 864), (18, 612, 882), (-126, 648, 900), (54, 594, 882), (-54, 594, 864), (18, 576, 882), (0, 576, 918), (54, 540, 810), (-54, 594, 846), (18, 594, 864), (36, 558, 846), (18, 558, 882), (54, 558, 864), (36, 576, 864), (-36, 612, 882), (0, 576, 918), (54, 558, 936), (54, 540, 900), (18, 612, 792), (54, 594, 864), (-54, 558, 936), (0, 576, 792), (0, 594, 774), (-36, 612, 936)]	(9474, 10438, 9275, 10185, 11600, 9823, 10451, 6274, 10860, 7130, 7450, 6518, 9515, 8986, 7848, 7619, 13925, 19881, 14294, 9038, 15910, 14168, 12270, 2076)
a	1965183	(668, 468)	[(0, 594, 774), (-36, 612, 936), (36, 558, 882), (-36, 612, 936), (-54, 612, 774), (-36, 612, 882), (-54, 576, 900), (-72, 576, 846), (-72, 612, 810), (0, 558, 864), (0, 540, 972), (-36, 540, 918), (-72, 558, 900), (-54, 576, 918), (-18, 522, 900), (-36, 558, 864), (18, 558, 954), (-36, 558, 900), (54, 576, 684), (0, 540, 828), (-36, 576, 918), (-36, 576, 882), (-72, 558, 846), (-54, 594, 846), (-108, 630, 972)]	(9466, 10417, 9221, 10034, 11568, 9754, 10077, 6160, 10552, 7072, 7106, 6500, 9666, 9295, 7817, 7688, 13705, 19829, 14185, 9031, 15713, 13960, 12220, 2072)
s	1965584	(675, 387)	[(-54, 576, 918), (-18, 522, 900), (-36, 558, 864), (18, 558, 954), (-36, 558, 900), (54, 576, 684), (0, 540, 828), (-36, 576, 918), (-36, 576, 882), (-72, 558, 846), (-54, 594, 846), (-108, 630, 972), (18, 576, 918), (72, 540, 864), (36, 558, 846), (18, 576, 828), (36, 540, 882), (18, 576, 900), (0, 594, 900), (0, 594, 882), (18, 576, 864), (18, 576, 900), (18, 612, 846), (0, 576, 900), (36, 576, 846)]	(9471, 10437, 9255, 10120, 11594, 9814, 10318, 6327, 11040, 7140, 7385, 6569, 9892, 9373, 8026, 7740, 14100, 19914, 14305, 9064, 15882, 14092, 12261, 2086)
h	1966201	(685, 185)	[(36, 576, 846), (18, 576, 864), (18, 558, 900), (36, 594, 864), (72, 576, 864), (54, 576, 918), (-18, 612, 810), (36, 612, 846), (-36, 648, 882), (18, 612, 846), (36, 648, 810), (18, 684, 864), (18, 648, 846), (0, 648, 810), (18, 738, 774), (36, 702, 774), (54, 666, 864), (54, 666, 828), (36, 702, 792), (54, 738, 774), (108, 702, 828), (36, 684, 900), (54, 684, 846), (108, 702, 684), (90, 684, 630)]	(9472, 10418, 9242, 10128, 11580, 9794, 9924, 6259, 10635, 7130, 8464, 6577, 9308, 8373, 7946, 7877, 13682, 19823, 14434, 8963, 16081, 14019, 12233, 2075)
