Please hold the phone in your left hand and type with your left thumb
i	2144275	(572, 139)	[(-162, 468, 1062), (-162, 522, 900), (-216, 558, 846), (-216, 522, 1098), (-36, 414, 1080), (72, 432, 972), (-126, 486, 1062), (-72, 522, 936), (-126, 630, 864), (-126, 594, 828), (-90, 612, 810), (-36, 612, 810), (36, 576, 684), (36, 576, 630), (0, 702, 792), (54, 648, 864), (36, 630, 810), (-36, 630, 864), (-54, 648, 864), (-36, 720, 702), (18, 594, 882), (54, 576, 972), (36, 612, 990), (36, 702, 558), (18, 684, 612)]	(9456, 10610, 9260, 10305, 11586, 9825, 9021, 6145, 7357, 7077, 8532, 7233, 4866, 6323, 9400, 7456, 13482, 20959, 14866, 9220, 17285, 14882, 12699, 2099)
 	2144714	(821, 270)	[(54, 648, 864), (36, 630, 810), (-36, 630, 864), (-54, 648, 864), (-36, 720, 702), (18, 594, 882), (54, 576, 972), (36, 612, 990), (36, 702, 558), (18, 684, 612), (-216, 486, 990), (-162, 522, 1242), (-144, 540, 1062), (-90, 540, 864), (-36, 522, 792), (-36, 522, 900), (-36, 522, 936), (-54, 504, 990), (18, 468, 972), (-72, 558, 774), (0, 486, 972), (72, 432, 1008), (54, 432, 936), (-72, 540, 864), (54, 468, 846)]	(9450, 10593, 9265, 10205, 11613, 10002, 8625, 6062, 9687, 7058, 7512, 6462, 5479, 6330, 9555, 7370, 13318, 20832, 14745, 9244, 17298, 14911, 12638, 2107)
h	2145028	(666, 194)	[(18, 684, 612), (-216, 486, 990), (-162, 522, 1242), (-144, 540, 1062), (-90, 540, 864), (-36, 522, 792), (-36, 522, 900), (-36, 522, 936), (-54, 504, 990), (18, 468, 972), (-72, 558, 774), (0, 486, 972), (72, 432, 1008), (54, 432, 936), (-72, 540, 864), (54, 468, 846), (-126, 522, 936), (-54, 504, 1026), (18, 468, 900), (36, 450, 918), (-54, 522, 900), (36, 540, 936), (108, 450, 954), (-54, 522, 972), (-72, 576, 882)]	(9471, 10581, 9280, 10224, 11645, 10149, 8751, 6239, 9881, 7116, 8675, 6637, 5371, 6294, 9286, 8116, 13280, 21081, 14793, 9210, 17226, 14902, 12747, 2101)
a	2145622	(651, 455)	[(108, 450, 954), (-54, 522, 972), (-72, 576, 882), (18, 486, 990), (-90, 486, 1008), (-126, 558, 918), (-54, 540, 828), (-36, 522, 864), (-72, 486, 1026), (-18, 450, 1026), (-18, 486, 864), (-18, 432, 972), (-36, 468, 1026), (-180, 540, 846), (-180, 576, 828), (-54, 540, 864), (-72, 522, 936), (-72, 522, 936), (-90, 540, 954), (-90, 576, 936), (-108, 522, 774), (72, 432, 954), (18, 450, 954), (-36, 540, 864), (-90, 504, 792)]	(9458, 10651, 9275, 10261, 11591, 9904, 8428, 5874, 9546, 7092, 7060, 6381, 5645, 6497, 9713, 7296, 14096, 20625, 14556, 9248, 16682, 14768, 12594, 2095)
v	2146082	(754, 261)	[(-72, 522, 936), (-72, 522, 936), (-90, 540, 954), (-90, 576, 936), (-108, 522, 774), (72, 432, 954), (18, 450, 954), (-36, 540, 864), (-90, 504, 792), (36, 468, 882), (-36, 522, 918), (-36, 522, 900), (-54, 504, 882), (18, 576, 882), (-36, 594, 756), (-108, 648, 648), (-126, 630, 810), (-90, 630, 972), (-72, 612, 900), (-54, 594, 900), (-54, 594, 882), (-90, 666, 774), (-72, 630, 864), (-54, 558, 972), (-90, 612, 900)]	(9478, 10639, 9322, 10318, 11662, 10196, 8977, 6265, 10118, 7140, 8013, 6551, 6123, 6406, 9781, 7667, 13785, 20960, 14789, 9222, 17217, 14915, 12683, 2105)
e	2146522	(546, 376)	[(-108, 648, 648), (-126, 630, 810), (-90, 630, 972), (-72, 612, 900), (-54, 594, 900), (-54, 594, 882), (-90, 666, 774), (-72, 630, 864), (-54, 558, 972), (-90, 612, 900), (-90, 648, 774), (-180, 630, 918), (-162, 630, 1008), (-90, 594, 918), (-36, 576, 810), (-36, 558, 774), (-72, 558, 810), (-108, 576, 918), (-108, 594, 936), (-54, 558, 828), (18, 630, 810), (-54, 540, 972), (-36, 594, 774), (-90, 558, 792), (-90, 594, 918)]	(9445, 10618, 9312, 10256, 11634, 10079, 8470, 6123, 9451, 7073, 7458, 6390, 5766, 6451, 9649, 7464, 13865, 20679, 14662, 9205, 16963, 14742, 12588, 2087)
 	2146882	(816, 348)	[(-180, 630, 918), (-162, 630, 1008), (-90, 594, 918), (-36, 576, 810), (-36, 558, 774), (-72, 558, 810), (-108, 576, 918), (-108, 594, 936), (-54, 558, 828), (18, 630, 810), (-54, 540, 972), (-36, 594, 774), (-90, 558, 792), (-90, 594, 918), (-72, 540, 900), (-18, 594, 792), (18, 522, 792), (0, 558, 792), (-54, 558, 900), (-108, 648, 810), (-36, 540, 846), (-72, 558, 900), (-36, 576, 900), (-72, 594, 900), (-54, 540, 792)]	(9470, 10671, 9304, 10305, 11607, 9989, 8600, 5987, 9864, 7166, 7239, 6429, 5712, 6536, 10168, 7365, 14029, 20824, 14636, 9238, 16916, 14850, 12653, 2110)
a	2147278	(638, 460)	[(-90, 594, 918), (-72, 540, 900), (-18, 594, 792), (18, 522, 792), (0, 558, 792), (-54, 558, 900), (-108, 648, 810), (-36, 540, 846), (-72, 558, 900), (-36, 576, 900), (-72, 594, 900), (-54, 540, 792), (0, 558, 900), (0, 486, 918), (-18, 504, 846), (-54, 522, 882), (-72, 504, 900), (-72, 522, 864), (-54, 504, 990), (-54, 504, 1008), (-36, 504, 738), (18, 504, 846), (-54, 522, 900), (-126, 594, 936), (-162, 558, 918)]	(9462, 10617, 9280, 10233, 11584, 9971, 7969, 5823, 9211, 6992, 6984, 6224, 5365, 6364, 8817, 7290, 14065, 20525, 14562, 9284, 16790, 14841, 12626, 2091)
 	2147691	(814, 288)	[(0, 486, 918), (-18, 504, 846), (-54, 522, 882), (-72, 504, 900), (-72, 522, 864), (-54, 504, 990), (-54, 504, 1008), (-36, 504, 738), (18, 504, 846), (-54, 522, 900), (-126, 594, 936), (-162, 558, 918), (-72, 558, 846), (-126, 558, 954), (-90, 594, 864), (-36, 558, 864), (36, 558, 846), (36, 522, 936), (72, 486, 846), (-90, 666, 882), (54, 612, 828), (108, 486, 972), (126, 504, 1008), (18, 522, 1062), (72, 594, 846)]	(9458, 10551, 9287, 10227, 11636, 10147, 8420, 6167, 9689, 7086, 8533, 6538, 5557, 6319, 9301, 7861, 13523, 20854, 14651, 9175, 17058, 14800, 12659, 2096)
m	2148032	(752, 105)	[(-72, 558, 846), (-126, 558, 954), (-90, 594, 864), (-36, 558, 864), (36, 558, 846), (36, 522, 936), (72, 486, 846), (-90, 666, 882), (54, 612, 828), (108, 486, 972), (126, 504, 1008), (18, 522, 1062), (72, 594, 846), (-54, 702, 774), (-180, 756, 864), (-36, 738, 738), (90, 702, 630), (198, 684, 648), (162, 666, 792), (36, 738, 846), (-36, 828, 702), (54, 738, 648), (72, 738, 648), (72, 738, 540), (-72, 846, 486)]	(9478, 10494, 9265, 10288, 11587, 10182, 7883, 6364, 9360, 7135, 9623, 7118, 5398, 6323, 9069, 8350, 13380, 21120, 14922, 9227, 17428, 15007, 12766, 2108)
e	2148641	(587, 363)	[(72, 738, 540), (-72, 846, 486), (-126, 666, 756), (-108, 666, 1008), (-90, 666, 1008), (-90, 684, 900), (-90, 648, 918), (-54, 558, 900), (18, 522, 864), (-72, 594, 792), (-36, 594, 774), (-36, 576, 792), (-108, 576, 882), (-90, 594, 918), (-90, 594, 918), (-36, 576, 936), (0, 558, 900), (-36, 558, 882), (-72, 558, 918), (-54, 576, 846), (-36, 594, 882), (-72, 576, 864), (-36, 594, 900), (-90, 576, 828), (-54, 612, 774)]	(9464, 10582, 9342, 10300, 11659, 11043, 7265, 5973, 9612, 7096, 7041, 6335, 5519, 6462, 9465, 7456, 14035, 20600, 14611, 9225, 16703, 14817, 12642, 2096)
e	2148883	(605, 341)	[(-90, 648, 918), (-54, 558, 900), (18, 522, 864), (-72, 594, 792), (-36, 594, 774), (-36, 576, 792), (-108, 576, 882), (-90, 594, 918), (-90, 594, 918), (-36, 576, 936), (0, 558, 900), (-36, 558, 882), (-72, 558, 918), (-54, 576, 846), (-36, 594, 882), (-72, 576, 864), (-36, 594, 900), (-90, 576, 828), (-54, 612, 774), (-72, 612, 846), (-36, 612, 774), (36, 522, 918), (36, 522, 882), (0, 558, 864), (-72, 594, 882)]	(9460, 10558, 9340, 10278, 11655, 11033, 7096, 5964, 9261, 7097, 7040, 6288, 5488, 6498, 9275, 7493, 14007, 20466, 14608, 9226, 16795, 14798, 12604, 2089)
t	2149642	(595, 252)	[(-144, 684, 684), (-144, 720, 648), (-108, 720, 738), (-108, 666, 774), (-72, 648, 810), (-72, 648, 918), (-72, 648, 900), (-72, 648, 792), (-72, 648, 738), (-18, 648, 828), (-36, 612, 954), (0, 594, 882), (-36, 612, 864), (-54, 630, 828), (-72, 630, 810), (-54, 630, 810), (-108, 630, 792), (-126, 630, 828), (-108, 630, 846), (-90, 612, 954), (-54, 648, 846), (0, 558, 972), (18, 558, 990), (0, 594, 972), (-36, 630, 864)]	(9468, 10641, 9305, 10323, 11626, 9963, 9660, 6275, 8510, 7171, 8709, 6879, 5397, 6527, 9935, 7821, 13729, 20768, 14650, 9127, 16830, 14671, 12625, 2091)
i	2150152	(582, 133)	[(-108, 630, 846), (-90, 612, 954), (-54, 648, 846), (0, 558, 972), (18, 558, 990), (0, 594, 972), (-36, 630, 864), (18, 630, 810), (-54, 594, 792), (0, 630, 792), (-36, 666, 864), (-36, 666, 864), (-36, 612, 864), (36, 594, 828), (-36, 594, 792), (-126, 720, 828), (-18, 666, 918), (54, 594, 936), (36, 630, 882), (-18, 702, 684), (-90, 684, 630), (18, 576, 846), (72, 576, 1044), (126, 594, 810), (126, 630, 666)]	(9470, 10594, 9256, 10276, 11597, 9803, 9283, 6191, 6950, 7117, 8674, 6995, 4875, 6369, 9560, 7676, 13340, 21024, 14760, 9116, 16969, 14704, 12721, 2100)
n	2150646	(754, 165)	[(36, 630, 882), (-18, 702, 684), (-90, 684, 630), (18, 576, 846), (72, 576, 1044), (126, 594, 810), (126, 630, 666), (72, 414, 1098), (-126, 504, 1188), (-54, 630, 864), (0, 630, 936), (0, 612, 918), (-18, 612, 828), (-36, 576, 738), (0, 576, 774), (18, 576, 846), (0, 594, 828), (-36, 594, 828), (0, 576, 828), (18, 576, 918), (-36, 612, 954), (-72, 648, 846), (36, 540, 792), (54, 558, 864), (0, 612, 936)]	(9465, 10578, 9259, 10254, 11609, 9919, 9358, 6210, 9364, 7131, 8626, 6656, 5634, 6399, 9591, 7947, 13449, 20915, 14737, 9162, 17138, 14850, 12727, 2107)
g	2151103	(684, 265)	[(0, 594, 828), (-36, 594, 828), (0, 576, 828), (18, 576, 918), (-36, 612, 954), (-72, 648, 846), (36, 540, 792), (54, 558, 864), (0, 612, 936), (18, 540, 738), (-144, 558, 1080), (-108, 558, 918), (-36, 558, 810), (-54, 540, 828), (-54, 522, 846), (-54, 522, 954), (-90, 504, 954), (-72, 504, 900), (-54, 522, 846), (-54, 540, 900), (-54, 540, 936), (-72, 576, 864), (-54, 558, 900), (-72, 522, 936), (-72, 522, 918)]	(9461, 10597, 9293, 10268, 11645, 10048, 9277, 6198, 9587, 7129, 8241, 6477, 5595, 6445, 9507, 7797, 13787, 20729, 14700, 9188, 16987, 14865, 12696, 2092)
 	2151564	(847, 306)	[(-90, 504, 954), (-72, 504, 900), (-54, 522, 846), (-54, 540, 900), (-54, 540, 936), (-72, 576, 864), (-54, 558, 900), (-72, 522, 936), (-72, 522, 918), (-54, 540, 954), (-90, 540, 900), (-54, 486, 900), (-36, 486, 900), (-72, 522, 918), (-126, 558, 828), (-108, 558, 864), (-54, 522, 990), (-90, 558, 936), (-126, 612, 792), (-90, 540, 864), (-72, 522, 936), (-72, 522, 990), (-36, 504, 936), (-36, 558, 864), (-108, 648, 720)]	(9448, 10582, 9258, 10195, 11602, 9888, 8908, 6023, 9466, 7105, 7389, 6406, 5756, 6490, 9677, 7347, 13654, 20579, 14611, 9175, 16877, 14737, 12583, 2102)
o	2152158	(576, 86)	[(-36, 504, 936), (-36, 558, 864), (-108, 648, 720), (-72, 612, 954), (-36, 612, 828), (-36, 594, 774), (0, 612, 774), (-36, 630, 864), (0, 648, 936), (90, 576, 918), (126, 576, 828), (54, 630, 864), (0, 666, 846), (54, 684, 756), (72, 666, 738), (36, 630, 774), (-36, 702, 810), (36, 702, 792), (72, 666, 720), (90, 684, 702), (90, 666, 846), (126, 648, 828), (198, 702, 792), (216, 630, 684), (72, 666, 702)]	(9471, 10582, 9225, 10218, 11561, 9582, 8069, 5846, 8350, 7005, 6534, 6439, 4907, 6414, 9579, 7099, 13610, 20929, 14851, 9161, 16980, 14792, 12740, 2105)
n	2152876	(745, 183)	[(-90, 576, 900), (-162, 594, 954), (-144, 576, 936), (-90, 558, 1044), (-144, 594, 954), (-72, 630, 846), (18, 630, 828), (0, 666, 810), (-90, 702, 720), (-126, 720, 684), (-108, 738, 684), (-36, 684, 756), (36, 666, 810), (54, 630, 846), (0, 648, 846), (-54, 666, 846), (-54, 666, 810), (-36, 720, 774), (18, 666, 774), (-90, 702, 756), (-54, 702, 756), (-36, 684, 774), (0, 720, 720), (54, 684, 648), (18, 630, 828)]	(9446, 10588, 9228, 10196, 11574, 9672, 9674, 6187, 8567, 7124, 7897, 7087, 5602, 6439, 9654, 7391, 13332, 20687, 14658, 9116, 16942, 14721, 12608, 2106)
 	2153136	(842, 267)	[(0, 666, 810), (-90, 702, 720), (-126, 720, 684), (-108, 738, 684), (-36, 684, 756), (36, 666, 810), (54, 630, 846), (0, 648, 846), (-54, 666, 846), (-54, 666, 810), (-36, 720, 774), (18, 666, 774), (-90, 702, 756), (-54, 702, 756), (-36, 684, 774), (0, 720, 720), (54, 684, 648), (18, 630, 828), (-180, 666, 900), (-90, 684, 846), (-90, 594, 900), (-36, 576, 918), (0, 558, 846), (-36, 540, 864), (-36, 576, 918)]	(9460, 10622, 9245, 10225, 11602, 9758, 10091, 6253, 9809, 7170, 8061, 6794, 5967, 6453, 9782, 7408, 13446, 20809, 14606, 9138, 16920, 14741, 12657, 2109)
t	2153686	(584, 261)	[(-90, 594, 900), (-36, 576, 918), (0, 558, 846), (-36, 540, 864), (-36, 576, 918), (-126, 648, 774), (-54, 558, 1026), (-54, 594, 972), (-36, 594, 828), (-36, 612, 828), (18, 594, 900), (36, 558, 918), (36, 558, 954), (18, 558, 936), (18, 576, 846), (0, 594, 810), (18, 612, 828), (0, 612, 864), (-36, 630, 864), (54, 630, 720), (108, 540, 918), (108, 522, 882), (72, 558, 882), (0, 594, 882), (36, 612, 864)]	(9458, 10627, 9275, 10225, 11606, 9753, 10175, 6326, 9436, 7208, 8524, 6972, 5759, 6562, 9710, 7815, 13643, 20629, 14659, 9127, 16806, 14700, 12612, 2095)
u	2154043	(606, 175)	[(36, 558, 918), (36, 558, 954), (18, 558, 936), (18, 576, 846), (0, 594, 810), (18, 612, 828), (0, 612, 864), (-36, 630, 864), (54, 630, 720), (108, 540, 918), (108, 522, 882), (72, 558, 882), (0, 594, 882), (36, 612, 864), (54, 594, 918), (18, 630, 846), (18, 648, 828), (0, 648, 792), (0, 648, 774), (18, 648, 810), (-36, 666, 828), (-36, 738, 684), (18, 666, 774), (90, 594, 846), (54, 666, 882)]	(9472, 10644, 9266, 10249, 11610, 9779, 10203, 6436, 8956, 7227, 8652, 7205, 5390, 6570, 10002, 8002, 13640, 20862, 14817, 9140, 17005, 14784, 12672, 2115)
e	2154702	(563, 368)	[(18, 684, 774), (-72, 648, 846), (-54, 594, 936), (-36, 576, 900), (-36, 576, 936), (-126, 594, 900), (-144, 630, 900), (-108, 630, 846), (-36, 612, 864), (18, 576, 846), (-36, 558, 900), (-36, 558, 900), (-36, 558, 882), (-54, 576, 864), (-54, 558, 882), (-36, 558, 936), (-36, 558, 882), (-18, 540, 846), (36, 558, 882), (-36, 576, 738), (18, 522, 990), (-18, 522, 972), (-54, 558, 918), (0, 540, 864), (18, 540, 864)]	(9444, 10523, 9242, 10118, 11580, 9711, 9455, 6178, 9640, 7117, 8425, 6747, 5975, 6516, 9263, 7750, 13813, 20407, 14465, 9130, 16369, 14568, 12548, 2086)
s	2155868	(668, 398)	[(0, 558, 900), (0, 558, 900), (0, 558, 882), (18, 558, 900), (18, 540, 936), (18, 540, 900), (18, 558, 882), (0, 558, 918), (0, 576, 918), (18, 558, 882), (0, 558, 882), (-36, 576, 882), (-36, 558, 936), (0, 540, 936), (36, 540, 900), (36, 540, 864), (-36, 558, 828), (18, 522, 900), (18, 522, 990), (0, 522, 900), (0, 576, 864), (-36, 576, 882), (-36, 558, 882), (0, 576, 828), (-54, 558, 918)]	(9442, 10548, 9245, 10137, 11576, 9696, 9639, 6161, 9647, 7118, 8019, 6631, 5950, 6593, 9293, 7525, 14115, 20387, 14489, 9198, 16423, 14690, 12566, 2092)
d	2156527	(678, 333)	[(0, 540, 864), (-54, 558, 954), (18, 540, 882), (36, 558, 864), (-36, 540, 882), (-36, 558, 864), (-18, 576, 864), (-18, 558, 900), (0, 558, 900), (-18, 576, 828), (-54, 594, 864), (-72, 576, 846), (-36, 594, 846), (-36, 630, 864), (-54, 576, 882), (-54, 576, 918), (-18, 576, 900), (-36, 594, 882), (-36, 594, 882), (-54, 594, 846), (18, 558, 864), (0, 540, 936), (0, 540, 918), (-36, 576, 882), (-54, 612, 846)]	(9444, 10548, 9251, 10143, 11586, 9722, 9577, 6218, 9673, 7141, 8329, 6715, 6049, 6596, 9391, 7607, 13950, 20405, 14454, 9140, 16373, 14568, 12550, 2092)
a	2156889	(666, 467)	[(-36, 594, 846), (-36, 630, 864), (-54, 576, 882), (-54, 576, 918), (-18, 576, 900), (-36, 594, 882), (-36, 594, 882), (-54, 594, 846), (18, 558, 864), (0, 540, 936), (0, 540, 918), (-36, 576, 882), (-54, 612, 846), (-36, 612, 846), (-108, 576, 918), (-18, 486, 900), (-72, 540, 846), (-54, 576, 810), (-36, 540, 882), (18, 540, 936), (18, 522, 882), (18, 522, 864), (-54, 540, 936), (-54, 576, 954), (-72, 558, 954)]	(9450, 10493, 9229, 10101, 11550, 9623, 9109, 6213, 10098, 7086, 8294, 6889, 6735, 6620, 9091, 7520, 14127, 20284, 14359, 9171, 16045, 14548, 12513, 2082)
y	2157482	(573, 199)	[(-54, 540, 936), (-54, 576, 954), (-72, 558, 954), (0, 558, 774), (-18, 558, 864), (-36, 558, 846), (-54, 558, 900), (-18, 522, 936), (18, 504, 864), (-36, 522, 828), (-36, 630, 1062), (18, 576, 1134), (54, 504, 936), (18, 522, 774), (0, 630, 594), (-72, 702, 648), (-108, 738, 738), (-108, 684, 828), (-36, 648, 900), (0, 648, 900), (-54, 666, 918), (-72, 738, 756), (36, 666, 954), (54, 666, 954), (126, 630, 792)]	(9474, 10597, 9275, 10253, 11605, 9780, 9963, 6310, 7349, 7162, 8980, 7013, 5052, 6475, 9672, 7941, 13543, 20763, 14668, 9096, 16850, 14654, 12641, 2096)
 	2157899	(834, 302)	[(0, 630, 594), (-72, 702, 648), (-108, 738, 738), (-108, 684, 828), (-36, 648, 900), (0, 648, 900), (-54, 666, 918), (-72, 738, 756), (36, 666, 954), (54, 666, 954), (126, 630, 792), (144, 594, 666), (-90, 540, 990), (-126, 576, 954), (-144, 648, 936), (-108, 612, 918), (-72, 594, 954), (-54, 612, 936), (-108, 558, 972), (-108, 540, 1044), (54, 630, 630), (-36, 540, 918), (36, 522, 936), (54, 486, 918), (0, 522, 936)]	(9463, 10601, 9261, 10217, 11607, 9790, 9902, 6246, 9810, 7113, 8184, 6740, 5768, 6503, 9766, 7487, 13725, 20725, 14586, 9156, 16896, 14735, 12662, 2109)
f	2158412	(674, 292)	[(54, 630, 630), (-36, 540, 918), (36, 522, 936), (54, 486, 918), (0, 522, 936), (36, 558, 792), (-54, 576, 882), (-36, 558, 1080), (0, 504, 900), (54, 522, 810), (54, 522, 864), (54, 504, 936), (18, 540, 954), (0, 558, 900), (36, 558, 846), (54, 558, 846), (36, 558, 864), (18, 558, 918), (72, 540, 882), (108, 540, 756), (90, 522, 846), (54, 504, 918), (36, 522, 972), (-36, 558, 900), (0, 576, 810)]	(9460, 10577, 9264, 10215, 11612, 9815, 9811, 6295, 9796, 7170, 8875, 6766, 6093, 6498, 9389, 8155, 13630, 20528, 14541, 9111, 16724, 14656, 12608, 2101)
r	2158854	(561, 340)	[(36, 558, 864), (18, 558, 918), (72, 540, 882), (108, 540, 756), (90, 522, 846), (54, 504, 918), (36, 522, 972), (-36, 558, 900), (0, 576, 810), (-54, 558, 900), (-108, 576, 990), (-90, 558, 936), (-36, 558, 900), (18, 558, 864), (-36, 558, 846), (-54, 558, 864), (-54, 576, 900), (-72, 594, 900), (0, 594, 864), (-36, 558, 882), (-18, 576, 828), (0, 558, 936), (0, 558, 918), (-36, 594, 864), (-36, 576, 792)]	(9455, 10573, 9280, 10200, 11608, 9826, 9925, 6391, 10118, 7227, 9241, 6904, 6530, 6555, 9444, 8445, 13773, 20545, 14625, 9132, 16776, 14683, 12611, 2091)
o	2159463	(598, 85)	[(0, 558, 918), (-36, 594, 864), (-36, 576, 792), (-54, 558, 882), (-108, 594, 900), (-90, 594, 918), (-54, 612, 882), (0, 594, 864), (18, 594, 846), (54, 576, 882), (18, 594, 828), (-54, 648, 774), (-36, 666, 828), (54, 666, 882), (72, 666, 846), (-54, 702, 756), (-18, 702, 792), (72, 666, 756), (36, 648, 756), (18, 738, 612), (18, 792, 684), (72, 684, 918), (198, 684, 810), (216, 738, 738), (54, 738, 684)]	(9464, 10552, 9223, 10194, 11569, 9659, 9875, 6332, 9200, 7146, 8060, 7092, 5030, 6467, 9799, 7364, 13671, 21053, 14938, 9162, 17122, 14860, 12793, 2114)
m	2159907	(740, 129)	[(72, 666, 756), (36, 648, 756), (18, 738, 612), (18, 792, 684), (72, 684, 918), (198, 684, 810), (216, 738, 738), (54, 738, 684), (54, 702, 666), (18, 576, 882), (-144, 594, 990), (-72, 630, 792), (-90, 702, 918), (-108, 702, 936), (-90, 684, 810), (-72, 720, 774), (-90, 738, 828), (-90, 720, 828), (-36, 666, 846), (54, 648, 792), (54, 720, 738), (36, 666, 774), (-54, 702, 792), (18, 684, 738), (54, 702, 738)]	(9474, 10588, 9254, 10251, 11590, 9748, 10192, 6097, 8418, 7075, 8046, 6523, 5500, 6318, 9168, 7483, 13308, 20935, 14798, 9163, 17215, 14942, 12760, 2085)
 	2160317	(853, 244)	[(-90, 684, 810), (-72, 720, 774), (-90, 738, 828), (-90, 720, 828), (-36, 666, 846), (54, 648, 792), (54, 720, 738), (36, 666, 774), (-54, 702, 792), (18, 684, 738), (54, 702, 738), (54, 648, 846), (-72, 666, 846), (-54, 648, 810), (18, 630, 774), (-36, 648, 810), (0, 648, 918), (36, 666, 882), (-54, 630, 900), (18, 630, 810), (36, 630, 792), (54, 648, 756), (0, 666, 810), (-36, 648, 846), (54, 594, 936)]	(9453, 10562, 9234, 10168, 11586, 9714, 9837, 6162, 9501, 7095, 7726, 6426, 6287, 6360, 9402, 7401, 13263, 20777, 14604, 9108, 16952, 14755, 12660, 2099)
o	2160834	(588, 104)	[(18, 630, 810), (36, 630, 792), (54, 648, 756), (0, 666, 810), (-36, 648, 846), (54, 594, 936), (-90, 774, 666), (36, 684, 792), (54, 738, 738), (54, 720, 846), (72, 720, 900), (0, 756, 828), (18, 774, 810), (108, 720, 792), (180, 702, 738), (180, 702, 720), (144, 684, 684), (162, 720, 468), (180, 684, 810), (216, 684, 792), (180, 720, 756), (126, 774, 630), (180, 738, 486), (180, 720, 522), (162, 648, 684)]	(9446, 10536, 9187, 10102, 11537, 9562, 9342, 5857, 8630, 7000, 7478, 6536, 5080, 6294, 9197, 7192, 13148, 21220, 14817, 9113, 17013, 14811, 12830, 2110)
n	2161379	(766, 186)	[(180, 720, 756), (126, 774, 630), (180, 738, 486), (180, 720, 522), (162, 648, 684), (0, 558, 1188), (-18, 720, 864), (18, 684, 846), (0, 684, 828), (-54, 702, 756), (-54, 720, 720), (-36, 720, 756), (18, 702, 756), (18, 666, 828), (54, 666, 810), (36, 684, 720), (72, 720, 756), (72, 702, 864), (108, 702, 774), (54, 684, 792), (54, 684, 792), (36, 702, 810), (36, 720, 756), (108, 630, 684), (90, 630, 774)]	(9459, 10573, 9234, 10177, 11592, 9752, 10264, 6255, 9687, 7137, 8205, 6564, 6052, 6395, 9627, 7570, 13250, 21020, 14625, 9085, 16841, 14716, 12718, 2093)
e	2162191	(603, 367)	[(-54, 594, 720), (-90, 594, 810), (-72, 630, 936), (-72, 630, 900), (-72, 594, 918), (-72, 576, 864), (-72, 594, 864), (-72, 594, 864), (-54, 576, 900), (-18, 576, 882), (-90, 594, 882), (-90, 612, 846), (-72, 594, 882), (-54, 576, 864), (-90, 612, 864), (-90, 576, 900), (-72, 576, 918), (-54, 558, 900), (-54, 576, 828), (-36, 540, 864), (0, 522, 900), (0, 540, 882), (-54, 558, 936), (-36, 576, 882), (0, 558, 792)]	(9462, 10604, 9260, 10185, 11586, 9720, 9663, 5948, 9605, 7088, 7060, 6322, 5935, 6541, 9318, 7351, 13876, 20555, 14542, 9168, 16603, 14735, 12640, 2089)
 	2162649	(818, 305)	[(-72, 576, 918), (-54, 558, 900), (-54, 576, 828), (-36, 540, 864), (0, 522, 900), (0, 540, 882), (-54, 558, 936), (-36, 576, 882), (0, 558, 792), (-36, 576, 846), (-72, 594, 936), (-54, 558, 954), (54, 486, 936), (36, 522, 882), (36, 576, 864), (-36, 612, 918), (-18, 612, 864), (18, 576, 828), (36, 576, 792), (18, 594, 900), (54, 594, 864), (0, 576, 900), (36, 558, 882), (54, 576, 918), (54, 576, 882)]	(9455, 10620, 9260, 10195, 11575, 9684, 9137, 5850, 9233, 7031, 6664, 6300, 5538, 6534, 9565, 7250, 13780, 20682, 14549, 9161, 16742, 14747, 12678, 2102)
t	2163162	(576, 279)	[(36, 576, 792), (18, 594, 900), (54, 594, 864), (0, 576, 900), (36, 558, 882), (54, 576, 918), (54, 576, 882), (18, 612, 792), (90, 540, 882), (54, 540, 882), (36, 540, 864), (18, 576, 828), (0, 648, 792), (-90, 720, 810), (-108, 738, 828), (-54, 702, 900), (-18, 666, 918), (18, 612, 918), (18, 594, 918), (18, 594, 882), (54, 612, 756), (36, 612, 828), (36, 594, 954), (36, 576, 882), (-18, 612, 828)]	(9467, 10613, 9283, 10221, 11620, 9801, 10205, 6124, 9229, 7132, 7484, 6422, 5626, 6527, 9505, 7477, 13752, 20715, 14698, 9146, 16828, 14795, 12689, 2095)
o	2163707	(596, 108)	[(54, 612, 756), (36, 612, 828), (36, 594, 954), (36, 576, 882), (-18, 612, 828), (-36, 648, 846), (36, 630, 864), (54, 612, 864), (18, 612, 792), (0, 648, 792), (36, 648, 810), (54, 630, 774), (0, 612, 774), (-36, 684, 828), (-54, 684, 936), (36, 612, 900), (72, 630, 792), (-36, 702, 882), (-90, 738, 918), (-36, 702, 882), (72, 720, 540), (108, 738, 594), (54, 684, 882), (54, 720, 828), (90, 738, 756)]	(9475, 10589, 9268, 10259, 11599, 9749, 10497, 6238, 7896, 7112, 8445, 6649, 4918, 6392, 9480, 7662, 13344, 21096, 14850, 9109, 17000, 14786, 12800, 2123)
 	2164167	(827, 263)	[(72, 630, 792), (-36, 702, 882), (-90, 738, 918), (-36, 702, 882), (72, 720, 540), (108, 738, 594), (54, 684, 882), (54, 720, 828), (90, 738, 756), (90, 810, 594), (0, 630, 882), (-90, 666, 972), (-72, 666, 900), (0, 612, 846), (-54, 576, 918), (-72, 612, 918), (-54, 630, 828), (18, 594, 828), (18, 576, 954), (18, 612, 864), (36, 558, 900), (18, 576, 936), (36, 540, 864), (54, 558, 936), (36, 576, 918)]	(9461, 10593, 9255, 10180, 11600, 9768, 9598, 5931, 9389, 7061, 7069, 6350, 5675, 6449, 9636, 7300, 13439, 20789, 14647, 9124, 16903, 14777, 12686, 2101)
f	2164676	(676, 299)	[(18, 576, 954), (18, 612, 864), (36, 558, 900), (18, 576, 936), (36, 540, 864), (54, 558, 936), (36, 576, 918), (-36, 630, 864), (0, 540, 918), (-36, 540, 900), (-18, 540, 846), (0, 540, 864), (0, 558, 900), (-36, 558, 900), (0, 540, 936), (0, 558, 900), (0, 558, 846), (-36, 576, 828), (0, 576, 918), (18, 522, 1008), (36, 522, 990), (72, 558, 792), (18, 540, 882), (0, 558, 882), (-18, 594, 918)]	(9464, 10592, 9275, 10223, 11628, 9837, 9961, 6087, 9725, 7102, 7377, 6406, 5851, 6495, 9343, 7432, 13618, 20591, 14633, 9139, 16834, 14789, 12655, 2098)
o	2165220	(601, 85)	[(36, 522, 990), (72, 558, 792), (18, 540, 882), (0, 558, 882), (-18, 594, 918), (-36, 594, 846), (18, 630, 846), (-36, 630, 846), (-36, 630, 828), (0, 648, 828), (-54, 684, 828), (-90, 702, 810), (-108, 684, 810), (0, 666, 828), (270, 612, 882), (198, 666, 900), (72, 684, 828), (54, 720, 684), (162, 720, 648), (198, 738, 666), (252, 648, 828), (252, 630, 792), (144, 702, 738), (90, 702, 684), (126, 702, 720)]	(9464, 10563, 9236, 10200, 11575, 9674, 9863, 5955, 7951, 7072, 7609, 6414, 4966, 6484, 9633, 7371, 13506, 20889, 14820, 9120, 17030, 14820, 12741, 2102)
u	2165780	(594, 189)	[(252, 648, 828), (252, 630, 792), (144, 702, 738), (90, 702, 684), (126, 702, 720), (126, 666, 792), (-36, 702, 828), (-36, 702, 810), (-72, 684, 810), (-54, 684, 792), (-36, 684, 846), (-18, 684, 846), (-36, 666, 828), (-54, 666, 846), (0, 648, 828), (18, 648, 774), (0, 666, 774), (-36, 720, 810), (-72, 738, 810), (-72, 702, 792), (0, 720, 792), (90, 612, 882), (54, 648, 882), (-54, 684, 828), (18, 666, 756)]	(9464, 10565, 9262, 10212, 11613, 9777, 10192, 6125, 8461, 7101, 7749, 6404, 5257, 6533, 9442, 7498, 13560, 20629, 14682, 9110, 16836, 14738, 12659, 2090)
r	2166389	(557, 336)	[(-54, 684, 828), (18, 666, 756), (18, 684, 792), (-54, 648, 810), (-54, 612, 810), (-108, 648, 828), (-126, 630, 828), (-108, 630, 828), (-126, 666, 828), (-72, 648, 810), (-54, 630, 864), (-90, 648, 882), (-90, 630, 900), (-90, 630, 828), (-90, 612, 828), (-54, 594, 900), (-36, 612, 900), (-54, 630, 792), (-36, 630, 882), (-54, 594, 936), (-54, 612, 864), (-54, 612, 846), (-72, 630, 846), (-72, 612, 792), (-36, 630, 792)]	(9443, 10556, 9262, 10145, 11612, 9793, 9945, 6157, 9348, 7136, 7407, 6349, 5649, 6630, 9439, 7498, 13783, 20498, 14517, 9125, 16420, 14663, 12625, 2100)
 	2167002	(831, 324)	[(-72, 612, 792), (-36, 630, 792), (-72, 576, 900), (-18, 612, 918), (0, 594, 882), (54, 558, 810), (90, 522, 828), (72, 486, 828), (-54, 540, 810), (-126, 576, 810), (-144, 504, 864), (-108, 486, 990), (-252, 630, 972), (-324, 666, 900), (-198, 612, 954), (-108, 540, 990), (-90, 504, 1062), (-126, 558, 1026), (-126, 630, 792), (-54, 486, 864), (-18, 504, 756), (-90, 540, 828), (-90, 558, 846), (-90, 576, 936), (-90, 522, 1008)]	(9456, 10580, 9250, 10165, 11591, 9725, 9426, 5931, 9072, 7110, 6724, 6327, 5484, 6705, 9571, 7268, 13825, 20488, 14542, 9141, 16532, 14668, 12585, 2099)
w	2167545	(576, 403)	[(-18, 504, 756), (-90, 540, 828), (-90, 558, 846), (-90, 576, 936), (-90, 522, 1008), (-108, 612, 810), (36, 558, 990), (36, 522, 828), (54, 468, 756), (36, 486, 828), (-54, 558, 900), (-54, 576, 936), (0, 540, 918), (36, 522, 882), (18, 540, 882), (0, 540, 846), (-36, 558, 900), (-54, 576, 972), (0, 522, 954), (18, 522, 954), (36, 522, 900), (-18, 522, 990), (18, 540, 936), (-54, 540, 846), (0, 540, 918)]	(9467, 10604, 9278, 10181, 11608, 9765, 9767, 6004, 9768, 7121, 7046, 6351, 5981, 6718, 9356, 7360, 13965, 20431, 14521, 9145, 16429, 14709, 12597, 2095)
i	2168156	(610, 132)	[(-54, 540, 846), (0, 540, 918), (-36, 558, 900), (0, 558, 882), (0, 540, 918), (-18, 558, 900), (-36, 576, 900), (-36, 576, 864), (-36, 612, 810), (-72, 630, 792), (-90, 684, 756), (-108, 702, 738), (-72, 702, 828), (36, 666, 918), (54, 612, 918), (36, 666, 864), (-36, 702, 828), (36, 666, 792), (54, 666, 810), (72, 684, 828), (72, 684, 774), (36, 720, 774), (144, 612, 936), (180, 630, 810), (144, 666, 792)]	(9453, 10554, 9244, 10174, 11590, 9749, 10234, 6159, 9400, 7124, 8270, 6490, 5200, 6463, 9424, 7753, 13530, 20822, 14775, 9114, 16942, 14770, 12725, 2098)
t	2168725	(563, 281)	[(72, 684, 774), (36, 720, 774), (144, 612, 936), (180, 630, 810), (144, 666, 792), (18, 702, 774), (-54, 702, 792), (-36, 720, 900), (-72, 702, 774), (-54, 684, 720), (18, 684, 738), (36, 684, 774), (0, 648, 828), (0, 666, 846), (-72, 684, 828), (-36, 648, 882), (0, 630, 900), (36, 576, 882), (54, 612, 756), (54, 576, 882), (72, 504, 882), (54, 522, 864), (-36, 558, 936), (-54, 630, 954), (0, 576, 900)]	(9451, 10565, 9268, 10175, 11621, 9808, 9985, 6174, 9366, 7139, 7702, 6408, 5434, 6622, 9370, 7706, 13769, 20511, 14605, 9130, 16722, 14727, 12639, 2103)
h	2169173	(670, 208)	[(-36, 648, 882), (0, 630, 900), (36, 576, 882), (54, 612, 756), (54, 576, 882), (72, 504, 882), (54, 522, 864), (-36, 558, 936), (-54, 630, 954), (0, 576, 900), (54, 504, 900), (18, 558, 900), (-36, 594, 828), (18, 558, 828), (18, 558, 846), (-36, 612, 846), (-36, 612, 882), (-54, 612, 936), (-72, 612, 918), (18, 630, 900), (54, 576, 864), (54, 558, 864), (18, 666, 918), (36, 612, 882), (90, 576, 810)]	(9463, 10559, 9264, 10187, 11625, 9824, 10145, 6229, 9509, 7210, 7842, 6466, 5589, 6697, 9445, 7705, 13770, 20518, 14590, 9117, 16704, 14713, 12635, 2101)
 	2169532	(817, 301)	[(18, 558, 828), (18, 558, 846), (-36, 612, 846), (-36, 612, 882), (-54, 612, 936), (-72, 612, 918), (18, 630, 900), (54, 576, 864), (54, 558, 864), (18, 666, 918), (36, 612, 882), (90, 576, 810), (90, 558, 828), (-108, 576, 792), (-162, 558, 990), (-288, 648, 918), (-126, 630, 882), (-54, 594, 846), (-72, 612, 954), (-162, 648, 936), (0, 486, 1026), (-36, 468, 936), (0, 504, 900), (-72, 558, 900), (-90, 612, 846)]	(9463, 10610, 9277, 10219, 11627, 9804, 9765, 6015, 9852, 7178, 6980, 6396, 5686, 6685, 9538, 7348, 13833, 20586, 14549, 9145, 16691, 14766, 12672, 2105)
s	2170194	(662, 393)	[(-54, 522, 846), (-36, 540, 918), (-54, 540, 864), (-36, 522, 882), (-36, 540, 936), (0, 540, 1008), (36, 522, 990), (-108, 576, 936), (-36, 540, 882), (54, 522, 882), (54, 522, 864), (18, 540, 864), (-36, 558, 936), (-36, 558, 900), (0, 576, 846), (36, 558, 846), (36, 540, 936), (18, 522, 954), (18, 558, 900), (-18, 576, 954), (0, 594, 756), (72, 558, 828), (36, 558, 846), (0, 612, 828), (-90, 576, 792)]	(9453, 10545, 9246, 10121, 11590, 9742, 9774, 6280, 10300, 7202, 7810, 6636, 6925, 6988, 9680, 7480, 14025, 20437, 14350, 9066, 15871, 14403, 12529, 2104)
t	2170637	(561, 265)	[(36, 540, 936), (18, 522, 954), (18, 558, 900), (-18, 576, 954), (0, 594, 756), (72, 558, 828), (36, 558, 846), (0, 612, 828), (-90, 576, 792), (54, 558, 774), (-72, 630, 810), (-54, 612, 810), (-36, 576, 864), (54, 558, 846), (54, 630, 792), (0, 648, 756), (-72, 684, 774), (-54, 666, 828), (0, 666, 846), (-36, 702, 756), (0, 612, 1008), (36, 630, 1080), (36, 684, 954), (18, 702, 774), (90, 666, 720)]	(9455, 10527, 9244, 10145, 11618, 9805, 9971, 6295, 9905, 7236, 8808, 6624, 6285, 6703, 9397, 8466, 13613, 20433, 14463, 9034, 16364, 14447, 12554, 2097)
a	2171150	(665, 463)	[(0, 666, 846), (-36, 702, 756), (0, 612, 1008), (36, 630, 1080), (36, 684, 954), (18, 702, 774), (90, 666, 720), (36, 504, 792), (-126, 576, 990), (-72, 576, 918), (-54, 540, 900), (-36, 504, 864), (36, 522, 846), (18, 540, 936), (36, 486, 1026), (72, 468, 990), (36, 504, 918), (-72, 522, 954), (-36, 504, 1026), (36, 486, 954), (-126, 504, 954), (198, 468, 738), (90, 414, 990), (108, 504, 846), (-36, 504, 864)]	(9461, 10541, 9229, 10077, 11594, 9742, 9622, 6032, 10340, 7124, 7684, 6483, 7641, 6924, 9104, 7354, 14123, 20235, 14295, 9104, 15822, 14440, 12481, 2104)
n	2171660	(765, 166)	[(-72, 522, 954), (-36, 504, 1026), (36, 486, 954), (-126, 504, 954), (198, 468, 738), (90, 414, 990), (108, 504, 846), (-36, 504, 864), (-72, 576, 1026), (126, 468, 1008), (72, 522, 972), (72, 504, 810), (162, 468, 810), (252, 450, 864), (126, 594, 954), (-18, 702, 828), (36, 720, 666), (36, 720, 756), (90, 666, 900), (90, 648, 900), (36, 684, 864), (-36, 702, 846), (36, 702, 810), (90, 666, 810), (90, 684, 702)]	(9473, 10518, 9241, 10175, 11593, 9850, 9424, 6223, 9214, 7149, 8965, 6692, 5695, 6481, 9550, 8171, 13361, 20732, 14630, 9052, 16809, 14650, 12650, 2109)
i	2173151	(562, 142)	[(-90, 594, 846), (-108, 594, 864), (-108, 594, 900), (-144, 594, 1008), (-90, 630, 936), (-144, 630, 918), (-162, 648, 900), (-72, 648, 828), (-36, 594, 828), (-36, 576, 846), (-36, 630, 810), (18, 666, 756), (36, 666, 810), (36, 648, 828), (18, 648, 810), (36, 684, 882), (126, 648, 864), (126, 648, 738), (0, 648, 756), (-36, 756, 486), (0, 720, 630), (72, 630, 864), (-54, 720, 900), (0, 756, 810), (108, 738, 612)]	(9478, 10570, 9283, 10247, 11637, 9885, 10070, 6253, 7908, 7130, 8917, 6696, 4982, 6431, 9383, 8390, 13310, 20797, 14737, 9051, 16831, 14641, 12693, 2106)
 	2173596	(825, 269)	[(126, 648, 864), (126, 648, 738), (0, 648, 756), (-36, 756, 486), (0, 720, 630), (72, 630, 864), (-54, 720, 900), (0, 756, 810), (108, 738, 612), (36, 522, 882), (-162, 612, 1008), (-108, 612, 990), (-90, 630, 882), (0, 576, 792), (0, 540, 828), (-54, 594, 918), (-108, 666, 972), (90, 558, 864), (-18, 540, 936), (0, 558, 918), (18, 522, 846), (0, 522, 828), (36, 540, 846), (54, 504, 792), (0, 540, 864)]	(9456, 10547, 9247, 10140, 11601, 9855, 8984, 5944, 9351, 7085, 7275, 6375, 5825, 6626, 9889, 7382, 13594, 20641, 14537, 9076, 16513, 14599, 12612, 2107)
d	2174101	(680, 352)	[(-18, 540, 936), (0, 558, 918), (18, 522, 846), (0, 522, 828), (36, 540, 846), (54, 504, 792), (0, 540, 864), (-126, 504, 1134), (-90, 522, 864), (-72, 504, 882), (-72, 540, 810), (-108, 576, 720), (-90, 612, 846), (-90, 594, 954), (0, 558, 900), (0, 486, 846), (0, 486, 954), (0, 486, 1044), (-36, 504, 972), (-54, 540, 810), (54, 504, 846), (-54, 522, 954), (-54, 522, 918), (-90, 558, 918), (-90, 558, 954)]	(9469, 10580, 9280, 10195, 11632, 9950, 9304, 6090, 10381, 7149, 7269, 6405, 7132, 6738, 9421, 7511, 14039, 20490, 14523, 9146, 16413, 14670, 12612, 2104)
e	2174446	(575, 385)	[(-108, 576, 720), (-90, 612, 846), (-90, 594, 954), (0, 558, 900), (0, 486, 846), (0, 486, 954), (0, 486, 1044), (-36, 504, 972), (-54, 540, 810), (54, 504, 846), (-54, 522, 954), (-54, 522, 918), (-90, 558, 918), (-90, 558, 954), (-72, 540, 882), (-54, 540, 882), (-54, 540, 882), (-36, 540, 900), (0, 558, 882), (18, 522, 936), (-36, 540, 846), (18, 522, 900), (0, 504, 954), (-36, 522, 918), (0, 522, 918)]	(9472, 10576, 9292, 10198, 11650, 10015, 9413, 6250, 10505, 7181, 7641, 6474, 7259, 6782, 9436, 7710, 14056, 20479, 14538, 9130, 16475, 14653, 12597, 2111)
c	2174903	(775, 298)	[(-54, 540, 882), (-36, 540, 900), (0, 558, 882), (18, 522, 936), (-36, 540, 846), (18, 522, 900), (0, 504, 954), (-36, 522, 918), (0, 522, 918), (-72, 558, 918), (-54, 540, 972), (-54, 540, 918), (-18, 522, 900), (-36, 540, 900), (-36, 558, 846), (18, 540, 900), (0, 540, 846), (0, 540, 828), (-36, 558, 882), (-54, 558, 936), (-36, 594, 774), (-36, 522, 936), (0, 522, 936), (0, 522, 936), (-36, 522, 972)]	(9473, 10586, 9284, 10201, 11633, 9969, 9235, 6057, 10259, 7167, 7362, 6407, 6801, 6706, 9514, 7559, 14006, 20590, 14563, 9150, 16617, 14758, 12666, 2096)
i	2175447	(573, 114)	[(-36, 594, 774), (-36, 522, 936), (0, 522, 936), (0, 522, 936), (-36, 522, 972), (-54, 576, 882), (-90, 612, 936), (-72, 594, 882), (-90, 612, 828), (-126, 630, 792), (-162, 684, 666), (-90, 702, 648), (18, 684, 792), (72, 648, 846), (54, 666, 846), (18, 684, 954), (54, 666, 918), (126, 684, 738), (144, 684, 738), (108, 702, 702), (162, 648, 882), (216, 612, 864), (216, 648, 828), (180, 684, 738), (90, 630, 738)]	(9468, 10485, 9228, 10131, 11587, 9787, 9355, 6239, 9365, 7149, 8833, 6679, 5123, 6482, 9513, 8586, 13385, 20839, 14754, 9056, 16848, 14653, 12706, 2115)
d	2176058	(677, 346)	[(180, 684, 738), (90, 630, 738), (-36, 648, 828), (-162, 666, 936), (-108, 648, 810), (-108, 630, 792), (-144, 630, 936), (-108, 594, 810), (-36, 594, 720), (-72, 666, 792), (-126, 666, 936), (-90, 648, 900), (-54, 648, 846), (-54, 594, 882), (-18, 540, 882), (0, 522, 882), (18, 540, 882), (-36, 558, 882), (18, 576, 900), (0, 558, 828), (18, 558, 864), (0, 576, 882), (18, 540, 918), (-36, 540, 900), (0, 558, 864)]	(9454, 10483, 9251, 10106, 11611, 9919, 9015, 6228, 10500, 7122, 9005, 6535, 6651, 6604, 9181, 8163, 13853, 20373, 14351, 9061, 15915, 14455, 12550, 2092)
e	2176516	(541, 349)	[(18, 540, 882), (-36, 558, 882), (18, 576, 900), (0, 558, 828), (18, 558, 864), (0, 576, 882), (18, 540, 918), (-36, 540, 900), (0, 558, 864), (-36, 594, 810), (-36, 612, 828), (-36, 594, 846), (0, 594, 846), (0, 594, 864), (0, 576, 864), (-36, 612, 882), (-36, 594, 918), (-54, 594, 882), (-54, 612, 936), (-54, 630, 792), (54, 612, 918), (18, 540, 900), (36, 540, 864), (0, 612, 882), (18, 576, 864)]	(9471, 10514, 9272, 10144, 11634, 10051, 9250, 6360, 10733, 7239, 9583, 6656, 6981, 6672, 9371, 9103, 13795, 20379, 14420, 9048, 16199, 14465, 12537, 2106)
d	2176961	(647, 350)	[(-36, 594, 918), (-54, 594, 882), (-54, 612, 936), (-54, 630, 792), (54, 612, 918), (18, 540, 900), (36, 540, 864), (0, 612, 882), (18, 576, 864), (36, 594, 864), (-54, 540, 954), (-36, 522, 954), (-36, 540, 846), (-18, 576, 810), (-72, 594, 864), (-90, 594, 882), (-54, 594, 900), (-36, 576, 882), (0, 558, 954), (0, 558, 864), (36, 486, 972), (18, 504, 954), (0, 504, 882), (-72, 558, 936), (-54, 576, 882)]	(9453, 10508, 9263, 10135, 11624, 10027, 9091, 6280, 10765, 7197, 8921, 6547, 6920, 6741, 9457, 8090, 14081, 20439, 14400, 9092, 16009, 14546, 12572, 2098)
 	2177476	(821, 287)	[(0, 558, 954), (0, 558, 864), (36, 486, 972), (18, 504, 954), (0, 504, 882), (-72, 558, 936), (-54, 576, 882), (18, 558, 900), (18, 558, 936), (-36, 558, 882), (18, 558, 900), (18, 540, 918), (36, 522, 918), (18, 594, 738), (36, 648, 720), (18, 594, 828), (18, 594, 864), (36, 594, 864), (-72, 666, 918), (72, 630, 756), (-36, 612, 900), (36, 594, 882), (18, 612, 972), (36, 612, 954), (90, 576, 918)]	(9463, 10507, 9273, 10162, 11623, 10097, 8932, 6321, 10494, 7181, 8751, 6595, 6289, 6589, 9743, 8015, 13720, 20698, 14482, 9048, 16403, 14581, 12650, 2102)
t	2177867	(546, 266)	[(18, 594, 738), (36, 648, 720), (18, 594, 828), (18, 594, 864), (36, 594, 864), (-72, 666, 918), (72, 630, 756), (-36, 612, 900), (36, 594, 882), (18, 612, 972), (36, 612, 954), (90, 576, 918), (36, 630, 900), (72, 684, 864), (72, 684, 828), (72, 666, 774), (90, 684, 828), (72, 684, 882), (72, 684, 792), (72, 702, 594), (90, 702, 702), (126, 612, 846), (108, 630, 792), (36, 684, 810), (54, 666, 720)]	(9474, 10521, 9269, 10166, 11624, 10104, 8962, 6318, 9889, 7255, 9081, 6635, 6013, 6619, 9568, 8582, 13601, 20509, 14582, 9050, 16594, 14540, 12564, 2100)
h	2178123	(661, 179)	[(-36, 612, 900), (36, 594, 882), (18, 612, 972), (36, 612, 954), (90, 576, 918), (36, 630, 900), (72, 684, 864), (72, 684, 828), (72, 666, 774), (90, 684, 828), (72, 684, 882), (72, 684, 792), (72, 702, 594), (90, 702, 702), (126, 612, 846), (108, 630, 792), (36, 684, 810), (54, 666, 720), (36, 666, 900), (18, 684, 882), (36, 756, 684), (72, 666, 846), (72, 666, 792), (72, 666, 756), (72, 720, 720)]	(9477, 10505, 9268, 10164, 11607, 10110, 8815, 6295, 9759, 7205, 9198, 6658, 5816, 6524, 9374, 9018, 13457, 20532, 14576, 9040, 16629, 14548, 12597, 2101)
a	2178566	(660, 470)	[(108, 630, 792), (36, 684, 810), (54, 666, 720), (36, 666, 900), (18, 684, 882), (36, 756, 684), (72, 666, 846), (72, 666, 792), (72, 666, 756), (72, 720, 720), (108, 540, 900), (-198, 594, 1008), (-180, 594, 936), (-72, 576, 918), (-36, 522, 936), (54, 504, 918), (18, 504, 882), (-72, 522, 846), (-54, 522, 918), (-54, 504, 1062), (36, 504, 810), (72, 486, 846), (54, 486, 990), (36, 522, 882), (-36, 468, 864)]	(9441, 10482, 9244, 10092, 11596, 9967, 8663, 6073, 10041, 7066, 7876, 6394, 6248, 6723, 8911, 7465, 14322, 20272, 14332, 9139, 15871, 14493, 12511, 2088)
t	2178974	(557, 288)	[(-36, 522, 936), (54, 504, 918), (18, 504, 882), (-72, 522, 846), (-54, 522, 918), (-54, 504, 1062), (36, 504, 810), (72, 486, 846), (54, 486, 990), (36, 522, 882), (-36, 468, 864), (-36, 540, 900), (-54, 558, 828), (54, 576, 684), (54, 522, 702), (36, 504, 846), (18, 504, 1026), (18, 540, 1044), (-36, 612, 936), (-54, 648, 882), (18, 630, 882), (36, 576, 954), (54, 558, 936), (54, 576, 990), (0, 594, 918)]	(9468, 10534, 9282, 10194, 11646, 10284, 8874, 6310, 10353, 7232, 8985, 6613, 6191, 6641, 9603, 9070, 13896, 20548, 14631, 9098, 16653, 14620, 12600, 2096)
 	2179416	(827, 296)	[(36, 504, 846), (18, 504, 1026), (18, 540, 1044), (-36, 612, 936), (-54, 648, 882), (18, 630, 882), (36, 576, 954), (54, 558, 936), (54, 576, 990), (0, 594, 918), (0, 558, 990), (54, 558, 846), (108, 540, 828), (72, 504, 756), (72, 558, 792), (54, 522, 918), (54, 540, 918), (-36, 612, 846), (36, 612, 810), (-18, 558, 864), (54, 558, 900), (108, 504, 846), (54, 540, 900), (18, 594, 954), (0, 648, 828)]	(9449, 10510, 9277, 10159, 11636, 10273, 8411, 6153, 9743, 7135, 8356, 6484, 6250, 6449, 9158, 8046, 13509, 20415, 14535, 9071, 16653, 14617, 12574, 2086)
i	2179822	(554, 134)	[(72, 558, 792), (54, 522, 918), (54, 540, 918), (-36, 612, 846), (36, 612, 810), (-18, 558, 864), (54, 558, 900), (108, 504, 846), (54, 540, 900), (18, 594, 954), (0, 648, 828), (72, 612, 918), (108, 612, 846), (144, 612, 828), (180, 612, 738), (198, 612, 864), (216, 576, 864), (252, 594, 846), (180, 666, 828), (144, 666, 648), (126, 756, 630), (162, 558, 972), (144, 630, 954), (180, 666, 756), (216, 666, 666)]	(9458, 10515, 9246, 10190, 11605, 9933, 9177, 6150, 9082, 7132, 8867, 6617, 5010, 6424, 9385, 8624, 13435, 20889, 14758, 9069, 16843, 14683, 12721, 2100)
 	2180164	(816, 252)	[(72, 612, 918), (108, 612, 846), (144, 612, 828), (180, 612, 738), (198, 612, 864), (216, 576, 864), (252, 594, 846), (180, 666, 828), (144, 666, 648), (126, 756, 630), (162, 558, 972), (144, 630, 954), (180, 666, 756), (216, 666, 666), (-36, 540, 1026), (-198, 648, 1026), (-90, 702, 882), (-36, 594, 864), (18, 540, 882), (54, 558, 828), (54, 630, 702), (54, 540, 738), (-36, 594, 828), (0, 594, 864), (0, 576, 864)]	(9479, 10552, 9274, 10202, 11633, 10176, 8798, 6142, 9992, 7154, 7814, 6513, 6105, 6551, 9917, 7780, 13789, 20951, 14666, 9131, 16821, 14826, 12750, 2103)
a	2180672	(667, 465)	[(18, 540, 882), (54, 558, 828), (54, 630, 702), (54, 540, 738), (-36, 594, 828), (0, 594, 864), (0, 576, 864), (-54, 612, 936), (-144, 576, 1026), (-144, 576, 990), (-90, 576, 846), (0, 558, 864), (18, 486, 882), (0, 504, 900), (-72, 504, 900), (-90, 504, 918), (-72, 486, 972), (-36, 540, 882), (18, 540, 792), (18, 522, 828), (-108, 540, 936), (72, 540, 828), (36, 522, 882), (-18, 540, 954), (-90, 504, 918)]	(9458, 10510, 9243, 10093, 11587, 9958, 8861, 6058, 10397, 7144, 7515, 6447, 7063, 6924, 9423, 7454, 14351, 20361, 14333, 9099, 15821, 14451, 12524, 2106)
m	2181164	(750, 134)	[(18, 540, 792), (18, 522, 828), (-108, 540, 936), (72, 540, 828), (36, 522, 882), (-18, 540, 954), (-90, 504, 918), (-144, 630, 1008), (72, 612, 810), (54, 612, 936), (36, 648, 972), (18, 666, 792), (90, 720, 702), (90, 702, 594), (108, 666, 576), (72, 720, 720), (18, 756, 792), (0, 792, 702), (0, 774, 630), (-18, 756, 702), (18, 882, 648), (90, 738, 792), (72, 738, 792), (-72, 900, 666), (18, 846, 576)]	(9481, 10475, 9275, 10188, 11612, 10452, 7784, 6360, 8853, 7146, 9517, 6730, 5532, 6432, 9200, 10130, 13177, 20659, 14602, 9018, 16712, 14618, 12635, 2108)
 	2183788	(815, 285)	[(18, 702, 810), (54, 648, 810), (90, 594, 864), (54, 594, 828), (72, 576, 846), (72, 576, 864), (0, 612, 882), (-54, 684, 828), (-36, 684, 864), (18, 630, 828), (18, 648, 792), (-36, 648, 828), (-36, 648, 846), (0, 648, 882), (18, 648, 846), (0, 630, 846), (-36, 666, 882), (-126, 738, 972), (198, 594, 774), (-54, 612, 882), (54, 612, 864), (18, 612, 828), (0, 594, 864), (18, 594, 918), (72, 630, 756)]	(9467, 10502, 9277, 10165, 11641, 10549, 7834, 6133, 9524, 7151, 8506, 6518, 5703, 6547, 9316, 8414, 13626, 20582, 14467, 9059, 16477, 14620, 12662, 2102)
g	2184800	(674, 253)	[(18, 612, 864), (0, 594, 882), (0, 612, 828), (0, 612, 900), (-36, 612, 900), (0, 594, 882), (18, 594, 936), (-18, 594, 936), (18, 630, 828), (0, 630, 774), (0, 648, 792), (0, 630, 828), (18, 630, 882), (36, 612, 864), (18, 612, 846), (18, 612, 846), (36, 612, 882), (18, 576, 972), (36, 774, 666), (108, 576, 846), (54, 612, 846), (36, 630, 846), (0, 648, 810), (-36, 684, 810), (72, 648, 810)]	(9466, 10479, 9274, 10147, 11640, 10511, 7844, 6276, 9743, 7236, 8832, 6578, 6050, 6833, 9215, 9258, 13692, 20345, 14487, 9039, 16469, 14490, 12532, 2099)
o	2185409	(588, 78)	[(-36, 684, 810), (72, 648, 810), (-72, 666, 864), (0, 630, 882), (18, 630, 846), (-54, 648, 864), (-54, 684, 828), (-36, 684, 738), (18, 648, 666), (-18, 666, 738), (18, 666, 810), (72, 630, 810), (108, 648, 792), (72, 684, 810), (90, 648, 846), (108, 684, 810), (144, 702, 864), (144, 666, 720), (90, 702, 738), (90, 702, 882), (72, 720, 810), (54, 774, 774), (108, 684, 918), (180, 684, 810), (162, 720, 774)]	(9485, 10473, 9249, 10169, 11619, 9929, 9506, 6407, 9432, 7242, 9035, 6746, 5112, 6629, 9663, 9000, 13654, 20810, 14806, 9064, 16823, 14708, 12732, 2119)
i	2185818	(563, 158)	[(90, 648, 846), (108, 684, 810), (144, 702, 864), (144, 666, 720), (90, 702, 738), (90, 702, 882), (72, 720, 810), (54, 774, 774), (108, 684, 918), (180, 684, 810), (162, 720, 774), (36, 756, 666), (-36, 666, 828), (-54, 666, 864), (0, 648, 828), (-18, 684, 792), (-18, 684, 810), (-54, 666, 900), (0, 666, 864), (18, 666, 756), (36, 738, 702), (72, 702, 882), (144, 612, 828), (0, 702, 738), (-36, 720, 810)]	(9466, 10470, 9263, 10149, 11640, 10159, 8522, 6236, 8799, 7211, 8754, 6515, 5117, 6740, 9245, 9078, 13638, 20386, 14647, 9063, 16730, 14625, 12577, 2097)
n	2186359	(747, 174)	[(36, 738, 702), (72, 702, 882), (144, 612, 828), (0, 702, 738), (-36, 720, 810), (144, 612, 810), (36, 666, 846), (72, 612, 900), (0, 594, 972), (18, 594, 972), (18, 612, 900), (-36, 648, 810), (18, 648, 738), (72, 648, 864), (72, 648, 810), (54, 666, 810), (18, 684, 774), (18, 702, 738), (18, 720, 756), (18, 702, 774), (54, 684, 792), (36, 738, 810), (90, 648, 828), (54, 684, 792), (54, 684, 774)]	(9484, 10508, 9297, 10185, 11653, 10331, 8481, 6234, 9476, 7198, 8488, 6495, 5823, 6654, 9301, 8766, 13620, 20549, 14666, 9092, 16844, 14764, 12667, 2096)
g	2186865	(675, 298)	[(18, 702, 774), (54, 684, 792), (36, 738, 810), (90, 648, 828), (54, 684, 792), (54, 684, 774), (54, 702, 738), (-54, 612, 972), (-90, 630, 954), (-108, 612, 846), (-72, 612, 846), (-54, 558, 900), (-72, 576, 936), (-90, 612, 882), (-126, 666, 846), (-108, 648, 882), (-54, 630, 900), (-36, 576, 918), (0, 540, 900), (-36, 612, 810), (36, 594, 774), (-18, 576, 900), (-54, 612, 864), (-36, 612, 900), (-36, 576, 918)]	(9470, 10519, 9291, 10165, 11656, 10288, 8354, 6049, 9813, 7165, 7105, 6347, 5953, 6801, 8795, 7590, 13949, 20259, 14488, 9151, 16430, 14770, 12596, 2090)
 	2187327	(814, 301)	[(-54, 630, 900), (-36, 576, 918), (0, 540, 900), (-36, 612, 810), (36, 594, 774), (-18, 576, 900), (-54, 612, 864), (-36, 612, 900), (-36, 576, 918), (-72, 612, 900), (0, 612, 900), (0, 612, 792), (0, 612, 756), (18, 612, 864), (18, 594, 864), (0, 630, 828), (36, 630, 828), (-54, 684, 846), (90, 612, 864), (-36, 594, 828), (18, 612, 774), (-54, 594, 828), (-54, 612, 846), (-108, 648, 954), (-36, 576, 936)]	(9467, 10540, 9269, 10160, 11598, 10114, 8194, 5871, 9318, 7171, 6595, 6272, 5361, 6850, 9219, 7335, 14066, 20395, 14413, 9102, 16162, 14679, 12631, 2092)
t	2187823	(593, 256)	[(90, 612, 864), (-36, 594, 828), (18, 612, 774), (-54, 594, 828), (-54, 612, 846), (-108, 648, 954), (-36, 576, 936), (18, 576, 1008), (18, 648, 792), (18, 684, 756), (18, 702, 702), (36, 702, 810), (54, 702, 828), (72, 648, 828), (90, 612, 882), (72, 630, 918), (36, 666, 828), (18, 684, 774), (-36, 702, 846), (36, 702, 864), (144, 702, 756), (108, 630, 828), (126, 648, 828), (144, 648, 702), (180, 684, 702)]	(9475, 10515, 9305, 10180, 11670, 10329, 8662, 6282, 10367, 7327, 8216, 6537, 7058, 7010, 8798, 8538, 13746, 20179, 14550, 9082, 16605, 14597, 12505, 2085)
o	2189003	(581, 95)	[(18, 666, 846), (36, 666, 846), (18, 666, 864), (36, 666, 828), (18, 648, 828), (0, 666, 792), (-54, 666, 828), (-36, 684, 846), (0, 648, 774), (-36, 738, 684), (-72, 756, 864), (54, 684, 990), (108, 630, 864), (144, 594, 756), (72, 666, 702), (-54, 756, 684), (0, 756, 810), (-36, 720, 918), (-54, 756, 594), (0, 792, 558), (36, 702, 828), (90, 738, 810), (54, 756, 738), (-36, 828, 702), (-54, 792, 702)]	(9481, 10474, 9246, 10169, 11586, 9892, 8625, 5907, 8038, 7080, 7960, 6370, 4971, 6547, 9235, 8215, 13499, 20691, 14748, 9072, 16809, 14704, 12726, 2095)
 	2189411	(812, 308)	[(72, 666, 702), (-54, 756, 684), (0, 756, 810), (-36, 720, 918), (-54, 756, 594), (0, 792, 558), (36, 702, 828), (90, 738, 810), (54, 756, 738), (-36, 828, 702), (-54, 792, 702), (144, 522, 774), (-90, 594, 918), (-108, 648, 900), (0, 612, 918), (-36, 576, 936), (-234, 666, 954), (-144, 648, 864), (-72, 594, 828), (-126, 648, 900), (54, 576, 810), (-54, 558, 882), (0, 558, 882), (-54, 594, 846), (-72, 594, 774)]	(9468, 10584, 9252, 10144, 11610, 9748, 9990, 6330, 10318, 7226, 8497, 6766, 6263, 6647, 9547, 8191, 13380, 20470, 14460, 8998, 16492, 14496, 12562, 2112)
s	2189952	(649, 389)	[(54, 576, 810), (-54, 558, 882), (0, 558, 882), (-54, 594, 846), (-72, 594, 774), (-90, 576, 990), (-18, 504, 972), (-36, 504, 900), (-54, 522, 864), (-36, 558, 864), (-36, 540, 936), (-54, 540, 900), (-36, 540, 882), (-54, 540, 918), (-36, 522, 918), (0, 504, 882), (0, 504, 900), (18, 486, 936), (18, 486, 954), (36, 504, 936), (-18, 522, 846), (36, 468, 918), (18, 504, 936), (36, 540, 864), (-36, 522, 918)]	(9472, 10608, 9270, 10155, 11612, 9790, 9948, 6224, 9850, 7169, 8323, 6538, 5885, 6609, 9137, 8256, 13750, 20430, 14521, 9095, 16572, 14676, 12632, 2101)
t	2190563	(570, 267)	[(36, 540, 864), (-36, 522, 918), (0, 522, 918), (-36, 540, 900), (-18, 522, 900), (18, 522, 900), (18, 522, 900), (-18, 540, 918), (-36, 558, 900), (-54, 540, 972), (-54, 522, 972), (-36, 558, 954), (-72, 576, 900), (-126, 630, 828), (-144, 648, 756), (-108, 666, 792), (-54, 666, 864), (72, 630, 882), (90, 594, 846), (72, 702, 702), (54, 702, 810), (108, 576, 846), (108, 576, 900), (72, 612, 846), (36, 702, 774)]	(9479, 10623, 9277, 10177, 11613, 9832, 10320, 6424, 9849, 7270, 9083, 6826, 5775, 6665, 9594, 9183, 13717, 20580, 14678, 9065, 16751, 14655, 12622, 2107)
a	2191131	(671, 469)	[(108, 576, 846), (108, 576, 900), (72, 612, 846), (36, 702, 774), (18, 594, 864), (-54, 522, 972), (-72, 558, 864), (-72, 594, 864), (-54, 558, 972), (-54, 540, 1026), (-72, 540, 990), (-90, 576, 864), (-36, 558, 882), (-54, 522, 828), (54, 486, 918), (18, 486, 882), (-54, 576, 828), (-54, 576, 882), (-72, 558, 918), (-144, 558, 936), (36, 558, 756), (-72, 558, 864), (0, 522, 882), (-54, 558, 846), (-126, 504, 936)]	(9459, 10526, 9231, 10083, 11568, 9669, 9526, 6264, 10235, 7235, 8237, 6675, 6668, 7071, 9491, 7730, 14275, 20324, 14338, 9082, 15861, 14432, 12516, 2103)
y	2191692	(560, 223)	[(-72, 558, 864), (0, 522, 882), (-54, 558, 846), (-126, 504, 936), (-108, 522, 1026), (-90, 540, 828), (-54, 558, 846), (-72, 612, 900), (-90, 594, 936), (-18, 594, 900), (18, 576, 954), (-36, 612, 972), (-18, 684, 792), (54, 684, 666), (90, 648, 738), (36, 612, 846), (-36, 666, 918), (-36, 702, 846), (-36, 792, 702), (-108, 864, 576), (36, 684, 702), (126, 594, 846), (72, 702, 774), (90, 756, 522), (36, 648, 702)]	(9464, 10548, 9248, 10127, 11589, 9774, 9431, 6159, 7980, 7085, 8799, 6587, 5140, 6460, 9078, 8674, 13390, 20436, 14509, 9009, 16609, 14554, 12591, 2092)
 	2192032	(824, 289)	[(-36, 612, 972), (-18, 684, 792), (54, 684, 666), (90, 648, 738), (36, 612, 846), (-36, 666, 918), (-36, 702, 846), (-36, 792, 702), (-108, 864, 576), (36, 684, 702), (126, 594, 846), (72, 702, 774), (90, 756, 522), (36, 648, 702), (0, 558, 900), (0, 522, 990), (-72, 558, 1044), (-162, 630, 1044), (-126, 702, 900), (0, 540, 864), (18, 540, 828), (-18, 540, 810), (-36, 558, 846), (-54, 576, 900), (-36, 558, 864)]	(9459, 10558, 9260, 10130, 11615, 9877, 9484, 6219, 9670, 7105, 8799, 6578, 5934, 6534, 9333, 8544, 13507, 20525, 14444, 9029, 16548, 14546, 12608, 2092)
h	2192475	(674, 215)	[(-72, 558, 1044), (-162, 630, 1044), (-126, 702, 900), (0, 540, 864), (18, 540, 828), (-18, 540, 810), (-36, 558, 846), (-54, 576, 900), (-36, 558, 864), (-126, 612, 954), (-72, 576, 936), (-54, 558, 810), (-90, 612, 684), (-72, 630, 792), (-72, 612, 954), (-54, 612, 1026), (0, 594, 954), (-36, 594, 828), (-36, 594, 828), (18, 684, 810), (90, 522, 900), (-36, 576, 846), (-90, 684, 828), (-72, 702, 792), (-36, 648, 864)]	(9473, 10588, 9275, 10178, 11637, 9919, 9735, 6325, 9495, 7183, 9358, 6685, 5555, 6482, 9134, 9384, 13400, 20492, 14614, 9031, 16761, 14665, 12625, 2098)
e	2193083	(591, 371)	[(-72, 702, 792), (-36, 648, 864), (-54, 648, 738), (-90, 702, 810), (-72, 666, 882), (36, 630, 900), (18, 594, 828), (-54, 648, 900), (-54, 612, 900), (-54, 612, 846), (18, 576, 846), (36, 558, 882), (54, 558, 900), (18, 576, 918), (-36, 594, 918), (18, 576, 918), (18, 558, 900), (-36, 594, 882), (0, 594, 918), (18, 576, 918), (36, 558, 828), (72, 594, 720), (0, 576, 846), (36, 594, 810), (18, 630, 792)]	(9462, 10552, 9272, 10137, 11625, 9870, 9599, 6259, 10039, 7151, 8955, 6581, 6185, 6546, 8955, 9143, 13654, 20351, 14486, 9052, 16456, 14581, 12585, 2090)
r	2193543	(594, 312)	[(18, 558, 900), (-36, 594, 882), (0, 594, 918), (18, 576, 918), (36, 558, 828), (72, 594, 720), (0, 576, 846), (36, 594, 810), (18, 630, 792), (18, 594, 882), (0, 594, 900), (0, 576, 900), (0, 594, 810), (18, 594, 846), (18, 576, 846), (36, 576, 864), (-18, 594, 846), (-72, 648, 846), (-36, 630, 846), (18, 594, 918), (-36, 612, 882), (-36, 648, 810), (-36, 576, 918), (-36, 612, 864), (-90, 666, 828)]	(9476, 10571, 9277, 10154, 11637, 9898, 9761, 6321, 9945, 7226, 9323, 6668, 5901, 6610, 9154, 9496, 13713, 20423, 14568, 9072, 16558, 14628, 12609, 2090)
e	2193886	(575, 354)	[(0, 576, 900), (0, 594, 810), (18, 594, 846), (18, 576, 846), (36, 576, 864), (-18, 594, 846), (-72, 648, 846), (-36, 630, 846), (18, 594, 918), (-36, 612, 882), (-36, 648, 810), (-36, 576, 918), (-36, 612, 864), (-90, 666, 828), (-90, 612, 900), (-36, 594, 864), (-36, 576, 936), (0, 558, 882), (0, 576, 810), (0, 594, 738), (0, 576, 864), (18, 558, 864), (0, 558, 882), (-36, 576, 882), (-36, 594, 864)]	(9466, 10558, 9272, 10135, 11618, 9857, 9654, 6260, 9902, 7186, 8972, 6575, 5978, 6664, 9225, 9162, 13845, 20426, 14525, 9074, 16477, 14610, 12596, 2090)
