Please hold the phone in your right hand and type with you right thumb
a	2198983	(681, 427)	[(-54, 756, 774), (-36, 738, 810), (-54, 702, 792), (-72, 702, 738), (-162, 738, 756), (-180, 738, 774), (-162, 720, 756), (-90, 702, 702), (-72, 756, 774), (-36, 684, 954), (-90, 684, 918), (-144, 648, 792), (-216, 684, 612), (-270, 810, 396), (90, 756, 522), (72, 792, 666), (-126, 738, 612), (-180, 720, 576), (-180, 756, 720), (-270, 774, 792), (-234, 774, 810), (-126, 774, 792), (-90, 792, 792), (-198, 810, 738), (-126, 810, 594)]	(9485, 11738, 10995, 10825, 13073, 10664, 4206, 7056, 4790, 7028, 5736, 6989, 5501, 6076, 7180, 6878, 11096, 19775, 15094, 8780, 15471, 13295, 12204, 2078)
r	2199339	(574, 306)	[(-216, 684, 612), (-270, 810, 396), (90, 756, 522), (72, 792, 666), (-126, 738, 612), (-180, 720, 576), (-180, 756, 720), (-270, 774, 792), (-234, 774, 810), (-126, 774, 792), (-90, 792, 792), (-198, 810, 738), (-126, 810, 594), (-144, 810, 612), (-72, 810, 756), (-72, 828, 918), (-162, 810, 846), (-90, 792, 720), (-54, 774, 630), (-126, 774, 666), (-144, 774, 648), (-126, 774, 702), (-126, 792, 702), (-144, 756, 756), (-144, 792, 720)]	(9515, 11474, 10772, 10455, 14011, 11307, 4419, 6693, 4619, 7200, 5971, 6679, 5285, 6078, 7187, 6964, 11099, 19788, 15050, 8800, 15488, 13303, 12210, 2083)
e	2199629	(579, 352)	[(-126, 774, 792), (-90, 792, 792), (-198, 810, 738), (-126, 810, 594), (-144, 810, 612), (-72, 810, 756), (-72, 828, 918), (-162, 810, 846), (-90, 792, 720), (-54, 774, 630), (-126, 774, 666), (-144, 774, 648), (-126, 774, 702), (-126, 792, 702), (-144, 756, 756), (-144, 792, 720), (-54, 774, 684), (-54, 810, 792), (-108, 792, 774), (-180, 792, 594), (-144, 810, 540), (-180, 828, 630), (-72, 846, 900), (-252, 882, 702), (-180, 828, 612)]	(9480, 11433, 10730, 10492, 13694, 11143, 4404, 7100, 4639, 7128, 5944, 7245, 5297, 6069, 7179, 6942, 11084, 19754, 14805, 8783, 15439, 13277, 12203, 2073)
 	2199819	(816, 246)	[(-144, 810, 612), (-72, 810, 756), (-72, 828, 918), (-162, 810, 846), (-90, 792, 720), (-54, 774, 630), (-126, 774, 666), (-144, 774, 648), (-126, 774, 702), (-126, 792, 702), (-144, 756, 756), (-144, 792, 720), (-54, 774, 684), (-54, 810, 792), (-108, 792, 774), (-180, 792, 594), (-144, 810, 540), (-180, 828, 630), (-72, 846, 900), (-252, 882, 702), (-180, 828, 612), (-90, 684, 1062), (-126, 720, 594), (-54, 738, 486), (0, 756, 576)]	(9426, 10977, 10055, 10073, 13442, 10464, 4633, 11097, 4886, 7478, 6247, 8411, 5556, 6115, 7237, 7314, 11118, 19784, 14883, 8798, 15405, 13323, 12210, 2071)
y	2200108	(589, 211)	[(-126, 774, 702), (-126, 792, 702), (-144, 756, 756), (-144, 792, 720), (-54, 774, 684), (-54, 810, 792), (-108, 792, 774), (-180, 792, 594), (-144, 810, 540), (-180, 828, 630), (-72, 846, 900), (-252, 882, 702), (-180, 828, 612), (-90, 684, 1062), (-126, 720, 594), (-54, 738, 486), (0, 756, 576), (-36, 774, 702), (0, 756, 846), (-54, 720, 720), (0, 684, 972), (-180, 720, 864), (-162, 738, 720), (-198, 720, 666), (-234, 738, 666)]	(9435, 11539, 10285, 10117, 11750, 11245, 4942, 11912, 4981, 7245, 6358, 8537, 5723, 6236, 7315, 8062, 11161, 19832, 14987, 8884, 15507, 13366, 12216, 2085)
o	2200347	(559, 60)	[(-180, 792, 594), (-144, 810, 540), (-180, 828, 630), (-72, 846, 900), (-252, 882, 702), (-180, 828, 612), (-90, 684, 1062), (-126, 720, 594), (-54, 738, 486), (0, 756, 576), (-36, 774, 702), (0, 756, 846), (-54, 720, 720), (0, 684, 972), (-180, 720, 864), (-162, 738, 720), (-198, 720, 666), (-234, 738, 666), (-216, 702, 738), (-144, 774, 864), (-144, 684, 846), (18, 666, 792), (-90, 702, 738), (-72, 630, 684), (-180, 738, 630)]	(9410, 11059, 9650, 10007, 11731, 11603, 5149, 11836, 5059, 7273, 6289, 8815, 6341, 6215, 7306, 7546, 11121, 19792, 14727, 8798, 15397, 13332, 12211, 2078)
u	2200610	(581, 170)	[(-126, 720, 594), (-54, 738, 486), (0, 756, 576), (-36, 774, 702), (0, 756, 846), (-54, 720, 720), (0, 684, 972), (-180, 720, 864), (-162, 738, 720), (-198, 720, 666), (-234, 738, 666), (-216, 702, 738), (-144, 774, 864), (-144, 684, 846), (18, 666, 792), (-90, 702, 738), (-72, 630, 684), (-180, 738, 630), (-54, 684, 900), (0, 684, 918), (-72, 666, 810), (-198, 684, 918), (-54, 684, 900), (-162, 702, 900), (-270, 702, 774)]	(9408, 11284, 10001, 10014, 11733, 11507, 5065, 11784, 5019, 7277, 6319, 8515, 5869, 6214, 7304, 7907, 11128, 19808, 14831, 8836, 15457, 13338, 12215, 2076)
 	2200800	(818, 216)	[(-54, 720, 720), (0, 684, 972), (-180, 720, 864), (-162, 738, 720), (-198, 720, 666), (-234, 738, 666), (-216, 702, 738), (-144, 774, 864), (-144, 684, 846), (18, 666, 792), (-90, 702, 738), (-72, 630, 684), (-180, 738, 630), (-54, 684, 900), (0, 684, 918), (-72, 666, 810), (-198, 684, 918), (-54, 684, 900), (-162, 702, 900), (-270, 702, 774), (-198, 666, 702), (-162, 666, 918), (-180, 684, 684), (-108, 684, 738), (-108, 720, 792)]	(9435, 11612, 10129, 10046, 11785, 11469, 4976, 10849, 4889, 7316, 6285, 8140, 6011, 6238, 7324, 8285, 11153, 19805, 14836, 8866, 15452, 13356, 12222, 2076)
g	2201040	(661, 248)	[(-216, 702, 738), (-144, 774, 864), (-144, 684, 846), (18, 666, 792), (-90, 702, 738), (-72, 630, 684), (-180, 738, 630), (-54, 684, 900), (0, 684, 918), (-72, 666, 810), (-198, 684, 918), (-54, 684, 900), (-162, 702, 900), (-270, 702, 774), (-198, 666, 702), (-162, 666, 918), (-180, 684, 684), (-108, 684, 738), (-108, 720, 792), (-72, 702, 810), (-144, 702, 828), (-54, 774, 540), (-90, 702, 792), (-108, 684, 918), (-180, 684, 864)]	(9410, 11505, 10241, 10064, 11706, 10879, 4794, 11464, 4862, 7172, 6292, 8066, 5760, 6241, 7325, 8344, 11159, 19825, 14936, 8880, 15487, 13360, 12210, 2079)
e	2201331	(590, 342)	[(-72, 666, 810), (-198, 684, 918), (-54, 684, 900), (-162, 702, 900), (-270, 702, 774), (-198, 666, 702), (-162, 666, 918), (-180, 684, 684), (-108, 684, 738), (-108, 720, 792), (-72, 702, 810), (-144, 702, 828), (-54, 774, 540), (-90, 702, 792), (-108, 684, 918), (-180, 684, 864), (-198, 648, 900), (-162, 648, 1080), (-180, 630, 1008), (-180, 666, 846), (0, 684, 792), (-126, 756, 666), (-144, 810, 594), (-198, 810, 522), (-126, 810, 828)]	(9424, 11504, 10482, 10363, 11775, 11435, 4896, 12389, 5330, 7222, 6331, 8666, 5918, 6205, 7292, 7866, 11145, 19818, 15001, 8848, 15468, 13339, 12209, 2081)
t	2201739	(599, 235)	[(-90, 702, 792), (-108, 684, 918), (-180, 684, 864), (-198, 648, 900), (-162, 648, 1080), (-180, 630, 1008), (-180, 666, 846), (0, 684, 792), (-126, 756, 666), (-144, 810, 594), (-198, 810, 522), (-126, 810, 828), (-72, 828, 936), (-162, 864, 594), (126, 702, 1008), (-36, 720, 720), (0, 720, 756), (-72, 756, 756), (-90, 756, 738), (-72, 738, 774), (-72, 756, 720), (-72, 738, 756), (-108, 738, 810), (-108, 702, 864), (-144, 738, 792)]	(9416, 11230, 10165, 10090, 11777, 11717, 4990, 11685, 5141, 7242, 6364, 8086, 6143, 6212, 7301, 8240, 11135, 19798, 14791, 8855, 15455, 13341, 12205, 2074)
t	2202032	(592, 236)	[(-144, 810, 594), (-198, 810, 522), (-126, 810, 828), (-72, 828, 936), (-162, 864, 594), (126, 702, 1008), (-36, 720, 720), (0, 720, 756), (-72, 756, 756), (-90, 756, 738), (-72, 738, 774), (-72, 756, 720), (-72, 738, 756), (-108, 738, 810), (-108, 702, 864), (-144, 738, 792), (-108, 738, 684), (-126, 738, 720), (-108, 738, 774), (-72, 738, 774), (0, 738, 756), (-90, 720, 756), (-144, 684, 864), (-126, 684, 774), (-108, 684, 756)]	(9411, 11184, 10089, 10052, 11743, 11531, 5024, 11932, 5153, 7227, 6386, 8355, 6190, 6213, 7278, 8065, 11123, 19780, 14708, 8838, 15411, 13326, 12204, 2075)
i	2202322	(580, 95)	[(-72, 756, 756), (-90, 756, 738), (-72, 738, 774), (-72, 756, 720), (-72, 738, 756), (-108, 738, 810), (-108, 702, 864), (-144, 738, 792), (-108, 738, 684), (-126, 738, 720), (-108, 738, 774), (-72, 738, 774), (0, 738, 756), (-90, 720, 756), (-144, 684, 864), (-126, 684, 774), (-108, 684, 756), (-72, 666, 828), (0, 648, 828), (18, 630, 846), (0, 648, 828), (18, 684, 756), (-54, 702, 738), (-54, 702, 792), (-36, 648, 774)]	(9419, 11048, 9654, 10055, 11816, 12337, 5094, 11598, 4999, 7313, 6303, 8775, 6637, 6178, 7277, 7964, 11125, 19770, 14666, 8805, 15375, 13322, 12209, 2076)
n	2202613	(727, 143)	[(-126, 738, 720), (-108, 738, 774), (-72, 738, 774), (0, 738, 756), (-90, 720, 756), (-144, 684, 864), (-126, 684, 774), (-108, 684, 756), (-72, 666, 828), (0, 648, 828), (18, 630, 846), (0, 648, 828), (18, 684, 756), (-54, 702, 738), (-54, 702, 792), (-36, 648, 774), (-72, 666, 792), (0, 648, 864), (-54, 702, 954), (-54, 630, 810), (-90, 648, 792), (-90, 648, 918), (-72, 648, 774), (54, 666, 792), (72, 684, 828)]	(9421, 11129, 9671, 10037, 11770, 12030, 5281, 11734, 5138, 7337, 6290, 8928, 6433, 6188, 7278, 7854, 11123, 19772, 14656, 8805, 15379, 13326, 12207, 2076)
g	2202921	(671, 218)	[(0, 648, 828), (18, 630, 846), (0, 648, 828), (18, 684, 756), (-54, 702, 738), (-54, 702, 792), (-36, 648, 774), (-72, 666, 792), (0, 648, 864), (-54, 702, 954), (-54, 630, 810), (-90, 648, 792), (-90, 648, 918), (-72, 648, 774), (54, 666, 792), (72, 684, 828), (18, 648, 810), (0, 684, 810), (36, 684, 792), (-54, 648, 918), (-108, 684, 702), (-144, 684, 648), (-90, 720, 666), (-108, 702, 828), (-108, 684, 810)]	(9428, 11470, 10287, 10163, 11835, 12370, 4924, 10924, 4718, 7284, 6265, 7588, 5755, 6185, 7286, 8484, 11148, 19822, 14933, 8892, 15486, 13360, 12215, 2071)
 	2203164	(837, 197)	[(-72, 666, 792), (0, 648, 864), (-54, 702, 954), (-54, 630, 810), (-90, 648, 792), (-90, 648, 918), (-72, 648, 774), (54, 666, 792), (72, 684, 828), (18, 648, 810), (0, 684, 810), (36, 684, 792), (-54, 648, 918), (-108, 684, 702), (-144, 684, 648), (-90, 720, 666), (-108, 702, 828), (-108, 684, 810), (-108, 684, 774), (-90, 702, 846), (-108, 666, 936), (-54, 666, 900), (-72, 684, 756), (-54, 684, 756), (-36, 702, 810)]	(9433, 11535, 10214, 10083, 11800, 11728, 4965, 9928, 4838, 7290, 6342, 7426, 5881, 6212, 7308, 8764, 11150, 19804, 14801, 8875, 15446, 13351, 12216, 2080)
a	2203720	(654, 429)	[(-108, 666, 936), (-54, 666, 900), (-72, 684, 756), (-54, 684, 756), (-36, 702, 810), (-72, 666, 882), (-54, 666, 918), (-54, 666, 936), (-72, 666, 810), (-72, 684, 774), (-54, 702, 828), (-36, 702, 756), (-72, 738, 702), (-90, 738, 720), (-54, 720, 792), (-36, 720, 864), (-54, 738, 846), (-144, 720, 756), (-126, 774, 720), (252, 774, 792), (-234, 828, 630), (-288, 828, 450), (-180, 828, 504), (-180, 828, 666), (-216, 882, 648)]	(9461, 11977, 10995, 11036, 11843, 12640, 4619, 8075, 4990, 7094, 5894, 6713, 6794, 6110, 7220, 7052, 11088, 19752, 14922, 8760, 15339, 13269, 12202, 2068)
l	2204111	(669, 21)	[(-54, 720, 792), (-36, 720, 864), (-54, 738, 846), (-144, 720, 756), (-126, 774, 720), (252, 774, 792), (-234, 828, 630), (-288, 828, 450), (-180, 828, 504), (-180, 828, 666), (-216, 882, 648), (-72, 864, 684), (-90, 864, 720), (-144, 882, 558), (-216, 684, 882), (126, 612, 846), (72, 684, 756), (18, 702, 720), (-90, 702, 756), (-72, 720, 774), (0, 684, 810), (0, 648, 792), (18, 630, 738), (18, 666, 882), (36, 684, 882)]	(9403, 10936, 9514, 10018, 11794, 12100, 5374, 11806, 5101, 7268, 6257, 8492, 6380, 6143, 7247, 7944, 11082, 19759, 14635, 8777, 15323, 13322, 12212, 2078)
l	2204355	(674, 36)	[(-234, 828, 630), (-288, 828, 450), (-180, 828, 504), (-180, 828, 666), (-216, 882, 648), (-72, 864, 684), (-90, 864, 720), (-144, 882, 558), (-216, 684, 882), (126, 612, 846), (72, 684, 756), (18, 702, 720), (-90, 702, 756), (-72, 720, 774), (0, 684, 810), (0, 648, 792), (18, 630, 738), (18, 666, 882), (36, 684, 882), (0, 702, 864), (0, 666, 738), (108, 630, 810), (-36, 684, 1044), (90, 576, 864), (18, 702, 666)]	(9417, 11096, 9656, 10057, 11773, 11950, 5555, 12596, 5169, 7230, 6346, 8820, 6361, 6177, 7262, 8482, 11114, 19767, 14648, 8801, 15336, 13324, 12217, 2077)
 	2204545	(828, 203)	[(-216, 882, 648), (-72, 864, 684), (-90, 864, 720), (-144, 882, 558), (-216, 684, 882), (126, 612, 846), (72, 684, 756), (18, 702, 720), (-90, 702, 756), (-72, 720, 774), (0, 684, 810), (0, 648, 792), (18, 630, 738), (18, 666, 882), (36, 684, 882), (0, 702, 864), (0, 666, 738), (108, 630, 810), (-36, 684, 1044), (90, 576, 864), (18, 702, 666), (-108, 702, 702), (18, 738, 918), (-72, 720, 1098), (54, 648, 1026)]	(9410, 11203, 10027, 10093, 11698, 11332, 5321, 12357, 5171, 7182, 6305, 8262, 6668, 6203, 7286, 9219, 11117, 19757, 14576, 8824, 15330, 13324, 12201, 2073)
t	2204743	(560, 246)	[(-216, 684, 882), (126, 612, 846), (72, 684, 756), (18, 702, 720), (-90, 702, 756), (-72, 720, 774), (0, 684, 810), (0, 648, 792), (18, 630, 738), (18, 666, 882), (36, 684, 882), (0, 702, 864), (0, 666, 738), (108, 630, 810), (-36, 684, 1044), (90, 576, 864), (18, 702, 666), (-108, 702, 702), (18, 738, 918), (-72, 720, 1098), (54, 648, 1026), (-252, 864, 270), (-180, 792, 684), (-198, 810, 684), (-126, 846, 792)]	(9440, 11173, 10287, 10240, 11803, 10886, 5067, 13087, 5413, 7260, 6389, 7984, 7365, 6229, 7332, 9352, 11116, 19750, 14550, 8802, 15315, 13311, 12191, 2078)
h	2205001	(668, 184)	[(0, 648, 792), (18, 630, 738), (18, 666, 882), (36, 684, 882), (0, 702, 864), (0, 666, 738), (108, 630, 810), (-36, 684, 1044), (90, 576, 864), (18, 702, 666), (-108, 702, 702), (18, 738, 918), (-72, 720, 1098), (54, 648, 1026), (-252, 864, 270), (-180, 792, 684), (-198, 810, 684), (-126, 846, 792), (-36, 864, 684), (-270, 810, 576), (-198, 720, 828), (-36, 684, 684), (-90, 720, 864), (-72, 666, 792), (-162, 702, 792)]	(9435, 11081, 9984, 10104, 11783, 12055, 5288, 12887, 5353, 7253, 6413, 8200, 7691, 6215, 7292, 9075, 11110, 19747, 14521, 8791, 15307, 13308, 12202, 2077)
e	2205249	(569, 357)	[(-36, 684, 1044), (90, 576, 864), (18, 702, 666), (-108, 702, 702), (18, 738, 918), (-72, 720, 1098), (54, 648, 1026), (-252, 864, 270), (-180, 792, 684), (-198, 810, 684), (-126, 846, 792), (-36, 864, 684), (-270, 810, 576), (-198, 720, 828), (-36, 684, 684), (-90, 720, 864), (-72, 666, 792), (-162, 702, 792), (-144, 684, 846), (36, 756, 648), (-252, 792, 774), (-90, 792, 594), (36, 846, 558), (-378, 918, 558), (-378, 774, 594)]	(9480, 11745, 10782, 11165, 11983, 13324, 4903, 8183, 5246, 7194, 6154, 7096, 6840, 6106, 7217, 6890, 11069, 19745, 14782, 8747, 15387, 13264, 12195, 2084)
 	2205488	(834, 220)	[(-252, 864, 270), (-180, 792, 684), (-198, 810, 684), (-126, 846, 792), (-36, 864, 684), (-270, 810, 576), (-198, 720, 828), (-36, 684, 684), (-90, 720, 864), (-72, 666, 792), (-162, 702, 792), (-144, 684, 846), (36, 756, 648), (-252, 792, 774), (-90, 792, 594), (36, 846, 558), (-378, 918, 558), (-378, 774, 594), (-126, 846, 864), (-126, 828, 792), (-288, 846, 504), (-72, 666, 1008), (-108, 756, 666), (-90, 774, 522), (72, 720, 630)]	(9423, 11219, 10097, 10130, 11870, 12190, 5072, 10548, 5119, 7280, 6335, 7955, 6125, 6146, 7248, 7507, 11109, 19779, 14732, 8813, 15414, 13311, 12212, 2076)
i	2205831	(570, 123)	[(-162, 702, 792), (-144, 684, 846), (36, 756, 648), (-252, 792, 774), (-90, 792, 594), (36, 846, 558), (-378, 918, 558), (-378, 774, 594), (-126, 846, 864), (-126, 828, 792), (-288, 846, 504), (-72, 666, 1008), (-108, 756, 666), (-90, 774, 522), (72, 720, 630), (18, 774, 756), (36, 738, 864), (0, 756, 828), (-126, 756, 720), (72, 630, 954), (-36, 720, 738), (-180, 702, 738), (-162, 666, 828), (-72, 666, 792), (18, 666, 810)]	(9413, 11111, 10027, 10085, 11693, 11660, 4780, 11852, 4598, 7121, 6067, 8721, 6310, 6135, 7225, 7696, 11115, 19781, 14757, 8840, 15446, 13320, 12195, 2072)
n	2206143	(770, 146)	[(-288, 846, 504), (-72, 666, 1008), (-108, 756, 666), (-90, 774, 522), (72, 720, 630), (18, 774, 756), (36, 738, 864), (0, 756, 828), (-126, 756, 720), (72, 630, 954), (-36, 720, 738), (-180, 702, 738), (-162, 666, 828), (-72, 666, 792), (18, 666, 810), (-144, 702, 810), (-108, 702, 954), (-54, 648, 846), (-126, 684, 756), (-72, 666, 810), (-36, 648, 846), (-72, 684, 738), (0, 684, 846), (-36, 684, 810), (-90, 648, 792)]	(42253, 43830, 9837, 10030, 11782, 12190, 5192, 11834, 5015, 7250, 6262, 8855, 6307, 6144, 7241, 7720, 11101, 19768, 14676, 8805, 15387, 13316, 12208, 2066)
f	2206535	(669, 267)	[(18, 666, 810), (-144, 702, 810), (-108, 702, 954), (-54, 648, 846), (-126, 684, 756), (-72, 666, 810), (-36, 648, 846), (-72, 684, 738), (0, 684, 846), (-36, 684, 810), (-90, 648, 792), (-36, 648, 792), (36, 648, 828), (18, 666, 864), (0, 648, 954), (0, 702, 666), (-54, 756, 576), (-72, 792, 702), (18, 756, 684), (-90, 738, 774), (-198, 738, 846), (-72, 702, 594), (-36, 774, 504), (-252, 864, 684), (-198, 756, 954)]	(9430, 11172, 10287, 10278, 11948, 12660, 5006, 12423, 5113, 7334, 6315, 8458, 5971, 6141, 7250, 7846, 11110, 19790, 14783, 8811, 15414, 13324, 12205, 2081)
o	2206779	(564, 56)	[(-36, 648, 846), (-72, 684, 738), (0, 684, 846), (-36, 684, 810), (-90, 648, 792), (-36, 648, 792), (36, 648, 828), (18, 666, 864), (0, 648, 954), (0, 702, 666), (-54, 756, 576), (-72, 792, 702), (18, 756, 684), (-90, 738, 774), (-198, 738, 846), (-72, 702, 594), (-36, 774, 504), (-252, 864, 684), (-198, 756, 954), (-144, 720, 1044), (-108, 702, 702), (-36, 702, 738), (-54, 666, 702), (-108, 702, 864), (-36, 684, 1008)]	(9408, 10813, 9576, 10016, 11827, 12323, 5050, 12118, 5046, 7319, 6250, 8849, 6607, 6145, 7253, 7843, 11098, 19771, 14666, 8794, 15370, 13310, 12211, 2055)
r	2207019	(583, 315)	[(36, 648, 828), (18, 666, 864), (0, 648, 954), (0, 702, 666), (-54, 756, 576), (-72, 792, 702), (18, 756, 684), (-90, 738, 774), (-198, 738, 846), (-72, 702, 594), (-36, 774, 504), (-252, 864, 684), (-198, 756, 954), (-144, 720, 1044), (-108, 702, 702), (-36, 702, 738), (-54, 666, 702), (-108, 702, 864), (-36, 684, 1008), (-36, 684, 918), (-36, 648, 864), (108, 774, 612), (-126, 774, 468), (-144, 792, 558), (-216, 846, 576)]	(9426, 11163, 10395, 10471, 11763, 11668, 4902, 12045, 5237, 7165, 6292, 7939, 5981, 6162, 7257, 7697, 11113, 19795, 14940, 8826, 15435, 13319, 12211, 2084)
m	2207324	(752, 48)	[(-72, 702, 594), (-36, 774, 504), (-252, 864, 684), (-198, 756, 954), (-144, 720, 1044), (-108, 702, 702), (-36, 702, 738), (-54, 666, 702), (-108, 702, 864), (-36, 684, 1008), (-36, 684, 918), (-36, 648, 864), (108, 774, 612), (-126, 774, 468), (-144, 792, 558), (-216, 846, 576), (-126, 774, 468), (-72, 846, 900), (-162, 774, 882), (0, 612, 684), (36, 684, 954), (-108, 666, 810), (-108, 702, 774), (-36, 702, 792), (72, 648, 810)]	(9395, 10782, 9384, 9929, 11689, 11515, 5321, 11708, 4994, 7173, 6261, 8751, 6487, 6149, 7241, 7706, 11055, 19740, 14563, 8753, 15298, 13301, 12202, 2072)
a	2207768	(704, 423)	[(-126, 774, 468), (-72, 846, 900), (-162, 774, 882), (0, 612, 684), (36, 684, 954), (-108, 666, 810), (-108, 702, 774), (-36, 702, 792), (72, 648, 810), (90, 648, 900), (-90, 702, 810), (-54, 684, 828), (90, 612, 864), (216, 594, 666), (-324, 864, 792), (-270, 828, 432), (72, 738, 900), (-216, 828, 792), (-270, 792, 486), (-54, 810, 450), (-36, 900, 468), (-54, 846, 702), (-144, 882, 882), (-72, 900, 756), (36, 900, 540)]	(9476, 11384, 11008, 11477, 11850, 13316, 4569, 8589, 5020, 7101, 6139, 7131, 6990, 6114, 7210, 6992, 11067, 19713, 14813, 8731, 15276, 13242, 12190, 2080)
t	2208123	(598, 250)	[(-54, 684, 828), (90, 612, 864), (216, 594, 666), (-324, 864, 792), (-270, 828, 432), (72, 738, 900), (-216, 828, 792), (-270, 792, 486), (-54, 810, 450), (-36, 900, 468), (-54, 846, 702), (-144, 882, 882), (-72, 900, 756), (36, 900, 540), (126, 882, 666), (0, 954, 648), (-54, 882, 576), (-108, 756, 882), (0, 774, 846), (54, 810, 720), (-54, 828, 666), (-126, 810, 702), (-108, 774, 756), (-90, 756, 720), (-72, 792, 684)]	(9471, 11690, 10609, 10535, 11892, 13073, 4727, 6643, 4526, 7131, 5948, 6466, 5728, 6093, 7201, 7088, 11069, 19737, 14892, 8750, 15341, 13264, 12201, 2075)
i	2208567	(597, 115)	[(-54, 882, 576), (-108, 756, 882), (0, 774, 846), (54, 810, 720), (-54, 828, 666), (-126, 810, 702), (-108, 774, 756), (-90, 756, 720), (-72, 792, 684), (-72, 792, 612), (-90, 774, 720), (-72, 792, 792), (-108, 756, 738), (-126, 774, 666), (-54, 702, 864), (72, 648, 738), (54, 666, 756), (-36, 702, 828), (-36, 666, 828), (0, 684, 792), (-36, 684, 864), (-72, 666, 846), (-72, 666, 702), (-72, 702, 792), (-54, 684, 900)]	(9440, 11243, 10117, 10183, 11895, 13041, 5174, 11905, 4948, 7274, 6357, 7363, 6064, 6159, 7263, 9755, 11120, 19772, 14807, 8804, 15337, 13330, 12201, 2072)
o	2208810	(584, 62)	[(-108, 774, 756), (-90, 756, 720), (-72, 792, 684), (-72, 792, 612), (-90, 774, 720), (-72, 792, 792), (-108, 756, 738), (-126, 774, 666), (-54, 702, 864), (72, 648, 738), (54, 666, 756), (-36, 702, 828), (-36, 666, 828), (0, 684, 792), (-36, 684, 864), (-72, 666, 846), (-72, 666, 702), (-72, 702, 792), (-54, 684, 900), (-90, 702, 972), (-54, 630, 846), (-36, 666, 738), (18, 684, 792), (-54, 666, 810), (-90, 648, 900)]	(9437, 11152, 9886, 10154, 11921, 12990, 5254, 11702, 5023, 7297, 6427, 7500, 5953, 6163, 7267, 9661, 11103, 19756, 14729, 8795, 15314, 13317, 12190, 2067)
n	2209000	(737, 137)	[(-90, 774, 720), (-72, 792, 792), (-108, 756, 738), (-126, 774, 666), (-54, 702, 864), (72, 648, 738), (54, 666, 756), (-36, 702, 828), (-36, 666, 828), (0, 684, 792), (-36, 684, 864), (-72, 666, 846), (-72, 666, 702), (-72, 702, 792), (-54, 684, 900), (-90, 702, 972), (-54, 630, 846), (-36, 666, 738), (18, 684, 792), (-54, 666, 810), (-90, 648, 900), (-72, 666, 756), (18, 648, 810), (-54, 702, 774), (-36, 684, 828)]	(9442, 11175, 9839, 10114, 11882, 12863, 5283, 11660, 5023, 7287, 6417, 7560, 6078, 6175, 7269, 9731, 11105, 19754, 14675, 8794, 15309, 13315, 12199, 2070)
 	2209310	(847, 187)	[(0, 684, 792), (-36, 684, 864), (-72, 666, 846), (-72, 666, 702), (-72, 702, 792), (-54, 684, 900), (-90, 702, 972), (-54, 630, 846), (-36, 666, 738), (18, 684, 792), (-54, 666, 810), (-90, 648, 900), (-72, 666, 756), (18, 648, 810), (-54, 702, 774), (-36, 684, 828), (-36, 666, 828), (18, 666, 738), (-36, 648, 900), (-162, 666, 756), (-54, 648, 882), (-126, 702, 828), (-90, 684, 756), (-108, 666, 828), (-90, 684, 810)]	(9457, 11524, 10297, 10209, 11910, 12996, 5258, 10812, 5040, 7304, 6497, 7162, 6104, 6214, 7295, 10310, 11123, 19766, 14710, 8820, 15319, 13340, 12203, 2076)
y	2209652	(573, 213)	[(-72, 666, 756), (18, 648, 810), (-54, 702, 774), (-36, 684, 828), (-36, 666, 828), (18, 666, 738), (-36, 648, 900), (-162, 666, 756), (-54, 648, 882), (-126, 702, 828), (-90, 684, 756), (-108, 666, 828), (-90, 684, 810), (-126, 684, 828), (-54, 702, 774), (-90, 666, 936), (-72, 648, 972), (-72, 684, 810), (-108, 720, 756), (-54, 738, 774), (-90, 774, 774), (-108, 792, 702), (-54, 810, 666), (-126, 846, 450), (-234, 792, 486)]	(9425, 11336, 10353, 10331, 11834, 12551, 4751, 10681, 4640, 7163, 6240, 6756, 5547, 6167, 7266, 10087, 11118, 19770, 14826, 8818, 15344, 13335, 12204, 2076)
o	2209944	(610, 50)	[(-54, 648, 882), (-126, 702, 828), (-90, 684, 756), (-108, 666, 828), (-90, 684, 810), (-126, 684, 828), (-54, 702, 774), (-90, 666, 936), (-72, 648, 972), (-72, 684, 810), (-108, 720, 756), (-54, 738, 774), (-90, 774, 774), (-108, 792, 702), (-54, 810, 666), (-126, 846, 450), (-234, 792, 486), (-180, 738, 684), (-36, 792, 900), (0, 720, 810), (-54, 666, 774), (-54, 648, 846), (18, 666, 936), (126, 630, 900), (-162, 774, 774)]	(9428, 10994, 9574, 10106, 11915, 12908, 5328, 11999, 5144, 7313, 6515, 7647, 6541, 6210, 7293, 10505, 11106, 19742, 14573, 8765, 15278, 13305, 12200, 2071)
u	2210203	(609, 168)	[(-72, 648, 972), (-72, 684, 810), (-108, 720, 756), (-54, 738, 774), (-90, 774, 774), (-108, 792, 702), (-54, 810, 666), (-126, 846, 450), (-234, 792, 486), (-180, 738, 684), (-36, 792, 900), (0, 720, 810), (-54, 666, 774), (-54, 648, 846), (18, 666, 936), (126, 630, 900), (-162, 774, 774), (-144, 738, 720), (-54, 720, 756), (-18, 792, 576), (-126, 738, 756), (-72, 774, 720), (-54, 756, 756), (-234, 756, 792), (-126, 738, 720)]	(9435, 11185, 10196, 10161, 11875, 12686, 5176, 12207, 5137, 7295, 6603, 7160, 6103, 6218, 7295, 11297, 11119, 19752, 14663, 8780, 15267, 13324, 12207, 2070)
 	2210494	(851, 182)	[(-234, 792, 486), (-180, 738, 684), (-36, 792, 900), (0, 720, 810), (-54, 666, 774), (-54, 648, 846), (18, 666, 936), (126, 630, 900), (-162, 774, 774), (-144, 738, 720), (-54, 720, 756), (-18, 792, 576), (-126, 738, 756), (-72, 774, 720), (-54, 756, 756), (-234, 756, 792), (-126, 738, 720), (-144, 702, 756), (-144, 720, 774), (-126, 738, 738), (-72, 684, 738), (-90, 756, 738), (-36, 720, 738), (-90, 756, 738), (-72, 720, 846)]	(9434, 11104, 9956, 10044, 11873, 12071, 5184, 11239, 5200, 7321, 6727, 7046, 6293, 6246, 7339, 11899, 11117, 19735, 14539, 8767, 15245, 13322, 12201, 2076)
n	2210737	(739, 146)	[(18, 666, 936), (126, 630, 900), (-162, 774, 774), (-144, 738, 720), (-54, 720, 756), (-18, 792, 576), (-126, 738, 756), (-72, 774, 720), (-54, 756, 756), (-234, 756, 792), (-126, 738, 720), (-144, 702, 756), (-144, 720, 774), (-126, 738, 738), (-72, 684, 738), (-90, 756, 738), (-36, 720, 738), (-90, 756, 738), (-72, 720, 846), (-90, 738, 666), (-72, 720, 810), (-126, 702, 774), (-162, 702, 756), (-126, 684, 792), (-126, 666, 936)]	(9436, 11251, 10137, 10103, 11845, 12269, 5198, 11622, 5120, 7311, 6688, 6972, 6256, 6259, 7352, 12234, 11143, 19759, 14634, 8787, 15273, 13340, 12198, 2075)
e	2211194	(582, 352)	[(-90, 756, 738), (-72, 720, 846), (-90, 738, 666), (-72, 720, 810), (-126, 702, 774), (-162, 702, 756), (-126, 684, 792), (-126, 666, 936), (-72, 684, 882), (-108, 738, 792), (-144, 720, 756), (-36, 738, 720), (-18, 792, 594), (-54, 810, 558), (-36, 810, 558), (-36, 792, 612), (-36, 792, 738), (-36, 846, 900), (-144, 810, 936), (-270, 810, 630), (-234, 792, 702), (-216, 792, 792), (-288, 792, 702), (-234, 810, 504), (-72, 792, 558)]	(9456, 11243, 10565, 10629, 11952, 12797, 4902, 10786, 5300, 7205, 6373, 7485, 6012, 6110, 7215, 7031, 11102, 19776, 14935, 8794, 15446, 13295, 12203, 2075)
e	2211487	(579, 338)	[(-72, 684, 882), (-108, 738, 792), (-144, 720, 756), (-36, 738, 720), (-18, 792, 594), (-54, 810, 558), (-36, 810, 558), (-36, 792, 612), (-36, 792, 738), (-36, 846, 900), (-144, 810, 936), (-270, 810, 630), (-234, 792, 702), (-216, 792, 792), (-288, 792, 702), (-234, 810, 504), (-72, 792, 558), (-90, 846, 720), (-144, 828, 684), (-126, 846, 540), (-90, 828, 540), (-36, 810, 738), (-144, 828, 702), (-162, 810, 666), (-126, 774, 702)]	(9426, 11045, 10305, 10312, 11831, 12329, 4631, 10739, 4844, 7144, 6214, 7702, 6085, 6107, 7225, 7093, 11084, 19756, 14757, 8789, 15419, 13275, 12199, 2075)
d	2211679	(663, 318)	[(-18, 792, 594), (-54, 810, 558), (-36, 810, 558), (-36, 792, 612), (-36, 792, 738), (-36, 846, 900), (-144, 810, 936), (-270, 810, 630), (-234, 792, 702), (-216, 792, 792), (-288, 792, 702), (-234, 810, 504), (-72, 792, 558), (-90, 846, 720), (-144, 828, 684), (-126, 846, 540), (-90, 828, 540), (-36, 810, 738), (-144, 828, 702), (-162, 810, 666), (-126, 774, 702), (-162, 720, 774), (18, 810, 720), (-108, 792, 846), (-162, 774, 738)]	(9443, 11103, 10358, 10256, 11901, 12581, 4932, 12007, 5283, 7242, 6409, 8352, 6797, 6144, 7239, 7265, 11086, 19745, 14638, 8790, 15399, 13281, 12197, 2071)
l	2212079	(849, 222)	[(-234, 792, 702), (-216, 792, 792), (-288, 792, 702), (-234, 810, 504), (-72, 792, 558), (-90, 846, 720), (-144, 828, 684), (-126, 846, 540), (-90, 828, 540), (-36, 810, 738), (-144, 828, 702), (-162, 810, 666), (-126, 774, 702), (-162, 720, 774), (18, 810, 720), (-108, 792, 846), (-162, 774, 738), (-108, 756, 648), (-90, 792, 720), (-36, 738, 774), (-108, 774, 684), (-72, 738, 810), (-126, 702, 630), (-36, 738, 792), (-54, 738, 846)]	(9424, 10958, 10016, 10067, 11785, 10962, 4786, 12416, 5070, 7166, 6192, 8502, 8058, 6170, 7260, 8023, 11079, 19711, 14359, 8768, 15291, 13267, 12180, 2068)
e	2212784	(664, 13)	[(18, 702, 810), (36, 720, 882), (36, 738, 828), (-18, 756, 774), (-54, 720, 774), (-54, 738, 828), (-54, 702, 828), (-36, 702, 774), (0, 720, 810), (-54, 702, 774), (-54, 702, 774), (-54, 684, 792), (-54, 720, 792), (-108, 720, 756), (-126, 702, 774), (-108, 684, 846), (-72, 702, 846), (90, 666, 864), (108, 648, 828), (90, 648, 846), (36, 702, 810), (18, 684, 756), (18, 684, 774), (36, 666, 810), (144, 612, 792)]	(9409, 11074, 9380, 9925, 11630, 10708, 5989, 11014, 5007, 7089, 6292, 9034, 7081, 6196, 7250, 7501, 11084, 19731, 14443, 8769, 15315, 13287, 12204, 2078)
t	2213296	(590, 339)	[(108, 648, 828), (90, 648, 846), (36, 702, 810), (18, 684, 756), (18, 684, 774), (36, 666, 810), (144, 612, 792), (-36, 702, 810), (-18, 684, 918), (-36, 684, 846), (54, 666, 720), (36, 702, 756), (54, 684, 828), (-72, 720, 738), (-54, 702, 864), (-72, 738, 792), (0, 756, 738), (-54, 756, 702), (-72, 738, 684), (-54, 774, 576), (-90, 846, 846), (-54, 810, 828), (-54, 810, 648), (-144, 864, 576), (-72, 828, 504)]	(9427, 11550, 10420, 10733, 11743, 11801, 5341, 11450, 5194, 7120, 6344, 7905, 6000, 6170, 7252, 7669, 11106, 19780, 14841, 8807, 15386, 13300, 12209, 2078)
 	2213534	(578, 233)	[(-36, 702, 810), (-18, 684, 918), (-36, 684, 846), (54, 666, 720), (36, 702, 756), (54, 684, 828), (-72, 720, 738), (-54, 702, 864), (-72, 738, 792), (0, 756, 738), (-54, 756, 702), (-72, 738, 684), (-54, 774, 576), (-90, 846, 846), (-54, 810, 828), (-54, 810, 648), (-144, 864, 576), (-72, 828, 504), (18, 864, 648), (-18, 882, 666), (-72, 846, 486), (90, 792, 900), (0, 810, 540), (-18, 792, 756), (0, 828, 810)]	(9413, 11279, 10174, 10236, 11705, 11555, 5282, 10978, 5030, 7132, 6346, 7756, 6112, 6172, 7250, 7886, 11103, 19767, 14721, 8804, 15377, 13303, 12205, 2070)
m	2213773	(827, 198)	[(-72, 720, 738), (-54, 702, 864), (-72, 738, 792), (0, 756, 738), (-54, 756, 702), (-72, 738, 684), (-54, 774, 576), (-90, 846, 846), (-54, 810, 828), (-54, 810, 648), (-144, 864, 576), (-72, 828, 504), (18, 864, 648), (-18, 882, 666), (-72, 846, 486), (90, 792, 900), (0, 810, 540), (-18, 792, 756), (0, 828, 810), (36, 828, 810), (-108, 792, 720), (-72, 702, 882), (18, 702, 666), (90, 702, 756), (-36, 774, 810)]	(9451, 11490, 10087, 10102, 11731, 11486, 5702, 11304, 5133, 7122, 6427, 7820, 6898, 6210, 7281, 8724, 11097, 19743, 14495, 8800, 15314, 13308, 12200, 2075)
e	2214013	(747, 97)	[(-54, 774, 576), (-90, 846, 846), (-54, 810, 828), (-54, 810, 648), (-144, 864, 576), (-72, 828, 504), (18, 864, 648), (-18, 882, 666), (-72, 846, 486), (90, 792, 900), (0, 810, 540), (-18, 792, 756), (0, 828, 810), (36, 828, 810), (-108, 792, 720), (-72, 702, 882), (18, 702, 666), (90, 702, 756), (-36, 774, 810), (18, 738, 828), (-36, 702, 792), (72, 702, 792), (0, 666, 846), (0, 648, 882), (-72, 684, 738)]	(9424, 11297, 9856, 10015, 11729, 11316, 5920, 10955, 5137, 7147, 6418, 7918, 6176, 6198, 7278, 8903, 11108, 19764, 14643, 8819, 15336, 13322, 12195, 2068)
 	2214367	(591, 341)	[(-18, 792, 756), (0, 828, 810), (36, 828, 810), (-108, 792, 720), (-72, 702, 882), (18, 702, 666), (90, 702, 756), (-36, 774, 810), (18, 738, 828), (-36, 702, 792), (72, 702, 792), (0, 666, 846), (0, 648, 882), (-72, 684, 738), (18, 684, 828), (36, 702, 936), (90, 738, 810), (-54, 774, 612), (54, 774, 540), (108, 792, 540), (-90, 864, 756), (-90, 828, 828), (-54, 828, 738), (-54, 864, 684), (-108, 900, 576)]	(9412, 11490, 10415, 10722, 11745, 11963, 5266, 11294, 5103, 7133, 6360, 7379, 6102, 6160, 7245, 8108, 11102, 19767, 14856, 8784, 15354, 13300, 12207, 2070)
k	2214706	(848, 189)	[(0, 666, 846), (0, 648, 882), (-72, 684, 738), (18, 684, 828), (36, 702, 936), (90, 738, 810), (-54, 774, 612), (54, 774, 540), (108, 792, 540), (-90, 864, 756), (-90, 828, 828), (-54, 828, 738), (-54, 864, 684), (-108, 900, 576), (-144, 846, 378), (-54, 882, 558), (-54, 828, 774), (-144, 864, 540), (-90, 774, 522), (36, 720, 1008), (-72, 756, 612), (108, 720, 810), (90, 738, 882), (36, 738, 828), (0, 738, 774)]	(9441, 11535, 10143, 10146, 11744, 11589, 5703, 11154, 5159, 7148, 6443, 7665, 6591, 6201, 7278, 9147, 11080, 19743, 14527, 8806, 15305, 13312, 12183, 2071)
n	2214945	(669, 103)	[(-54, 774, 612), (54, 774, 540), (108, 792, 540), (-90, 864, 756), (-90, 828, 828), (-54, 828, 738), (-54, 864, 684), (-108, 900, 576), (-144, 846, 378), (-54, 882, 558), (-54, 828, 774), (-144, 864, 540), (-90, 774, 522), (36, 720, 1008), (-72, 756, 612), (108, 720, 810), (90, 738, 882), (36, 738, 828), (0, 738, 774), (54, 702, 810), (-90, 666, 810), (-90, 666, 810), (-90, 648, 810), (-72, 648, 828), (-72, 648, 774)]	(9419, 11359, 10024, 10076, 11715, 11446, 5720, 11306, 5128, 7140, 6424, 7588, 6747, 6204, 7276, 9327, 11104, 19751, 14547, 8800, 15321, 13315, 12202, 2082)
o	2215188	(749, 161)	[(-108, 900, 576), (-144, 846, 378), (-54, 882, 558), (-54, 828, 774), (-144, 864, 540), (-90, 774, 522), (36, 720, 1008), (-72, 756, 612), (108, 720, 810), (90, 738, 882), (36, 738, 828), (0, 738, 774), (54, 702, 810), (-90, 666, 810), (-90, 666, 810), (-90, 648, 810), (-72, 648, 828), (-72, 648, 774), (-54, 720, 882), (18, 684, 864), (-72, 702, 774), (0, 702, 756), (18, 702, 846), (-36, 684, 900), (-36, 702, 864)]	(9419, 11320, 10007, 10048, 11709, 11290, 5726, 11534, 5185, 7131, 6431, 7623, 6726, 6213, 7281, 9352, 11093, 19731, 14498, 8802, 15296, 13306, 12187, 2080)
w	2215377	(592, 69)	[(-144, 864, 540), (-90, 774, 522), (36, 720, 1008), (-72, 756, 612), (108, 720, 810), (90, 738, 882), (36, 738, 828), (0, 738, 774), (54, 702, 810), (-90, 666, 810), (-90, 666, 810), (-90, 648, 810), (-72, 648, 828), (-72, 648, 774), (-54, 720, 882), (18, 684, 864), (-72, 702, 774), (0, 702, 756), (18, 702, 846), (-36, 684, 900), (-36, 702, 864), (-72, 684, 792), (-144, 702, 846), (-90, 684, 882), (-54, 738, 918)]	(9435, 11415, 10180, 10178, 11767, 11687, 5831, 12616, 5379, 7202, 6475, 7843, 7257, 6225, 7306, 9532, 11109, 19747, 14529, 8808, 15315, 13312, 12202, 2078)
 	2215686	(587, 378)	[(-90, 666, 810), (-90, 648, 810), (-72, 648, 828), (-72, 648, 774), (-54, 720, 882), (18, 684, 864), (-72, 702, 774), (0, 702, 756), (18, 702, 846), (-36, 684, 900), (-36, 702, 864), (-72, 684, 792), (-144, 702, 846), (-90, 684, 882), (-54, 738, 918), (-90, 702, 810), (-90, 756, 666), (108, 774, 648), (36, 864, 486), (-126, 792, 810), (-144, 774, 810), (-216, 864, 738), (-180, 828, 774), (-36, 846, 594), (-36, 792, 648)]	(9420, 11305, 10348, 10756, 11702, 11602, 5039, 10936, 5294, 7130, 6324, 7493, 6086, 6148, 7245, 7376, 11094, 19760, 14850, 8777, 15357, 13286, 12200, 2074)
w	2215974	(836, 230)	[(-36, 684, 900), (-36, 702, 864), (-72, 684, 792), (-144, 702, 846), (-90, 684, 882), (-54, 738, 918), (-90, 702, 810), (-90, 756, 666), (108, 774, 648), (36, 864, 486), (-126, 792, 810), (-144, 774, 810), (-216, 864, 738), (-180, 828, 774), (-36, 846, 594), (-36, 792, 648), (-180, 954, 558), (72, 846, 648), (72, 900, 648), (-162, 936, 540), (-198, 900, 450), (36, 630, 990), (18, 738, 720), (-54, 774, 810), (18, 756, 828)]	(9428, 11406, 10259, 10231, 11759, 11919, 5383, 11347, 5296, 7178, 6445, 7433, 7379, 6195, 7277, 8793, 11091, 19734, 14544, 8781, 15301, 13294, 12187, 2055)
h	2216363	(564, 394)	[(-180, 828, 774), (-36, 846, 594), (-36, 792, 648), (-180, 954, 558), (72, 846, 648), (72, 900, 648), (-162, 936, 540), (-198, 900, 450), (36, 630, 990), (18, 738, 720), (-54, 774, 810), (18, 756, 828), (36, 774, 684), (18, 774, 702), (-90, 738, 936), (-72, 738, 954), (-54, 702, 882), (-72, 846, 522), (-90, 828, 774), (-72, 864, 792), (-216, 864, 828), (-270, 810, 648), (-162, 846, 504), (-72, 864, 504), (-216, 972, 288)]	(9435, 11405, 10497, 11113, 11773, 12579, 4887, 9561, 5070, 7126, 6308, 7251, 6095, 6124, 7225, 7051, 11084, 19745, 14842, 8741, 15330, 13258, 12201, 2078)
e	2216821	(685, 191)	[(-72, 846, 522), (-90, 828, 774), (-72, 864, 792), (-216, 864, 828), (-270, 810, 648), (-162, 846, 504), (-72, 864, 504), (-216, 972, 288), (36, 846, 450), (0, 972, 720), (-126, 972, 504), (-36, 756, 882), (36, 720, 828), (-90, 756, 522), (-36, 792, 558), (90, 792, 702), (90, 756, 846), (0, 774, 756), (-54, 774, 720), (-54, 738, 792), (-90, 738, 846), (-108, 720, 846), (-126, 720, 756), (-126, 720, 792), (-108, 756, 648)]	(9410, 11075, 10044, 10118, 11710, 11550, 5339, 12039, 5217, 7157, 6374, 8138, 6220, 6154, 7250, 8042, 11100, 19763, 14719, 8808, 15363, 13299, 12207, 2072)
n	2217059	(567, 330)	[(-72, 864, 504), (-216, 972, 288), (36, 846, 450), (0, 972, 720), (-126, 972, 504), (-36, 756, 882), (36, 720, 828), (-90, 756, 522), (-36, 792, 558), (90, 792, 702), (90, 756, 846), (0, 774, 756), (-54, 774, 720), (-54, 738, 792), (-90, 738, 846), (-108, 720, 846), (-126, 720, 756), (-126, 720, 792), (-108, 756, 648), (0, 774, 684), (-72, 792, 774), (18, 774, 846), (-54, 828, 432), (72, 900, 324), (0, 900, 468)]	(9415, 10800, 10190, 10319, 11650, 10453, 4599, 11431, 4798, 7048, 6226, 7933, 5907, 6097, 7224, 7618, 11079, 19743, 14711, 8783, 15336, 13276, 12195, 2070)
 	2217569	(753, 161)	[(-108, 756, 648), (0, 774, 684), (-72, 792, 774), (18, 774, 846), (-54, 828, 432), (72, 900, 324), (0, 900, 468), (-288, 990, 468), (18, 882, 504), (90, 918, 648), (-180, 882, 720), (-342, 810, 396), (180, 774, 882), (-180, 792, 738), (-126, 756, 846), (18, 720, 828), (-36, 666, 810), (-54, 702, 702), (-72, 738, 774), (-72, 792, 720), (36, 756, 738), (-36, 738, 792), (-72, 738, 774), (-90, 702, 792), (-90, 666, 882)]	(9405, 11054, 9890, 10016, 11758, 11541, 5494, 11726, 5038, 7155, 6360, 7317, 5646, 6172, 7246, 8429, 11093, 19764, 14837, 8771, 15332, 13329, 12217, 2075)
y	2217911	(840, 196)	[(-342, 810, 396), (180, 774, 882), (-180, 792, 738), (-126, 756, 846), (18, 720, 828), (-36, 666, 810), (-54, 702, 702), (-72, 738, 774), (-72, 792, 720), (36, 756, 738), (-36, 738, 792), (-72, 738, 774), (-90, 702, 792), (-90, 666, 882), (-72, 684, 846), (-36, 684, 702), (0, 720, 810), (-90, 720, 918), (-90, 702, 792), (36, 738, 828), (-162, 738, 810), (-72, 702, 792), (-126, 720, 936), (-90, 702, 936), (-90, 738, 738)]	(9430, 11299, 10100, 10084, 11705, 11045, 5514, 12463, 5259, 7162, 6461, 7752, 5948, 6214, 7292, 9690, 11100, 19753, 14671, 8790, 15310, 13325, 12196, 2070)
o	2218100	(613, 196)	[(-36, 666, 810), (-54, 702, 702), (-72, 738, 774), (-72, 792, 720), (36, 756, 738), (-36, 738, 792), (-72, 738, 774), (-90, 702, 792), (-90, 666, 882), (-72, 684, 846), (-36, 684, 702), (0, 720, 810), (-90, 720, 918), (-90, 702, 792), (36, 738, 828), (-162, 738, 810), (-72, 702, 792), (-126, 720, 936), (-90, 702, 936), (-90, 738, 738), (-36, 756, 558), (-72, 774, 828), (-162, 720, 720), (-126, 738, 720), (-72, 720, 666)]	(9409, 11241, 10136, 10110, 11700, 11190, 5349, 12005, 5142, 7166, 6490, 7431, 5955, 6220, 7295, 9828, 11113, 19775, 14757, 8822, 15352, 13343, 12197, 2076)
u	2218390	(588, 77)	[(-90, 666, 882), (-72, 684, 846), (-36, 684, 702), (0, 720, 810), (-90, 720, 918), (-90, 702, 792), (36, 738, 828), (-162, 738, 810), (-72, 702, 792), (-126, 720, 936), (-90, 702, 936), (-90, 738, 738), (-36, 756, 558), (-72, 774, 828), (-162, 720, 720), (-126, 738, 720), (-72, 720, 666), (-90, 738, 846), (-54, 774, 990), (-144, 738, 882), (-162, 756, 666), (36, 702, 774), (-144, 666, 936), (-54, 630, 954), (-90, 702, 846)]	(9412, 11261, 10052, 10101, 11770, 11553, 5727, 12500, 5221, 7190, 6503, 7765, 5903, 6221, 7293, 9830, 11109, 19774, 14709, 8825, 15347, 13338, 12202, 2074)
 	2218648	(603, 170)	[(-162, 738, 810), (-72, 702, 792), (-126, 720, 936), (-90, 702, 936), (-90, 738, 738), (-36, 756, 558), (-72, 774, 828), (-162, 720, 720), (-126, 738, 720), (-72, 720, 666), (-90, 738, 846), (-54, 774, 990), (-144, 738, 882), (-162, 756, 666), (36, 702, 774), (-144, 666, 936), (-54, 630, 954), (-90, 702, 846), (-90, 756, 702), (-36, 720, 774), (-54, 720, 846), (-108, 738, 774), (-36, 738, 810), (-72, 720, 810), (-108, 738, 720)]	(9435, 11454, 10267, 10154, 11725, 11126, 5543, 12455, 5242, 7172, 6564, 7505, 5902, 6237, 7307, 10017, 11106, 19765, 14683, 8825, 15347, 13345, 12200, 2080)
g	2218887	(832, 215)	[(-72, 774, 828), (-162, 720, 720), (-126, 738, 720), (-72, 720, 666), (-90, 738, 846), (-54, 774, 990), (-144, 738, 882), (-162, 756, 666), (36, 702, 774), (-144, 666, 936), (-54, 630, 954), (-90, 702, 846), (-90, 756, 702), (-36, 720, 774), (-54, 720, 846), (-108, 738, 774), (-36, 738, 810), (-72, 720, 810), (-108, 738, 720), (-108, 702, 810), (-108, 702, 738), (-90, 738, 756), (-18, 756, 720), (-36, 756, 720), (-54, 738, 792)]	(9447, 11591, 10310, 10130, 11735, 11271, 5567, 11101, 5114, 7141, 6551, 7181, 5925, 6253, 7301, 10407, 11126, 19769, 14688, 8838, 15343, 13347, 12196, 2069)
e	2219226	(650, 241)	[(-90, 702, 846), (-90, 756, 702), (-36, 720, 774), (-54, 720, 846), (-108, 738, 774), (-36, 738, 810), (-72, 720, 810), (-108, 738, 720), (-108, 702, 810), (-108, 702, 738), (-90, 738, 756), (-18, 756, 720), (-36, 756, 720), (-54, 738, 792), (-90, 720, 774), (-72, 738, 738), (-90, 738, 882), (-126, 720, 792), (-90, 702, 774), (-54, 720, 774), (-90, 756, 828), (-54, 792, 774), (-36, 810, 738), (90, 792, 612), (-126, 846, 504)]	(9429, 11329, 10252, 10149, 11671, 10659, 5191, 11827, 5148, 7125, 6515, 7276, 5776, 6231, 7295, 9996, 11107, 19759, 14639, 8831, 15336, 13334, 12198, 2073)
t	2219515	(573, 347)	[(-108, 702, 738), (-90, 738, 756), (-18, 756, 720), (-36, 756, 720), (-54, 738, 792), (-90, 720, 774), (-72, 738, 738), (-90, 738, 882), (-126, 720, 792), (-90, 702, 774), (-54, 720, 774), (-90, 756, 828), (-54, 792, 774), (-36, 810, 738), (90, 792, 612), (-126, 846, 504), (-180, 864, 522), (-72, 810, 684), (-144, 792, 738), (-72, 828, 684), (-144, 810, 666), (-180, 882, 522), (-90, 828, 522), (-108, 864, 666), (-126, 882, 702)]	(9429, 11295, 10380, 10505, 11605, 10377, 4626, 10956, 4653, 6996, 6185, 6892, 5759, 6160, 7255, 9113, 11084, 19736, 14712, 8772, 15287, 13285, 12191, 2072)
 	2219772	(567, 253)	[(-90, 738, 882), (-126, 720, 792), (-90, 702, 774), (-54, 720, 774), (-90, 756, 828), (-54, 792, 774), (-36, 810, 738), (90, 792, 612), (-126, 846, 504), (-180, 864, 522), (-72, 810, 684), (-144, 792, 738), (-72, 828, 684), (-144, 810, 666), (-180, 882, 522), (-90, 828, 522), (-108, 864, 666), (-126, 882, 702), (-90, 918, 342), (-54, 882, 360), (-72, 936, 486), (-54, 846, 828), (-144, 828, 522), (-162, 882, 450), (-36, 828, 648)]	(9434, 11308, 10397, 10360, 11666, 11178, 4999, 12107, 5135, 7122, 6520, 7176, 6224, 6228, 7308, 10211, 11110, 19747, 14671, 8774, 15282, 13293, 12201, 2075)
t	2220013	(839, 234)	[(-36, 810, 738), (90, 792, 612), (-126, 846, 504), (-180, 864, 522), (-72, 810, 684), (-144, 792, 738), (-72, 828, 684), (-144, 810, 666), (-180, 882, 522), (-90, 828, 522), (-108, 864, 666), (-126, 882, 702), (-90, 918, 342), (-54, 882, 360), (-72, 936, 486), (-54, 846, 828), (-144, 828, 522), (-162, 882, 450), (-36, 828, 648), (-54, 900, 810), (-144, 864, 594), (-126, 720, 792), (-90, 756, 702), (-72, 792, 702), (-54, 738, 846)]	(9464, 11722, 10526, 10230, 11754, 11520, 5150, 7865, 4995, 7125, 6543, 6665, 6117, 6182, 7278, 10423, 11070, 19717, 14491, 8773, 15253, 13290, 12177, 2067)
h	2220402	(574, 256)	[(-54, 882, 360), (-72, 936, 486), (-54, 846, 828), (-144, 828, 522), (-162, 882, 450), (-36, 828, 648), (-54, 900, 810), (-144, 864, 594), (-126, 720, 792), (-90, 756, 702), (-72, 792, 702), (-54, 738, 846), (-162, 810, 738), (-36, 774, 684), (-72, 774, 810), (-126, 756, 864), (-126, 756, 720), (-54, 774, 738), (-126, 720, 738), (-36, 738, 792), (-108, 792, 774), (-180, 810, 756), (-144, 792, 666), (-72, 810, 612), (-36, 792, 558)]	(9436, 11604, 10437, 10239, 11624, 9973, 5107, 10907, 4934, 7019, 6718, 6775, 6512, 6284, 7293, 10904, 11101, 19717, 14534, 8770, 15250, 13277, 12189, 2070)
i	2220644	(686, 200)	[(-144, 864, 594), (-126, 720, 792), (-90, 756, 702), (-72, 792, 702), (-54, 738, 846), (-162, 810, 738), (-36, 774, 684), (-72, 774, 810), (-126, 756, 864), (-126, 756, 720), (-54, 774, 738), (-126, 720, 738), (-36, 738, 792), (-108, 792, 774), (-180, 810, 756), (-144, 792, 666), (-72, 810, 612), (-36, 792, 558), (-54, 846, 558), (36, 846, 792), (-90, 810, 738), (-54, 720, 1008), (-108, 738, 756), (-54, 702, 828), (-126, 774, 774)]	(9425, 11428, 10124, 10047, 11661, 10339, 5845, 11637, 5326, 7109, 6880, 6971, 7495, 6328, 7332, 11236, 11098, 19724, 14459, 8761, 15239, 13293, 12195, 2072)
s	2220901	(567, 107)	[(-72, 774, 810), (-126, 756, 864), (-126, 756, 720), (-54, 774, 738), (-126, 720, 738), (-36, 738, 792), (-108, 792, 774), (-180, 810, 756), (-144, 792, 666), (-72, 810, 612), (-36, 792, 558), (-54, 846, 558), (36, 846, 792), (-90, 810, 738), (-54, 720, 1008), (-108, 738, 756), (-54, 702, 828), (-126, 774, 774), (-72, 720, 774), (-108, 738, 864), (-108, 738, 684), (0, 756, 828), (-144, 702, 738), (-144, 702, 792), (-180, 684, 828)]	(9422, 11307, 9985, 9999, 11651, 10382, 5809, 11164, 5290, 7093, 6901, 6912, 7337, 6302, 7328, 11221, 11080, 19710, 14415, 8755, 15227, 13281, 12180, 2071)
