Please hold the phone in your left hand and type with your left thumb
s	1535903	(657, 376)	[(18, 648, 810), (0, 666, 792), (-36, 684, 810), (-18, 666, 846), (18, 666, 810), (36, 666, 846), (0, 648, 828), (-18, 684, 810), (36, 648, 828), (72, 630, 828), (72, 630, 846), (18, 648, 828), (0, 666, 846), (0, 684, 828), (36, 648, 864), (36, 648, 828), (18, 648, 792), (0, 648, 792), (0, 666, 828), (18, 666, 846), (36, 666, 828), (18, 666, 828), (-18, 666, 774), (36, 666, 792), (36, 648, 846)]	(9469, 10714, 9600, 10124, 11649, 10099, 8199, 6200, 8606, 7035, 7672, 7293, 6207, 6113, 7225, 7210, 11266, 19986, 15957, 16627, 15463, 13286, 12573, 2025)
h	1536622	(637, 189)	[(72, 630, 792), (36, 648, 972), (0, 666, 828), (18, 648, 882), (18, 648, 864), (36, 666, 828), (54, 648, 774), (36, 684, 810), (0, 684, 846), (36, 630, 864), (72, 648, 810), (54, 648, 810), (54, 666, 846), (72, 666, 828), (54, 684, 792), (54, 684, 828), (90, 684, 792), (72, 684, 774), (18, 702, 774), (18, 702, 810), (54, 702, 810), (90, 666, 792), (90, 702, 756), (90, 720, 738), (36, 702, 792)]	(9479, 10764, 9641, 10163, 11644, 10067, 8045, 6103, 8715, 7021, 7687, 7055, 6400, 6113, 7230, 7397, 11286, 19992, 16655, 16822, 15512, 13261, 12431, 2006)
e	1537039	(569, 334)	[(54, 684, 792), (54, 684, 828), (90, 684, 792), (72, 684, 774), (18, 702, 774), (18, 702, 810), (54, 702, 810), (90, 666, 792), (90, 702, 756), (90, 720, 738), (36, 702, 792), (54, 720, 738), (54, 702, 774), (54, 702, 738), (90, 684, 666), (54, 666, 756), (90, 648, 810), (54, 648, 882), (72, 648, 846), (72, 666, 828), (36, 684, 810), (72, 684, 792), (18, 702, 774), (-36, 702, 864), (36, 684, 828)]	(9475, 10736, 9611, 10157, 11650, 10105, 8167, 6173, 8694, 7019, 7769, 7084, 6364, 6115, 7233, 7423, 11275, 19967, 16345, 16705, 15491, 13260, 12446, 2008)
 	1537965	(800, 252)	[(90, 594, 864), (72, 612, 846), (54, 630, 846), (36, 630, 846), (36, 630, 828), (54, 630, 846), (72, 612, 882), (18, 612, 918), (18, 630, 864), (54, 630, 846), (54, 630, 846), (90, 612, 864), (72, 612, 846), (54, 630, 810), (54, 648, 846), (90, 612, 882), (72, 612, 864), (54, 630, 828), (54, 630, 846), (90, 612, 864), (72, 612, 864), (72, 612, 828), (54, 630, 810), (36, 630, 828), (54, 612, 828)]	(9476, 10744, 9605, 10127, 11630, 10041, 7859, 6020, 8609, 6996, 7358, 6791, 6255, 6100, 7216, 7235, 11267, 19992, 16139, 16775, 15499, 13290, 12626, 2012)
i	1539000	(575, 112)	[(36, 630, 846), (18, 648, 846), (90, 612, 810), (90, 612, 792), (54, 648, 846), (-36, 684, 936), (18, 684, 936), (90, 594, 864), (90, 666, 810), (72, 666, 792), (72, 684, 756), (36, 666, 774), (18, 684, 774), (90, 684, 810), (126, 666, 828), (90, 684, 810), (72, 720, 774), (90, 702, 792), (90, 702, 792), (72, 702, 792), (54, 702, 774), (90, 702, 720), (126, 702, 756), (90, 684, 810), (54, 738, 756)]	(9499, 10780, 9549, 10329, 11671, 9982, 8290, 5915, 8638, 7030, 7810, 6672, 5655, 6119, 7232, 7896, 11332, 20053, 17604, 17256, 15600, 13284, 12287, 1991)
s	1539618	(648, 384)	[(54, 738, 756), (54, 738, 756), (72, 684, 846), (108, 702, 792), (108, 720, 684), (90, 738, 594), (108, 702, 522), (90, 576, 954), (-108, 648, 1026), (-72, 576, 936), (0, 576, 900), (-36, 576, 972), (18, 576, 972), (-36, 612, 828), (0, 594, 774), (18, 612, 828), (-36, 612, 864), (0, 612, 846), (18, 612, 864), (0, 630, 792), (0, 630, 828), (18, 612, 864), (36, 594, 900), (18, 612, 864), (36, 630, 828)]	(9481, 10729, 9496, 10231, 11650, 9965, 8472, 5945, 9370, 7019, 7439, 6749, 6409, 6099, 7216, 7260, 11261, 20020, 15961, 16723, 15505, 13364, 12860, 1984)
 	1540035	(791, 261)	[(-36, 612, 828), (0, 594, 774), (18, 612, 828), (-36, 612, 864), (0, 612, 846), (18, 612, 864), (0, 630, 792), (0, 630, 828), (18, 612, 864), (36, 594, 900), (18, 612, 864), (36, 630, 828), (0, 630, 810), (18, 612, 846), (18, 612, 864), (36, 612, 828), (-18, 630, 900), (0, 648, 846), (54, 612, 828), (54, 612, 810), (54, 612, 810), (36, 612, 846), (-18, 648, 846), (18, 630, 828), (72, 630, 828)]	(9477, 10745, 9499, 10222, 11637, 9946, 8223, 5885, 9526, 7014, 7300, 6644, 6555, 6107, 7222, 7265, 11269, 20015, 16031, 16808, 15517, 13353, 12861, 1998)
t	1540537	(555, 254)	[(54, 612, 828), (54, 612, 810), (54, 612, 810), (36, 612, 846), (-18, 648, 846), (18, 630, 828), (72, 630, 828), (54, 612, 846), (36, 612, 882), (18, 612, 882), (18, 630, 864), (54, 612, 810), (36, 612, 918), (0, 612, 864), (36, 630, 774), (18, 648, 774), (72, 648, 882), (0, 684, 846), (-36, 702, 756), (72, 684, 792), (144, 666, 792), (90, 684, 846), (36, 684, 828), (72, 666, 810), (90, 666, 792)]	(9484, 10753, 9488, 10270, 11661, 10051, 8489, 6008, 9825, 7039, 7769, 6738, 6881, 6126, 7234, 7563, 11275, 19992, 16306, 16871, 15528, 13305, 12571, 1987)
a	1541005	(662, 458)	[(0, 684, 846), (-36, 702, 756), (72, 684, 792), (144, 666, 792), (90, 684, 846), (36, 684, 828), (72, 666, 810), (90, 666, 792), (90, 684, 792), (54, 702, 810), (36, 720, 702), (72, 720, 684), (36, 756, 666), (18, 756, 738), (72, 558, 1008), (-54, 558, 846), (18, 576, 954), (0, 540, 972), (-90, 594, 954), (-90, 612, 900), (-54, 558, 918), (0, 558, 936), (18, 558, 900), (-18, 594, 810), (-54, 612, 792)]	(9467, 10676, 9454, 10168, 11619, 9878, 8522, 5961, 9628, 7024, 7205, 7209, 7127, 6103, 7222, 7042, 11257, 20059, 15717, 16419, 15469, 13505, 13139, 1998)
k	1541576	(653, 98)	[(0, 558, 936), (18, 558, 900), (-18, 594, 810), (-54, 612, 792), (0, 558, 900), (72, 522, 918), (0, 558, 846), (-72, 558, 882), (-18, 558, 882), (18, 450, 1062), (-90, 882, 522), (108, 666, 756), (90, 594, 936), (126, 558, 864), (126, 630, 810), (162, 612, 810), (90, 648, 774), (72, 630, 882), (108, 612, 918), (144, 612, 900), (108, 630, 828), (36, 666, 810), (36, 684, 828), (90, 666, 846), (144, 630, 846)]	(9499, 10795, 9548, 10340, 11645, 10043, 7960, 5832, 10006, 7001, 7149, 6293, 6987, 6118, 7230, 7682, 11308, 20041, 17530, 17139, 15625, 13335, 12739, 1996)
i	1541923	(569, 106)	[(108, 666, 756), (90, 594, 936), (126, 558, 864), (126, 630, 810), (162, 612, 810), (90, 648, 774), (72, 630, 882), (108, 612, 918), (144, 612, 900), (108, 630, 828), (36, 666, 810), (36, 684, 828), (90, 666, 846), (144, 630, 846), (126, 648, 792), (36, 666, 810), (18, 684, 774), (108, 684, 720), (108, 684, 792), (72, 684, 900), (72, 720, 846), (126, 684, 864), (144, 666, 810), (126, 684, 522), (144, 702, 630)]	(9512, 10796, 9517, 10389, 11660, 9978, 8558, 5865, 10104, 7022, 7448, 6362, 7263, 6119, 7236, 7614, 11304, 20018, 17468, 16782, 15564, 13270, 12482, 1989)
n	1542439	(745, 142)	[(72, 684, 900), (72, 720, 846), (126, 684, 864), (144, 666, 810), (126, 684, 522), (144, 702, 630), (36, 720, 738), (108, 720, 756), (162, 720, 738), (162, 720, 648), (198, 720, 558), (234, 558, 900), (-180, 666, 1116), (54, 612, 990), (252, 540, 846), (306, 522, 738), (198, 612, 702), (90, 648, 918), (144, 612, 882), (180, 612, 792), (234, 630, 702), (216, 630, 792), (126, 648, 900), (144, 630, 882), (198, 648, 756)]	(9490, 10765, 9481, 10304, 11630, 9916, 8345, 5827, 10240, 6982, 7341, 6300, 7381, 6120, 7230, 7709, 11274, 19996, 16613, 16907, 15573, 13327, 12830, 1982)
g	1542890	(650, 227)	[(198, 612, 702), (90, 648, 918), (144, 612, 882), (180, 612, 792), (234, 630, 702), (216, 630, 792), (126, 648, 900), (144, 630, 882), (198, 648, 756), (216, 648, 756), (180, 612, 828), (162, 612, 846), (162, 630, 774), (162, 666, 756), (126, 648, 828), (144, 630, 864), (144, 630, 882), (144, 648, 828), (126, 666, 810), (198, 612, 792), (180, 630, 846), (144, 630, 810), (108, 666, 774), (126, 666, 720), (180, 630, 810)]	(9498, 10765, 9467, 10313, 11639, 9938, 8527, 5887, 10353, 7017, 7550, 6371, 7677, 6129, 7236, 7823, 11271, 19977, 16500, 16777, 15545, 13296, 12756, 1967)
 	1543306	(821, 231)	[(126, 648, 828), (144, 630, 864), (144, 630, 882), (144, 648, 828), (126, 666, 810), (198, 612, 792), (180, 630, 846), (144, 630, 810), (108, 666, 774), (126, 666, 720), (180, 630, 810), (180, 630, 864), (162, 648, 828), (162, 648, 810), (180, 630, 738), (198, 612, 720), (216, 558, 900), (36, 630, 900), (72, 594, 918), (126, 594, 864), (162, 576, 846), (108, 612, 882), (54, 612, 900), (90, 612, 846), (162, 594, 846)]	(9489, 10771, 9470, 10284, 11618, 9880, 7974, 5762, 10376, 6985, 6756, 6215, 7728, 6114, 7220, 7249, 11252, 20002, 16215, 16789, 15501, 13348, 12918, 1980)
o	1543857	(570, 68)	[(108, 612, 882), (54, 612, 900), (90, 612, 846), (162, 594, 846), (180, 558, 900), (126, 612, 828), (108, 594, 846), (180, 594, 792), (216, 558, 828), (72, 630, 882), (90, 648, 810), (54, 720, 702), (144, 756, 684), (234, 648, 720), (144, 702, 702), (90, 720, 702), (162, 720, 756), (216, 666, 846), (108, 738, 738), (126, 810, 774), (162, 666, 792), (144, 720, 828), (72, 738, 792), (90, 792, 756), (252, 666, 648)]	(9501, 10778, 9447, 10433, 11652, 9889, 8563, 5813, 9744, 7012, 7237, 6283, 6756, 6110, 7230, 7652, 11318, 20076, 17690, 17151, 15610, 13285, 12347, 1984)
v	1544473	(758, 231)	[(90, 792, 756), (252, 666, 648), (144, 720, 702), (36, 774, 720), (162, 720, 738), (198, 720, 738), (126, 720, 738), (72, 720, 990), (54, 558, 1080), (-36, 630, 1044), (126, 612, 882), (162, 630, 792), (144, 612, 774), (162, 576, 738), (126, 630, 720), (90, 648, 828), (108, 648, 864), (108, 666, 792), (144, 648, 792), (216, 630, 774), (144, 630, 882), (126, 648, 864), (108, 666, 828), (144, 684, 720), (198, 630, 810)]	(9484, 10743, 9386, 10294, 11618, 9838, 8701, 5862, 10396, 7024, 7548, 6443, 7571, 6136, 7242, 7572, 11298, 20180, 16100, 16744, 15569, 13424, 13005, 1978)
e	1544989	(611, 337)	[(144, 648, 792), (216, 630, 774), (144, 630, 882), (126, 648, 864), (108, 666, 828), (144, 684, 720), (198, 630, 810), (216, 612, 810), (144, 630, 810), (108, 666, 810), (144, 684, 738), (180, 612, 882), (90, 648, 792), (72, 648, 900), (108, 666, 792), (162, 684, 738), (144, 648, 792), (90, 666, 864), (126, 666, 864), (162, 648, 810), (180, 630, 774), (198, 630, 738), (108, 666, 864), (108, 684, 900), (144, 666, 792)]	(9495, 10744, 9391, 10290, 11629, 9831, 8854, 5919, 10630, 7025, 7608, 6497, 7760, 6131, 7253, 7559, 11291, 20215, 15946, 16619, 15543, 13396, 12989, 1985)
r	1545393	(575, 312)	[(108, 666, 792), (162, 684, 738), (144, 648, 792), (90, 666, 864), (126, 666, 864), (162, 648, 810), (180, 630, 774), (198, 630, 738), (108, 666, 864), (108, 684, 900), (144, 666, 792), (180, 648, 774), (126, 666, 810), (90, 648, 828), (144, 648, 810), (180, 648, 828), (108, 666, 846), (126, 648, 792), (108, 666, 810), (162, 684, 792), (162, 666, 846), (126, 684, 792), (144, 666, 756), (144, 648, 738), (144, 666, 846)]	(9488, 10745, 9380, 10287, 11617, 9829, 8726, 5880, 10553, 7025, 7530, 6466, 7766, 6130, 7247, 7546, 11290, 20236, 16047, 16652, 15544, 13359, 12928, 1985)
 	1546067	(835, 233)	[(144, 648, 846), (144, 666, 810), (144, 648, 810), (162, 648, 810), (90, 666, 810), (198, 576, 828), (144, 612, 846), (108, 648, 864), (126, 630, 828), (162, 594, 846), (162, 576, 882), (144, 612, 846), (108, 612, 828), (90, 648, 828), (144, 612, 828), (162, 594, 846), (144, 630, 846), (90, 630, 864), (162, 630, 864), (198, 630, 828), (198, 594, 792), (162, 612, 828), (108, 630, 828), (144, 630, 828), (180, 612, 828)]	(9494, 10756, 9391, 10299, 11616, 9808, 8610, 5857, 10654, 7013, 7404, 6431, 7809, 6128, 7237, 7475, 11317, 20204, 15988, 16753, 15624, 13658, 13112, 1992)
g	1546485	(663, 236)	[(90, 648, 828), (144, 612, 828), (162, 594, 846), (144, 630, 846), (90, 630, 864), (162, 630, 864), (198, 630, 828), (198, 594, 792), (162, 612, 828), (108, 630, 828), (144, 630, 828), (180, 612, 828), (180, 612, 864), (216, 594, 864), (162, 630, 882), (144, 666, 810), (144, 648, 774), (144, 666, 792), (144, 630, 846), (180, 630, 828), (72, 684, 846), (108, 666, 828), (162, 648, 810), (180, 630, 792), (180, 630, 774)]	(9488, 10767, 9400, 10314, 11611, 9826, 8693, 5884, 10719, 7017, 7508, 6454, 7841, 6125, 7245, 7625, 11310, 20223, 16126, 16776, 15603, 13472, 13046, 1998)
l	1546933	(660, 50)	[(144, 648, 774), (144, 666, 792), (144, 630, 846), (180, 630, 828), (72, 684, 846), (108, 666, 828), (162, 648, 810), (180, 630, 792), (180, 630, 774), (72, 684, 846), (90, 684, 810), (180, 630, 846), (162, 648, 810), (180, 630, 738), (108, 612, 900), (144, 666, 684), (126, 648, 648), (198, 702, 630), (234, 666, 774), (198, 684, 828), (162, 666, 828), (198, 666, 846), (180, 684, 828), (198, 702, 756), (198, 666, 756)]	(9521, 11062, 9406, 10831, 11621, 9695, 6510, 5875, 8112, 6940, 5931, 6160, 5172, 6071, 7207, 7040, 11440, 20444, 18124, 17550, 15787, 13618, 13257, 2005)
o	1547301	(546, 71)	[(162, 648, 810), (180, 630, 738), (108, 612, 900), (144, 666, 684), (126, 648, 648), (198, 702, 630), (234, 666, 774), (198, 684, 828), (162, 666, 828), (198, 666, 846), (180, 684, 828), (198, 702, 756), (198, 666, 756), (162, 666, 846), (162, 684, 792), (144, 684, 774), (162, 684, 702), (162, 666, 756), (144, 666, 936), (90, 738, 738), (72, 720, 792), (126, 720, 684), (234, 702, 702), (144, 738, 756), (108, 720, 684)]	(9509, 11052, 9413, 10854, 11625, 9682, 6516, 5947, 7767, 6925, 5935, 6166, 5083, 6068, 7206, 7049, 11407, 20411, 18170, 17251, 15703, 13422, 12886, 2009)
b	1547953	(739, 175)	[(162, 738, 684), (180, 738, 738), (180, 720, 774), (144, 738, 720), (162, 738, 666), (144, 738, 630), (126, 738, 630), (180, 612, 936), (216, 612, 810), (252, 576, 720), (198, 594, 774), (198, 576, 738), (144, 648, 792), (162, 648, 828), (180, 648, 828), (180, 648, 846), (234, 630, 774), (180, 684, 792), (144, 666, 846), (144, 648, 828), (234, 648, 774), (234, 612, 774), (180, 666, 792), (180, 666, 774), (180, 648, 828)]	(9514, 11037, 9402, 10590, 11619, 9694, 7035, 5912, 8976, 6949, 6058, 6204, 5694, 6079, 7209, 7033, 11395, 20389, 17058, 17348, 15744, 13620, 13247, 2003)
a	1548478	(663, 456)	[(144, 666, 846), (144, 648, 828), (234, 648, 774), (234, 612, 774), (180, 666, 792), (180, 666, 774), (180, 648, 828), (234, 630, 810), (234, 648, 756), (234, 666, 738), (270, 630, 792), (72, 630, 918), (54, 594, 954), (144, 576, 900), (126, 612, 864), (36, 648, 864), (-36, 648, 864), (90, 594, 864), (180, 576, 846), (108, 594, 864), (36, 630, 828), (72, 612, 846), (108, 594, 918), (126, 558, 882), (126, 594, 810)]	(9488, 10763, 9326, 10252, 11570, 9594, 7595, 5865, 10557, 6956, 6425, 6761, 7810, 6094, 7214, 6909, 11318, 20207, 15604, 16453, 15593, 14061, 13257, 1985)
l	1549048	(644, 56)	[(72, 612, 846), (108, 594, 918), (126, 558, 882), (126, 594, 810), (72, 630, 810), (90, 576, 936), (90, 576, 918), (90, 594, 846), (72, 594, 828), (72, 576, 936), (18, 720, 810), (180, 648, 864), (180, 630, 882), (216, 612, 774), (144, 648, 720), (144, 666, 756), (162, 612, 864), (162, 612, 864), (144, 648, 846), (162, 648, 810), (162, 648, 792), (144, 666, 810), (126, 648, 810), (162, 648, 810), (72, 666, 882)]	(9513, 10934, 9387, 10583, 11613, 9702, 8120, 5865, 9194, 6977, 6416, 6278, 5787, 6090, 7210, 7253, 11418, 20300, 17889, 17539, 15886, 13932, 13202, 1968)
 	1549673	(842, 259)	[(162, 648, 810), (72, 666, 882), (126, 666, 792), (180, 648, 738), (180, 666, 720), (162, 558, 846), (90, 558, 1152), (108, 594, 1080), (198, 522, 882), (198, 540, 810), (126, 558, 828), (0, 612, 882), (36, 594, 828), (126, 594, 792), (144, 558, 864), (108, 576, 900), (72, 612, 864), (72, 612, 846), (108, 594, 882), (144, 576, 882), (162, 612, 756), (90, 594, 846), (108, 576, 846), (144, 594, 882), (126, 612, 900)]	(9513, 10965, 9386, 10445, 11595, 9648, 6969, 5805, 10320, 6947, 5959, 6212, 7166, 6072, 7212, 6912, 11395, 20326, 16317, 16944, 15734, 14244, 13331, 1986)
f	1550023	(671, 287)	[(36, 594, 828), (126, 594, 792), (144, 558, 864), (108, 576, 900), (72, 612, 864), (72, 612, 846), (108, 594, 882), (144, 576, 882), (162, 612, 756), (90, 594, 846), (108, 576, 846), (144, 594, 882), (126, 612, 900), (144, 576, 864), (144, 594, 882), (108, 612, 900), (126, 594, 846), (144, 612, 846), (162, 594, 846), (144, 612, 828), (126, 630, 828), (144, 612, 846), (162, 594, 846), (162, 612, 864), (144, 630, 846)]	(9506, 10931, 9390, 10422, 11593, 9668, 7633, 5831, 10384, 6971, 6153, 6250, 7612, 6094, 7219, 7006, 11381, 20296, 16381, 16955, 15711, 13981, 13274, 1990)
i	1550543	(578, 102)	[(162, 594, 846), (144, 612, 828), (126, 630, 828), (144, 612, 846), (162, 594, 846), (162, 612, 864), (144, 630, 846), (126, 612, 810), (162, 612, 828), (144, 612, 882), (108, 630, 900), (126, 630, 810), (180, 612, 828), (162, 612, 810), (90, 612, 864), (90, 738, 720), (270, 666, 756), (126, 684, 810), (-18, 774, 792), (162, 684, 846), (252, 648, 774), (198, 666, 738), (126, 684, 774), (144, 684, 810), (162, 648, 828)]	(9507, 10941, 9392, 10548, 11613, 9703, 8159, 5875, 9484, 6975, 6413, 6301, 6255, 6094, 7227, 7157, 11371, 20502, 17484, 17092, 15696, 13461, 13096, 2011)
n	1551046	(743, 147)	[(-18, 774, 792), (162, 684, 846), (252, 648, 774), (198, 666, 738), (126, 684, 774), (144, 684, 810), (162, 648, 828), (144, 684, 810), (180, 666, 792), (198, 684, 846), (126, 702, 720), (108, 720, 666), (90, 612, 1008), (108, 594, 864), (90, 630, 864), (198, 594, 882), (180, 540, 882), (144, 594, 864), (108, 630, 846), (180, 612, 864), (216, 594, 828), (144, 612, 828), (126, 612, 810), (144, 648, 774), (144, 594, 864)]	(9506, 10896, 9360, 10429, 11604, 9682, 8456, 5871, 9538, 6981, 6620, 6326, 6463, 6089, 7229, 7190, 11391, 20521, 16781, 17087, 15748, 13693, 13255, 1971)
a	1551573	(657, 433)	[(180, 612, 864), (216, 594, 828), (144, 612, 828), (126, 612, 810), (144, 648, 774), (144, 594, 864), (162, 630, 846), (162, 630, 846), (162, 612, 846), (162, 594, 828), (180, 612, 828), (180, 612, 792), (144, 630, 846), (144, 648, 864), (36, 558, 918), (36, 630, 864), (54, 612, 864), (36, 612, 846), (36, 594, 900), (54, 594, 882), (54, 612, 846), (72, 594, 846), (18, 612, 864), (54, 594, 900), (108, 594, 864)]	(9485, 10867, 9331, 10332, 11586, 9654, 8118, 5882, 10216, 6965, 6279, 6406, 7491, 6093, 7231, 6925, 11386, 20430, 15757, 16391, 15626, 13953, 13281, 1991)
n	1552242	(736, 136)	[(-36, 648, 882), (36, 612, 864), (72, 576, 864), (90, 594, 792), (36, 612, 864), (36, 630, 882), (54, 594, 972), (90, 594, 900), (18, 648, 774), (72, 684, 756), (90, 648, 756), (54, 630, 846), (72, 648, 828), (72, 684, 792), (90, 666, 756), (90, 648, 828), (72, 648, 828), (54, 666, 864), (54, 666, 864), (72, 648, 828), (90, 648, 810), (54, 666, 828), (54, 648, 828), (36, 666, 864), (108, 666, 792)]	(9505, 10928, 9349, 10422, 11601, 9678, 8127, 5872, 9742, 6962, 6412, 6348, 6971, 6099, 7245, 7032, 11380, 20649, 16488, 16734, 15636, 13551, 13222, 1989)
c	1552747	(739, 293)	[(54, 666, 864), (54, 666, 864), (72, 648, 828), (90, 648, 810), (54, 666, 828), (54, 648, 828), (36, 666, 864), (108, 666, 792), (72, 648, 828), (72, 666, 792), (54, 702, 792), (90, 666, 792), (108, 648, 810), (36, 666, 864), (-54, 684, 828), (36, 666, 810), (72, 630, 792), (54, 648, 828), (18, 666, 810), (36, 666, 792), (72, 648, 810), (54, 648, 828), (18, 648, 882), (18, 666, 810), (36, 684, 792)]	(9491, 10872, 9336, 10330, 11586, 9648, 8067, 5863, 10205, 6967, 6228, 6343, 7335, 6100, 7230, 6917, 11380, 20571, 15687, 16328, 15576, 13736, 13292, 1999)
e	1553117	(564, 348)	[(108, 648, 810), (36, 666, 864), (-54, 684, 828), (36, 666, 810), (72, 630, 792), (54, 648, 828), (18, 666, 810), (36, 666, 792), (72, 648, 810), (54, 648, 828), (18, 648, 882), (18, 666, 810), (36, 684, 792), (72, 630, 846), (18, 666, 828), (36, 648, 792), (-36, 684, 846), (54, 648, 810), (18, 648, 810), (54, 648, 864), (72, 666, 828), (90, 684, 810), (90, 666, 810), (54, 666, 828), (54, 666, 828)]	(9484, 10890, 9328, 10325, 11593, 9640, 7801, 5831, 10284, 6963, 6167, 6282, 7520, 6106, 7237, 6958, 11365, 20614, 15911, 16434, 15545, 13583, 13208, 2000)
 	1553620	(816, 244)	[(18, 648, 810), (54, 648, 864), (72, 666, 828), (90, 684, 810), (90, 666, 810), (54, 666, 828), (54, 666, 828), (54, 666, 810), (36, 666, 828), (36, 666, 828), (54, 648, 792), (90, 648, 774), (54, 648, 846), (18, 630, 846), (54, 594, 918), (90, 612, 900), (18, 648, 864), (54, 630, 846), (90, 612, 810), (72, 612, 828), (72, 630, 864), (54, 630, 864), (36, 666, 810), (126, 630, 738), (72, 648, 864)]	(9488, 10900, 9337, 10335, 11585, 9643, 7663, 5841, 10500, 6978, 6130, 6306, 7712, 6101, 7236, 6938, 11396, 20459, 15897, 16534, 15621, 13874, 13261, 2009)
l	1555486	(648, 25)	[(108, 648, 810), (108, 630, 810), (72, 648, 810), (90, 648, 846), (72, 666, 882), (72, 666, 810), (72, 648, 846), (90, 630, 828), (90, 630, 846), (90, 630, 864), (72, 648, 846), (90, 648, 846), (90, 684, 828), (126, 630, 828), (90, 684, 810), (54, 666, 828), (72, 648, 810), (72, 630, 738), (72, 684, 720), (180, 648, 774), (144, 648, 864), (54, 684, 846), (36, 738, 864), (126, 684, 936), (180, 702, 720)]	(9505, 10986, 9360, 10702, 11600, 9673, 7552, 5911, 8247, 6947, 6250, 6258, 5318, 6080, 7213, 7125, 11413, 20521, 17631, 17213, 15777, 13587, 13222, 1994)
e	1556288	(566, 352)	[(90, 702, 792), (108, 648, 702), (144, 666, 576), (90, 648, 720), (18, 594, 954), (-72, 648, 900), (-36, 648, 792), (36, 630, 828), (72, 648, 828), (54, 612, 810), (36, 666, 792), (0, 648, 738), (72, 630, 792), (54, 630, 864), (-18, 666, 936), (54, 648, 882), (108, 612, 828), (72, 630, 846), (18, 648, 882), (72, 630, 846), (72, 648, 774), (54, 648, 846), (54, 666, 864), (54, 666, 810), (108, 648, 828)]	(9499, 10975, 9345, 10430, 11601, 9667, 7588, 5955, 9745, 6960, 6246, 6295, 7215, 6105, 7227, 7061, 11374, 20427, 16501, 16825, 15677, 13646, 13201, 1988)
g	1556742	(677, 224)	[(108, 612, 828), (72, 630, 846), (18, 648, 882), (72, 630, 846), (72, 648, 774), (54, 648, 846), (54, 666, 864), (54, 666, 810), (108, 648, 828), (108, 630, 846), (108, 630, 828), (72, 630, 846), (72, 630, 702), (126, 630, 738), (54, 648, 882), (72, 612, 828), (72, 612, 864), (18, 648, 792), (90, 648, 774), (162, 612, 792), (36, 630, 918), (36, 666, 882), (126, 648, 864), (144, 612, 846), (90, 630, 738)]	(9510, 11033, 9346, 10451, 11600, 9653, 7042, 5951, 9972, 6950, 6086, 6260, 7373, 6105, 7220, 7023, 11377, 20421, 16689, 16955, 15699, 13722, 13217, 1993)
a	1557312	(672, 464)	[(36, 666, 882), (126, 648, 864), (144, 612, 846), (90, 630, 738), (54, 630, 864), (90, 630, 864), (126, 630, 828), (108, 630, 864), (90, 648, 864), (90, 630, 810), (108, 630, 810), (36, 702, 864), (126, 576, 828), (-36, 630, 900), (18, 666, 828), (72, 648, 828), (126, 630, 756), (108, 612, 792), (54, 612, 882), (-36, 648, 846), (36, 648, 810), (72, 594, 828), (36, 540, 900), (-54, 594, 918), (-54, 594, 918)]	(9465, 10673, 9275, 10169, 11556, 9599, 8167, 6119, 10230, 7013, 6585, 7871, 7689, 6124, 7239, 6916, 11413, 20276, 15365, 16160, 15662, 14284, 13250, 1995)
l	1557880	(656, 24)	[(72, 594, 828), (36, 540, 900), (-54, 594, 918), (-54, 594, 918), (72, 612, 882), (54, 612, 864), (0, 630, 864), (0, 594, 900), (36, 594, 828), (36, 612, 882), (54, 648, 900), (108, 666, 864), (126, 648, 720), (180, 594, 792), (234, 594, 846), (198, 612, 792), (90, 666, 756), (108, 630, 918), (180, 630, 900), (198, 630, 810), (180, 630, 810), (126, 666, 882), (126, 648, 828), (126, 648, 810), (198, 630, 756)]	(9505, 10912, 9366, 10585, 11598, 9671, 8226, 5898, 8828, 6970, 6664, 6358, 5529, 6096, 7228, 7288, 11437, 20578, 17910, 17276, 15825, 13639, 13217, 2002)
i	1560512	(580, 122)	[(36, 630, 864), (54, 648, 846), (126, 630, 792), (162, 612, 810), (108, 630, 828), (0, 648, 846), (18, 666, 810), (108, 648, 792), (126, 630, 864), (54, 666, 882), (0, 666, 882), (36, 666, 846), (90, 648, 810), (144, 666, 792), (90, 648, 846), (54, 684, 774), (72, 684, 774), (126, 666, 774), (126, 666, 792), (54, 702, 792), (18, 702, 828), (90, 684, 828), (90, 684, 738), (90, 684, 792), (36, 684, 792)]	(9497, 10913, 9377, 10537, 11608, 9710, 8695, 5992, 9205, 6984, 6855, 6652, 5761, 6122, 7307, 7240, 11609, 21176, 17313, 16974, 15845, 13751, 13203, 2011)
t	1561128	(577, 272)	[(90, 684, 792), (36, 684, 792), (54, 684, 792), (72, 684, 738), (126, 702, 630), (-108, 684, 990), (0, 558, 918), (0, 504, 900), (-72, 558, 954), (-72, 648, 954), (36, 612, 810), (18, 630, 774), (-36, 630, 828), (-36, 630, 864), (0, 630, 846), (72, 648, 810), (126, 630, 828), (54, 630, 864), (-72, 684, 846), (18, 648, 828), (90, 648, 792), (108, 630, 792), (36, 648, 810), (-54, 702, 810), (72, 648, 828)]	(9490, 10905, 9341, 10367, 11594, 9653, 8534, 5960, 10001, 6988, 6654, 6614, 7212, 6130, 7274, 7111, 11655, 20695, 16523, 16850, 15871, 14168, 13162, 2004)
 	1561490	(817, 278)	[(-36, 630, 828), (-36, 630, 864), (0, 630, 846), (72, 648, 810), (126, 630, 828), (54, 630, 864), (-72, 684, 846), (18, 648, 828), (90, 648, 792), (108, 630, 792), (36, 648, 810), (-54, 702, 810), (72, 648, 828), (90, 630, 810), (36, 666, 846), (36, 666, 828), (72, 684, 756), (162, 666, 756), (72, 594, 954), (-108, 648, 882), (-72, 648, 900), (0, 612, 864), (18, 630, 882), (54, 630, 738), (-72, 648, 900)]	(9494, 10899, 9327, 10321, 11576, 9605, 7750, 5888, 10414, 6948, 6247, 6521, 7903, 6105, 7231, 6936, 11514, 20232, 15809, 16638, 15887, 14653, 12985, 1988)
w	1561939	(590, 408)	[(72, 684, 756), (162, 666, 756), (72, 594, 954), (-108, 648, 882), (-72, 648, 900), (0, 612, 864), (18, 630, 882), (54, 630, 738), (-72, 648, 900), (-36, 648, 828), (-36, 630, 774), (54, 612, 792), (54, 576, 936), (54, 612, 972), (36, 612, 918), (36, 648, 720), (36, 648, 774), (18, 612, 900), (72, 612, 828), (54, 630, 846), (72, 630, 900), (36, 612, 882), (54, 630, 864), (90, 594, 882), (72, 594, 792)]	(9491, 10900, 9320, 10289, 11556, 9621, 7865, 5876, 10396, 6959, 6272, 6485, 7955, 6115, 7241, 6975, 11584, 20326, 15916, 16641, 15866, 14566, 13078, 1987)
i	1562456	(585, 119)	[(54, 630, 846), (72, 630, 900), (36, 612, 882), (54, 630, 864), (90, 594, 882), (72, 594, 792), (54, 630, 792), (54, 630, 828), (36, 630, 882), (54, 630, 864), (72, 630, 792), (-36, 630, 900), (108, 594, 936), (108, 612, 828), (-36, 684, 810), (-90, 720, 666), (72, 738, 720), (198, 666, 756), (180, 630, 792), (126, 630, 828), (72, 684, 900), (90, 666, 846), (126, 666, 756), (144, 648, 738), (180, 630, 828)]	(9504, 10959, 9355, 10484, 11595, 9655, 8146, 5955, 10236, 6985, 6525, 6536, 7412, 6128, 7267, 7115, 11591, 20575, 17064, 17036, 15879, 14068, 13134, 2001)
l	1563024	(655, 33)	[(90, 666, 846), (126, 666, 756), (144, 648, 738), (180, 630, 828), (90, 630, 900), (72, 666, 882), (126, 684, 756), (144, 684, 774), (90, 666, 882), (108, 630, 720), (36, 648, 954), (72, 684, 720), (180, 666, 630), (252, 540, 720), (108, 594, 810), (-54, 666, 936), (54, 684, 846), (162, 648, 810), (126, 630, 882), (72, 648, 918), (36, 630, 900), (90, 648, 774), (126, 630, 810), (54, 648, 864), (36, 648, 846)]	(9522, 11293, 9346, 10730, 11608, 9637, 5839, 6573, 8050, 6909, 5941, 6486, 5229, 6079, 7235, 7017, 11656, 20750, 17715, 17364, 16070, 14340, 13303, 2003)
l	1563276	(656, 42)	[(144, 684, 774), (90, 666, 882), (108, 630, 720), (36, 648, 954), (72, 684, 720), (180, 666, 630), (252, 540, 720), (108, 594, 810), (-54, 666, 936), (54, 684, 846), (162, 648, 810), (126, 630, 882), (72, 648, 918), (36, 630, 900), (90, 648, 774), (126, 630, 810), (54, 648, 864), (36, 648, 846), (108, 648, 756), (126, 630, 702), (108, 612, 828), (90, 630, 864), (54, 612, 792), (90, 630, 810), (90, 630, 810)]	(9509, 11269, 9333, 10682, 11609, 9635, 5902, 6560, 8102, 6918, 6009, 6496, 5255, 6085, 7241, 7034, 11648, 20708, 17688, 17394, 16069, 14311, 13271, 2005)
 	1563831	(853, 217)	[(90, 630, 864), (54, 612, 792), (90, 630, 810), (90, 630, 810), (90, 630, 756), (90, 630, 702), (90, 612, 738), (162, 540, 1098), (54, 576, 864), (72, 558, 864), (36, 576, 882), (18, 648, 810), (54, 648, 774), (54, 630, 828), (0, 630, 846), (36, 594, 864), (90, 612, 864), (72, 630, 810), (36, 648, 828), (108, 594, 846), (144, 594, 864), (144, 576, 864), (90, 612, 810), (90, 612, 810), (126, 594, 846)]	(9515, 11307, 9347, 10548, 11600, 9600, 5485, 6416, 9402, 6914, 5796, 6329, 6275, 6091, 7242, 6897, 11677, 20599, 16795, 17146, 15951, 14478, 13198, 1987)
p	1564398	(561, 10)	[(144, 576, 864), (90, 612, 810), (90, 612, 810), (126, 594, 846), (54, 612, 936), (-36, 720, 828), (-18, 684, 774), (36, 702, 738), (234, 612, 846), (144, 666, 846), (18, 738, 738), (0, 738, 666), (108, 702, 792), (216, 630, 792), (144, 666, 828), (72, 684, 828), (18, 738, 810), (108, 738, 738), (108, 702, 702), (36, 720, 756), (90, 666, 882), (108, 666, 810), (108, 684, 738), (72, 702, 648), (36, 756, 594)]	(9521, 11319, 9358, 10964, 11613, 9668, 5793, 6579, 7123, 6896, 5921, 6441, 5007, 6085, 7270, 6975, 11599, 21040, 17944, 17197, 15848, 13743, 13229, 1999)
r	1565113	(580, 290)	[(144, 540, 936), (108, 612, 810), (36, 630, 774), (18, 630, 828), (-54, 648, 846), (-36, 648, 864), (72, 630, 792), (72, 648, 792), (-36, 684, 864), (-36, 684, 810), (18, 648, 900), (90, 648, 864), (72, 648, 846), (36, 648, 756), (-36, 684, 756), (18, 666, 810), (90, 630, 810), (90, 648, 900), (36, 702, 792), (54, 702, 738), (72, 666, 792), (108, 630, 846), (72, 666, 828), (54, 684, 738), (54, 666, 810)]	(9502, 11256, 9338, 10555, 11596, 9637, 5905, 6469, 9390, 6924, 5921, 6471, 6577, 6121, 7303, 6960, 11731, 21306, 16682, 16825, 15825, 13885, 13255, 2005)
o	1565530	(575, 79)	[(-36, 684, 756), (18, 666, 810), (90, 630, 810), (90, 648, 900), (36, 702, 792), (54, 702, 738), (72, 666, 792), (108, 630, 846), (72, 666, 828), (54, 684, 738), (54, 666, 810), (108, 666, 846), (90, 666, 828), (54, 684, 810), (108, 666, 756), (90, 666, 810), (90, 666, 774), (54, 666, 846), (108, 702, 792), (90, 684, 684), (36, 720, 720), (54, 684, 828), (108, 684, 828), (144, 666, 756), (162, 684, 756)]	(9513, 11287, 9335, 10739, 11606, 9622, 5775, 6527, 8596, 6911, 5941, 6453, 5548, 6110, 7334, 6995, 11687, 21374, 17371, 17032, 15870, 13777, 13284, 2016)
b	1566130	(746, 188)	[(144, 666, 756), (162, 684, 756), (108, 684, 846), (90, 684, 918), (90, 684, 882), (144, 666, 774), (162, 648, 756), (18, 684, 900), (144, 486, 1062), (54, 630, 936), (72, 648, 864), (108, 594, 828), (126, 594, 864), (126, 594, 828), (90, 594, 828), (108, 630, 810), (72, 630, 792), (72, 630, 864), (72, 630, 864), (108, 612, 828), (144, 612, 846), (90, 630, 846), (54, 666, 828), (108, 648, 774), (198, 576, 810)]	(9506, 11296, 9322, 10502, 11600, 9606, 5627, 6453, 9751, 6928, 5870, 6400, 7169, 6133, 7316, 6949, 11762, 21008, 16659, 16934, 15847, 14047, 13188, 1997)
a	1566648	(655, 465)	[(108, 612, 828), (144, 612, 846), (90, 630, 846), (54, 666, 828), (108, 648, 774), (198, 576, 810), (198, 558, 846), (108, 630, 846), (108, 648, 846), (180, 648, 864), (162, 648, 846), (162, 684, 828), (126, 648, 756), (-54, 594, 918), (-36, 558, 1080), (90, 522, 936), (54, 612, 846), (-108, 630, 864), (-108, 630, 936), (0, 576, 882), (90, 558, 774), (90, 558, 810), (-54, 612, 864), (-54, 630, 882), (-18, 576, 882)]	(9475, 10845, 9268, 10204, 11552, 9563, 7138, 6148, 10021, 6956, 6132, 7368, 7761, 6105, 7254, 6883, 11668, 20349, 15359, 16273, 15798, 14580, 13054, 1990)
b	1567166	(748, 192)	[(0, 576, 882), (90, 558, 774), (90, 558, 810), (-54, 612, 864), (-54, 630, 882), (-18, 576, 882), (72, 576, 882), (18, 576, 918), (-54, 612, 936), (-36, 612, 846), (36, 594, 900), (-18, 594, 846), (126, 558, 828), (36, 612, 900), (54, 630, 900), (126, 594, 864), (90, 576, 810), (54, 612, 846), (108, 594, 846), (90, 612, 846), (36, 630, 882), (72, 594, 882), (108, 612, 846), (126, 576, 882), (72, 612, 882)]	(9492, 10980, 9294, 10325, 11564, 9591, 7318, 6055, 9891, 6955, 6208, 6961, 7561, 6118, 7257, 6951, 11605, 20389, 15990, 16792, 15871, 14454, 13064, 1992)
l	1567614	(649, 45)	[(126, 594, 864), (90, 576, 810), (54, 612, 846), (108, 594, 846), (90, 612, 846), (36, 630, 882), (72, 594, 882), (108, 612, 846), (126, 576, 882), (72, 612, 882), (36, 630, 864), (72, 612, 846), (36, 612, 936), (180, 648, 846), (126, 630, 846), (108, 630, 828), (126, 666, 810), (252, 630, 846), (180, 648, 702), (108, 666, 756), (126, 648, 828), (162, 648, 810), (162, 666, 756), (90, 684, 738), (54, 684, 792)]	(9510, 11175, 9310, 10538, 11588, 9602, 6701, 6097, 7958, 6925, 6100, 6539, 5247, 6102, 7265, 7023, 11652, 20960, 17460, 17232, 15925, 13925, 13253, 2018)
y	1568031	(575, 212)	[(126, 630, 846), (108, 630, 828), (126, 666, 810), (252, 630, 846), (180, 648, 702), (108, 666, 756), (126, 648, 828), (162, 648, 810), (162, 666, 756), (90, 684, 738), (54, 684, 792), (90, 684, 864), (126, 666, 882), (90, 684, 738), (72, 666, 666), (72, 648, 702), (108, 612, 936), (90, 612, 900), (126, 594, 846), (90, 630, 774), (72, 630, 720), (108, 648, 828), (126, 630, 900), (36, 684, 846), (72, 684, 810)]	(9503, 11138, 9320, 10466, 11593, 9640, 7087, 6156, 8572, 6939, 6235, 6651, 5623, 6110, 7283, 7042, 11705, 21102, 16998, 17018, 15924, 14019, 13272, 2003)
 	1568430	(816, 235)	[(72, 666, 666), (72, 648, 702), (108, 612, 936), (90, 612, 900), (126, 594, 846), (90, 630, 774), (72, 630, 720), (108, 648, 828), (126, 630, 900), (36, 684, 846), (72, 684, 810), (90, 648, 864), (108, 630, 846), (72, 648, 810), (90, 648, 738), (108, 666, 684), (180, 486, 1080), (144, 558, 900), (90, 558, 972), (90, 576, 918), (144, 576, 828), (108, 576, 828), (90, 612, 864), (108, 576, 882), (72, 612, 846)]	(9507, 11188, 9315, 10399, 11574, 9595, 6210, 6076, 9554, 6919, 5855, 6387, 7037, 6113, 7261, 6912, 11738, 20715, 16340, 16866, 15886, 14446, 13190, 1994)
b	1568793	(738, 218)	[(108, 630, 846), (72, 648, 810), (90, 648, 738), (108, 666, 684), (180, 486, 1080), (144, 558, 900), (90, 558, 972), (90, 576, 918), (144, 576, 828), (108, 576, 828), (90, 612, 864), (108, 576, 882), (72, 612, 846), (108, 594, 774), (126, 594, 828), (108, 594, 846), (108, 594, 864), (126, 594, 810), (90, 612, 918), (108, 594, 990), (108, 612, 792), (144, 594, 828), (144, 612, 774), (144, 594, 846), (90, 612, 882)]	(9498, 11182, 9312, 10412, 11585, 9606, 6596, 6132, 9685, 6930, 5993, 6549, 7229, 6110, 7266, 6950, 11705, 20656, 16350, 16863, 15886, 14374, 13159, 2000)
e	1569241	(587, 351)	[(108, 594, 864), (126, 594, 810), (90, 612, 918), (108, 594, 990), (108, 612, 792), (144, 594, 828), (144, 612, 774), (144, 594, 846), (90, 612, 882), (108, 612, 864), (162, 594, 846), (144, 612, 828), (126, 612, 810), (108, 576, 846), (108, 612, 900), (108, 612, 828), (90, 612, 828), (108, 594, 846), (108, 594, 864), (144, 594, 900), (144, 612, 864), (126, 612, 882), (90, 612, 828), (90, 612, 882), (90, 612, 864)]	(9506, 11177, 9317, 10402, 11594, 9614, 6565, 6132, 9898, 6935, 5990, 6525, 7502, 6111, 7265, 6952, 11752, 20689, 16384, 16854, 15878, 14361, 13161, 1992)
 	1569758	(785, 221)	[(144, 594, 900), (144, 612, 864), (126, 612, 882), (90, 612, 828), (90, 612, 882), (90, 612, 864), (108, 594, 810), (108, 594, 864), (72, 612, 882), (108, 630, 846), (108, 612, 864), (108, 612, 846), (90, 612, 828), (126, 576, 846), (180, 558, 846), (108, 612, 846), (108, 576, 810), (90, 594, 864), (108, 612, 882), (54, 630, 864), (144, 576, 900), (144, 594, 864), (90, 612, 864), (144, 612, 846), (126, 576, 864)]	(9504, 11186, 9313, 10401, 11594, 9593, 6456, 6079, 9765, 6935, 5980, 6448, 7342, 6113, 7265, 6970, 11705, 20576, 16455, 16958, 15934, 14503, 13148, 2002)
t	1570207	(578, 278)	[(108, 576, 810), (90, 594, 864), (108, 612, 882), (54, 630, 864), (144, 576, 900), (144, 594, 864), (90, 612, 864), (144, 612, 846), (126, 576, 864), (108, 594, 846), (126, 594, 828), (126, 594, 846), (126, 594, 864), (126, 594, 882), (126, 594, 810), (144, 576, 828), (90, 594, 828), (90, 594, 864), (36, 612, 918), (126, 612, 900), (180, 594, 846), (180, 594, 846), (108, 612, 882), (108, 612, 900), (90, 630, 738)]	(9497, 11144, 9307, 10395, 11586, 9602, 6774, 6102, 9808, 6940, 6146, 6554, 7441, 6128, 7281, 7020, 11694, 20687, 16517, 16913, 15882, 14175, 13141, 1986)
o	1570675	(576, 82)	[(90, 594, 828), (90, 594, 864), (36, 612, 918), (126, 612, 900), (180, 594, 846), (180, 594, 846), (108, 612, 882), (108, 612, 900), (90, 630, 738), (90, 612, 846), (90, 630, 828), (126, 612, 846), (108, 612, 864), (144, 594, 792), (126, 612, 774), (90, 576, 810), (144, 648, 828), (90, 612, 828), (162, 630, 810), (252, 558, 792), (216, 576, 846), (162, 576, 900), (162, 594, 882), (162, 612, 792), (234, 576, 828)]	(9505, 11180, 9321, 10581, 11590, 9618, 6675, 6127, 7790, 6918, 6100, 6537, 5151, 6102, 7272, 7042, 11722, 20975, 17677, 17235, 15992, 14084, 13276, 2008)
m	1571182	(748, 117)	[(162, 630, 810), (252, 558, 792), (216, 576, 846), (162, 576, 900), (162, 594, 882), (162, 612, 792), (234, 576, 828), (108, 594, 864), (54, 612, 900), (126, 630, 882), (144, 630, 828), (198, 594, 720), (18, 630, 1026), (288, 468, 774), (90, 522, 936), (-36, 558, 972), (18, 558, 864), (162, 540, 792), (216, 522, 864), (162, 522, 954), (0, 576, 1026), (0, 576, 972), (108, 558, 864), (180, 540, 864), (144, 540, 882)]	(9509, 11157, 9321, 10483, 11597, 9627, 6971, 6060, 8043, 6923, 6171, 6467, 5253, 6096, 7265, 7028, 11799, 20980, 16927, 17228, 16075, 14457, 13313, 2005)
o	1571702	(582, 83)	[(162, 522, 954), (0, 576, 1026), (0, 576, 972), (108, 558, 864), (180, 540, 864), (144, 540, 882), (54, 558, 864), (108, 558, 846), (180, 522, 846), (144, 558, 900), (72, 540, 936), (54, 558, 936), (90, 558, 918), (126, 540, 810), (36, 558, 936), (162, 594, 774), (0, 648, 900), (36, 648, 900), (180, 630, 792), (270, 594, 792), (162, 648, 792), (18, 666, 918), (72, 630, 846), (162, 612, 774), (162, 612, 828)]	(9512, 11153, 9324, 10548, 11595, 9641, 7201, 6153, 7699, 6951, 6313, 6583, 5156, 6122, 7340, 7089, 11763, 21275, 17383, 17149, 15933, 13878, 13235, 2017)
r	1572370	(583, 314)	[(162, 612, 828), (72, 666, 846), (54, 666, 846), (126, 630, 792), (180, 630, 810), (198, 612, 756), (18, 612, 900), (18, 612, 900), (54, 576, 882), (108, 576, 792), (72, 612, 774), (72, 612, 828), (72, 630, 900), (126, 612, 882), (108, 594, 882), (72, 612, 900), (72, 594, 846), (108, 594, 828), (144, 594, 828), (90, 612, 864), (36, 630, 846), (90, 612, 864), (108, 594, 882), (126, 594, 846), (90, 630, 846)]	(9487, 11046, 9298, 10353, 11582, 9612, 7221, 6085, 8823, 6951, 6280, 6610, 5914, 6120, 7298, 7009, 11846, 20983, 16344, 16800, 15919, 14248, 13191, 2010)
r	1572718	(584, 307)	[(72, 612, 828), (72, 630, 900), (126, 612, 882), (108, 594, 882), (72, 612, 900), (72, 594, 846), (108, 594, 828), (144, 594, 828), (90, 612, 864), (36, 630, 846), (90, 612, 864), (108, 594, 882), (126, 594, 846), (90, 630, 846), (-36, 648, 864), (72, 630, 864), (144, 594, 900), (126, 576, 882), (72, 630, 846), (54, 648, 828), (90, 630, 864), (108, 630, 864), (90, 612, 864), (54, 648, 846), (108, 630, 810)]	(9490, 11066, 9317, 10377, 11588, 9633, 7372, 6180, 9120, 6952, 6362, 6705, 6381, 6123, 7291, 7062, 11805, 20778, 16421, 16917, 15968, 14420, 13178, 2003)
o	1573284	(581, 73)	[(90, 612, 864), (54, 648, 846), (108, 630, 810), (144, 594, 864), (108, 576, 864), (54, 630, 864), (108, 612, 846), (144, 630, 792), (72, 648, 828), (36, 648, 810), (72, 612, 918), (108, 612, 846), (126, 612, 828), (90, 630, 846), (72, 648, 810), (90, 666, 828), (108, 630, 792), (90, 666, 756), (72, 666, 774), (90, 648, 792), (90, 648, 864), (72, 666, 864), (90, 666, 828), (90, 666, 756), (108, 666, 720)]	(9492, 11090, 9308, 10508, 11597, 9640, 7295, 6115, 7758, 6938, 6384, 6611, 5185, 6110, 7278, 7120, 11707, 20962, 17320, 17127, 15954, 14020, 13221, 2007)
w	1573902	(573, 409)	[(90, 666, 756), (108, 666, 720), (108, 630, 882), (72, 648, 900), (90, 666, 792), (90, 684, 774), (108, 666, 720), (108, 666, 648), (54, 630, 720), (90, 612, 918), (-54, 504, 1044), (18, 540, 936), (0, 612, 792), (0, 576, 864), (0, 558, 810), (-36, 594, 792), (36, 612, 864), (54, 594, 864), (0, 612, 882), (36, 558, 882), (54, 576, 918), (54, 576, 900), (36, 594, 846), (72, 594, 810), (54, 576, 900)]	(9492, 10997, 9295, 10303, 11580, 9595, 7265, 6080, 9492, 6928, 6181, 6709, 7050, 6120, 7265, 6959, 11831, 20552, 15779, 16631, 15960, 14634, 13113, 1993)
