Please hold the phone in your right hand and type with your left index finger
i	1833412	(589, 103)	[(18, 630, 900), (18, 630, 828), (18, 630, 792), (18, 612, 792), (18, 612, 810), (54, 630, 846), (36, 648, 828), (36, 648, 846), (36, 648, 900), (54, 648, 900), (36, 612, 846), (18, 612, 882), (54, 612, 882), (54, 612, 864), (36, 630, 792), (54, 630, 810), (54, 648, 810), (90, 648, 810), (54, 630, 864), (18, 630, 864), (54, 630, 864), (72, 648, 828), (54, 648, 846), (54, 630, 846), (54, 630, 828)]	(9526, 12185, 10474, 12041, 12103, 13215, 6927, 6148, 4513, 8504, 5764, 6227, 4283, 6183, 8671, 7343, 11635, 20668, 18539, 18686, 17294, 14772, 12190, 1994)
 	1834032	(845, 209)	[(54, 630, 828), (72, 648, 846), (54, 630, 864), (54, 648, 864), (54, 630, 900), (54, 648, 828), (72, 630, 792), (36, 630, 882), (18, 630, 846), (36, 630, 828), (18, 630, 846), (36, 630, 882), (36, 630, 864), (36, 630, 864), (36, 612, 846), (18, 630, 828), (36, 630, 810), (54, 630, 846), (36, 648, 882), (54, 612, 918), (36, 612, 756), (72, 648, 828), (36, 630, 900), (-36, 630, 918), (-54, 612, 846)]	(9524, 12157, 10489, 12030, 12080, 13125, 6888, 6109, 4467, 8410, 5728, 6186, 4264, 6174, 8579, 7349, 11625, 20658, 18713, 18708, 17289, 14780, 12178, 1983)
p	1834487	(572, 1)	[(36, 630, 810), (54, 630, 846), (36, 648, 882), (54, 612, 918), (36, 612, 756), (72, 648, 828), (36, 630, 900), (-36, 630, 918), (-54, 612, 846), (36, 612, 846), (36, 630, 864), (54, 630, 864), (54, 630, 828), (54, 630, 792), (90, 648, 792), (108, 648, 792), (108, 648, 828), (90, 666, 846), (90, 666, 882), (90, 666, 846), (126, 648, 774), (144, 648, 774), (90, 648, 828), (90, 666, 846), (72, 666, 882)]	(9523, 12150, 10463, 12069, 12103, 13227, 7039, 6157, 4520, 8526, 5799, 6218, 4280, 6184, 8651, 7364, 11636, 20674, 18772, 18744, 17295, 14813, 12182, 2001)
r	1835054	(562, 305)	[(144, 648, 774), (90, 648, 828), (90, 666, 846), (72, 666, 882), (72, 648, 828), (90, 630, 828), (90, 648, 882), (90, 648, 828), (54, 630, 828), (54, 630, 828), (36, 630, 810), (36, 648, 828), (36, 630, 864), (36, 630, 846), (54, 648, 828), (36, 630, 846), (18, 630, 828), (36, 648, 864), (54, 648, 846), (54, 648, 828), (36, 630, 846), (18, 630, 846), (36, 630, 774), (36, 612, 810), (54, 630, 846)]	(9528, 12181, 10492, 12107, 12110, 13249, 7070, 6162, 4527, 8499, 5788, 6222, 4278, 6175, 8611, 7363, 11644, 20685, 18820, 18829, 17341, 14843, 12187, 1990)
a	1835526	(666, 450)	[(36, 648, 864), (54, 648, 846), (54, 648, 828), (36, 630, 846), (18, 630, 846), (36, 630, 774), (36, 612, 810), (54, 630, 846), (36, 648, 918), (36, 666, 900), (18, 630, 864), (18, 630, 864), (18, 630, 846), (18, 630, 828), (0, 630, 846), (18, 630, 828), (18, 630, 828), (0, 630, 864), (0, 630, 864), (-36, 612, 882), (18, 648, 846), (36, 612, 828), (36, 630, 864), (-36, 576, 774), (0, 630, 864)]	(9508, 12129, 10454, 12052, 12090, 13172, 7019, 6119, 4477, 8407, 5739, 6195, 4280, 6179, 8593, 7363, 11640, 20676, 18808, 18824, 17351, 14836, 12185, 2002)
y	1835976	(553, 200)	[(18, 630, 828), (18, 630, 828), (0, 630, 864), (0, 630, 864), (-36, 612, 882), (18, 648, 846), (36, 612, 828), (36, 630, 864), (-36, 576, 774), (0, 630, 864), (18, 630, 936), (-18, 630, 954), (36, 612, 774), (36, 630, 900), (36, 630, 846), (36, 630, 828), (36, 630, 828), (36, 630, 828), (36, 630, 846), (36, 630, 828), (18, 630, 864), (0, 630, 864), (0, 630, 864), (18, 612, 828), (54, 612, 792)]	(9526, 12153, 10465, 12075, 12097, 13235, 7069, 6139, 4485, 8471, 5768, 6209, 4283, 6172, 8580, 7354, 11647, 20688, 18838, 18829, 17346, 14848, 12187, 2004)
 	1836594	(853, 252)	[(18, 612, 828), (54, 612, 792), (36, 612, 774), (18, 630, 864), (18, 648, 936), (0, 648, 936), (-36, 612, 846), (18, 630, 828), (0, 612, 864), (18, 612, 810), (18, 612, 828), (18, 612, 846), (18, 630, 864), (0, 612, 882), (0, 576, 900), (0, 612, 864), (0, 612, 846), (18, 630, 864), (0, 612, 882), (18, 630, 864), (18, 612, 756), (36, 630, 864), (0, 612, 936), (-18, 630, 936), (-36, 630, 900)]	(9526, 12157, 10457, 12066, 12080, 13181, 7062, 6107, 4486, 8416, 5741, 6216, 4262, 6173, 8545, 7350, 11634, 20659, 18778, 18779, 17321, 14830, 12180, 2000)
t	1837110	(571, 251)	[(18, 612, 756), (36, 630, 864), (0, 612, 936), (-18, 630, 936), (-36, 630, 900), (0, 612, 828), (18, 612, 882), (18, 612, 864), (18, 630, 828), (18, 630, 828), (18, 612, 846), (18, 630, 828), (18, 630, 864), (18, 630, 864), (18, 630, 882), (18, 630, 864), (18, 630, 846), (18, 630, 810), (36, 612, 846), (36, 630, 828), (18, 630, 864), (0, 612, 864), (18, 630, 828), (54, 612, 774), (54, 630, 828)]	(9530, 12182, 10476, 12102, 12093, 13229, 7095, 6134, 4485, 8453, 5757, 6215, 4280, 6177, 8598, 7370, 11646, 20687, 18844, 18825, 17357, 14857, 12183, 1992)
h	1837477	(665, 186)	[(18, 630, 828), (18, 630, 864), (18, 630, 864), (18, 630, 882), (18, 630, 864), (18, 630, 846), (18, 630, 810), (36, 612, 846), (36, 630, 828), (18, 630, 864), (0, 612, 864), (18, 630, 828), (54, 612, 774), (54, 630, 828), (18, 648, 972), (-18, 648, 954), (0, 612, 864), (18, 612, 792), (36, 612, 792), (0, 630, 900), (36, 612, 828), (18, 612, 828), (18, 612, 864), (18, 648, 882), (18, 612, 828)]	(9538, 12177, 10472, 12100, 12092, 13224, 7098, 6142, 4501, 8445, 5744, 6208, 4269, 6169, 8583, 7348, 11648, 20682, 18834, 18823, 17345, 14853, 12189, 1991)
i	1837776	(564, 113)	[(18, 630, 864), (0, 612, 864), (18, 630, 828), (54, 612, 774), (54, 630, 828), (18, 648, 972), (-18, 648, 954), (0, 612, 864), (18, 612, 792), (36, 612, 792), (0, 630, 900), (36, 612, 828), (18, 612, 828), (18, 612, 864), (18, 648, 882), (18, 612, 828), (36, 630, 864), (-36, 630, 900), (-36, 612, 864), (36, 612, 810), (36, 612, 882), (36, 630, 828), (36, 630, 810), (36, 630, 774), (72, 630, 864)]	(9532, 12180, 10471, 12102, 12099, 13258, 7135, 6164, 4513, 8447, 5766, 6227, 4270, 6172, 8567, 7363, 11640, 20685, 18840, 18816, 17347, 14855, 12193, 1993)
s	1838445	(663, 363)	[(36, 648, 900), (36, 648, 864), (54, 648, 810), (54, 630, 792), (54, 630, 828), (0, 630, 864), (36, 630, 828), (0, 630, 864), (-36, 630, 864), (-54, 630, 882), (-72, 594, 882), (-54, 594, 882), (-54, 594, 882), (-36, 612, 846), (-36, 594, 828), (-18, 612, 846), (0, 612, 828), (18, 630, 882), (0, 630, 882), (18, 630, 864), (18, 612, 846), (18, 612, 846), (0, 594, 846), (18, 612, 900), (18, 612, 774)]	(9516, 12121, 10425, 12026, 12070, 13148, 7047, 6105, 4469, 8359, 5736, 6189, 4247, 6169, 8494, 7360, 11631, 20661, 18815, 18817, 17335, 14845, 12187, 1985)
 	1838921	(853, 272)	[(18, 630, 882), (0, 630, 882), (18, 630, 864), (18, 612, 846), (18, 612, 846), (0, 594, 846), (18, 612, 900), (18, 612, 774), (36, 630, 828), (0, 630, 918), (-54, 630, 972), (-54, 630, 846), (0, 612, 756), (18, 612, 756), (-18, 630, 918), (0, 612, 846), (0, 612, 828), (0, 612, 828), (0, 612, 864), (-18, 612, 864), (-18, 612, 900), (-36, 612, 828), (36, 612, 828), (0, 612, 936), (-90, 612, 990)]	(9524, 12166, 10457, 12048, 12083, 13204, 7124, 6144, 4490, 8388, 5758, 6213, 4272, 6165, 8495, 7361, 11633, 20656, 18789, 18765, 17313, 14829, 12178, 1994)
i	1839423	(562, 127)	[(-18, 612, 864), (-18, 612, 900), (-36, 612, 828), (36, 612, 828), (0, 612, 936), (-90, 612, 990), (-54, 612, 846), (-54, 594, 864), (18, 630, 882), (36, 630, 864), (72, 630, 846), (72, 630, 810), (90, 630, 810), (72, 630, 828), (36, 648, 828), (36, 630, 846), (18, 630, 846), (36, 630, 864), (0, 612, 882), (0, 612, 864), (18, 630, 864), (54, 630, 846), (18, 612, 846), (36, 612, 810), (54, 612, 828)]	(9518, 12131, 10427, 12020, 12080, 13189, 7110, 6133, 4477, 8389, 5765, 6222, 4258, 6168, 8513, 7356, 11635, 20669, 18813, 18788, 17329, 14849, 12180, 1995)
s	1839940	(677, 364)	[(0, 612, 864), (18, 630, 864), (54, 630, 846), (18, 612, 846), (36, 612, 810), (54, 612, 828), (36, 630, 918), (18, 630, 900), (36, 648, 828), (36, 630, 864), (0, 612, 864), (0, 630, 828), (0, 612, 846), (0, 630, 846), (-36, 612, 864), (-36, 612, 882), (-36, 612, 864), (18, 630, 882), (0, 612, 828), (18, 612, 864), (36, 630, 846), (36, 612, 864), (36, 630, 882), (36, 612, 756), (54, 630, 792)]	(9520, 12122, 10420, 12005, 12070, 13159, 7087, 6103, 4448, 8359, 5731, 6191, 4274, 6166, 8498, 7372, 11634, 20664, 18813, 18785, 17332, 14847, 12190, 1989)
 	1840464	(853, 249)	[(0, 612, 828), (18, 612, 864), (36, 630, 846), (36, 612, 864), (36, 630, 882), (36, 612, 756), (54, 630, 792), (18, 630, 918), (-36, 648, 954), (-54, 612, 936), (18, 612, 846), (36, 612, 756), (0, 630, 882), (0, 612, 846), (18, 612, 810), (18, 630, 846), (18, 630, 882), (36, 630, 900), (18, 630, 864), (-36, 630, 756), (54, 612, 702), (90, 630, 900), (-54, 630, 1008), (-36, 630, 972), (0, 612, 774)]	(9518, 12157, 10437, 12049, 12080, 13196, 7120, 6120, 4478, 8365, 5747, 6219, 4243, 6159, 8461, 7347, 11631, 20649, 18773, 18747, 17314, 14832, 12174, 1994)
a	1840817	(655, 422)	[(0, 630, 882), (0, 612, 846), (18, 612, 810), (18, 630, 846), (18, 630, 882), (36, 630, 900), (18, 630, 864), (-36, 630, 756), (54, 612, 702), (90, 630, 900), (-54, 630, 1008), (-36, 630, 972), (0, 612, 774), (36, 612, 738), (18, 648, 918), (-36, 612, 810), (0, 612, 792), (18, 594, 828), (0, 612, 882), (-36, 612, 918), (0, 612, 900), (0, 612, 846), (36, 612, 828), (18, 630, 846), (18, 612, 774)]	(9525, 12172, 10453, 12067, 12078, 13241, 7151, 6137, 4478, 8394, 5747, 6203, 4269, 6170, 8520, 7372, 11636, 20672, 18835, 18799, 17347, 14853, 12194, 1989)
 	1841387	(853, 239)	[(0, 612, 846), (36, 612, 828), (18, 630, 846), (18, 612, 774), (54, 612, 810), (36, 630, 936), (-18, 630, 972), (-36, 648, 900), (0, 594, 810), (0, 612, 900), (18, 630, 846), (18, 612, 810), (18, 612, 792), (18, 612, 864), (18, 612, 900), (18, 630, 900), (0, 612, 864), (0, 630, 846), (0, 612, 828), (18, 612, 972), (18, 594, 774), (36, 612, 846), (-54, 612, 972), (-72, 612, 990), (-36, 612, 918)]	(9526, 12185, 10466, 12091, 12105, 13274, 7215, 6151, 4508, 8427, 5763, 6213, 4269, 6167, 8479, 7366, 11634, 20670, 18808, 18770, 17321, 14852, 12165, 1995)
h	1841886	(667, 205)	[(0, 612, 828), (18, 612, 972), (18, 594, 774), (36, 612, 846), (-54, 612, 972), (-72, 612, 990), (-36, 612, 918), (18, 612, 846), (0, 630, 882), (0, 612, 828), (0, 612, 810), (-36, 612, 828), (36, 612, 864), (18, 630, 864), (0, 612, 900), (18, 630, 882), (18, 612, 846), (18, 612, 828), (18, 612, 828), (36, 612, 846), (36, 630, 864), (36, 630, 864), (36, 612, 846), (54, 612, 864), (36, 612, 810)]	(9521, 12132, 10427, 12029, 12088, 13225, 7176, 6137, 4479, 8365, 5759, 6175, 4258, 6158, 8459, 7362, 11621, 20655, 18815, 18778, 17345, 14862, 12177, 1990)
u	1842305	(542, 159)	[(18, 630, 882), (18, 612, 846), (18, 612, 828), (18, 612, 828), (36, 612, 846), (36, 630, 864), (36, 630, 864), (36, 612, 846), (54, 612, 864), (36, 612, 810), (18, 612, 882), (0, 630, 936), (0, 630, 936), (18, 612, 828), (18, 612, 792), (18, 612, 774), (18, 648, 900), (36, 630, 810), (36, 612, 810), (36, 612, 828), (36, 630, 882), (36, 630, 864), (54, 630, 828), (36, 648, 846), (18, 630, 846)]	(9521, 12151, 10424, 12038, 12093, 13251, 7210, 6137, 4475, 8352, 5749, 6184, 4259, 6149, 8440, 7350, 11637, 20667, 18833, 18797, 17342, 14871, 12185, 1986)
g	1842876	(654, 243)	[(36, 630, 864), (54, 630, 828), (36, 648, 846), (18, 630, 846), (36, 648, 882), (18, 630, 882), (18, 630, 846), (18, 612, 828), (0, 612, 864), (-18, 630, 846), (18, 612, 864), (18, 612, 846), (18, 630, 846), (18, 612, 864), (36, 612, 864), (18, 630, 846), (18, 630, 864), (18, 630, 846), (0, 612, 846), (18, 630, 864), (36, 630, 864), (0, 630, 864), (36, 630, 882), (36, 594, 756), (36, 630, 864)]	(9536, 12207, 10468, 12101, 12106, 13311, 7290, 6143, 4481, 8368, 5747, 6177, 4248, 6162, 8448, 7372, 11630, 20668, 18852, 18809, 17355, 14880, 12184, 1975)
e	1843377	(579, 360)	[(0, 612, 846), (18, 630, 864), (36, 630, 864), (0, 630, 864), (36, 630, 882), (36, 594, 756), (36, 630, 864), (18, 630, 954), (-18, 630, 954), (0, 630, 864), (18, 612, 792), (54, 630, 792), (0, 612, 900), (18, 630, 828), (18, 630, 828), (18, 630, 864), (18, 612, 882), (36, 630, 882), (18, 630, 828), (18, 612, 828), (18, 630, 846), (18, 612, 828), (18, 630, 864), (0, 630, 882), (18, 612, 774)]	(9523, 12164, 10440, 12056, 12094, 13277, 7251, 6127, 4467, 8369, 5740, 6167, 4260, 6155, 8464, 7366, 11630, 20664, 18845, 18812, 17362, 14875, 12186, 1990)
 	1845081	(838, 237)	[(-18, 594, 882), (0, 594, 846), (0, 594, 882), (0, 576, 882), (0, 594, 864), (0, 594, 882), (-36, 594, 864), (0, 594, 864), (-18, 594, 882), (-36, 594, 864), (-36, 594, 882), (-36, 594, 864), (-36, 576, 900), (0, 594, 882), (-36, 576, 900), (-36, 576, 882), (0, 594, 882), (-18, 576, 882), (0, 594, 864), (0, 594, 864), (-36, 576, 900), (-36, 576, 882), (-36, 594, 864), (0, 594, 864), (-72, 612, 648)]	(9515, 12155, 10441, 12017, 12037, 13101, 7102, 6039, 4370, 8165, 5648, 6079, 4258, 6141, 8374, 7376, 11611, 20646, 18775, 18760, 17336, 14848, 12178, 1985)
o	1845703	(560, 75)	[(-72, 612, 648), (36, 612, 792), (-36, 576, 918), (-54, 594, 1008), (-72, 576, 990), (-72, 576, 864), (18, 594, 882), (18, 612, 918), (54, 594, 882), (72, 612, 828), (90, 594, 774), (72, 594, 774), (54, 594, 828), (72, 612, 882), (90, 612, 900), (90, 630, 882), (54, 612, 882), (54, 612, 810), (36, 594, 846), (54, 612, 846), (54, 612, 882), (54, 612, 918), (72, 612, 828), (90, 594, 792), (90, 612, 864)]	(9535, 12216, 10474, 12106, 12086, 13286, 7272, 6099, 4421, 8335, 5704, 6127, 4269, 6162, 8471, 7400, 11636, 20682, 18833, 18814, 17393, 14900, 12186, 1987)
v	1846326	(751, 247)	[(90, 594, 792), (90, 612, 864), (54, 612, 900), (54, 612, 882), (54, 612, 864), (36, 594, 864), (36, 594, 882), (54, 612, 864), (36, 612, 864), (54, 612, 864), (36, 612, 864), (36, 594, 882), (36, 612, 846), (36, 594, 846), (54, 594, 864), (36, 594, 864), (36, 594, 864), (18, 612, 882), (36, 594, 882), (36, 612, 882), (36, 612, 846), (18, 594, 864), (18, 612, 864), (36, 612, 864), (54, 594, 900)]	(9522, 12154, 10413, 12019, 12054, 13145, 7148, 6024, 4340, 8273, 5654, 6084, 4247, 6164, 8452, 7378, 11635, 20668, 18804, 18798, 17373, 14890, 12182, 1990)
e	1846829	(578, 333)	[(36, 594, 882), (36, 612, 882), (36, 612, 846), (18, 594, 864), (18, 612, 864), (36, 612, 864), (54, 594, 900), (90, 612, 774), (54, 630, 864), (36, 612, 972), (18, 612, 972), (18, 594, 882), (36, 594, 846), (0, 594, 882), (18, 576, 846), (18, 594, 828), (36, 594, 828), (36, 612, 864), (36, 612, 900), (36, 612, 882), (54, 612, 864), (36, 594, 864), (54, 576, 864), (36, 612, 864), (54, 612, 864)]	(9521, 12171, 10432, 12031, 12065, 13177, 7186, 6029, 4364, 8280, 5652, 6079, 4247, 6156, 8449, 7381, 11633, 20672, 18808, 18806, 17385, 14889, 12177, 1988)
r	1847196	(562, 311)	[(36, 594, 846), (0, 594, 882), (18, 576, 846), (18, 594, 828), (36, 594, 828), (36, 612, 864), (36, 612, 900), (36, 612, 882), (54, 612, 864), (36, 594, 864), (54, 576, 864), (36, 612, 864), (54, 612, 864), (54, 594, 846), (36, 594, 846), (18, 612, 900), (0, 612, 936), (18, 612, 900), (18, 612, 864), (36, 594, 828), (54, 594, 810), (18, 612, 918), (36, 612, 828), (36, 612, 846), (54, 612, 828)]	(9509, 12155, 10422, 12029, 12050, 13157, 7169, 6011, 4343, 8278, 5633, 6045, 4263, 6158, 8474, 7383, 11637, 20672, 18824, 18819, 17395, 14910, 12185, 1993)
s	1847749	(658, 377)	[(18, 612, 918), (36, 612, 828), (36, 612, 846), (54, 612, 828), (36, 594, 846), (36, 594, 918), (0, 612, 954), (0, 612, 936), (0, 594, 864), (18, 594, 810), (36, 594, 774), (36, 612, 828), (18, 612, 900), (18, 594, 846), (36, 594, 864), (18, 612, 900), (18, 594, 900), (36, 612, 864), (18, 594, 864), (18, 594, 864), (18, 594, 846), (18, 594, 864), (18, 612, 882), (18, 612, 882), (54, 576, 756)]	(9514, 12135, 10393, 11995, 12048, 13134, 7146, 6006, 4342, 8252, 5642, 6067, 4247, 6157, 8445, 7380, 11630, 20661, 18778, 18779, 17363, 14879, 12184, 1985)
i	1848268	(568, 118)	[(18, 594, 864), (18, 594, 846), (18, 594, 864), (18, 612, 882), (18, 612, 882), (54, 576, 756), (72, 612, 846), (18, 612, 990), (-36, 612, 990), (0, 594, 882), (36, 594, 774), (18, 612, 954), (54, 612, 828), (72, 612, 828), (54, 612, 828), (72, 612, 864), (54, 612, 846), (54, 612, 864), (54, 612, 828), (18, 612, 882), (36, 612, 900), (54, 612, 864), (36, 612, 846), (54, 612, 738), (18, 594, 846)]	(9531, 12220, 10452, 12105, 12071, 13251, 7260, 6058, 4392, 8311, 5648, 6069, 4267, 6160, 8453, 7393, 11643, 20682, 18846, 18842, 17405, 14918, 12185, 1993)
g	1848789	(661, 235)	[(54, 612, 828), (18, 612, 882), (36, 612, 900), (54, 612, 864), (36, 612, 846), (54, 612, 738), (18, 594, 846), (36, 612, 900), (54, 630, 954), (36, 594, 810), (36, 630, 882), (36, 612, 864), (36, 612, 864), (36, 612, 864), (36, 612, 828), (54, 612, 864), (36, 612, 882), (36, 594, 882), (54, 612, 864), (54, 612, 846), (36, 630, 846), (36, 612, 864), (36, 612, 864), (54, 612, 864), (90, 612, 756)]	(9518, 12146, 10395, 12004, 12039, 13119, 7127, 5990, 4317, 8246, 5612, 6040, 4253, 6157, 8430, 7375, 11631, 20660, 18802, 18807, 17387, 14904, 12182, 1988)
h	1849088	(661, 186)	[(36, 594, 810), (36, 630, 882), (36, 612, 864), (36, 612, 864), (36, 612, 864), (36, 612, 828), (54, 612, 864), (36, 612, 882), (36, 594, 882), (54, 612, 864), (54, 612, 846), (36, 630, 846), (36, 612, 864), (36, 612, 864), (54, 612, 864), (90, 612, 756), (54, 594, 810), (54, 630, 900), (18, 630, 954), (18, 612, 972), (0, 612, 882), (18, 612, 936), (36, 612, 846), (36, 612, 810), (54, 612, 702)]	(9522, 12136, 10391, 11997, 12039, 13111, 7136, 5953, 4307, 8232, 5617, 6037, 4248, 6151, 8407, 7377, 11622, 20655, 18774, 18783, 17356, 14887, 12182, 1991)
t	1849438	(557, 277)	[(36, 630, 846), (36, 612, 864), (36, 612, 864), (54, 612, 864), (90, 612, 756), (54, 594, 810), (54, 630, 900), (18, 630, 954), (18, 612, 972), (0, 612, 882), (18, 612, 936), (36, 612, 846), (36, 612, 810), (54, 612, 702), (54, 612, 828), (54, 630, 918), (18, 612, 972), (0, 612, 918), (36, 612, 810), (36, 612, 882), (36, 630, 828), (36, 612, 828), (54, 612, 828), (36, 612, 828), (36, 612, 828)]	(9524, 12199, 10434, 12053, 12055, 13211, 7230, 6013, 4345, 8200, 5623, 6044, 4242, 6152, 8381, 7383, 11621, 20658, 18825, 18815, 17362, 14894, 12180, 1984)
 	1850834	(853, 258)	[(0, 594, 900), (0, 594, 882), (0, 594, 864), (0, 594, 864), (0, 594, 846), (0, 594, 864), (18, 594, 864), (36, 576, 900), (18, 594, 882), (18, 594, 882), (0, 594, 900), (18, 594, 882), (36, 594, 882), (18, 576, 864), (18, 576, 864), (0, 594, 846), (0, 576, 900), (18, 576, 900), (0, 576, 864), (18, 594, 846), (-18, 594, 846), (-72, 594, 666), (54, 594, 810), (18, 576, 990), (-54, 594, 990)]	(9529, 12239, 10470, 12097, 11984, 13060, 7183, 5985, 4315, 8090, 5565, 5991, 4231, 6158, 8510, 7402, 11629, 20675, 18807, 18827, 17369, 14886, 12185, 1983)
b	1851607	(739, 186)	[(18, 576, 864), (-36, 576, 864), (0, 576, 900), (0, 576, 900), (0, 594, 882), (18, 594, 882), (0, 594, 864), (0, 594, 864), (0, 576, 864), (0, 594, 864), (0, 594, 882), (0, 594, 882), (36, 576, 864), (18, 594, 864), (18, 594, 846), (0, 594, 846), (18, 594, 864), (36, 594, 900), (18, 612, 882), (18, 612, 864), (18, 594, 846), (18, 576, 864), (0, 594, 846), (36, 594, 900), (18, 576, 846)]	(9513, 12171, 10418, 12016, 11997, 13061, 7184, 5986, 4318, 8151, 5594, 6026, 4254, 6160, 8522, 7389, 11632, 20671, 18808, 18826, 17363, 14886, 12183, 1977)
u	1852078	(572, 167)	[(18, 594, 864), (36, 594, 900), (18, 612, 882), (18, 612, 864), (18, 594, 846), (18, 576, 864), (0, 594, 846), (36, 594, 900), (18, 576, 846), (0, 594, 882), (0, 612, 936), (0, 612, 900), (18, 594, 864), (18, 612, 900), (18, 612, 900), (18, 612, 882), (54, 612, 828), (54, 612, 810), (54, 630, 792), (54, 612, 828), (36, 630, 864), (36, 612, 882), (54, 612, 864), (54, 612, 846), (54, 612, 828)]	(9527, 12140, 10380, 11993, 12001, 13060, 7243, 6011, 4348, 8189, 5626, 6065, 4259, 6163, 8579, 7383, 11627, 20676, 18759, 18795, 17323, 14873, 12180, 1972)
t	1852596	(577, 265)	[(54, 630, 792), (54, 612, 828), (36, 630, 864), (36, 612, 882), (54, 612, 864), (54, 612, 846), (54, 612, 828), (36, 594, 810), (36, 612, 882), (18, 612, 936), (18, 612, 882), (36, 612, 828), (18, 612, 882), (36, 612, 846), (36, 612, 828), (36, 612, 846), (36, 612, 864), (18, 612, 864), (18, 630, 882), (18, 612, 846), (36, 612, 846), (18, 612, 864), (36, 612, 864), (54, 612, 810), (36, 612, 846)]	(9522, 12156, 10380, 12008, 12002, 13074, 7265, 6020, 4339, 8170, 5643, 6050, 4252, 6170, 8573, 7390, 11636, 20683, 18783, 18814, 17347, 14887, 12177, 1991)
 	1853470	(853, 245)	[(18, 612, 864), (18, 594, 882), (36, 612, 864), (36, 612, 846), (36, 612, 846), (18, 612, 846), (18, 612, 882), (18, 594, 882), (18, 612, 864), (18, 612, 864), (18, 594, 864), (18, 612, 864), (0, 594, 882), (0, 594, 882), (0, 594, 882), (0, 594, 882), (-36, 594, 882), (0, 594, 864), (18, 594, 864), (0, 594, 918), (-18, 594, 792), (18, 594, 900), (0, 612, 936), (-18, 594, 918), (0, 594, 846)]	(9527, 12175, 10410, 12040, 12006, 13092, 7277, 6026, 4341, 8179, 5636, 6069, 4258, 6172, 8547, 7392, 11629, 20677, 18772, 18790, 17328, 14875, 12175, 1977)
y	1854039	(564, 211)	[(0, 612, 936), (-18, 594, 918), (0, 594, 846), (18, 594, 810), (18, 594, 882), (0, 612, 900), (18, 612, 828), (18, 594, 846), (18, 594, 864), (18, 594, 882), (36, 594, 882), (18, 612, 828), (18, 594, 846), (18, 594, 864), (18, 612, 864), (18, 594, 882), (18, 594, 882), (18, 594, 864), (18, 594, 846), (18, 594, 864), (36, 594, 882), (36, 612, 864), (18, 612, 882), (36, 612, 810), (18, 612, 828)]	(9517, 12145, 10386, 11996, 11999, 13081, 7262, 6026, 4341, 8183, 5645, 6067, 4235, 6163, 8564, 7392, 11640, 20687, 18805, 18827, 17352, 14879, 12190, 1990)
e	1854591	(566, 366)	[(36, 612, 864), (18, 612, 882), (36, 612, 810), (18, 612, 828), (36, 612, 900), (18, 612, 918), (18, 612, 882), (18, 576, 864), (18, 612, 864), (18, 594, 846), (0, 594, 846), (0, 612, 846), (18, 594, 882), (18, 612, 900), (18, 612, 882), (18, 594, 864), (18, 594, 846), (18, 594, 864), (18, 612, 864), (0, 594, 882), (18, 594, 882), (18, 594, 882), (36, 612, 846), (18, 576, 774), (36, 612, 828)]	(9530, 12157, 10398, 12024, 11998, 13105, 7296, 6030, 4364, 8195, 5640, 6069, 4265, 6164, 8571, 7391, 11635, 20684, 18801, 18831, 17337, 14890, 12176, 1985)
t	1854959	(571, 281)	[(0, 612, 846), (18, 594, 882), (18, 612, 900), (18, 612, 882), (18, 594, 864), (18, 594, 846), (18, 594, 864), (18, 612, 864), (0, 594, 882), (18, 594, 882), (18, 594, 882), (36, 612, 846), (18, 576, 774), (36, 612, 828), (18, 612, 954), (-36, 612, 954), (-18, 594, 810), (36, 594, 792), (18, 594, 828), (18, 612, 900), (36, 594, 846), (0, 594, 882), (36, 612, 864), (36, 594, 792), (36, 594, 900)]	(9526, 12177, 10414, 12049, 12021, 13141, 7320, 6049, 4370, 8190, 5651, 6073, 4248, 6176, 8596, 7401, 11635, 20683, 18819, 18842, 17363, 14891, 12189, 1985)
 	1855359	(810, 247)	[(18, 612, 954), (-36, 612, 954), (-18, 594, 810), (36, 594, 792), (18, 594, 828), (18, 612, 900), (36, 594, 846), (0, 594, 882), (36, 612, 864), (36, 594, 792), (36, 594, 900), (18, 630, 936), (-36, 612, 918), (18, 612, 846), (18, 594, 864), (18, 594, 846), (18, 594, 828), (18, 594, 846), (18, 594, 882), (18, 594, 900), (0, 594, 864), (18, 612, 864), (18, 594, 918), (18, 576, 792), (54, 612, 828)]	(9517, 12185, 10413, 12050, 12014, 13115, 7346, 6048, 4371, 8190, 5638, 6079, 4265, 6160, 8540, 7396, 11638, 20677, 18814, 18833, 17360, 14903, 12176, 1991)
i	1855783	(545, 123)	[(18, 594, 864), (18, 594, 846), (18, 594, 828), (18, 594, 846), (18, 594, 882), (18, 594, 900), (0, 594, 864), (18, 612, 864), (18, 594, 918), (18, 576, 792), (54, 612, 828), (0, 612, 918), (-36, 612, 954), (-36, 612, 936), (0, 576, 828), (36, 576, 756), (36, 612, 918), (18, 594, 846), (36, 594, 828), (36, 612, 846), (18, 612, 864), (36, 612, 882), (18, 594, 882), (54, 612, 846), (72, 612, 810)]	(9523, 12146, 10380, 12007, 12003, 13094, 7296, 6054, 4379, 8200, 5667, 6091, 4265, 6169, 8569, 7397, 11633, 20684, 18810, 18839, 17358, 14898, 12176, 1986)
 	1856337	(818, 222)	[(18, 612, 864), (36, 612, 882), (18, 594, 882), (54, 612, 846), (72, 612, 810), (36, 594, 864), (36, 594, 900), (36, 612, 900), (36, 612, 900), (36, 594, 846), (36, 612, 882), (18, 594, 846), (36, 594, 846), (36, 612, 864), (18, 594, 882), (18, 612, 882), (18, 612, 900), (18, 594, 882), (36, 612, 864), (36, 612, 846), (18, 594, 846), (18, 594, 882), (18, 594, 900), (18, 594, 918), (18, 594, 792)]	(9531, 12186, 10417, 12034, 12005, 13132, 7355, 6061, 4397, 8178, 5654, 6100, 4261, 6154, 8548, 7388, 11627, 20678, 18814, 18828, 17361, 14895, 12185, 1995)
r	1856854	(572, 297)	[(36, 612, 846), (18, 594, 846), (18, 594, 882), (18, 594, 900), (18, 594, 918), (18, 594, 792), (36, 594, 828), (36, 612, 900), (-36, 594, 936), (54, 594, 810), (18, 612, 882), (18, 594, 882), (36, 594, 846), (18, 594, 846), (36, 612, 882), (36, 612, 882), (36, 612, 882), (18, 612, 882), (18, 594, 882), (18, 594, 846), (36, 594, 864), (18, 612, 864), (18, 594, 864), (36, 612, 882), (54, 594, 828)]	(9526, 12143, 10378, 11994, 12006, 13078, 7297, 6047, 4375, 8180, 5657, 6096, 4257, 6160, 8561, 7391, 11630, 20680, 18812, 18829, 17359, 14904, 12178, 1986)
e	1857255	(568, 339)	[(18, 594, 846), (36, 612, 882), (36, 612, 882), (36, 612, 882), (18, 612, 882), (18, 594, 882), (18, 594, 846), (36, 594, 864), (18, 612, 864), (18, 594, 864), (36, 612, 882), (54, 594, 828), (36, 612, 810), (18, 612, 918), (0, 612, 936), (18, 612, 954), (18, 612, 918), (18, 594, 828), (36, 576, 774), (18, 612, 918), (18, 594, 828), (36, 612, 846), (36, 594, 882), (18, 612, 900), (36, 594, 828)]	(9524, 12140, 10381, 11995, 12007, 13084, 7280, 6052, 4356, 8178, 5664, 6093, 4257, 6165, 8546, 7393, 11625, 20670, 18788, 18809, 17342, 14883, 12180, 1988)
c	1857727	(746, 296)	[(18, 594, 828), (36, 576, 774), (18, 612, 918), (18, 594, 828), (36, 612, 846), (36, 594, 882), (18, 612, 900), (36, 594, 828), (36, 612, 846), (0, 612, 918), (18, 612, 900), (36, 612, 846), (18, 612, 828), (18, 594, 846), (18, 612, 900), (18, 612, 846), (36, 612, 846), (18, 612, 900), (18, 612, 882), (18, 594, 864), (18, 594, 846), (18, 612, 846), (18, 594, 846), (36, 594, 828), (36, 612, 918)]	(9535, 12182, 10414, 12049, 12009, 13125, 7350, 6076, 4380, 8201, 5655, 6101, 4258, 6167, 8555, 7399, 11635, 20684, 18813, 18832, 17357, 14909, 12183, 1985)
e	1858246	(576, 335)	[(18, 594, 864), (18, 594, 846), (18, 612, 846), (18, 594, 846), (36, 594, 828), (36, 612, 918), (18, 630, 954), (0, 612, 918), (18, 594, 810), (36, 612, 882), (18, 594, 846), (36, 612, 828), (18, 612, 828), (18, 612, 864), (0, 612, 882), (18, 594, 900), (18, 594, 864), (18, 594, 864), (18, 612, 846), (36, 612, 864), (18, 612, 900), (36, 612, 882), (36, 612, 864), (36, 612, 828), (54, 612, 810)]	(9526, 12173, 10400, 12030, 12004, 13115, 7312, 6043, 4366, 8187, 5648, 6087, 4263, 6164, 8544, 7390, 11624, 20677, 18799, 18821, 17354, 14895, 12177, 2000)
i	1858802	(552, 129)	[(36, 612, 882), (36, 612, 864), (36, 612, 828), (54, 612, 810), (54, 612, 846), (18, 612, 918), (18, 612, 900), (0, 594, 900), (0, 612, 864), (18, 594, 846), (36, 612, 864), (18, 612, 846), (18, 612, 882), (36, 612, 864), (36, 612, 864), (18, 612, 864), (36, 612, 864), (36, 612, 882), (18, 612, 846), (18, 594, 864), (18, 594, 882), (36, 612, 882), (18, 594, 846), (36, 594, 828), (18, 612, 864)]	(9529, 12186, 10420, 12056, 12020, 13161, 7333, 6050, 4371, 8208, 5648, 6086, 4257, 6160, 8547, 7392, 11630, 20684, 18819, 18834, 17365, 14897, 12170, 1983)
v	1859423	(736, 238)	[(18, 612, 864), (36, 612, 864), (18, 612, 900), (36, 612, 900), (36, 612, 864), (18, 612, 828), (36, 594, 828), (18, 612, 900), (18, 594, 846), (18, 594, 864), (18, 612, 864), (36, 594, 900), (18, 594, 900), (18, 612, 864), (36, 594, 864), (36, 612, 846), (18, 594, 846), (18, 612, 882), (18, 594, 900), (36, 612, 882), (18, 594, 882), (18, 612, 864), (18, 594, 846), (36, 594, 846), (72, 594, 846)]	(9518, 12133, 10372, 11970, 11990, 13044, 7252, 6006, 4329, 8147, 5628, 6060, 4238, 6165, 8520, 7385, 11632, 20674, 18792, 18811, 17353, 14883, 12181, 1983)
e	1859991	(567, 365)	[(18, 612, 864), (18, 594, 846), (36, 594, 846), (72, 594, 846), (54, 594, 792), (36, 612, 900), (-36, 612, 972), (18, 612, 936), (36, 612, 882), (36, 612, 810), (36, 594, 738), (18, 594, 936), (18, 594, 828), (18, 594, 864), (18, 594, 882), (36, 612, 900), (36, 612, 882), (36, 612, 846), (36, 594, 846), (18, 594, 846), (18, 594, 846), (0, 594, 882), (36, 612, 846), (36, 576, 810), (18, 612, 954)]	(9516, 12171, 10403, 12049, 12014, 13125, 7336, 6035, 4380, 8202, 5645, 6082, 4256, 6175, 8596, 7390, 11638, 20684, 18820, 18845, 17380, 14907, 12178, 1961)
d	1860443	(652, 331)	[(36, 612, 882), (36, 612, 846), (36, 594, 846), (18, 594, 846), (18, 594, 846), (0, 594, 882), (36, 612, 846), (36, 576, 810), (18, 612, 954), (-18, 612, 990), (0, 612, 918), (0, 612, 864), (0, 594, 810), (36, 576, 774), (18, 612, 918), (36, 594, 828), (36, 594, 846), (18, 612, 882), (18, 612, 900), (18, 612, 900), (18, 594, 882), (36, 612, 864), (36, 594, 864), (18, 576, 774), (54, 612, 882)]	(9522, 12173, 10401, 12034, 12010, 13110, 7299, 6011, 4335, 8171, 5618, 6062, 4265, 6167, 8538, 7398, 11636, 20676, 18804, 18833, 17363, 14899, 12177, 1975)
 	1860965	(850, 281)	[(18, 612, 900), (18, 612, 900), (18, 594, 882), (36, 612, 864), (36, 594, 864), (18, 576, 774), (54, 612, 882), (-36, 612, 990), (18, 612, 864), (36, 612, 792), (18, 612, 900), (18, 612, 846), (18, 612, 846), (0, 594, 864), (18, 594, 882), (18, 594, 900), (18, 594, 882), (18, 594, 864), (0, 594, 774), (54, 612, 792), (36, 612, 918), (-36, 612, 972), (0, 594, 918), (18, 594, 882), (18, 594, 792)]	(9523, 12184, 10409, 12040, 12010, 13116, 7318, 6053, 4355, 8192, 5640, 6076, 4247, 6165, 8520, 7390, 11635, 20675, 18780, 18796, 17332, 14883, 12185, 1982)
t	1861318	(564, 275)	[(18, 612, 846), (0, 594, 864), (18, 594, 882), (18, 594, 900), (18, 594, 882), (18, 594, 864), (0, 594, 774), (54, 612, 792), (36, 612, 918), (-36, 612, 972), (0, 594, 918), (18, 594, 882), (18, 594, 792), (18, 594, 828), (36, 612, 900), (18, 594, 846), (18, 594, 864), (18, 612, 882), (18, 594, 882), (0, 594, 882), (18, 612, 864), (36, 594, 846), (18, 594, 864), (18, 594, 882), (36, 612, 846)]	(9520, 12149, 10384, 11986, 12003, 13069, 7275, 6009, 4330, 8170, 5621, 6061, 4262, 6165, 8521, 7389, 11627, 20670, 18782, 18800, 17349, 14879, 12176, 1963)
h	1861841	(664, 202)	[(0, 594, 882), (18, 612, 864), (36, 594, 846), (18, 594, 864), (18, 594, 882), (36, 612, 846), (54, 594, 846), (54, 594, 846), (36, 594, 900), (18, 612, 882), (18, 594, 900), (36, 612, 918), (36, 612, 882), (36, 612, 864), (18, 594, 828), (36, 594, 828), (18, 594, 882), (36, 612, 846), (54, 630, 864), (18, 612, 900), (18, 612, 882), (18, 594, 864), (54, 576, 792), (54, 576, 828), (18, 594, 936)]	(9524, 12165, 10392, 12028, 12010, 13128, 7310, 6039, 4353, 8178, 5620, 6041, 4267, 6155, 8537, 7393, 11632, 20682, 18831, 18850, 17380, 14906, 12177, 1981)
r	1862364	(566, 296)	[(18, 612, 900), (18, 612, 882), (18, 594, 864), (54, 576, 792), (54, 576, 828), (18, 594, 936), (-36, 612, 1008), (0, 612, 972), (18, 594, 864), (54, 576, 792), (36, 576, 792), (18, 612, 936), (18, 594, 828), (18, 594, 864), (0, 612, 900), (18, 594, 900), (36, 594, 882), (18, 594, 846), (54, 612, 846), (36, 612, 846), (18, 594, 882), (18, 594, 900), (36, 594, 810), (54, 594, 864), (18, 630, 954)]	(9527, 12203, 10420, 12060, 12022, 13168, 7365, 6050, 4374, 8224, 5656, 6094, 4262, 6168, 8575, 7404, 11635, 20685, 18828, 18840, 17373, 14908, 12180, 1978)
e	1862717	(580, 329)	[(18, 612, 936), (18, 594, 828), (18, 594, 864), (0, 612, 900), (18, 594, 900), (36, 594, 882), (18, 594, 846), (54, 612, 846), (36, 612, 846), (18, 594, 882), (18, 594, 900), (36, 594, 810), (54, 594, 864), (18, 630, 954), (0, 612, 954), (18, 594, 864), (36, 594, 882), (36, 612, 846), (18, 594, 846), (18, 612, 846), (36, 612, 864), (18, 612, 882), (54, 612, 828), (90, 594, 738), (36, 612, 918)]	(9529, 12198, 10420, 12066, 12022, 13155, 7377, 6055, 4381, 8222, 5655, 6075, 4249, 6173, 8617, 7396, 11642, 20690, 18840, 18861, 17399, 14915, 12187, 1978)
e	1863072	(577, 349)	[(36, 594, 810), (54, 594, 864), (18, 630, 954), (0, 612, 954), (18, 594, 864), (36, 594, 882), (36, 612, 846), (18, 594, 846), (18, 612, 846), (36, 612, 864), (18, 612, 882), (54, 612, 828), (90, 594, 738), (36, 612, 918), (-36, 612, 1044), (-36, 612, 1008), (0, 612, 936), (18, 576, 792), (54, 594, 756), (18, 612, 954), (18, 612, 810), (36, 612, 828), (18, 594, 864), (18, 576, 864), (18, 612, 900)]	(9526, 12179, 10395, 12026, 12009, 13142, 7326, 6038, 4375, 8197, 5635, 6094, 4260, 6169, 8545, 7392, 11632, 20672, 18810, 18826, 17367, 14898, 12182, 1987)
 	1864213	(819, 236)	[(18, 612, 846), (18, 612, 864), (36, 594, 864), (18, 612, 882), (18, 612, 864), (18, 594, 882), (18, 594, 864), (18, 594, 864), (18, 594, 882), (18, 612, 864), (36, 612, 882), (36, 612, 864), (18, 594, 864), (18, 594, 846), (0, 594, 882), (18, 594, 882), (18, 594, 882), (18, 594, 882), (0, 594, 882), (0, 594, 864), (18, 594, 864), (36, 594, 882), (18, 594, 900), (-36, 612, 720), (54, 630, 792)]	(9526, 12192, 10409, 12051, 11967, 13048, 7287, 5984, 4298, 8084, 5585, 6031, 4261, 6157, 8482, 7395, 11627, 20672, 18819, 18839, 17383, 14907, 12178, 1960)
l	1865206	(663, 31)	[(0, 594, 900), (0, 594, 882), (0, 594, 882), (36, 594, 846), (36, 612, 864), (18, 594, 864), (18, 594, 864), (18, 594, 882), (18, 594, 882), (18, 594, 882), (36, 612, 882), (18, 594, 864), (54, 612, 864), (72, 612, 882), (36, 612, 846), (36, 612, 864), (18, 612, 864), (36, 612, 864), (36, 594, 864), (36, 612, 864), (36, 612, 864), (36, 612, 846), (18, 594, 864), (36, 594, 882), (90, 594, 846)]	(9515, 12135, 10373, 11985, 11975, 13019, 7254, 6009, 4327, 8121, 5603, 6044, 4267, 6156, 8499, 7399, 11633, 20664, 18815, 18821, 17363, 14892, 12175, 1982)
e	1865809	(589, 352)	[(36, 594, 882), (90, 594, 846), (72, 594, 828), (54, 594, 918), (18, 612, 954), (18, 612, 882), (36, 594, 846), (54, 594, 936), (36, 612, 846), (18, 594, 846), (18, 612, 846), (18, 612, 846), (18, 612, 882), (18, 594, 882), (36, 594, 882), (18, 594, 864), (18, 594, 846), (18, 594, 846), (18, 594, 882), (18, 612, 882), (18, 594, 864), (18, 612, 864), (36, 612, 828), (36, 594, 792), (54, 612, 864)]	(9529, 12196, 10408, 12053, 12009, 13126, 7361, 6065, 4385, 8178, 5643, 6114, 4263, 6167, 8545, 7409, 11636, 20684, 18819, 18836, 17381, 14913, 12177, 1982)
t	1866279	(573, 265)	[(18, 594, 846), (18, 594, 846), (18, 594, 882), (18, 612, 882), (18, 594, 864), (18, 612, 864), (36, 612, 828), (36, 594, 792), (54, 612, 864), (-36, 630, 990), (0, 612, 936), (18, 594, 828), (18, 612, 882), (18, 594, 846), (36, 612, 828), (18, 594, 846), (36, 612, 846), (18, 594, 882), (18, 612, 864), (18, 612, 882), (0, 594, 882), (36, 612, 864), (54, 612, 846), (36, 594, 756), (36, 612, 882)]	(9528, 12208, 10424, 12075, 12011, 13141, 7374, 6073, 4386, 8200, 5664, 6113, 4268, 6164, 8541, 7403, 11634, 20681, 18832, 18851, 17387, 14909, 12179, 1982)
t	1866683	(586, 267)	[(36, 612, 828), (18, 594, 846), (36, 612, 846), (18, 594, 882), (18, 612, 864), (18, 612, 882), (0, 594, 882), (36, 612, 864), (54, 612, 846), (36, 594, 756), (36, 612, 882), (18, 612, 954), (0, 612, 954), (36, 594, 846), (36, 594, 864), (18, 612, 846), (18, 594, 846), (36, 594, 828), (54, 594, 882), (18, 612, 900), (18, 612, 900), (18, 612, 864), (36, 612, 846), (72, 594, 810), (54, 576, 828)]	(9518, 12188, 10412, 12058, 12005, 13128, 7360, 6072, 4393, 8169, 5651, 6114, 4262, 6163, 8534, 7408, 11631, 20683, 18830, 18843, 17385, 14897, 12186, 1982)
e	1867206	(571, 359)	[(18, 612, 900), (18, 612, 900), (18, 612, 864), (36, 612, 846), (72, 594, 810), (54, 576, 828), (36, 612, 918), (0, 630, 972), (36, 612, 918), (36, 612, 882), (18, 612, 846), (36, 612, 828), (18, 594, 846), (18, 594, 864), (18, 612, 864), (18, 594, 882), (18, 612, 864), (36, 612, 864), (36, 612, 864), (36, 612, 864), (54, 612, 882), (18, 594, 882), (18, 594, 864), (36, 594, 810), (36, 594, 810)]	(9530, 12158, 10381, 12013, 11986, 13074, 7317, 6050, 4380, 8154, 5645, 6095, 4257, 6162, 8521, 7403, 11631, 20672, 18811, 18838, 17374, 14894, 12174, 1988)
r	1867558	(563, 308)	[(18, 612, 846), (36, 612, 828), (18, 594, 846), (18, 594, 864), (18, 612, 864), (18, 594, 882), (18, 612, 864), (36, 612, 864), (36, 612, 864), (36, 612, 864), (54, 612, 882), (18, 594, 882), (18, 594, 864), (36, 594, 810), (36, 594, 810), (54, 612, 900), (0, 630, 972), (18, 612, 936), (18, 594, 828), (0, 612, 900), (36, 612, 828), (36, 594, 828), (36, 612, 864), (36, 594, 882), (36, 594, 810)]	(9519, 12195, 10416, 12059, 12008, 13120, 7370, 6073, 4380, 8177, 5663, 6107, 4270, 6166, 8551, 7408, 11634, 20685, 18829, 18853, 17394, 14907, 12180, 1984)
s	1868080	(653, 385)	[(0, 612, 900), (36, 612, 828), (36, 594, 828), (36, 612, 864), (36, 594, 882), (36, 594, 810), (36, 594, 900), (18, 612, 936), (18, 612, 936), (18, 612, 864), (54, 594, 792), (36, 594, 810), (18, 612, 900), (18, 594, 846), (0, 612, 864), (18, 594, 882), (0, 594, 882), (18, 612, 882), (18, 594, 864), (36, 612, 846), (36, 594, 864), (36, 594, 882), (18, 612, 900), (18, 612, 918), (36, 594, 756)]	(9533, 12186, 10399, 12042, 11991, 13082, 7335, 6057, 4387, 8146, 5640, 6114, 4261, 6165, 8536, 7400, 11632, 20679, 18807, 18844, 17377, 14898, 12176, 1971)
i	1870838	(573, 136)	[(0, 558, 882), (18, 576, 882), (0, 576, 900), (0, 576, 918), (0, 558, 882), (-36, 558, 864), (0, 558, 882), (0, 576, 882), (18, 576, 882), (18, 576, 900), (36, 594, 900), (18, 576, 864), (54, 576, 882), (54, 594, 864), (18, 576, 882), (18, 576, 882), (36, 576, 882), (36, 576, 882), (36, 576, 864), (18, 576, 864), (18, 594, 882), (36, 576, 918), (18, 576, 918), (54, 576, 828), (72, 558, 828)]	(9537, 12290, 10581, 12245, 11975, 13350, 9547, 9834, 8482, 8463, 8980, 11558, 4291, 6199, 8830, 7450, 11651, 20720, 18802, 18876, 17354, 14862, 12181, 1982)
 	1871407	(850, 290)	[(36, 576, 918), (18, 576, 918), (54, 576, 828), (72, 558, 828), (54, 558, 882), (36, 594, 900), (0, 594, 954), (0, 594, 936), (36, 576, 864), (18, 594, 918), (18, 558, 846), (18, 576, 810), (18, 576, 864), (18, 576, 900), (18, 576, 918), (0, 576, 936), (0, 576, 918), (0, 576, 882), (18, 558, 864), (36, 576, 936), (18, 558, 846), (36, 594, 882), (0, 576, 936), (18, 576, 954), (0, 594, 900)]	(9528, 12255, 10535, 12181, 11970, 13221, 9295, 9450, 8209, 8390, 8787, 11369, 4284, 6183, 8792, 7448, 11642, 20714, 18777, 18845, 17348, 14854, 12181, 1980)
a	1871855	(660, 426)	[(0, 576, 918), (0, 576, 882), (18, 558, 864), (36, 576, 936), (18, 558, 846), (36, 594, 882), (0, 576, 936), (18, 576, 954), (0, 594, 900), (36, 576, 900), (0, 576, 918), (0, 576, 864), (0, 558, 846), (0, 576, 882), (-18, 576, 882), (18, 576, 900), (18, 576, 900), (18, 594, 882), (36, 576, 864), (18, 576, 864), (36, 576, 864), (36, 576, 900), (18, 576, 900), (0, 576, 792), (54, 576, 810)]	(9523, 12236, 10530, 12176, 11966, 13274, 9416, 9697, 8400, 8439, 8948, 11521, 4281, 6196, 8823, 7446, 11649, 20720, 18791, 18863, 17367, 14861, 12174, 1983)
p	1872473	(587, 23)	[(18, 576, 900), (0, 576, 792), (54, 576, 810), (54, 594, 954), (-36, 594, 1026), (-54, 576, 954), (0, 576, 846), (18, 576, 918), (36, 576, 864), (36, 576, 864), (36, 576, 882), (54, 576, 900), (54, 576, 882), (90, 594, 846), (108, 594, 828), (108, 612, 828), (90, 612, 864), (54, 594, 882), (36, 594, 900), (36, 576, 864), (36, 576, 864), (54, 576, 864), (54, 594, 864), (54, 594, 882), (72, 594, 810)]	(9525, 12191, 10456, 12089, 11942, 13135, 9227, 9326, 8224, 8401, 8799, 11335, 4284, 6196, 8838, 7446, 11637, 20703, 18765, 18825, 17355, 14873, 12173, 1983)
p	1872769	(589, 22)	[(36, 576, 864), (36, 576, 882), (54, 576, 900), (54, 576, 882), (90, 594, 846), (108, 594, 828), (108, 612, 828), (90, 612, 864), (54, 594, 882), (36, 594, 900), (36, 576, 864), (36, 576, 864), (54, 576, 864), (54, 594, 864), (54, 594, 882), (72, 594, 810), (72, 594, 792), (54, 594, 936), (54, 594, 936), (72, 612, 918), (54, 576, 882), (72, 594, 828), (108, 594, 810), (72, 594, 846), (54, 594, 900)]	(9517, 12194, 10470, 12107, 11949, 13180, 9246, 9508, 8163, 8405, 8808, 11362, 4288, 6183, 8785, 7446, 11639, 20711, 18793, 18852, 17378, 14873, 12173, 1980)
r	1873489	(569, 300)	[(54, 576, 864), (72, 594, 864), (72, 594, 846), (72, 594, 864), (54, 594, 864), (54, 594, 882), (36, 594, 900), (72, 576, 864), (36, 576, 864), (36, 594, 864), (108, 594, 882), (72, 594, 846), (36, 576, 882), (72, 612, 882), (36, 594, 900), (36, 594, 864), (36, 594, 846), (54, 576, 882), (18, 576, 882), (18, 576, 900), (36, 576, 900), (54, 594, 882), (54, 576, 882), (54, 594, 882), (72, 594, 792)]	(9531, 12214, 10489, 12128, 11951, 13185, 9242, 9427, 8189, 8373, 8749, 11311, 4281, 6181, 8792, 7439, 11636, 20715, 18783, 18849, 17375, 14874, 12183, 1982)
e	1873803	(575, 334)	[(36, 594, 864), (108, 594, 882), (72, 594, 846), (36, 576, 882), (72, 612, 882), (36, 594, 900), (36, 594, 864), (36, 594, 846), (54, 576, 882), (18, 576, 882), (18, 576, 900), (36, 576, 900), (54, 594, 882), (54, 576, 882), (54, 594, 882), (72, 594, 792), (72, 594, 846), (72, 594, 936), (18, 576, 936), (18, 576, 864), (54, 576, 828), (36, 594, 936), (72, 576, 828), (54, 558, 846), (54, 576, 900)]	(9534, 12242, 10510, 12163, 11963, 13230, 9249, 9488, 8224, 8410, 8765, 11418, 4272, 6184, 8807, 7448, 11640, 20709, 18779, 18837, 17363, 14869, 12172, 1981)
c	1874204	(762, 297)	[(54, 594, 882), (72, 594, 792), (72, 594, 846), (72, 594, 936), (18, 576, 936), (18, 576, 864), (54, 576, 828), (36, 594, 936), (72, 576, 828), (54, 558, 846), (54, 576, 900), (36, 594, 972), (18, 576, 954), (36, 594, 882), (54, 594, 864), (36, 594, 864), (36, 576, 846), (36, 576, 846), (36, 576, 846), (36, 576, 900), (36, 576, 900), (54, 576, 900), (72, 594, 882), (54, 594, 864), (54, 594, 720)]	(9530, 12188, 10472, 12093, 11942, 13147, 9191, 9452, 8093, 8362, 8730, 11288, 4252, 6179, 8753, 7427, 11630, 20695, 18763, 18819, 17365, 14867, 12165, 1976)
i	1874721	(585, 125)	[(36, 576, 846), (36, 576, 900), (36, 576, 900), (54, 576, 900), (72, 594, 882), (54, 594, 864), (54, 594, 720), (72, 594, 882), (0, 612, 1026), (0, 594, 1008), (54, 594, 900), (18, 576, 810), (54, 594, 900), (54, 594, 882), (54, 594, 846), (72, 594, 828), (90, 576, 828), (54, 594, 864), (72, 612, 882), (72, 594, 882), (72, 612, 864), (72, 612, 846), (54, 594, 864), (36, 576, 846), (36, 576, 882)]	(9526, 12216, 10484, 12132, 11954, 13169, 9205, 9389, 8139, 8374, 8749, 11278, 4284, 6180, 8776, 7430, 11643, 20707, 18780, 18824, 17360, 14869, 12177, 1979)
a	1875221	(662, 453)	[(72, 594, 882), (72, 612, 864), (72, 612, 846), (54, 594, 864), (36, 576, 846), (36, 576, 882), (36, 576, 900), (54, 594, 900), (54, 594, 864), (72, 612, 882), (36, 594, 900), (36, 594, 846), (54, 594, 864), (36, 594, 882), (18, 594, 864), (18, 594, 864), (36, 594, 882), (36, 594, 882), (54, 594, 882), (54, 594, 882), (54, 594, 882), (54, 576, 900), (36, 594, 882), (54, 576, 774), (90, 612, 810)]	(9528, 12193, 10478, 12090, 11930, 13118, 9218, 9420, 8156, 8375, 8769, 11368, 4246, 6185, 8760, 7431, 11633, 20696, 18745, 18792, 17348, 14854, 12176, 1978)
t	1875842	(603, 258)	[(54, 576, 774), (90, 612, 810), (72, 612, 990), (18, 594, 936), (36, 576, 846), (36, 576, 774), (54, 576, 774), (54, 612, 936), (72, 594, 810), (54, 594, 864), (54, 612, 882), (54, 594, 900), (54, 594, 900), (54, 576, 864), (36, 594, 846), (36, 576, 846), (36, 576, 882), (54, 594, 882), (54, 594, 882), (72, 594, 882), (72, 594, 864), (72, 594, 846), (72, 594, 864), (72, 594, 900), (36, 594, 900)]	(9531, 12220, 10492, 12146, 11944, 13177, 9287, 9503, 8009, 8340, 8808, 11374, 4276, 6185, 8752, 7426, 11631, 20693, 18750, 18783, 17339, 14854, 12175, 1980)
e	1876141	(575, 349)	[(54, 594, 864), (54, 612, 882), (54, 594, 900), (54, 594, 900), (54, 576, 864), (36, 594, 846), (36, 576, 846), (36, 576, 882), (54, 594, 882), (54, 594, 882), (72, 594, 882), (72, 594, 864), (72, 594, 846), (72, 594, 864), (72, 594, 900), (36, 594, 900), (72, 576, 864), (36, 594, 882), (36, 594, 882), (36, 594, 864), (36, 594, 846), (36, 576, 882), (54, 594, 900), (72, 594, 828), (72, 594, 846)]	(9529, 12197, 10467, 12106, 11938, 13118, 9170, 9380, 8054, 8351, 8709, 11164, 4271, 6179, 8750, 7425, 11626, 20700, 18766, 18805, 17356, 14859, 12173, 1976)
 	1876931	(853, 249)	[(36, 594, 900), (54, 594, 882), (54, 594, 882), (54, 594, 882), (54, 594, 864), (54, 576, 864), (36, 576, 864), (54, 594, 882), (54, 576, 864), (36, 594, 900), (54, 594, 900), (36, 594, 882), (36, 576, 864), (54, 594, 846), (36, 594, 864), (54, 594, 882), (36, 594, 882), (36, 594, 882), (54, 594, 882), (54, 594, 864), (36, 594, 792), (72, 594, 792), (18, 612, 990), (36, 612, 954), (18, 594, 900)]	(9535, 12243, 10503, 12152, 11942, 13157, 9318, 9379, 8039, 8314, 8639, 11136, 4266, 6183, 8756, 7416, 11633, 20710, 18778, 18807, 17356, 14866, 12179, 1977)
y	1878004	(585, 211)	[(54, 594, 882), (54, 594, 900), (54, 594, 864), (54, 576, 882), (36, 594, 864), (54, 594, 864), (54, 576, 882), (54, 594, 882), (36, 594, 882), (18, 576, 882), (54, 594, 864), (54, 576, 864), (54, 594, 864), (54, 594, 882), (54, 594, 864), (72, 594, 864), (54, 594, 882), (54, 594, 882), (54, 594, 882), (54, 594, 882), (36, 594, 882), (54, 594, 864), (54, 612, 864), (54, 594, 864), (72, 594, 864)]	(9529, 12179, 10430, 12063, 11929, 13072, 8978, 9058, 7807, 8281, 8552, 11039, 4269, 6170, 8725, 7422, 11627, 20687, 18748, 18778, 17329, 14850, 12168, 1974)
o	1878370	(579, 61)	[(54, 594, 864), (54, 594, 882), (54, 594, 864), (72, 594, 864), (54, 594, 882), (54, 594, 882), (54, 594, 882), (54, 594, 882), (36, 594, 882), (54, 594, 864), (54, 612, 864), (54, 594, 864), (72, 594, 864), (54, 576, 828), (54, 576, 918), (36, 612, 936), (54, 594, 936), (36, 594, 864), (54, 612, 900), (72, 594, 846), (72, 594, 828), (54, 594, 846), (54, 594, 882), (90, 594, 828), (72, 594, 864)]	(9523, 12202, 10465, 12104, 11932, 13127, 9130, 9286, 8002, 8327, 8627, 11181, 4275, 6186, 8740, 7438, 11637, 20700, 18791, 18816, 17355, 14868, 12168, 1989)
u	1878720	(580, 177)	[(54, 594, 864), (72, 594, 864), (54, 576, 828), (54, 576, 918), (36, 612, 936), (54, 594, 936), (36, 594, 864), (54, 612, 900), (72, 594, 846), (72, 594, 828), (54, 594, 846), (54, 594, 882), (90, 594, 828), (72, 594, 864), (54, 612, 918), (54, 612, 900), (54, 594, 900), (54, 594, 846), (54, 576, 828), (54, 594, 918), (54, 594, 846), (54, 594, 828), (54, 594, 900), (54, 594, 900), (90, 594, 828)]	(9526, 12203, 10469, 12105, 11937, 13154, 9183, 9302, 7976, 8360, 8651, 11214, 4279, 6181, 8734, 7436, 11639, 20700, 18804, 18815, 17363, 14877, 12177, 1971)
 	1879171	(813, 263)	[(54, 594, 900), (54, 594, 846), (54, 576, 828), (54, 594, 918), (54, 594, 846), (54, 594, 828), (54, 594, 900), (54, 594, 900), (90, 594, 828), (72, 576, 846), (54, 576, 918), (54, 612, 954), (36, 594, 900), (54, 594, 846), (54, 594, 900), (54, 594, 846), (36, 576, 882), (54, 576, 882), (54, 594, 918), (36, 576, 882), (54, 594, 936), (36, 576, 720), (108, 612, 756), (54, 612, 954), (-18, 612, 1026)]	(9537, 12242, 10505, 12155, 11930, 13125, 9230, 9304, 7966, 8292, 8542, 11042, 4267, 6175, 8730, 7431, 11629, 20707, 18805, 18835, 17375, 14876, 12171, 1980)
m	1879586	(721, 116)	[(54, 594, 900), (54, 594, 846), (36, 576, 882), (54, 576, 882), (54, 594, 918), (36, 576, 882), (54, 594, 936), (36, 576, 720), (108, 612, 756), (54, 612, 954), (-18, 612, 1026), (18, 594, 918), (18, 576, 828), (54, 558, 774), (54, 612, 936), (54, 576, 828), (54, 594, 864), (36, 594, 864), (54, 594, 900), (36, 594, 882), (54, 594, 864), (54, 594, 864), (54, 576, 846), (54, 594, 738), (54, 612, 882)]	(9529, 12201, 10455, 12098, 11931, 13105, 9090, 9291, 7920, 8294, 8540, 11060, 4271, 6178, 8681, 7435, 11635, 20703, 18800, 18827, 17362, 14853, 12175, 1967)
o	1879936	(565, 74)	[(18, 594, 918), (18, 576, 828), (54, 558, 774), (54, 612, 936), (54, 576, 828), (54, 594, 864), (36, 594, 864), (54, 594, 900), (36, 594, 882), (54, 594, 864), (54, 594, 864), (54, 576, 846), (54, 594, 738), (54, 612, 882), (18, 594, 954), (36, 594, 936), (36, 594, 882), (54, 576, 810), (72, 576, 810), (72, 594, 936), (72, 594, 828), (54, 594, 846), (90, 594, 882), (72, 594, 882), (90, 594, 864)]	(9521, 12209, 10445, 12099, 11929, 13077, 8884, 9004, 7712, 8240, 8441, 10886, 4274, 6181, 8749, 7437, 11640, 20708, 18809, 18814, 17361, 14866, 12179, 1982)
v	1880555	(745, 252)	[(90, 594, 864), (54, 612, 846), (54, 594, 900), (72, 594, 900), (54, 594, 936), (54, 576, 882), (54, 594, 864), (36, 612, 846), (54, 576, 864), (36, 594, 882), (54, 594, 864), (54, 594, 882), (54, 576, 882), (54, 576, 900), (72, 594, 846), (54, 576, 864), (54, 594, 864), (54, 594, 900), (36, 594, 900), (36, 594, 864), (54, 594, 882), (36, 594, 846), (54, 594, 864), (54, 594, 882), (36, 594, 774)]	(9528, 12177, 10415, 12050, 11913, 12965, 8735, 8816, 7471, 8191, 8266, 10757, 4264, 6178, 8709, 7408, 11626, 20685, 18745, 18775, 17331, 14847, 12170, 1975)
i	1881126	(578, 120)	[(36, 594, 846), (54, 594, 864), (54, 594, 882), (36, 594, 774), (90, 594, 846), (54, 612, 936), (36, 594, 954), (36, 594, 918), (54, 576, 792), (72, 594, 900), (54, 594, 846), (36, 576, 810), (72, 594, 846), (54, 576, 864), (54, 594, 882), (72, 612, 864), (72, 594, 864), (72, 594, 846), (90, 594, 846), (72, 612, 846), (72, 594, 882), (72, 594, 882), (72, 594, 882), (72, 594, 846), (72, 594, 864)]	(9529, 12211, 10427, 12088, 11935, 13023, 8711, 8749, 7505, 8266, 8320, 10767, 4279, 6188, 8756, 7431, 11633, 20702, 18782, 18799, 17340, 14859, 12166, 1977)
n	1881577	(742, 146)	[(72, 594, 864), (72, 594, 846), (90, 594, 846), (72, 612, 846), (72, 594, 882), (72, 594, 882), (72, 594, 882), (72, 594, 846), (72, 594, 864), (72, 612, 864), (54, 594, 864), (36, 594, 846), (54, 594, 882), (54, 594, 882), (54, 594, 864), (54, 594, 864), (54, 594, 846), (72, 594, 846), (72, 594, 864), (72, 594, 864), (72, 594, 882), (54, 594, 864), (54, 594, 864), (72, 594, 882), (90, 576, 810)]	(9519, 12177, 10424, 12062, 11915, 12999, 8828, 8947, 7623, 8249, 8407, 10885, 4267, 6174, 8725, 7416, 11620, 20692, 18759, 18788, 17333, 14850, 12170, 1976)
g	1881996	(663, 193)	[(54, 594, 864), (54, 594, 864), (54, 594, 846), (72, 594, 846), (72, 594, 864), (72, 594, 864), (72, 594, 882), (54, 594, 864), (54, 594, 864), (72, 594, 882), (90, 576, 810), (90, 594, 900), (36, 612, 936), (36, 612, 936), (54, 594, 846), (54, 594, 792), (72, 612, 918), (54, 594, 828), (72, 594, 846), (54, 594, 882), (54, 612, 918), (54, 594, 900), (54, 612, 882), (54, 576, 864), (72, 594, 792)]	(9522, 12185, 10457, 12079, 11927, 13135, 9126, 9223, 7831, 8293, 8637, 11181, 4253, 6177, 8734, 7424, 11629, 20687, 18749, 18784, 17327, 14851, 12166, 1980)
 	1884011	(844, 254)	[(36, 576, 882), (36, 576, 864), (18, 576, 882), (18, 558, 882), (18, 576, 882), (18, 594, 882), (36, 576, 882), (18, 576, 882), (18, 576, 900), (18, 576, 900), (18, 576, 882), (36, 576, 900), (18, 576, 882), (18, 576, 882), (18, 594, 882), (36, 594, 882), (36, 594, 900), (18, 576, 882), (54, 576, 882), (54, 558, 810), (54, 576, 900), (18, 594, 972), (0, 576, 954), (18, 576, 864), (18, 576, 810)]	(9532, 12228, 10475, 12098, 11910, 12990, 8802, 8794, 7418, 8159, 8280, 10721, 4245, 6168, 8601, 7422, 11615, 20678, 18755, 18771, 17298, 14839, 12167, 1978)
s	1884629	(640, 383)	[(18, 576, 864), (18, 576, 810), (18, 576, 918), (18, 576, 846), (18, 576, 864), (18, 594, 900), (0, 576, 900), (18, 594, 900), (36, 576, 864), (36, 576, 864), (36, 576, 864), (36, 576, 882), (18, 576, 882), (18, 576, 900), (18, 576, 900), (36, 576, 882), (36, 594, 864), (36, 576, 864), (18, 594, 918), (18, 576, 900), (18, 576, 900), (0, 576, 864), (18, 594, 846), (54, 594, 792), (54, 576, 828)]	(9529, 12171, 10432, 12047, 11905, 12916, 8586, 8545, 7210, 8115, 8186, 10578, 4269, 6174, 8623, 7423, 11624, 20680, 18774, 18805, 17312, 14851, 12170, 1968)
o	1885300	(565, 77)	[(0, 594, 1008), (18, 576, 882), (36, 576, 828), (36, 576, 792), (0, 576, 936), (36, 576, 846), (54, 594, 846), (72, 594, 846), (72, 576, 900), (54, 576, 900), (90, 594, 864), (90, 612, 846), (72, 594, 864), (54, 594, 864), (36, 594, 882), (18, 576, 918), (18, 558, 900), (0, 576, 882), (36, 576, 864), (36, 576, 864), (36, 576, 882), (36, 576, 882), (90, 594, 828), (36, 594, 900), (54, 594, 936)]	(9538, 12257, 10471, 12136, 11923, 13034, 8745, 8721, 7324, 8178, 8180, 10572, 4277, 6168, 8695, 7441, 11636, 20705, 18808, 18835, 17343, 14873, 12166, 1980)
 	1885702	(832, 266)	[(54, 594, 864), (36, 594, 882), (18, 576, 918), (18, 558, 900), (0, 576, 882), (36, 576, 864), (36, 576, 864), (36, 576, 882), (36, 576, 882), (90, 594, 828), (36, 594, 900), (54, 594, 936), (54, 594, 936), (36, 576, 882), (72, 594, 864), (36, 576, 882), (36, 558, 846), (18, 558, 864), (18, 558, 882), (18, 558, 864), (18, 558, 900), (-36, 558, 918), (-18, 558, 900), (-36, 540, 774), (36, 558, 792)]	(9534, 12190, 10431, 12051, 11908, 12918, 8578, 8593, 7272, 8122, 8181, 10541, 4270, 6175, 8673, 7434, 11620, 20693, 18784, 18803, 17332, 14864, 12165, 1963)
q	1886219	(580, 435)	[(18, 558, 864), (18, 558, 900), (-36, 558, 918), (-18, 558, 900), (-36, 540, 774), (36, 558, 792), (36, 576, 882), (0, 576, 990), (-54, 576, 1008), (-36, 576, 1008), (18, 540, 864), (18, 558, 882), (0, 576, 882), (18, 576, 900), (0, 558, 864), (0, 558, 882), (-36, 540, 900), (-54, 540, 900), (0, 540, 900), (0, 558, 900), (18, 558, 882), (-18, 540, 900), (-36, 558, 918), (18, 558, 882), (18, 558, 810)]	(9512, 12176, 10411, 12023, 11908, 12902, 8592, 8613, 7214, 8139, 8193, 10585, 4237, 6179, 8708, 7420, 11625, 20684, 18739, 18770, 17321, 14833, 12168, 1978)
u	1886892	(573, 173)	[(36, 576, 936), (-18, 558, 972), (-36, 558, 954), (-36, 540, 864), (18, 558, 900), (0, 558, 936), (-18, 558, 936), (18, 558, 900), (36, 576, 864), (54, 576, 846), (54, 594, 828), (72, 576, 846), (72, 594, 846), (72, 594, 882), (72, 594, 882), (90, 594, 900), (72, 576, 900), (54, 576, 864), (72, 576, 864), (54, 576, 864), (54, 558, 882), (54, 576, 864), (54, 576, 882), (72, 594, 828), (54, 594, 900)]	(9525, 12194, 10420, 12060, 11906, 12911, 8551, 8519, 7203, 8163, 8134, 10481, 4275, 6185, 8723, 7431, 11634, 20701, 18793, 18820, 17349, 14867, 12170, 1973)
i	1887191	(536, 118)	[(54, 576, 846), (54, 594, 828), (72, 576, 846), (72, 594, 846), (72, 594, 882), (72, 594, 882), (90, 594, 900), (72, 576, 900), (54, 576, 864), (72, 576, 864), (54, 576, 864), (54, 558, 882), (54, 576, 864), (54, 576, 882), (72, 594, 828), (54, 594, 900), (54, 594, 918), (72, 594, 900), (54, 594, 900), (54, 594, 864), (54, 576, 864), (54, 576, 900), (72, 612, 864), (72, 576, 882), (108, 576, 792)]	(9531, 12203, 10440, 12093, 11918, 12961, 8597, 8528, 7201, 8155, 8106, 10488, 4250, 6187, 8737, 7434, 11638, 20704, 18796, 18825, 17352, 14873, 12176, 1978)
c	1887959	(729, 294)	[(54, 594, 846), (54, 576, 828), (54, 576, 864), (54, 576, 882), (36, 576, 882), (18, 576, 918), (36, 576, 918), (54, 558, 900), (54, 558, 864), (36, 558, 864), (36, 576, 864), (36, 576, 882), (54, 594, 864), (54, 576, 882), (54, 594, 900), (54, 576, 882), (54, 594, 882), (54, 594, 882), (72, 576, 882), (36, 576, 882), (54, 576, 864), (18, 594, 846), (54, 576, 882), (54, 594, 918), (54, 576, 810)]	(9526, 12181, 10415, 12036, 11901, 12851, 8495, 8489, 7120, 8090, 8106, 10409, 4266, 6170, 8690, 7428, 11626, 20688, 18758, 18784, 17327, 14855, 12166, 1971)
k	1888477	(651, 134)	[(36, 576, 882), (54, 576, 864), (18, 594, 846), (54, 576, 882), (54, 594, 918), (54, 576, 810), (90, 594, 828), (54, 576, 936), (18, 576, 972), (18, 576, 954), (18, 558, 900), (18, 558, 846), (36, 558, 828), (72, 576, 900), (72, 594, 864), (72, 576, 846), (72, 576, 882), (54, 576, 918), (54, 576, 900), (36, 576, 882), (54, 576, 864), (54, 576, 864), (72, 576, 864), (72, 558, 846), (72, 594, 900)]	(9533, 12191, 10423, 12072, 11913, 12887, 8457, 8369, 7027, 8100, 8010, 10390, 4275, 6179, 8692, 7428, 11639, 20695, 18788, 18815, 17347, 14868, 12176, 1983)
l	1888879	(662, 54)	[(72, 594, 864), (72, 576, 846), (72, 576, 882), (54, 576, 918), (54, 576, 900), (36, 576, 882), (54, 576, 864), (54, 576, 864), (72, 576, 864), (72, 558, 846), (72, 594, 900), (54, 576, 954), (54, 576, 936), (36, 576, 900), (36, 558, 846), (72, 558, 828), (72, 576, 936), (72, 594, 864), (54, 576, 882), (54, 576, 864), (54, 576, 882), (54, 558, 882), (36, 576, 882), (72, 594, 846), (72, 576, 810)]	(9521, 12168, 10400, 12040, 11900, 12871, 8448, 8462, 7070, 8102, 8035, 10415, 4261, 6180, 8708, 7423, 11630, 20693, 18770, 18806, 17338, 14861, 12173, 1967)
y	1889600	(570, 228)	[(36, 594, 882), (72, 576, 810), (54, 576, 918), (54, 594, 864), (54, 558, 864), (54, 576, 864), (54, 576, 900), (54, 576, 900), (54, 576, 900), (72, 594, 864), (54, 576, 864), (54, 576, 846), (36, 576, 900), (72, 594, 936), (54, 576, 900), (54, 576, 882), (72, 576, 864), (72, 576, 846), (72, 576, 846), (72, 576, 882), (36, 576, 900), (36, 576, 900), (54, 594, 900), (54, 576, 846), (72, 576, 864)]	(9537, 12236, 10446, 12115, 11913, 12916, 8460, 8383, 7017, 8136, 8040, 10405, 4278, 6180, 8735, 7435, 11631, 20711, 18805, 18829, 17358, 14872, 12175, 1980)
 	1890269	(853, 269)	[(54, 576, 972), (36, 576, 936), (54, 558, 846), (72, 558, 792), (72, 594, 936), (54, 576, 828), (54, 558, 882), (54, 558, 900), (54, 576, 918), (36, 576, 918), (36, 576, 882), (36, 576, 828), (54, 576, 864), (54, 576, 882), (54, 576, 882), (54, 558, 918), (54, 576, 900), (36, 576, 810), (72, 576, 792), (72, 576, 882), (36, 594, 990), (18, 594, 972), (18, 558, 810), (54, 558, 810), (18, 558, 810)]	(9529, 12198, 10421, 12040, 11906, 12877, 8387, 8407, 7059, 8098, 8013, 10338, 4266, 6180, 8697, 7422, 11628, 20684, 18737, 18761, 17311, 14840, 12172, 1980)
o	1890740	(569, 83)	[(54, 576, 900), (36, 576, 810), (72, 576, 792), (72, 576, 882), (36, 594, 990), (18, 594, 972), (18, 558, 810), (54, 558, 810), (18, 558, 810), (72, 594, 918), (72, 576, 882), (72, 594, 864), (90, 576, 900), (54, 576, 900), (54, 576, 882), (54, 576, 882), (54, 576, 864), (72, 576, 918), (54, 576, 900), (54, 576, 864), (54, 576, 864), (72, 576, 864), (72, 576, 846), (90, 594, 828), (54, 576, 918)]	(9530, 12253, 10461, 12118, 11926, 12960, 8530, 8362, 7031, 8143, 8014, 10378, 4268, 6181, 8755, 7439, 11636, 20715, 18812, 18828, 17361, 14885, 12184, 1981)
n	1891513	(723, 158)	[(54, 576, 882), (54, 558, 900), (54, 576, 918), (36, 558, 900), (72, 576, 882), (54, 558, 882), (54, 576, 864), (54, 576, 882), (54, 576, 882), (54, 576, 900), (36, 558, 900), (36, 558, 918), (36, 558, 882), (54, 576, 864), (72, 576, 846), (90, 576, 846), (72, 576, 900), (54, 576, 918), (54, 576, 900), (72, 594, 900), (72, 576, 882), (54, 576, 846), (54, 576, 810), (72, 576, 882), (72, 576, 900)]	(9523, 12205, 10423, 12051, 11894, 12848, 8298, 8145, 6799, 8071, 10171, 0, 4267, 6176, 8696, 7432, 11634, 20698, 18789, 18809, 17346, 14867, 12165, 1970)
 	1891916	(812, 259)	[(72, 576, 846), (90, 576, 846), (72, 576, 900), (54, 576, 918), (54, 576, 900), (72, 594, 900), (72, 576, 882), (54, 576, 846), (54, 576, 810), (72, 576, 882), (72, 576, 900), (54, 576, 954), (36, 576, 936), (36, 576, 900), (72, 576, 864), (90, 576, 828), (36, 576, 936), (54, 558, 846), (36, 558, 882), (36, 576, 864), (36, 576, 900), (54, 594, 918), (54, 558, 846), (108, 594, 828), (72, 594, 936)]	(9526, 12219, 10440, 12081, 11911, 12893, 8356, 8193, 6783, 8098, 7913, 10214, 4245, 6173, 8705, 7435, 11635, 20699, 18790, 18827, 17354, 14876, 12168, 1974)
t	1892589	(561, 263)	[(54, 576, 918), (54, 576, 864), (54, 558, 828), (54, 558, 828), (54, 576, 918), (72, 558, 864), (72, 576, 882), (54, 576, 882), (54, 576, 882), (54, 576, 864), (54, 576, 864), (54, 576, 882), (72, 594, 900), (54, 576, 900), (72, 576, 882), (54, 558, 882), (72, 576, 882), (72, 594, 864), (72, 594, 864), (90, 594, 882), (72, 576, 882), (72, 576, 882), (90, 576, 828), (90, 558, 828), (72, 576, 900)]	(9530, 12225, 10438, 12105, 11910, 12894, 8369, 8207, 6789, 8114, 7885, 10168, 4276, 6186, 8775, 7439, 11641, 20712, 18810, 18848, 17366, 14885, 12176, 1965)
h	1893008	(664, 205)	[(54, 576, 900), (72, 576, 882), (54, 558, 882), (72, 576, 882), (72, 594, 864), (72, 594, 864), (90, 594, 882), (72, 576, 882), (72, 576, 882), (90, 576, 828), (90, 558, 828), (72, 576, 900), (54, 558, 972), (36, 594, 954), (54, 576, 864), (54, 576, 846), (72, 558, 810), (72, 558, 864), (72, 576, 882), (72, 594, 900), (54, 576, 918), (54, 576, 882), (72, 558, 846), (72, 576, 900), (54, 576, 972)]	(9531, 12235, 10441, 12099, 11910, 12890, 8311, 8175, 6755, 8077, 7848, 10137, 4279, 6178, 8735, 7436, 11641, 20709, 18803, 18829, 17350, 14873, 12175, 1966)
i	1893361	(560, 121)	[(54, 558, 972), (36, 594, 954), (54, 576, 864), (54, 576, 846), (72, 558, 810), (72, 558, 864), (72, 576, 882), (72, 594, 900), (54, 576, 918), (54, 576, 882), (72, 558, 846), (72, 576, 900), (54, 576, 972), (36, 594, 936), (54, 576, 882), (72, 576, 828), (90, 594, 900), (72, 576, 864), (72, 576, 846), (72, 576, 864), (54, 576, 900), (54, 576, 882), (72, 576, 864), (72, 576, 882), (72, 576, 882)]	(9525, 12194, 10415, 12060, 11903, 12867, 8297, 8165, 6790, 8102, 7866, 10173, 4265, 6177, 8745, 7438, 11643, 20710, 18803, 18823, 17354, 14874, 12166, 1976)
s	1893931	(648, 378)	[(54, 576, 882), (72, 576, 864), (72, 576, 882), (72, 576, 882), (90, 594, 900), (72, 594, 900), (72, 576, 864), (90, 576, 882), (72, 576, 900), (72, 594, 846), (54, 576, 864), (36, 576, 900), (54, 594, 900), (54, 576, 882), (36, 576, 864), (36, 576, 882), (54, 576, 864), (36, 558, 882), (54, 558, 864), (54, 576, 900), (36, 576, 900), (72, 576, 900), (54, 576, 882), (54, 576, 882), (36, 576, 846)]	(9512, 12167, 10403, 12035, 11897, 12798, 8248, 8130, 6749, 8057, 7850, 10170, 4272, 6179, 8684, 7426, 11623, 20684, 18752, 18801, 17319, 14859, 12170, 1972)
