Please hold the phone in your right hand and type with you right thumb
c	1962344	(758, 281)	[(-72, 522, 936), (-90, 522, 954), (-108, 486, 900), (-54, 504, 900), (-72, 540, 882), (-108, 522, 828), (-144, 486, 900), (-108, 504, 882), (-90, 522, 936), (-108, 504, 972), (-162, 504, 972), (-180, 486, 954), (-216, 468, 900), (-162, 486, 936), (-144, 504, 900), (-180, 504, 972), (-216, 486, 972), (-198, 486, 954), (-198, 504, 936), (-126, 540, 972), (-108, 558, 954), (-126, 558, 810), (-162, 540, 738), (-216, 540, 738), (-198, 540, 576)]	(9518, 11317, 10540, 11633, 14147, 11182, 4455, 9747, 4468, 7261, 5872, 6765, 4427, 6076, 7208, 7203, 11397, 20169, 17554, 15995, 16352, 13368, 12049, 2016)
a	1962592	(653, 434)	[(-144, 486, 900), (-108, 504, 882), (-90, 522, 936), (-108, 504, 972), (-162, 504, 972), (-180, 486, 954), (-216, 468, 900), (-162, 486, 936), (-144, 504, 900), (-180, 504, 972), (-216, 486, 972), (-198, 486, 954), (-198, 504, 936), (-126, 540, 972), (-108, 558, 954), (-126, 558, 810), (-162, 540, 738), (-216, 540, 738), (-198, 540, 576), (-198, 468, 1206), (-270, 540, 792), (-108, 594, 972), (-90, 576, 918), (-126, 594, 774), (-144, 558, 684)]	(9538, 11732, 10871, 12131, 12655, 10591, 4339, 9304, 4377, 7014, 5675, 6643, 4340, 6057, 7194, 6945, 11415, 20186, 18352, 15921, 16243, 13315, 12040, 2013)
n	1963058	(749, 152)	[(-216, 540, 738), (-198, 540, 576), (-198, 468, 1206), (-270, 540, 792), (-108, 594, 972), (-90, 576, 918), (-126, 594, 774), (-144, 558, 684), (-306, 558, 540), (36, 450, 1350), (-288, 450, 702), (-180, 468, 828), (-144, 468, 990), (-54, 486, 1044), (-90, 486, 1044), (-126, 486, 882), (-198, 468, 864), (-234, 486, 864), (-252, 468, 918), (-252, 468, 954), (-144, 504, 990), (-108, 504, 990), (-180, 522, 882), (-180, 504, 828), (-126, 468, 774)]	(9467, 10990, 10189, 10721, 13470, 11425, 4505, 11608, 4577, 7297, 5902, 8111, 4491, 6066, 7188, 6935, 11379, 20140, 17003, 15914, 16364, 13322, 12045, 1995)
 	1963308	(852, 208)	[(-144, 558, 684), (-306, 558, 540), (36, 450, 1350), (-288, 450, 702), (-180, 468, 828), (-144, 468, 990), (-54, 486, 1044), (-90, 486, 1044), (-126, 486, 882), (-198, 468, 864), (-234, 486, 864), (-252, 468, 918), (-252, 468, 954), (-144, 504, 990), (-108, 504, 990), (-180, 522, 882), (-180, 504, 828), (-126, 468, 774), (-162, 504, 738), (-180, 486, 990), (-198, 468, 990), (-216, 450, 1008), (-198, 468, 954), (-288, 450, 900), (-234, 486, 720)]	(9496, 11316, 10469, 11298, 13635, 11347, 4428, 10530, 4393, 7207, 5765, 7081, 4419, 6068, 7199, 6966, 11390, 20171, 17457, 15959, 16506, 13331, 12043, 2016)
y	1963606	(620, 230)	[(-234, 486, 864), (-252, 468, 918), (-252, 468, 954), (-144, 504, 990), (-108, 504, 990), (-180, 522, 882), (-180, 504, 828), (-126, 468, 774), (-162, 504, 738), (-180, 486, 990), (-198, 468, 990), (-216, 450, 1008), (-198, 468, 954), (-288, 450, 900), (-234, 486, 720), (-90, 486, 1008), (-162, 486, 900), (-180, 504, 1008), (-198, 486, 990), (-144, 504, 846), (-162, 594, 666), (-252, 504, 846), (-324, 504, 936), (-252, 522, 918), (-234, 504, 792)]	(9490, 11096, 10532, 11486, 13865, 11205, 4508, 11552, 4539, 7353, 5982, 7569, 4479, 6083, 7205, 6997, 11393, 20156, 17310, 15977, 16455, 13330, 12050, 2012)
o	1964073	(599, 71)	[(-162, 486, 900), (-180, 504, 1008), (-198, 486, 990), (-144, 504, 846), (-162, 594, 666), (-252, 504, 846), (-324, 504, 936), (-252, 522, 918), (-234, 504, 792), (-144, 486, 1224), (-180, 504, 846), (-180, 486, 918), (-144, 486, 936), (-126, 504, 918), (-162, 486, 882), (-198, 486, 882), (-216, 486, 882), (-198, 468, 972), (-198, 486, 972), (-180, 504, 918), (-144, 522, 900), (-162, 504, 954), (-216, 504, 954), (-198, 504, 882), (-144, 486, 774)]	(9449, 10812, 10208, 10938, 13428, 11095, 4555, 12137, 4630, 7425, 6073, 8046, 4508, 6093, 7227, 6996, 11378, 20134, 16875, 16027, 16336, 13329, 12045, 2011)
u	1964321	(591, 154)	[(-252, 522, 918), (-234, 504, 792), (-144, 486, 1224), (-180, 504, 846), (-180, 486, 918), (-144, 486, 936), (-126, 504, 918), (-162, 486, 882), (-198, 486, 882), (-216, 486, 882), (-198, 468, 972), (-198, 486, 972), (-180, 504, 918), (-144, 522, 900), (-162, 504, 954), (-216, 504, 954), (-198, 504, 882), (-144, 486, 774), (-126, 486, 954), (-198, 486, 882), (-198, 522, 810), (-216, 468, 936), (-252, 486, 954), (-270, 486, 882), (-252, 504, 738)]	(9479, 11029, 10538, 11465, 13824, 11368, 4586, 12184, 4639, 7397, 6040, 7726, 4520, 6088, 7218, 6997, 11394, 20167, 17112, 16115, 16478, 13339, 12046, 2010)
 	1964689	(818, 213)	[(-144, 522, 900), (-162, 504, 954), (-216, 504, 954), (-198, 504, 882), (-144, 486, 774), (-126, 486, 954), (-198, 486, 882), (-198, 522, 810), (-216, 468, 936), (-252, 486, 954), (-270, 486, 882), (-252, 504, 738), (-234, 504, 648), (-126, 468, 1224), (-216, 486, 792), (-198, 486, 864), (-162, 468, 972), (-162, 468, 900), (-198, 468, 846), (-216, 486, 846), (-198, 432, 936), (-180, 486, 1026), (-162, 486, 954), (-162, 486, 900), (-234, 504, 846)]	(9473, 11117, 10571, 11349, 13653, 11243, 4523, 12009, 4570, 7365, 5966, 7460, 4502, 6093, 7216, 7035, 11400, 20177, 17268, 16103, 16491, 13346, 12046, 2011)
g	1965860	(675, 241)	[(-162, 522, 882), (-162, 504, 918), (-162, 522, 882), (-162, 504, 900), (-144, 522, 900), (-162, 522, 918), (-162, 504, 936), (-180, 504, 900), (-180, 522, 882), (-162, 504, 918), (-180, 486, 936), (-162, 504, 900), (-162, 522, 918), (-162, 522, 936), (-180, 540, 882), (-180, 522, 918), (-180, 522, 900), (-198, 522, 900), (-216, 522, 882), (-198, 540, 900), (-180, 558, 900), (-198, 540, 864), (-198, 540, 828), (-216, 558, 792), (-162, 558, 810)]	(9469, 10991, 10493, 11388, 13757, 11078, 4511, 11533, 4521, 7385, 5989, 7444, 4486, 6085, 7200, 6994, 11382, 20152, 17075, 16089, 16460, 13334, 12043, 2015)
e	1966277	(584, 342)	[(-180, 540, 882), (-180, 522, 918), (-180, 522, 900), (-198, 522, 900), (-216, 522, 882), (-198, 540, 900), (-180, 558, 900), (-198, 540, 864), (-198, 540, 828), (-216, 558, 792), (-162, 558, 810), (-234, 522, 810), (-162, 540, 972), (-162, 540, 936), (-180, 558, 828), (-216, 558, 792), (-198, 576, 864), (-198, 540, 918), (-126, 558, 864), (-144, 558, 756), (-180, 576, 846), (-198, 558, 900), (-162, 558, 918), (-162, 558, 900), (-198, 540, 756)]	(9484, 11069, 10637, 11658, 13565, 10875, 4471, 11918, 4487, 7217, 5919, 7422, 4474, 6073, 7205, 7036, 11397, 20172, 17324, 16150, 16501, 13337, 12034, 2009)
t	1966577	(582, 273)	[(-216, 558, 792), (-162, 558, 810), (-234, 522, 810), (-162, 540, 972), (-162, 540, 936), (-180, 558, 828), (-216, 558, 792), (-198, 576, 864), (-198, 540, 918), (-126, 558, 864), (-144, 558, 756), (-180, 576, 846), (-198, 558, 900), (-162, 558, 918), (-162, 558, 900), (-198, 540, 756), (-234, 522, 900), (-198, 540, 972), (-180, 540, 864), (-180, 540, 864), (-198, 558, 846), (-198, 558, 864), (-180, 558, 864), (-198, 540, 828), (-252, 558, 738)]	(9476, 11045, 10596, 11629, 13676, 10989, 4550, 12373, 4599, 7317, 6031, 7610, 4517, 6091, 7212, 7070, 11399, 20173, 17290, 16153, 16491, 13342, 12044, 2014)
 	1966926	(799, 254)	[(-180, 576, 846), (-198, 558, 900), (-162, 558, 918), (-162, 558, 900), (-198, 540, 756), (-234, 522, 900), (-198, 540, 972), (-180, 540, 864), (-180, 540, 864), (-198, 558, 846), (-198, 558, 864), (-180, 558, 864), (-198, 540, 828), (-252, 558, 738), (-126, 522, 1098), (-234, 468, 846), (-162, 522, 864), (-90, 522, 972), (-108, 522, 936), (-162, 540, 882), (-198, 522, 792), (-234, 522, 828), (-216, 504, 900), (-216, 522, 918), (-180, 522, 936)]	(9501, 11227, 10681, 11480, 13912, 11267, 4498, 10913, 4493, 7359, 5952, 7048, 4420, 6076, 7215, 7028, 11396, 20169, 17507, 16012, 16475, 13342, 12041, 2018)
w	1967291	(576, 401)	[(-180, 558, 864), (-198, 540, 828), (-252, 558, 738), (-126, 522, 1098), (-234, 468, 846), (-162, 522, 864), (-90, 522, 972), (-108, 522, 936), (-162, 540, 882), (-198, 522, 792), (-234, 522, 828), (-216, 504, 900), (-216, 522, 918), (-180, 522, 936), (-144, 522, 882), (-162, 540, 846), (-180, 540, 954), (-198, 540, 936), (-198, 540, 846), (-162, 540, 774), (-198, 576, 900), (-216, 558, 918), (-198, 540, 864), (-234, 540, 810), (-288, 504, 756)]	(9474, 11159, 10645, 11645, 13227, 10615, 4423, 12032, 4430, 7111, 5859, 7280, 4468, 6073, 7200, 7023, 11390, 20160, 17427, 16030, 16372, 13320, 12038, 2023)
i	1967740	(590, 134)	[(-180, 540, 954), (-198, 540, 936), (-198, 540, 846), (-162, 540, 774), (-198, 576, 900), (-216, 558, 918), (-198, 540, 864), (-234, 540, 810), (-288, 504, 756), (-144, 540, 972), (-180, 522, 882), (-108, 540, 990), (-108, 540, 936), (-162, 522, 882), (-162, 540, 810), (-162, 540, 882), (-162, 540, 972), (-144, 540, 954), (-180, 540, 882), (-198, 558, 792), (-216, 576, 756), (-180, 540, 954), (-198, 558, 900), (-162, 558, 828), (-162, 576, 792)]	(9468, 10967, 10498, 11316, 13745, 11036, 4603, 12378, 4627, 7396, 6116, 7608, 4542, 6094, 7218, 7038, 11367, 20125, 16796, 16022, 16315, 13317, 12040, 1972)
t	1968057	(597, 265)	[(-144, 540, 972), (-180, 522, 882), (-108, 540, 990), (-108, 540, 936), (-162, 522, 882), (-162, 540, 810), (-162, 540, 882), (-162, 540, 972), (-144, 540, 954), (-180, 540, 882), (-198, 558, 792), (-216, 576, 756), (-180, 540, 954), (-198, 558, 900), (-162, 558, 828), (-162, 576, 792), (-198, 522, 954), (-216, 540, 846), (-216, 540, 900), (-216, 540, 900), (-216, 558, 864), (-180, 576, 864), (-198, 558, 864), (-180, 576, 864), (-234, 558, 828)]	(9474, 11022, 10541, 11437, 13608, 10843, 4490, 12006, 4488, 7216, 5956, 7371, 4490, 6080, 7210, 7011, 11369, 20131, 16994, 16029, 16321, 13310, 12035, 2000)
h	1968356	(671, 203)	[(-198, 558, 792), (-216, 576, 756), (-180, 540, 954), (-198, 558, 900), (-162, 558, 828), (-162, 576, 792), (-198, 522, 954), (-216, 540, 846), (-216, 540, 900), (-216, 540, 900), (-216, 558, 864), (-180, 576, 864), (-198, 558, 864), (-180, 576, 864), (-234, 558, 828), (-234, 558, 774), (-198, 558, 972), (-162, 558, 900), (-180, 540, 990), (-198, 540, 936), (-198, 558, 846), (-216, 558, 792), (-234, 540, 882), (-180, 576, 882), (-162, 576, 828)]	(9463, 10977, 10509, 11365, 13539, 10912, 4576, 12383, 4587, 7324, 6063, 7513, 4558, 6092, 7220, 7058, 11373, 20138, 16925, 16041, 16325, 13320, 12040, 2009)
 	1968658	(850, 226)	[(-216, 540, 900), (-216, 558, 864), (-180, 576, 864), (-198, 558, 864), (-180, 576, 864), (-234, 558, 828), (-234, 558, 774), (-198, 558, 972), (-162, 558, 900), (-180, 540, 990), (-198, 540, 936), (-198, 558, 846), (-216, 558, 792), (-234, 540, 882), (-180, 576, 882), (-162, 576, 828), (-144, 558, 1008), (-252, 486, 864), (-180, 504, 990), (-162, 558, 882), (-216, 486, 846), (-216, 504, 882), (-234, 522, 972), (-288, 522, 918), (-270, 522, 810)]	(9505, 11285, 10733, 11473, 13940, 11324, 4514, 9619, 4487, 7441, 5967, 6742, 4426, 6081, 7211, 6983, 11385, 20153, 17414, 16016, 16366, 13321, 12034, 2019)
m	1969026	(750, 94)	[(-216, 558, 792), (-234, 540, 882), (-180, 576, 882), (-162, 576, 828), (-144, 558, 1008), (-252, 486, 864), (-180, 504, 990), (-162, 558, 882), (-216, 486, 846), (-216, 504, 882), (-234, 522, 972), (-288, 522, 918), (-270, 522, 810), (-90, 540, 900), (-144, 522, 954), (-144, 522, 900), (-144, 522, 846), (-162, 522, 918), (-162, 522, 990), (-252, 486, 936), (-252, 504, 864), (-234, 504, 810), (-162, 522, 810), (-72, 504, 846), (-108, 522, 936)]	(9439, 10779, 10188, 10695, 13701, 11054, 4543, 11664, 4642, 7470, 6084, 8231, 4450, 6095, 7229, 6931, 11370, 20132, 16962, 16002, 16258, 13317, 12039, 2020)
a	1969477	(670, 442)	[(-144, 522, 900), (-144, 522, 846), (-162, 522, 918), (-162, 522, 990), (-252, 486, 936), (-252, 504, 864), (-234, 504, 810), (-162, 522, 810), (-72, 504, 846), (-108, 522, 936), (-198, 522, 882), (-306, 468, 900), (-180, 468, 882), (-162, 504, 846), (-144, 504, 864), (-252, 504, 954), (-270, 486, 936), (-216, 504, 918), (-126, 522, 828), (-144, 522, 972), (-180, 522, 900), (-180, 522, 936), (-162, 504, 864), (-162, 504, 756), (-72, 504, 828)]	(9521, 11535, 11023, 11935, 13850, 10431, 4334, 8832, 4402, 7039, 5719, 6679, 4363, 6064, 7191, 6922, 11409, 20193, 18028, 16221, 16456, 13321, 12045, 2014)
r	1969946	(584, 310)	[(-216, 504, 918), (-126, 522, 828), (-144, 522, 972), (-180, 522, 900), (-180, 522, 936), (-162, 504, 864), (-162, 504, 756), (-72, 504, 828), (-162, 522, 1134), (-162, 522, 864), (-180, 504, 900), (-198, 522, 882), (-180, 540, 864), (-162, 540, 882), (-198, 540, 918), (-216, 540, 882), (-234, 522, 882), (-180, 522, 846), (-144, 540, 846), (-126, 558, 882), (-180, 558, 936), (-180, 558, 900), (-198, 540, 846), (-216, 540, 684), (-126, 540, 846)]	(9481, 11088, 10666, 11655, 14128, 10520, 4414, 10607, 4502, 7230, 5877, 7042, 4417, 6074, 7201, 6938, 11400, 20184, 17777, 16180, 16420, 13325, 12045, 2010)
y	1970246	(597, 238)	[(-180, 504, 900), (-198, 522, 882), (-180, 540, 864), (-162, 540, 882), (-198, 540, 918), (-216, 540, 882), (-234, 522, 882), (-180, 522, 846), (-144, 540, 846), (-126, 558, 882), (-180, 558, 936), (-180, 558, 900), (-198, 540, 846), (-216, 540, 684), (-126, 540, 846), (-216, 522, 1152), (-180, 522, 810), (-180, 540, 936), (-216, 540, 792), (-216, 540, 792), (-198, 522, 900), (-162, 540, 936), (-126, 540, 882), (-198, 522, 774), (-162, 522, 792)]	(9494, 11090, 10687, 11665, 14228, 10618, 4450, 11396, 4570, 7244, 5945, 7384, 4421, 6070, 7210, 6929, 11398, 20172, 17610, 16144, 16372, 13327, 12044, 2009)
 	1970916	(845, 229)	[(-144, 540, 882), (-126, 522, 882), (-144, 522, 864), (-162, 522, 864), (-144, 522, 882), (-162, 522, 954), (-234, 486, 936), (-216, 468, 954), (-162, 468, 936), (-126, 486, 918), (-108, 504, 936), (-90, 504, 936), (-126, 486, 936), (-126, 504, 918), (-108, 504, 936), (-126, 504, 972), (-162, 486, 918), (-144, 468, 972), (-180, 522, 846), (-162, 486, 864), (-162, 504, 900), (-162, 486, 918), (-162, 504, 900), (-144, 504, 864), (-126, 504, 918)]	(9485, 11239, 10661, 11352, 14161, 10707, 4399, 10200, 4433, 7161, 5818, 6993, 4379, 6074, 7199, 6925, 11389, 20161, 17650, 16064, 16370, 13314, 12036, 2008)
a	1971364	(669, 452)	[(-162, 486, 918), (-144, 468, 972), (-180, 522, 846), (-162, 486, 864), (-162, 504, 900), (-162, 486, 918), (-162, 504, 900), (-144, 504, 864), (-126, 504, 918), (-162, 504, 828), (-144, 522, 954), (-144, 522, 864), (-198, 522, 810), (-180, 504, 864), (-198, 522, 900), (-180, 522, 900), (-180, 540, 882), (-180, 540, 846), (-198, 540, 918), (-198, 522, 918), (-162, 540, 900), (-162, 522, 900), (-180, 522, 882), (-180, 540, 810), (-234, 522, 972)]	(9477, 11463, 10874, 11778, 13306, 10334, 4380, 12118, 4460, 7055, 5801, 7417, 4392, 6065, 7203, 6972, 11417, 20182, 17905, 16100, 16379, 13326, 12038, 2009)
n	1971887	(757, 150)	[(-198, 522, 918), (-162, 540, 900), (-162, 522, 900), (-180, 522, 882), (-180, 540, 810), (-234, 522, 972), (-54, 522, 828), (-108, 522, 846), (-162, 504, 792), (-144, 504, 900), (-162, 522, 954), (-162, 522, 918), (-144, 522, 918), (-162, 522, 936), (-144, 522, 972), (-162, 522, 918), (-162, 522, 864), (-144, 522, 900), (-144, 522, 900), (-162, 540, 882), (-198, 522, 828), (-162, 540, 864), (-162, 522, 882), (-126, 540, 864), (-108, 558, 900)]	(9450, 10898, 10365, 10875, 14019, 10540, 4446, 11867, 4523, 7214, 5952, 8088, 4438, 6086, 7208, 6920, 11377, 20138, 17156, 15999, 16312, 13312, 12044, 2018)
d	1972187	(669, 316)	[(-144, 504, 900), (-162, 522, 954), (-162, 522, 918), (-144, 522, 918), (-162, 522, 936), (-144, 522, 972), (-162, 522, 918), (-162, 522, 864), (-144, 522, 900), (-144, 522, 900), (-162, 540, 882), (-198, 522, 828), (-162, 540, 864), (-162, 522, 882), (-126, 540, 864), (-108, 558, 900), (-162, 540, 882), (-198, 522, 828), (-180, 504, 882), (-180, 522, 1008), (-216, 540, 900), (-216, 522, 846), (-198, 540, 864), (-198, 540, 900), (-216, 522, 864)]	(9455, 11164, 10582, 11375, 13841, 10445, 4421, 12230, 4515, 7128, 5887, 7864, 4429, 6079, 7205, 6953, 11380, 20157, 17393, 16022, 16329, 13313, 12036, 2009)
 	1972436	(839, 223)	[(-162, 522, 918), (-162, 522, 864), (-144, 522, 900), (-144, 522, 900), (-162, 540, 882), (-198, 522, 828), (-162, 540, 864), (-162, 522, 882), (-126, 540, 864), (-108, 558, 900), (-162, 540, 882), (-198, 522, 828), (-180, 504, 882), (-180, 522, 1008), (-216, 540, 900), (-216, 522, 846), (-198, 540, 864), (-198, 540, 900), (-216, 522, 864), (-234, 468, 864), (-162, 504, 954), (-180, 504, 900), (-180, 486, 900), (-216, 504, 900), (-270, 504, 900)]	(9465, 11147, 10580, 11195, 14046, 10557, 4446, 12208, 4552, 7183, 5880, 7770, 4431, 6085, 7207, 6946, 11388, 20158, 17258, 16045, 16343, 13317, 12040, 2016)
m	1972753	(756, 73)	[(-162, 540, 882), (-198, 522, 828), (-180, 504, 882), (-180, 522, 1008), (-216, 540, 900), (-216, 522, 846), (-198, 540, 864), (-198, 540, 900), (-216, 522, 864), (-234, 468, 864), (-162, 504, 954), (-180, 504, 900), (-180, 486, 900), (-216, 504, 900), (-270, 504, 900), (-252, 522, 864), (-108, 504, 900), (-144, 486, 954), (-162, 486, 936), (-126, 486, 882), (-162, 504, 864), (-144, 504, 954), (-126, 522, 936), (-162, 486, 900), (-126, 504, 864)]	(9416, 10735, 10159, 10560, 13802, 10532, 4707, 13154, 5036, 7214, 6116, 9385, 4568, 6092, 7220, 6904, 11338, 20068, 16112, 15999, 15991, 13279, 12029, 2017)
a	1973157	(645, 426)	[(-270, 504, 900), (-252, 522, 864), (-108, 504, 900), (-144, 486, 954), (-162, 486, 936), (-126, 486, 882), (-162, 504, 864), (-144, 504, 954), (-126, 522, 936), (-162, 486, 900), (-126, 504, 864), (-90, 522, 846), (-198, 486, 954), (-180, 504, 936), (-162, 504, 810), (-144, 486, 774), (-216, 486, 936), (-180, 504, 990), (-90, 540, 864), (-54, 522, 756), (-54, 558, 720), (-144, 522, 1098), (-108, 522, 990), (-126, 504, 810), (-252, 504, 702)]	(9505, 11429, 10955, 11805, 13708, 10268, 4376, 11545, 4424, 7035, 5813, 7295, 4389, 6072, 7192, 6969, 11408, 20187, 17823, 16121, 16368, 13330, 12041, 2012)
k	1973526	(677, 104)	[(-180, 504, 936), (-162, 504, 810), (-144, 486, 774), (-216, 486, 936), (-180, 504, 990), (-90, 540, 864), (-54, 522, 756), (-54, 558, 720), (-144, 522, 1098), (-108, 522, 990), (-126, 504, 810), (-252, 504, 702), (-216, 468, 918), (-72, 486, 1116), (-126, 486, 882), (-90, 486, 972), (-36, 486, 972), (-90, 486, 936), (-108, 468, 900), (-126, 504, 918), (-108, 522, 954), (-126, 522, 972), (-108, 504, 900), (-90, 504, 900), (-36, 522, 846)]	(9433, 10870, 10418, 11160, 13761, 10254, 4588, 13333, 4791, 7131, 6068, 8654, 4502, 6095, 7217, 6989, 11372, 20133, 17120, 15976, 16205, 13302, 12045, 2015)
e	1973877	(580, 368)	[(-252, 504, 702), (-216, 468, 918), (-72, 486, 1116), (-126, 486, 882), (-90, 486, 972), (-36, 486, 972), (-90, 486, 936), (-108, 468, 900), (-126, 504, 918), (-108, 522, 954), (-126, 522, 972), (-108, 504, 900), (-90, 504, 900), (-36, 522, 846), (-162, 486, 1026), (-126, 522, 882), (-144, 504, 792), (-162, 504, 936), (-162, 504, 882), (-126, 504, 864), (-144, 522, 972), (-180, 522, 900), (-180, 522, 828), (-162, 504, 864), (-198, 504, 882)]	(9455, 11150, 10708, 11640, 13190, 10120, 4400, 12629, 4477, 7043, 5851, 7914, 4399, 6084, 7200, 6968, 11398, 20156, 17772, 16055, 16219, 13301, 12041, 2018)
 	1974228	(827, 244)	[(-90, 504, 900), (-36, 522, 846), (-162, 486, 1026), (-126, 522, 882), (-144, 504, 792), (-162, 504, 936), (-162, 504, 882), (-126, 504, 864), (-144, 522, 972), (-180, 522, 900), (-180, 522, 828), (-162, 504, 864), (-198, 504, 882), (-270, 486, 828), (-162, 432, 1260), (-144, 504, 756), (-108, 504, 774), (-144, 486, 972), (-126, 504, 954), (-144, 468, 846), (-216, 468, 846), (-216, 486, 954), (-198, 468, 1044), (-180, 504, 936), (-162, 504, 864)]	(9487, 11251, 10783, 11450, 13972, 10301, 4392, 11633, 4435, 7078, 5843, 7410, 4394, 6061, 7199, 6952, 11397, 20173, 17677, 16073, 16281, 13307, 12037, 2012)
s	1974547	(679, 381)	[(-180, 522, 900), (-180, 522, 828), (-162, 504, 864), (-198, 504, 882), (-270, 486, 828), (-162, 432, 1260), (-144, 504, 756), (-108, 504, 774), (-144, 486, 972), (-126, 504, 954), (-144, 468, 846), (-216, 468, 846), (-216, 486, 954), (-198, 468, 1044), (-180, 504, 936), (-162, 504, 864), (-126, 486, 882), (-126, 486, 864), (-162, 504, 990), (-180, 504, 936), (-198, 504, 774), (-180, 468, 846), (-180, 486, 1062), (-180, 486, 1044), (-216, 486, 918)]	(9460, 11339, 10849, 11670, 13574, 10218, 4420, 12396, 4477, 7045, 5863, 7693, 4439, 6078, 7200, 7000, 11409, 20175, 17842, 16111, 16294, 13316, 12036, 2005)
u	1974999	(587, 166)	[(-126, 486, 882), (-126, 486, 864), (-162, 504, 990), (-180, 504, 936), (-198, 504, 774), (-180, 468, 846), (-180, 486, 1062), (-180, 486, 1044), (-216, 486, 918), (-90, 504, 1260), (-234, 486, 864), (-198, 504, 936), (-144, 504, 972), (-144, 486, 936), (-198, 486, 882), (-180, 486, 864), (-162, 486, 900), (-162, 504, 918), (-180, 504, 936), (-198, 504, 882), (-216, 504, 900), (-162, 504, 918), (-126, 522, 918), (-144, 522, 864), (-126, 504, 828)]	(9467, 11056, 10635, 11589, 13967, 10283, 4441, 12470, 4536, 7129, 5962, 7963, 4460, 6085, 7208, 6960, 11380, 20147, 17462, 16074, 16247, 13302, 12042, 2016)
r	1975349	(583, 302)	[(-198, 504, 936), (-144, 504, 972), (-144, 486, 936), (-198, 486, 882), (-180, 486, 864), (-162, 486, 900), (-162, 504, 918), (-180, 504, 936), (-198, 504, 882), (-216, 504, 900), (-162, 504, 918), (-126, 522, 918), (-144, 522, 864), (-126, 504, 828), (-198, 504, 936), (-162, 504, 972), (-162, 504, 936), (-198, 522, 882), (-144, 504, 810), (-126, 558, 846), (-180, 540, 990), (-198, 540, 936), (-180, 540, 882), (-180, 540, 792), (-180, 522, 864)]	(9474, 11096, 10693, 11680, 13568, 10219, 4362, 11907, 4434, 7062, 5823, 7708, 4421, 6073, 7195, 6921, 11392, 20149, 17667, 16109, 16191, 13288, 12028, 2012)
e	1975569	(586, 363)	[(-162, 486, 900), (-162, 504, 918), (-180, 504, 936), (-198, 504, 882), (-216, 504, 900), (-162, 504, 918), (-126, 522, 918), (-144, 522, 864), (-126, 504, 828), (-198, 504, 936), (-162, 504, 972), (-162, 504, 936), (-198, 522, 882), (-144, 504, 810), (-126, 558, 846), (-180, 540, 990), (-198, 540, 936), (-180, 540, 882), (-180, 540, 792), (-180, 522, 864), (-180, 522, 882), (-162, 540, 918), (-180, 540, 900), (-288, 522, 828), (-252, 504, 792)]	(9454, 11095, 10680, 11652, 13193, 10118, 4330, 11753, 4385, 7022, 5805, 7570, 4421, 6066, 7194, 6932, 11385, 20148, 17692, 16113, 16195, 13294, 12035, 2010)
c	1978461	(750, 286)	[(-108, 522, 918), (-108, 522, 936), (-90, 522, 918), (-108, 522, 900), (-108, 504, 900), (-126, 522, 900), (-126, 522, 936), (-126, 522, 900), (-126, 522, 918), (-108, 522, 918), (-108, 522, 936), (-108, 522, 900), (-126, 522, 900), (-144, 522, 900), (-144, 522, 882), (-162, 522, 864), (-144, 522, 900), (-126, 522, 900), (-144, 522, 918), (-144, 522, 936), (-126, 540, 900), (-54, 558, 846), (-108, 540, 900), (-162, 522, 936), (-180, 540, 828)]	(9467, 11100, 10530, 11333, 13175, 10276, 4360, 11700, 4420, 7023, 5809, 7899, 4426, 6059, 7196, 6914, 11375, 20125, 17365, 16007, 16233, 13290, 12035, 2016)
o	1978864	(571, 66)	[(-144, 522, 882), (-162, 522, 864), (-144, 522, 900), (-126, 522, 900), (-144, 522, 918), (-144, 522, 936), (-126, 540, 900), (-54, 558, 846), (-108, 540, 900), (-162, 522, 936), (-180, 540, 828), (-198, 522, 756), (-36, 504, 1080), (-180, 486, 918), (-144, 504, 954), (-108, 486, 954), (-90, 522, 900), (-108, 540, 864), (-108, 540, 882), (-144, 522, 936), (-144, 504, 864), (-144, 540, 846), (-108, 522, 954), (-126, 522, 954), (-162, 522, 864)]	(9445, 10849, 10356, 11128, 13770, 10468, 4520, 12893, 4663, 7171, 6009, 8680, 4518, 6086, 7207, 6927, 11355, 20116, 16888, 15991, 16213, 13287, 12040, 2013)
u	1979235	(598, 184)	[(-180, 486, 918), (-144, 504, 954), (-108, 486, 954), (-90, 522, 900), (-108, 540, 864), (-108, 540, 882), (-144, 522, 936), (-144, 504, 864), (-144, 540, 846), (-108, 522, 954), (-126, 522, 954), (-162, 522, 864), (-144, 504, 828), (-180, 504, 990), (-144, 522, 900), (-108, 504, 882), (-108, 522, 936), (-162, 504, 972), (-180, 522, 954), (-198, 522, 864), (-144, 540, 828), (-126, 504, 936), (-144, 540, 954), (-162, 540, 918), (-198, 522, 810)]	(9455, 10953, 10510, 11415, 13740, 10389, 4438, 12672, 4542, 7107, 5916, 8388, 4480, 6079, 7209, 6924, 11370, 20133, 17135, 16072, 16255, 13293, 12029, 2012)
l	1979637	(655, 12)	[(-180, 504, 990), (-144, 522, 900), (-108, 504, 882), (-108, 522, 936), (-162, 504, 972), (-180, 522, 954), (-198, 522, 864), (-144, 540, 828), (-126, 504, 936), (-144, 540, 954), (-162, 540, 918), (-198, 522, 810), (-126, 540, 936), (-108, 522, 900), (-72, 504, 972), (-90, 522, 882), (-72, 522, 864), (-108, 522, 918), (-108, 522, 882), (-54, 522, 918), (-36, 504, 972), (-108, 540, 954), (-108, 540, 918), (-90, 522, 864), (0, 522, 756)]	(9406, 10655, 9733, 10308, 13214, 10356, 4597, 12192, 4920, 7088, 6009, 9986, 4550, 6088, 7206, 6855, 11317, 20045, 15954, 16036, 15975, 13269, 12026, 2006)
d	1980110	(672, 330)	[(-108, 522, 918), (-108, 522, 882), (-54, 522, 918), (-36, 504, 972), (-108, 540, 954), (-108, 540, 918), (-90, 522, 864), (0, 522, 756), (0, 504, 792), (-144, 504, 1080), (-180, 486, 846), (-126, 522, 846), (-54, 504, 936), (-90, 504, 936), (-108, 522, 900), (-144, 522, 828), (-126, 522, 882), (-108, 558, 936), (-126, 540, 918), (-126, 522, 846), (-126, 522, 882), (-144, 504, 918), (-162, 504, 900), (-270, 504, 846), (-234, 486, 720)]	(9454, 11128, 10618, 11517, 13269, 10202, 4357, 12127, 4422, 7030, 5810, 7825, 4417, 6078, 7204, 6931, 11375, 20136, 17204, 16084, 16320, 13300, 12025, 2012)
 	1980409	(810, 236)	[(-144, 504, 1080), (-180, 486, 846), (-126, 522, 846), (-54, 504, 936), (-90, 504, 936), (-108, 522, 900), (-144, 522, 828), (-126, 522, 882), (-108, 558, 936), (-126, 540, 918), (-126, 522, 846), (-126, 522, 882), (-144, 504, 918), (-162, 504, 900), (-270, 504, 846), (-234, 486, 720), (-162, 486, 846), (-72, 504, 990), (-90, 522, 900), (-144, 504, 864), (-198, 486, 882), (-198, 486, 972), (-180, 522, 936), (-144, 486, 828), (-72, 522, 918)]	(9421, 11008, 10459, 11291, 13460, 10197, 4352, 11957, 4402, 7017, 5811, 7770, 4431, 6074, 7198, 6939, 11371, 20123, 17027, 16100, 16317, 13304, 12020, 2011)
y	1980710	(576, 223)	[(-126, 540, 918), (-126, 522, 846), (-126, 522, 882), (-144, 504, 918), (-162, 504, 900), (-270, 504, 846), (-234, 486, 720), (-162, 486, 846), (-72, 504, 990), (-90, 522, 900), (-144, 504, 864), (-198, 486, 882), (-198, 486, 972), (-180, 522, 936), (-144, 486, 828), (-72, 522, 918), (-144, 504, 936), (-144, 504, 774), (-126, 558, 810), (-90, 540, 1008), (-108, 522, 954), (-162, 540, 864), (-180, 522, 936), (-180, 540, 900), (-180, 540, 846)]	(9451, 10918, 10499, 11429, 13892, 10284, 4447, 12769, 4584, 7109, 5976, 8313, 4475, 6086, 7207, 6942, 11363, 20114, 16838, 16120, 16286, 13308, 12031, 2010)
o	1981134	(583, 67)	[(-144, 486, 828), (-72, 522, 918), (-144, 504, 936), (-144, 504, 774), (-126, 558, 810), (-90, 540, 1008), (-108, 522, 954), (-162, 540, 864), (-180, 522, 936), (-180, 540, 900), (-180, 540, 846), (-126, 522, 936), (-144, 522, 918), (-162, 522, 900), (-144, 522, 864), (-144, 522, 882), (-126, 522, 918), (-126, 522, 1008), (-126, 540, 936), (-144, 540, 864), (-180, 540, 864), (-126, 522, 846), (-108, 540, 846), (-90, 522, 918), (-144, 522, 936)]	(9430, 10751, 10272, 11122, 13819, 10242, 4430, 12396, 4552, 7135, 5963, 8321, 4470, 6085, 7209, 6916, 11345, 20113, 16795, 16116, 16228, 13287, 12028, 2015)
u	1981334	(593, 178)	[(-126, 558, 810), (-90, 540, 1008), (-108, 522, 954), (-162, 540, 864), (-180, 522, 936), (-180, 540, 900), (-180, 540, 846), (-126, 522, 936), (-144, 522, 918), (-162, 522, 900), (-144, 522, 864), (-144, 522, 882), (-126, 522, 918), (-126, 522, 1008), (-126, 540, 936), (-144, 540, 864), (-180, 540, 864), (-126, 522, 846), (-108, 540, 846), (-90, 522, 918), (-144, 522, 936), (-126, 522, 918), (-162, 522, 954), (-162, 540, 900), (-198, 522, 828)]	(9447, 10885, 10471, 11375, 13819, 10245, 4443, 12780, 4569, 7101, 5935, 8323, 4470, 6075, 7206, 6914, 11361, 20121, 16941, 16141, 16254, 13288, 12029, 2010)
 	1981639	(820, 210)	[(-162, 522, 900), (-144, 522, 864), (-144, 522, 882), (-126, 522, 918), (-126, 522, 1008), (-126, 540, 936), (-144, 540, 864), (-180, 540, 864), (-126, 522, 846), (-108, 540, 846), (-90, 522, 918), (-144, 522, 936), (-126, 522, 918), (-162, 522, 954), (-162, 540, 900), (-198, 522, 828), (-108, 540, 1026), (-126, 504, 954), (-126, 522, 1008), (-144, 540, 900), (-162, 504, 828), (-162, 486, 954), (-180, 522, 1026), (-162, 540, 900), (-126, 540, 828)]	(9443, 10960, 10514, 11290, 13853, 10299, 4436, 12758, 4578, 7106, 5922, 8181, 4448, 6085, 7208, 6944, 11376, 20143, 17048, 16157, 16283, 13300, 12034, 2010)
p	1981992	(589, 10)	[(-144, 522, 936), (-126, 522, 918), (-162, 522, 954), (-162, 540, 900), (-198, 522, 828), (-108, 540, 1026), (-126, 504, 954), (-126, 522, 1008), (-144, 540, 900), (-162, 504, 828), (-162, 486, 954), (-180, 522, 1026), (-162, 540, 900), (-126, 540, 828), (-180, 504, 828), (-144, 504, 972), (-90, 504, 846), (-108, 558, 756), (-90, 558, 864), (-54, 522, 990), (-72, 522, 990), (-126, 522, 900), (-180, 540, 900), (36, 522, 792), (-36, 540, 828)]	(9400, 10603, 9913, 10415, 13711, 10260, 4615, 12463, 4903, 7147, 6065, 9841, 4522, 6087, 7210, 6857, 11320, 20052, 16000, 16115, 15993, 13270, 12023, 2012)
r	1982412	(579, 326)	[(-180, 504, 828), (-144, 504, 972), (-90, 504, 846), (-108, 558, 756), (-90, 558, 864), (-54, 522, 990), (-72, 522, 990), (-126, 522, 900), (-180, 540, 900), (36, 522, 792), (-36, 540, 828), (-108, 522, 954), (-126, 522, 882), (-126, 522, 846), (-108, 522, 900), (-108, 522, 864), (-108, 522, 792), (-108, 522, 954), (-144, 522, 1008), (-162, 540, 900), (-144, 522, 882), (-126, 504, 972), (-126, 540, 972), (-234, 522, 756), (-162, 522, 702)]	(9449, 10971, 10603, 11526, 13681, 10165, 4411, 12787, 4542, 7072, 5898, 8288, 4439, 6083, 7203, 6948, 11377, 20144, 17035, 16251, 16373, 13310, 12033, 2013)
i	1982813	(570, 112)	[(-126, 522, 846), (-108, 522, 900), (-108, 522, 864), (-108, 522, 792), (-108, 522, 954), (-144, 522, 1008), (-162, 540, 900), (-144, 522, 882), (-126, 504, 972), (-126, 540, 972), (-234, 522, 756), (-162, 522, 702), (-126, 540, 972), (-108, 504, 972), (-72, 540, 936), (-72, 540, 918), (-126, 540, 828), (-162, 576, 738), (-144, 540, 846), (-108, 540, 990), (-108, 522, 1026), (-162, 576, 972), (-108, 576, 828), (-108, 576, 684), (-90, 540, 756)]	(9432, 10800, 10384, 11270, 13877, 10173, 4402, 11690, 4495, 7091, 5902, 8080, 4429, 6085, 7206, 6906, 11360, 20121, 16859, 16235, 16303, 13301, 12032, 2019)
n	1983115	(750, 161)	[(-234, 522, 756), (-162, 522, 702), (-126, 540, 972), (-108, 504, 972), (-72, 540, 936), (-72, 540, 918), (-126, 540, 828), (-162, 576, 738), (-144, 540, 846), (-108, 540, 990), (-108, 522, 1026), (-162, 576, 972), (-108, 576, 828), (-108, 576, 684), (-90, 540, 756), (-108, 504, 990), (-180, 540, 882), (-108, 522, 936), (-126, 522, 954), (-126, 558, 828), (-144, 522, 810), (-126, 522, 900), (-90, 558, 846), (-54, 540, 792), (-54, 540, 954)]	(9452, 10882, 10494, 11359, 14023, 10247, 4440, 12517, 4600, 7144, 5981, 8359, 4419, 6090, 7208, 6916, 11365, 20135, 16854, 16265, 16327, 13308, 12024, 2019)
t	1983383	(580, 244)	[(-162, 576, 738), (-144, 540, 846), (-108, 540, 990), (-108, 522, 1026), (-162, 576, 972), (-108, 576, 828), (-108, 576, 684), (-90, 540, 756), (-108, 504, 990), (-180, 540, 882), (-108, 522, 936), (-126, 522, 954), (-126, 558, 828), (-144, 522, 810), (-126, 522, 900), (-90, 558, 846), (-54, 540, 792), (-54, 540, 954), (-126, 540, 882), (-144, 540, 936), (-162, 540, 792), (-162, 522, 828), (-54, 558, 846), (-90, 558, 774), (-90, 540, 792)]	(9497, 11023, 10712, 11693, 14109, 10317, 4385, 11331, 4489, 7106, 5865, 7662, 4396, 6078, 7200, 6890, 11372, 20130, 16986, 16266, 16285, 13298, 12030, 2005)
 	1983736	(810, 224)	[(-126, 558, 828), (-144, 522, 810), (-126, 522, 900), (-90, 558, 846), (-54, 540, 792), (-54, 540, 954), (-126, 540, 882), (-144, 540, 936), (-162, 540, 792), (-162, 522, 828), (-54, 558, 846), (-90, 558, 774), (-90, 540, 792), (-108, 540, 918), (-180, 522, 954), (-198, 504, 846), (-144, 504, 954), (-162, 504, 900), (-126, 540, 918), (-126, 540, 810), (-126, 522, 918), (-144, 504, 1008), (-126, 522, 990), (-126, 540, 864), (-108, 522, 846)]	(9496, 11110, 10766, 11601, 14249, 10322, 4389, 10618, 4450, 7127, 5880, 7208, 4390, 6080, 7204, 6902, 11379, 20143, 17130, 16291, 16340, 13306, 12030, 2016)
t	1983989	(604, 278)	[(-144, 540, 936), (-162, 540, 792), (-162, 522, 828), (-54, 558, 846), (-90, 558, 774), (-90, 540, 792), (-108, 540, 918), (-180, 522, 954), (-198, 504, 846), (-144, 504, 954), (-162, 504, 900), (-126, 540, 918), (-126, 540, 810), (-126, 522, 918), (-144, 504, 1008), (-126, 522, 990), (-126, 540, 864), (-108, 522, 846), (-108, 522, 918), (-162, 504, 900), (-144, 558, 936), (-180, 504, 918), (-198, 522, 900), (-162, 540, 882), (-144, 522, 954)]	(9473, 11044, 10713, 11656, 13868, 10238, 4410, 12351, 4530, 7081, 5881, 7933, 4446, 6072, 7204, 6926, 11382, 20144, 17055, 16287, 16330, 13312, 12041, 2021)
h	1984357	(674, 178)	[(-126, 522, 918), (-144, 504, 1008), (-126, 522, 990), (-126, 540, 864), (-108, 522, 846), (-108, 522, 918), (-162, 504, 900), (-144, 558, 936), (-180, 504, 918), (-198, 522, 900), (-162, 540, 882), (-144, 522, 954), (-198, 522, 846), (-144, 540, 954), (-180, 540, 882), (-162, 540, 936), (-144, 540, 900), (-162, 540, 882), (-162, 522, 828), (-162, 540, 882), (-126, 522, 954), (-126, 540, 900), (-90, 558, 864), (-108, 558, 864), (-144, 540, 828)]	(9455, 10955, 10621, 11543, 14073, 10284, 4443, 12535, 4593, 7133, 5979, 8158, 4465, 6088, 7206, 6939, 11378, 20151, 17001, 16296, 16326, 13310, 12032, 2011)
e	1985281	(596, 357)	[(-144, 540, 882), (-144, 540, 864), (-144, 540, 846), (-162, 540, 864), (-144, 540, 882), (-162, 558, 900), (-162, 540, 918), (-144, 558, 882), (-144, 540, 900), (-162, 558, 918), (-144, 540, 864), (-144, 558, 882), (-144, 558, 846), (-144, 558, 864), (-144, 540, 900), (-144, 540, 882), (-144, 540, 882), (-162, 540, 900), (-144, 522, 864), (-162, 522, 900), (-180, 540, 972), (-162, 540, 882), (-198, 522, 864), (-216, 540, 702), (-90, 522, 738)]	(9455, 11079, 10747, 11657, 13882, 10187, 4389, 12144, 4491, 7070, 5876, 7829, 4435, 6080, 7196, 6930, 11382, 20145, 17106, 16286, 16314, 13304, 12031, 2018)
i	1985633	(576, 118)	[(-144, 558, 846), (-144, 558, 864), (-144, 540, 900), (-144, 540, 882), (-144, 540, 882), (-162, 540, 900), (-144, 522, 864), (-162, 522, 900), (-180, 540, 972), (-162, 540, 882), (-198, 522, 864), (-216, 540, 702), (-90, 522, 738), (36, 522, 1152), (-108, 522, 864), (-126, 522, 846), (-126, 522, 828), (-144, 540, 864), (-180, 540, 828), (-180, 522, 918), (-180, 522, 936), (-162, 522, 972), (-144, 540, 972), (-90, 540, 828), (-36, 540, 810)]	(9456, 10907, 10562, 11521, 14009, 10248, 4448, 12590, 4586, 7141, 5969, 8248, 4455, 6066, 7202, 6933, 11368, 20133, 16971, 16291, 16286, 13300, 12025, 2016)
r	1986002	(601, 307)	[(-216, 540, 702), (-90, 522, 738), (36, 522, 1152), (-108, 522, 864), (-126, 522, 846), (-126, 522, 828), (-144, 540, 864), (-180, 540, 828), (-180, 522, 918), (-180, 522, 936), (-162, 522, 972), (-144, 540, 972), (-90, 540, 828), (-36, 540, 810), (-198, 504, 918), (-144, 522, 864), (-126, 522, 864), (-126, 522, 864), (-162, 504, 918), (-144, 522, 900), (-198, 522, 936), (-180, 540, 936), (-162, 558, 918), (-126, 558, 882), (-108, 540, 864)]	(9452, 11041, 10678, 11593, 13898, 10188, 4385, 12028, 4454, 7076, 5875, 7818, 4418, 6082, 7204, 6938, 11377, 20146, 17206, 16266, 16331, 13295, 12033, 2010)
s	1986254	(660, 384)	[(-180, 540, 828), (-180, 522, 918), (-180, 522, 936), (-162, 522, 972), (-144, 540, 972), (-90, 540, 828), (-36, 540, 810), (-198, 504, 918), (-144, 522, 864), (-126, 522, 864), (-126, 522, 864), (-162, 504, 918), (-144, 522, 900), (-198, 522, 936), (-180, 540, 936), (-162, 558, 918), (-126, 558, 882), (-108, 540, 864), (-162, 522, 882), (-180, 540, 882), (-216, 522, 864), (-162, 504, 918), (-180, 522, 900), (-162, 522, 918), (-162, 522, 864)]	(9512, 11306, 11010, 11776, 14399, 10360, 4402, 10911, 4455, 7122, 5887, 7214, 4400, 6079, 7207, 6958, 11395, 20171, 17546, 16272, 16390, 13321, 12039, 1980)
 	1988167	(817, 234)	[(-144, 504, 918), (-144, 522, 882), (-126, 504, 900), (-126, 504, 936), (-126, 522, 936), (-126, 504, 918), (-126, 522, 936), (-126, 522, 900), (-144, 522, 882), (-144, 504, 900), (-144, 504, 918), (-144, 504, 900), (-144, 504, 900), (-144, 522, 900), (-126, 522, 936), (-126, 522, 918), (-180, 504, 954), (-162, 522, 882), (-126, 504, 828), (-126, 522, 990), (-90, 522, 990), (-126, 522, 918), (-162, 522, 882), (-162, 540, 846), (-126, 522, 864)]	(9487, 11139, 10731, 11321, 14292, 10430, 4382, 10701, 4420, 7129, 5854, 7340, 4406, 6072, 7195, 6905, 11363, 20126, 17105, 16080, 16325, 13298, 12030, 2017)
a	1988571	(661, 453)	[(-126, 522, 936), (-126, 522, 918), (-180, 504, 954), (-162, 522, 882), (-126, 504, 828), (-126, 522, 990), (-90, 522, 990), (-126, 522, 918), (-162, 522, 882), (-162, 540, 846), (-126, 522, 864), (-144, 504, 882), (-144, 504, 954), (-162, 522, 882), (-162, 540, 900), (-126, 540, 954), (-144, 540, 864), (-126, 504, 792), (-252, 558, 918), (-180, 522, 1026), (-126, 540, 954), (-90, 558, 846), (-126, 540, 900), (-216, 540, 828), (-252, 540, 738)]	(9480, 11303, 10779, 11500, 13384, 10183, 4331, 11693, 4383, 7035, 5787, 7417, 4415, 6073, 7197, 6925, 11375, 20147, 17580, 16092, 16246, 13289, 12024, 2012)
n	1988991	(753, 138)	[(-126, 540, 954), (-144, 540, 864), (-126, 504, 792), (-252, 558, 918), (-180, 522, 1026), (-126, 540, 954), (-90, 558, 846), (-126, 540, 900), (-216, 540, 828), (-252, 540, 738), (-54, 486, 954), (-90, 540, 918), (-108, 522, 918), (-108, 522, 936), (-144, 504, 846), (-198, 522, 846), (-216, 522, 900), (-144, 558, 954), (-180, 558, 918), (-162, 522, 882), (-180, 540, 864), (-162, 522, 864), (-162, 540, 864), (-108, 522, 810), (-126, 540, 954)]	(9456, 11040, 10569, 11213, 14095, 10294, 4400, 11649, 4460, 7124, 5914, 7644, 4418, 6080, 7207, 6914, 11363, 20121, 17187, 16032, 16211, 13285, 12025, 2010)
d	1989291	(667, 321)	[(-252, 540, 738), (-54, 486, 954), (-90, 540, 918), (-108, 522, 918), (-108, 522, 936), (-144, 504, 846), (-198, 522, 846), (-216, 522, 900), (-144, 558, 954), (-180, 558, 918), (-162, 522, 882), (-180, 540, 864), (-162, 522, 864), (-162, 540, 864), (-108, 522, 810), (-126, 540, 954), (-198, 522, 918), (-162, 540, 774), (-126, 504, 828), (-180, 558, 936), (-162, 522, 1044), (-180, 522, 954), (-216, 540, 936), (-216, 522, 990), (-270, 540, 882)]	(9474, 11274, 10805, 11607, 13951, 10270, 4404, 12080, 4473, 7087, 5859, 7593, 4454, 6084, 7197, 6947, 11385, 20147, 17550, 16130, 16227, 13293, 12032, 2010)
 	1989543	(823, 245)	[(-198, 522, 846), (-216, 522, 900), (-144, 558, 954), (-180, 558, 918), (-162, 522, 882), (-180, 540, 864), (-162, 522, 864), (-162, 540, 864), (-108, 522, 810), (-126, 540, 954), (-198, 522, 918), (-162, 540, 774), (-126, 504, 828), (-180, 558, 936), (-162, 522, 1044), (-180, 522, 954), (-216, 540, 936), (-216, 522, 990), (-270, 540, 882), (-162, 504, 936), (-198, 504, 954), (-198, 504, 1044), (-180, 522, 918), (-198, 504, 900), (-216, 522, 900)]	(9502, 11368, 10905, 11551, 14281, 10385, 4376, 11135, 4433, 7120, 5848, 7106, 4428, 6073, 7206, 6922, 11384, 20148, 17546, 16140, 16228, 13296, 12039, 2014)
o	1990065	(600, 69)	[(-198, 504, 954), (-198, 504, 1044), (-180, 522, 918), (-198, 504, 900), (-216, 522, 900), (-288, 486, 774), (-180, 504, 882), (-144, 540, 972), (-126, 522, 828), (-180, 522, 846), (-144, 540, 936), (-144, 522, 936), (-126, 522, 882), (-180, 504, 900), (-216, 504, 918), (-198, 522, 918), (-162, 540, 900), (-144, 522, 900), (-144, 522, 882), (-180, 522, 918), (-180, 522, 882), (-126, 540, 882), (-144, 540, 954), (-180, 558, 900), (-162, 522, 846)]	(9445, 10857, 10428, 11229, 13952, 10274, 4462, 12785, 4638, 7117, 5975, 8485, 4486, 6080, 7207, 6917, 11360, 20118, 16970, 16074, 16199, 13291, 12039, 2017)
u	1990470	(596, 152)	[(-216, 504, 918), (-198, 522, 918), (-162, 540, 900), (-144, 522, 900), (-144, 522, 882), (-180, 522, 918), (-180, 522, 882), (-126, 540, 882), (-144, 540, 954), (-180, 558, 900), (-162, 522, 846), (-126, 540, 846), (-180, 522, 900), (-162, 522, 900), (-144, 522, 900), (-144, 540, 900), (-162, 540, 882), (-162, 522, 846), (-198, 522, 828), (-144, 540, 864), (-162, 540, 954), (-162, 522, 954), (-162, 540, 918), (-126, 540, 846), (-108, 540, 774)]	(9458, 10972, 10582, 11451, 13860, 10207, 4352, 11610, 4446, 7065, 5831, 7752, 4454, 6072, 7200, 6898, 11369, 20128, 17184, 16179, 16283, 13296, 12025, 2001)
r	1991093	(598, 293)	[(-108, 540, 774), (-72, 522, 972), (-216, 540, 882), (-162, 540, 936), (-180, 540, 882), (-162, 540, 846), (-144, 540, 900), (-144, 540, 954), (-162, 540, 918), (-180, 540, 846), (-162, 540, 792), (-144, 558, 900), (-144, 540, 954), (-180, 558, 900), (-162, 540, 918), (-180, 540, 900), (-162, 558, 900), (-144, 558, 828), (-162, 540, 864), (-162, 540, 900), (-180, 540, 882), (-162, 558, 900), (-180, 540, 882), (-180, 540, 864), (-144, 540, 882)]	(9448, 11036, 10680, 11607, 13536, 10139, 4344, 11977, 4462, 7047, 5802, 7788, 4448, 6080, 7200, 6913, 11379, 20145, 17412, 16211, 16270, 13294, 12030, 2007)
s	1991448	(663, 359)	[(-144, 540, 954), (-180, 558, 900), (-162, 540, 918), (-180, 540, 900), (-162, 558, 900), (-144, 558, 828), (-162, 540, 864), (-162, 540, 900), (-180, 540, 882), (-162, 558, 900), (-180, 540, 882), (-180, 540, 864), (-144, 540, 882), (-162, 540, 972), (-180, 540, 900), (-126, 558, 774), (-126, 558, 882), (-162, 540, 918), (-180, 540, 882), (-198, 540, 846), (-180, 540, 936), (-180, 540, 882), (-198, 540, 864), (-216, 522, 846), (-180, 558, 774)]	(9490, 11228, 10846, 11630, 13410, 10166, 4299, 10369, 4351, 7017, 5741, 7026, 4385, 6068, 7191, 6902, 11383, 20145, 17611, 16193, 16277, 13288, 12024, 2017)
 	1991870	(811, 257)	[(-180, 540, 900), (-126, 558, 774), (-126, 558, 882), (-162, 540, 918), (-180, 540, 882), (-198, 540, 846), (-180, 540, 936), (-180, 540, 882), (-198, 540, 864), (-216, 522, 846), (-180, 558, 774), (-72, 576, 846), (-216, 468, 990), (-144, 522, 918), (-144, 522, 882), (-162, 522, 846), (-180, 504, 936), (-180, 540, 972), (-180, 522, 882), (-180, 522, 918), (-162, 540, 900), (-180, 522, 882), (-180, 522, 900), (-180, 540, 792), (-180, 522, 774)]	(9478, 11250, 10771, 11388, 13883, 10273, 4330, 10114, 4375, 7035, 5770, 6999, 4385, 6063, 7193, 6903, 11375, 20133, 17559, 16146, 16294, 13297, 12023, 2007)
f	1993260	(668, 285)	[(-144, 522, 900), (-162, 522, 882), (-162, 540, 900), (-144, 558, 900), (-144, 540, 900), (-144, 540, 900), (-144, 540, 882), (-144, 540, 882), (-162, 558, 882), (-162, 540, 918), (-144, 558, 918), (-144, 558, 846), (-126, 558, 882), (-144, 558, 882), (-144, 558, 882), (-126, 558, 900), (-162, 540, 918), (-144, 540, 900), (-162, 558, 846), (-180, 558, 828), (-144, 576, 738), (-180, 540, 846), (-234, 522, 972), (-270, 540, 954), (-180, 558, 882)]	(9484, 11089, 10684, 11548, 14057, 10326, 4386, 11971, 4528, 7129, 5858, 7809, 4469, 6077, 7205, 6924, 11379, 20146, 17264, 16198, 16319, 13300, 12021, 2006)
o	1993664	(580, 74)	[(-144, 558, 882), (-144, 558, 882), (-126, 558, 900), (-162, 540, 918), (-144, 540, 900), (-162, 558, 846), (-180, 558, 828), (-144, 576, 738), (-180, 540, 846), (-234, 522, 972), (-270, 540, 954), (-180, 558, 882), (-144, 540, 846), (-198, 522, 900), (-180, 540, 900), (-144, 540, 882), (-126, 558, 864), (-126, 540, 882), (-108, 558, 846), (-126, 540, 882), (-162, 540, 936), (-234, 558, 918), (-180, 540, 954), (-144, 540, 864), (-126, 558, 792)]	(9446, 10870, 10451, 11350, 13861, 10265, 4455, 12735, 4595, 7136, 5967, 8502, 4500, 6084, 7205, 6921, 11357, 20113, 16937, 16096, 16210, 13288, 12021, 2019)
r	1994036	(574, 314)	[(-198, 522, 900), (-180, 540, 900), (-144, 540, 882), (-126, 558, 864), (-126, 540, 882), (-108, 558, 846), (-126, 540, 882), (-162, 540, 936), (-234, 558, 918), (-180, 540, 954), (-144, 540, 864), (-126, 558, 792), (-108, 540, 846), (-144, 540, 954), (-180, 540, 900), (-180, 540, 900), (-198, 540, 882), (-180, 540, 774), (-126, 540, 756), (-144, 576, 882), (-144, 540, 1026), (-162, 576, 954), (-180, 540, 882), (-216, 558, 864), (-234, 558, 810)]	(9463, 11031, 10660, 11583, 13625, 10176, 4386, 12469, 4500, 7076, 5840, 8089, 4469, 6070, 7205, 6927, 11380, 20143, 17309, 16181, 16263, 13300, 12025, 2008)
 	1994389	(817, 238)	[(-126, 558, 792), (-108, 540, 846), (-144, 540, 954), (-180, 540, 900), (-180, 540, 900), (-198, 540, 882), (-180, 540, 774), (-126, 540, 756), (-144, 576, 882), (-144, 540, 1026), (-162, 576, 954), (-180, 540, 882), (-216, 558, 864), (-234, 558, 810), (-126, 522, 1098), (-162, 522, 774), (-90, 540, 918), (-126, 522, 918), (-144, 558, 828), (-162, 504, 864), (-180, 540, 918), (-180, 522, 972), (-198, 540, 936), (-216, 522, 828), (-198, 522, 846)]	(9465, 11179, 10742, 11431, 14149, 10304, 4355, 10635, 4417, 7109, 5811, 7102, 4414, 6073, 7198, 6910, 11374, 20146, 17407, 16162, 16276, 13292, 12027, 2020)
m	1995213	(750, 107)	[(-144, 504, 936), (-126, 540, 936), (-144, 522, 936), (-144, 522, 882), (-162, 504, 864), (-162, 522, 900), (-162, 540, 918), (-144, 522, 918), (-144, 522, 900), (-144, 522, 900), (-144, 522, 918), (-144, 522, 900), (-144, 522, 918), (-180, 522, 900), (-162, 522, 900), (-162, 522, 918), (-198, 504, 918), (-180, 522, 846), (-144, 558, 918), (-144, 540, 900), (-162, 540, 864), (-162, 540, 846), (-144, 522, 882), (-126, 540, 882), (-72, 540, 900)]	(9419, 10806, 10292, 10814, 13817, 10223, 4379, 12158, 4481, 7089, 5894, 8488, 4464, 6077, 7205, 6900, 11357, 20107, 16902, 16034, 16244, 13275, 12024, 2012)
e	1995582	(582, 357)	[(-144, 522, 918), (-180, 522, 900), (-162, 522, 900), (-162, 522, 918), (-198, 504, 918), (-180, 522, 846), (-144, 558, 918), (-144, 540, 900), (-162, 540, 864), (-162, 540, 846), (-144, 522, 882), (-126, 540, 882), (-72, 540, 900), (-198, 540, 864), (-126, 522, 846), (-126, 540, 864), (-144, 540, 900), (-126, 540, 882), (-162, 558, 918), (-216, 540, 846), (-216, 540, 972), (-198, 558, 936), (-252, 522, 810), (-234, 540, 648), (-72, 540, 756)]	(9447, 11129, 10667, 11500, 13652, 10136, 4340, 11291, 4371, 7016, 5799, 7385, 4378, 6076, 7192, 6911, 11365, 20133, 17441, 16124, 16250, 13284, 12030, 2006)
 	1995884	(817, 241)	[(-162, 540, 846), (-144, 522, 882), (-126, 540, 882), (-72, 540, 900), (-198, 540, 864), (-126, 522, 846), (-126, 540, 864), (-144, 540, 900), (-126, 540, 882), (-162, 558, 918), (-216, 540, 846), (-216, 540, 972), (-198, 558, 936), (-252, 522, 810), (-234, 540, 648), (-72, 540, 756), (-288, 468, 846), (-144, 522, 900), (-162, 504, 882), (-198, 504, 810), (-216, 504, 882), (-198, 504, 972), (-180, 558, 918), (-144, 522, 900), (-198, 522, 918)]	(9466, 11190, 10691, 11392, 14019, 10259, 4349, 11290, 4408, 7075, 5808, 7339, 4367, 6076, 7200, 6920, 11378, 20136, 17413, 16139, 16278, 13289, 12030, 2012)
s	1996187	(673, 365)	[(-162, 558, 918), (-216, 540, 846), (-216, 540, 972), (-198, 558, 936), (-252, 522, 810), (-234, 540, 648), (-72, 540, 756), (-288, 468, 846), (-144, 522, 900), (-162, 504, 882), (-198, 504, 810), (-216, 504, 882), (-198, 504, 972), (-180, 558, 918), (-144, 522, 900), (-198, 522, 918), (-144, 522, 936), (-198, 522, 954), (-180, 522, 954), (-180, 540, 918), (-180, 540, 864), (-198, 540, 900), (-180, 540, 900), (-162, 540, 882), (-198, 540, 792)]	(9478, 11324, 10865, 11656, 13930, 10252, 4360, 11627, 4434, 7053, 5818, 7388, 4425, 6073, 7184, 6941, 11388, 20150, 17520, 16159, 16281, 13298, 12032, 2015)
i	1996557	(578, 125)	[(-216, 504, 882), (-198, 504, 972), (-180, 558, 918), (-144, 522, 900), (-198, 522, 918), (-144, 522, 936), (-198, 522, 954), (-180, 522, 954), (-180, 540, 918), (-180, 540, 864), (-198, 540, 900), (-180, 540, 900), (-162, 540, 882), (-198, 540, 792), (-180, 522, 1044), (-198, 504, 936), (-180, 522, 918), (-162, 522, 882), (-180, 540, 846), (-144, 540, 846), (-144, 540, 918), (-180, 522, 990), (-198, 522, 972), (-180, 540, 900), (-144, 540, 846)]	(9455, 11038, 10637, 11510, 14011, 10264, 4434, 12593, 4562, 7100, 5951, 8062, 4479, 6081, 7206, 6936, 11368, 20129, 17121, 16104, 16240, 13286, 12034, 2002)
n	1996912	(761, 147)	[(-162, 540, 882), (-198, 540, 792), (-180, 522, 1044), (-198, 504, 936), (-180, 522, 918), (-162, 522, 882), (-180, 540, 846), (-144, 540, 846), (-144, 540, 918), (-180, 522, 990), (-198, 522, 972), (-180, 540, 900), (-144, 540, 846), (-180, 540, 828), (-216, 540, 936), (-180, 522, 864), (-162, 522, 918), (-144, 540, 882), (-180, 540, 846), (-216, 522, 864), (-180, 540, 972), (-162, 540, 954), (-162, 540, 900), (-162, 540, 846), (-126, 558, 900)]	(9443, 10988, 10565, 11378, 14004, 10215, 4385, 11655, 4442, 7102, 5875, 7619, 4438, 6082, 7203, 6912, 11357, 20118, 17157, 16114, 16234, 13280, 12028, 2020)
c	1997268	(761, 284)	[(-180, 540, 900), (-144, 540, 846), (-180, 540, 828), (-216, 540, 936), (-180, 522, 864), (-162, 522, 918), (-144, 540, 882), (-180, 540, 846), (-216, 522, 864), (-180, 540, 972), (-162, 540, 954), (-162, 540, 900), (-162, 540, 846), (-126, 558, 900), (-162, 540, 936), (-198, 504, 810), (-180, 540, 864), (-162, 522, 936), (-234, 522, 900), (-216, 540, 792), (-216, 540, 900), (-180, 522, 990), (-180, 540, 954), (-162, 558, 882), (-180, 522, 846)]	(9486, 11341, 10936, 11714, 14096, 10255, 4369, 10996, 4402, 7055, 5828, 7162, 4416, 6070, 7198, 6930, 11384, 20157, 17559, 16166, 16265, 13292, 2016, 56233)
e	1997586	(600, 366)	[(-162, 540, 954), (-162, 540, 900), (-162, 540, 846), (-126, 558, 900), (-162, 540, 936), (-198, 504, 810), (-180, 540, 864), (-162, 522, 936), (-234, 522, 900), (-216, 540, 792), (-216, 540, 900), (-180, 522, 990), (-180, 540, 954), (-162, 558, 882), (-180, 522, 846), (-162, 540, 864), (-216, 522, 900), (-216, 540, 918), (-180, 522, 990), (-162, 558, 972), (-162, 540, 900), (-216, 540, 792), (-198, 540, 900), (-234, 540, 846), (-216, 540, 846)]	(9452, 11189, 10788, 11661, 13508, 10114, 4367, 12101, 4411, 7039, 5817, 7652, 4438, 6072, 7194, 6928, 11380, 20140, 17458, 16150, 16215, 13285, 12026, 2015)
 	1997889	(817, 246)	[(-216, 540, 900), (-180, 522, 990), (-180, 540, 954), (-162, 558, 882), (-180, 522, 846), (-162, 540, 864), (-216, 522, 900), (-216, 540, 918), (-180, 522, 990), (-162, 558, 972), (-162, 540, 900), (-216, 540, 792), (-198, 540, 900), (-234, 540, 846), (-216, 540, 846), (-198, 522, 972), (-198, 522, 846), (-162, 522, 918), (-198, 540, 882), (-198, 522, 918), (-180, 540, 882), (-198, 504, 918), (-216, 522, 954), (-216, 522, 864), (-216, 504, 846)]	(9477, 11235, 10807, 11503, 14120, 10260, 4345, 10819, 4382, 7087, 5824, 7091, 4425, 6079, 7197, 6921, 11370, 20130, 17365, 16139, 16235, 13286, 12032, 2019)
i	1998292	(579, 126)	[(-234, 540, 846), (-216, 540, 846), (-198, 522, 972), (-198, 522, 846), (-162, 522, 918), (-198, 540, 882), (-198, 522, 918), (-180, 540, 882), (-198, 504, 918), (-216, 522, 954), (-216, 522, 864), (-216, 504, 846), (-198, 522, 900), (-162, 558, 864), (-108, 540, 846), (-144, 558, 882), (-180, 540, 882), (-180, 540, 900), (-180, 540, 882), (-126, 540, 792), (-198, 540, 972), (-234, 540, 918), (-180, 558, 882), (-162, 540, 846), (-144, 558, 810)]	(9431, 10870, 10465, 11278, 13833, 10123, 4391, 12107, 4500, 7095, 5902, 8036, 4472, 6083, 7198, 6917, 11359, 20110, 17073, 16094, 16205, 13289, 12025, 2004)
 	1998568	(835, 200)	[(-198, 504, 918), (-216, 522, 954), (-216, 522, 864), (-216, 504, 846), (-198, 522, 900), (-162, 558, 864), (-108, 540, 846), (-144, 558, 882), (-180, 540, 882), (-180, 540, 900), (-180, 540, 882), (-126, 540, 792), (-198, 540, 972), (-234, 540, 918), (-180, 558, 882), (-162, 540, 846), (-144, 558, 810), (-90, 540, 882), (-270, 486, 954), (-144, 522, 900), (-180, 522, 936), (-180, 504, 936), (-216, 540, 954), (-180, 540, 882), (-162, 522, 864)]	(9421, 10937, 10510, 11183, 13861, 10121, 4370, 12046, 4476, 7075, 5878, 7845, 4458, 6074, 7198, 6922, 11368, 20121, 17162, 16102, 16215, 13287, 12033, 1995)
m	1998870	(738, 100)	[(-180, 540, 882), (-126, 540, 792), (-198, 540, 972), (-234, 540, 918), (-180, 558, 882), (-162, 540, 846), (-144, 558, 810), (-90, 540, 882), (-270, 486, 954), (-144, 522, 900), (-180, 522, 936), (-180, 504, 936), (-216, 540, 954), (-180, 540, 882), (-162, 522, 864), (-162, 522, 918), (-198, 540, 864), (-180, 540, 846), (-198, 522, 954), (-198, 522, 990), (-162, 522, 846), (-198, 504, 882), (-144, 522, 900), (-126, 540, 864), (-126, 522, 828)]	(9424, 10821, 10395, 11095, 13884, 10151, 4467, 12872, 4684, 7121, 5994, 8799, 4466, 6087, 7212, 6890, 11355, 20107, 17063, 16071, 16152, 13271, 12026, 2009)
a	1999272	(656, 448)	[(-180, 540, 882), (-162, 522, 864), (-162, 522, 918), (-198, 540, 864), (-180, 540, 846), (-198, 522, 954), (-198, 522, 990), (-162, 522, 846), (-198, 504, 882), (-144, 522, 900), (-126, 540, 864), (-126, 522, 828), (-198, 486, 1026), (-270, 576, 774), (-144, 522, 972), (-72, 558, 936), (-90, 576, 918), (-144, 576, 792), (-180, 558, 792), (-180, 576, 828), (-108, 558, 900), (-108, 558, 900), (-216, 522, 846), (-216, 540, 702), (-126, 522, 864)]	(9464, 11196, 10828, 11518, 13389, 10014, 4310, 11679, 4406, 7007, 5767, 7466, 4379, 6065, 7195, 6890, 11390, 20148, 17616, 16330, 16199, 13284, 12027, 2010)
y	1999594	(596, 205)	[(-126, 540, 864), (-126, 522, 828), (-198, 486, 1026), (-270, 576, 774), (-144, 522, 972), (-72, 558, 936), (-90, 576, 918), (-144, 576, 792), (-180, 558, 792), (-180, 576, 828), (-108, 558, 900), (-108, 558, 900), (-216, 522, 846), (-216, 540, 702), (-126, 522, 864), (-198, 540, 1134), (-180, 522, 990), (-180, 522, 936), (-216, 522, 828), (-198, 576, 756), (-216, 522, 720), (-198, 468, 936), (-126, 540, 990), (-144, 576, 882), (-198, 558, 792)]	(9458, 11031, 10679, 11503, 13856, 10126, 4426, 12916, 4599, 7072, 5945, 8505, 4457, 6081, 7203, 6897, 11371, 20129, 17404, 16261, 16185, 13289, 12019, 2010)
 	1999948	(849, 217)	[(-108, 558, 900), (-216, 522, 846), (-216, 540, 702), (-126, 522, 864), (-198, 540, 1134), (-180, 522, 990), (-180, 522, 936), (-216, 522, 828), (-198, 576, 756), (-216, 522, 720), (-198, 468, 936), (-126, 540, 990), (-144, 576, 882), (-198, 558, 792), (-162, 522, 1062), (-216, 486, 846), (-162, 504, 990), (-162, 522, 972), (-162, 522, 828), (-162, 540, 810), (-198, 504, 954), (-144, 504, 990), (-180, 540, 954), (-198, 540, 774), (-162, 522, 864)]	(9444, 10992, 10592, 11258, 13832, 10057, 4327, 11618, 4448, 7056, 5831, 7633, 4428, 6075, 7203, 6889, 11372, 20132, 17411, 16220, 16150, 13280, 12023, 2018)
n	2000203	(741, 155)	[(-180, 522, 936), (-216, 522, 828), (-198, 576, 756), (-216, 522, 720), (-198, 468, 936), (-126, 540, 990), (-144, 576, 882), (-198, 558, 792), (-162, 522, 1062), (-216, 486, 846), (-162, 504, 990), (-162, 522, 972), (-162, 522, 828), (-162, 540, 810), (-198, 504, 954), (-144, 504, 990), (-180, 540, 954), (-198, 540, 774), (-162, 522, 864), (-180, 522, 954), (-108, 540, 882), (-144, 504, 918), (-162, 522, 882), (-198, 504, 846), (-198, 522, 864)]	(9447, 10972, 10635, 11385, 13900, 10108, 4389, 12502, 4567, 7077, 5899, 8185, 4435, 6072, 7204, 6886, 11376, 20137, 17333, 16215, 16152, 13277, 12026, 2013)
o	2000559	(580, 87)	[(-162, 522, 828), (-162, 540, 810), (-198, 504, 954), (-144, 504, 990), (-180, 540, 954), (-198, 540, 774), (-162, 522, 864), (-180, 522, 954), (-108, 540, 882), (-144, 504, 918), (-162, 522, 882), (-198, 504, 846), (-198, 522, 864), (-198, 522, 846), (-162, 540, 846), (-162, 522, 954), (-180, 522, 882), (-198, 540, 864), (-216, 522, 828), (-180, 540, 828), (-162, 522, 954), (-162, 522, 990), (-216, 540, 918), (-180, 558, 828), (-144, 540, 810)]	(9440, 10887, 10543, 11399, 13759, 10052, 4364, 12236, 4550, 7079, 5888, 8236, 4443, 6067, 7205, 6881, 11371, 20123, 17217, 16232, 16159, 13282, 12015, 1986)
t	2000980	(576, 267)	[(-162, 522, 954), (-180, 522, 882), (-198, 540, 864), (-216, 522, 828), (-180, 540, 828), (-162, 522, 954), (-162, 522, 990), (-216, 540, 918), (-180, 558, 828), (-144, 540, 810), (-144, 540, 864), (-162, 540, 936), (-162, 540, 900), (-162, 540, 864), (-162, 540, 846), (-162, 540, 864), (-162, 540, 864), (-180, 558, 864), (-198, 540, 900), (-180, 540, 864), (-162, 540, 864), (-126, 540, 936), (-180, 540, 972), (-216, 540, 882), (-180, 540, 810)]	(9414, 10909, 10562, 11455, 13290, 9945, 4322, 12254, 4487, 7017, 5812, 8145, 4455, 6078, 7199, 6892, 11370, 20131, 17325, 16261, 16163, 13278, 12026, 2014)
 	2002072	(820, 238)	[(-144, 522, 882), (-126, 522, 882), (-162, 522, 900), (-162, 522, 936), (-144, 522, 918), (-144, 522, 936), (-126, 522, 918), (-126, 522, 918), (-162, 522, 882), (-144, 522, 864), (-144, 522, 882), (-162, 504, 954), (-144, 522, 918), (-144, 522, 918), (-144, 522, 882), (-144, 522, 900), (-144, 540, 918), (-144, 540, 918), (-144, 522, 972), (-162, 540, 972), (-162, 558, 756), (-126, 522, 864), (-108, 540, 972), (-144, 540, 954), (-180, 540, 882)]	(9480, 11031, 10666, 11195, 13962, 10186, 4353, 11365, 4469, 7073, 5820, 7731, 4416, 6065, 7194, 6877, 11362, 20107, 17209, 16127, 16162, 13274, 12025, 2016)
m	2002475	(734, 92)	[(-144, 522, 918), (-144, 522, 882), (-144, 522, 900), (-144, 540, 918), (-144, 540, 918), (-144, 522, 972), (-162, 540, 972), (-162, 558, 756), (-126, 522, 864), (-108, 540, 972), (-144, 540, 954), (-180, 540, 882), (-144, 540, 936), (-144, 522, 882), (-108, 540, 846), (-108, 540, 864), (-126, 540, 900), (-144, 522, 918), (-162, 522, 882), (-144, 540, 900), (-144, 540, 900), (-126, 558, 936), (-108, 540, 918), (-72, 540, 864), (-72, 558, 810)]	(9420, 10739, 10288, 10766, 13885, 10079, 4397, 12061, 4602, 7093, 5993, 8875, 4436, 6079, 7207, 6868, 11355, 20103, 17141, 15974, 16135, 13268, 12018, 2014)
a	2002837	(664, 435)	[(-144, 540, 936), (-144, 522, 882), (-108, 540, 846), (-108, 540, 864), (-126, 540, 900), (-144, 522, 918), (-162, 522, 882), (-144, 540, 900), (-144, 540, 900), (-126, 558, 936), (-108, 540, 918), (-72, 540, 864), (-72, 558, 810), (-108, 540, 918), (-180, 522, 990), (-180, 540, 792), (-162, 540, 720), (-90, 558, 810), (-144, 540, 936), (-162, 558, 882), (-180, 540, 882), (-180, 540, 918), (-162, 558, 900), (-198, 540, 756), (-180, 540, 666)]	(9482, 11323, 10850, 11540, 13730, 10124, 4371, 12412, 4548, 7043, 5834, 8074, 4417, 6079, 7203, 6947, 11417, 20196, 18125, 16213, 16334, 13300, 12031, 2010)
k	2003260	(671, 97)	[(-180, 522, 990), (-180, 540, 792), (-162, 540, 720), (-90, 558, 810), (-144, 540, 936), (-162, 558, 882), (-180, 540, 882), (-180, 540, 918), (-162, 558, 900), (-198, 540, 756), (-180, 540, 666), (-162, 540, 990), (-144, 522, 900), (-126, 522, 936), (-126, 522, 882), (-108, 540, 828), (-162, 540, 846), (-144, 558, 918), (-126, 558, 900), (-162, 558, 900), (-198, 540, 900), (-198, 558, 900), (-126, 576, 900), (-90, 558, 846), (-90, 558, 792)]	(9433, 10858, 10452, 11167, 13951, 10173, 4495, 13068, 4765, 7138, 6027, 8915, 4466, 6087, 7209, 6908, 11380, 20137, 17402, 16070, 16183, 13282, 12024, 2018)
e	2003615	(580, 360)	[(-144, 522, 900), (-126, 522, 936), (-126, 522, 882), (-108, 540, 828), (-162, 540, 846), (-144, 558, 918), (-126, 558, 900), (-162, 558, 900), (-198, 540, 900), (-198, 558, 900), (-126, 576, 900), (-90, 558, 846), (-90, 558, 792), (-126, 558, 828), (-126, 540, 936), (-198, 558, 756), (-162, 558, 720), (-90, 540, 864), (-126, 558, 972), (-162, 558, 954), (-180, 576, 864), (-198, 558, 882), (-162, 558, 936), (-126, 558, 900), (-216, 558, 792)]	(9452, 11082, 10678, 11561, 13668, 10080, 4397, 12865, 4574, 7061, 5888, 8442, 4437, 6072, 7201, 6930, 11392, 20163, 17736, 16203, 16226, 13290, 12025, 2013)
 	2003987	(825, 235)	[(-90, 558, 792), (-126, 558, 828), (-126, 540, 936), (-198, 558, 756), (-162, 558, 720), (-90, 540, 864), (-126, 558, 972), (-162, 558, 954), (-180, 576, 864), (-198, 558, 882), (-162, 558, 936), (-126, 558, 900), (-216, 558, 792), (-126, 540, 864), (-216, 540, 828), (-108, 540, 846), (-108, 540, 882), (-180, 576, 828), (-162, 540, 864), (-180, 540, 918), (-162, 540, 972), (-198, 540, 936), (-180, 558, 828), (-162, 522, 774), (-108, 540, 864)]	(9476, 11154, 10777, 11416, 14135, 10174, 4373, 11485, 4496, 7080, 5872, 7595, 4390, 6076, 7204, 6907, 11385, 20150, 17718, 16227, 16234, 13285, 12029, 2013)
i	2004340	(583, 125)	[(-126, 558, 900), (-216, 558, 792), (-126, 540, 864), (-216, 540, 828), (-108, 540, 846), (-108, 540, 882), (-180, 576, 828), (-162, 540, 864), (-180, 540, 918), (-162, 540, 972), (-198, 540, 936), (-180, 558, 828), (-162, 522, 774), (-108, 540, 864), (-198, 540, 972), (-162, 540, 882), (-162, 540, 900), (-162, 540, 792), (-180, 558, 756), (-162, 522, 936), (-126, 576, 990), (-108, 576, 882), (-126, 558, 828), (-144, 558, 882), (-144, 558, 954)]	(9447, 10909, 10523, 11373, 13828, 10056, 4389, 12296, 4530, 7084, 5917, 8325, 4448, 6084, 7203, 6906, 11377, 20134, 17391, 16163, 16202, 13275, 12024, 2015)
t	2004645	(581, 262)	[(-162, 540, 972), (-198, 540, 936), (-180, 558, 828), (-162, 522, 774), (-108, 540, 864), (-198, 540, 972), (-162, 540, 882), (-162, 540, 900), (-162, 540, 792), (-180, 558, 756), (-162, 522, 936), (-126, 576, 990), (-108, 576, 882), (-126, 558, 828), (-144, 558, 882), (-144, 558, 954), (-180, 540, 900), (-162, 558, 846), (-162, 558, 792), (-162, 522, 756), (-90, 540, 954), (-126, 558, 1116), (-180, 576, 990), (-180, 576, 846), (-180, 558, 828)]	(9438, 10970, 10607, 11506, 13834, 10057, 4402, 12363, 4523, 7065, 5915, 8276, 4448, 6077, 7198, 6905, 11377, 20136, 17487, 16227, 16213, 13285, 12026, 1998)
 	2005015	(828, 241)	[(-108, 576, 882), (-126, 558, 828), (-144, 558, 882), (-144, 558, 954), (-180, 540, 900), (-162, 558, 846), (-162, 558, 792), (-162, 522, 756), (-90, 540, 954), (-126, 558, 1116), (-180, 576, 990), (-180, 576, 846), (-180, 558, 828), (-108, 522, 1026), (-234, 522, 864), (-144, 540, 882), (-126, 522, 828), (-144, 540, 864), (-180, 504, 900), (-198, 504, 900), (-162, 522, 918), (-162, 540, 954), (-144, 576, 900), (-108, 522, 900), (-198, 522, 1008)]	(9498, 11249, 10931, 11589, 14256, 10193, 4367, 10903, 4489, 7108, 5848, 7320, 4393, 6075, 7202, 6901, 11386, 20160, 17718, 16305, 16265, 13286, 12033, 1978)
t	2005271	(588, 277)	[(-162, 558, 792), (-162, 522, 756), (-90, 540, 954), (-126, 558, 1116), (-180, 576, 990), (-180, 576, 846), (-180, 558, 828), (-108, 522, 1026), (-234, 522, 864), (-144, 540, 882), (-126, 522, 828), (-144, 540, 864), (-180, 504, 900), (-198, 504, 900), (-162, 522, 918), (-162, 540, 954), (-144, 576, 900), (-108, 522, 900), (-198, 522, 1008), (-162, 558, 846), (-144, 558, 846), (-162, 540, 900), (-162, 540, 954), (-144, 540, 954), (-162, 540, 864)]	(9455, 11087, 10758, 11637, 13864, 10082, 4405, 12622, 4573, 7095, 5899, 8263, 4447, 6084, 7202, 6925, 11389, 20156, 17571, 16249, 16251, 13294, 12018, 2019)
o	2005627	(577, 84)	[(-180, 504, 900), (-198, 504, 900), (-162, 522, 918), (-162, 540, 954), (-144, 576, 900), (-108, 522, 900), (-198, 522, 1008), (-162, 558, 846), (-144, 558, 846), (-162, 540, 900), (-162, 540, 954), (-144, 540, 954), (-162, 540, 864), (-180, 540, 810), (-72, 558, 936), (-180, 522, 900), (-180, 522, 864), (-162, 540, 882), (-144, 540, 846), (-162, 540, 918), (-180, 540, 918), (-108, 558, 918), (-198, 540, 954), (-162, 540, 864), (-144, 558, 810)]	(9433, 10916, 10579, 11500, 13965, 10153, 4487, 13050, 4726, 7102, 6035, 8606, 4480, 6093, 7209, 6922, 11381, 20145, 17415, 16207, 16226, 13288, 12028, 2005)
 	2006050	(814, 229)	[(-180, 522, 900), (-180, 522, 864), (-162, 540, 882), (-144, 540, 846), (-162, 540, 918), (-180, 540, 918), (-108, 558, 918), (-198, 540, 954), (-162, 540, 864), (-144, 558, 810), (-126, 558, 810), (-126, 558, 900), (-216, 504, 936), (-198, 522, 864), (-126, 522, 810), (-144, 540, 864), (-126, 558, 918), (-126, 522, 900), (-126, 540, 900), (-162, 522, 918), (-144, 540, 918), (-180, 522, 900), (-234, 540, 900), (-234, 504, 828), (-144, 540, 900)]	(9465, 11071, 10743, 11470, 14085, 10145, 4375, 11927, 4547, 7097, 5881, 7860, 4423, 6076, 7204, 6902, 11382, 20150, 17648, 16236, 16230, 13285, 12031, 2017)
m	2006774	(738, 99)	[(-144, 540, 900), (-126, 540, 918), (-144, 540, 900), (-162, 522, 882), (-162, 540, 900), (-126, 540, 900), (-126, 540, 882), (-162, 540, 918), (-162, 522, 918), (-162, 522, 918), (-144, 540, 882), (-144, 522, 918), (-162, 540, 900), (-144, 540, 882), (-126, 540, 846), (-144, 522, 900), (-162, 522, 918), (-144, 522, 918), (-144, 558, 900), (-162, 540, 918), (-162, 558, 900), (-180, 540, 864), (-144, 540, 900), (-126, 540, 828), (-108, 522, 900)]	(9396, 10720, 10245, 10776, 13743, 10010, 4427, 12449, 4602, 7070, 5965, 8911, 4475, 6084, 7205, 6885, 11341, 20090, 16861, 15969, 16118, 13261, 12025, 2011)
y	2007129	(582, 218)	[(-144, 522, 918), (-162, 540, 900), (-144, 540, 882), (-126, 540, 846), (-144, 522, 900), (-162, 522, 918), (-144, 522, 918), (-144, 558, 900), (-162, 540, 918), (-162, 558, 900), (-180, 540, 864), (-144, 540, 900), (-126, 540, 828), (-108, 522, 900), (-198, 522, 882), (-162, 540, 918), (-198, 522, 936), (-180, 540, 918), (-162, 558, 882), (-108, 576, 774), (-144, 558, 918), (-180, 558, 954), (-162, 558, 864), (-162, 558, 792), (-144, 540, 864)]	(9395, 10795, 10371, 11145, 13654, 9991, 4419, 12658, 4607, 7076, 5969, 8801, 4471, 6077, 7205, 6890, 11352, 20100, 17024, 16019, 16175, 13272, 12024, 1998)
 	2007434	(847, 221)	[(-162, 540, 918), (-162, 558, 900), (-180, 540, 864), (-144, 540, 900), (-126, 540, 828), (-108, 522, 900), (-198, 522, 882), (-162, 540, 918), (-198, 522, 936), (-180, 540, 918), (-162, 558, 882), (-108, 576, 774), (-144, 558, 918), (-180, 558, 954), (-162, 558, 864), (-162, 558, 792), (-144, 540, 864), (-162, 540, 918), (-162, 504, 900), (-198, 558, 882), (-144, 522, 828), (-144, 522, 936), (-144, 540, 954), (-162, 540, 936), (-198, 540, 900)]	(9439, 10997, 10619, 11342, 13930, 10092, 4404, 12577, 4575, 7098, 5905, 8439, 4450, 6083, 7203, 6905, 11378, 20136, 17362, 16111, 16226, 13286, 12024, 2013)
d	2007807	(663, 322)	[(-180, 558, 954), (-162, 558, 864), (-162, 558, 792), (-144, 540, 864), (-162, 540, 918), (-162, 504, 900), (-198, 558, 882), (-144, 522, 828), (-144, 522, 936), (-144, 540, 954), (-162, 540, 936), (-198, 540, 900), (-126, 540, 864), (-162, 522, 864), (-162, 522, 918), (-162, 540, 900), (-180, 540, 918), (-144, 540, 882), (-126, 558, 864), (-162, 540, 936), (-234, 540, 882), (-216, 540, 846), (-198, 522, 882), (-162, 540, 900), (-180, 558, 846)]	(9439, 11047, 10685, 11506, 13548, 10023, 4380, 12768, 4565, 7051, 5895, 8360, 4448, 6080, 7208, 6923, 11375, 20136, 17444, 16153, 16198, 13281, 12027, 2005)
e	2008111	(562, 353)	[(-144, 522, 936), (-144, 540, 954), (-162, 540, 936), (-198, 540, 900), (-126, 540, 864), (-162, 522, 864), (-162, 522, 918), (-162, 540, 900), (-180, 540, 918), (-144, 540, 882), (-126, 558, 864), (-162, 540, 936), (-234, 540, 882), (-216, 540, 846), (-198, 522, 882), (-162, 540, 900), (-180, 558, 846), (-180, 558, 846), (-180, 558, 918), (-162, 558, 828), (-180, 576, 846), (-162, 576, 936), (-162, 576, 882), (-180, 576, 846), (-252, 558, 828)]	(9435, 11014, 10685, 11623, 13320, 10008, 4383, 13018, 4560, 7034, 5901, 8571, 4455, 6079, 7204, 6907, 11380, 20134, 17439, 16203, 16127, 13278, 12024, 2019)
s	2008368	(666, 389)	[(-162, 540, 900), (-180, 540, 918), (-144, 540, 882), (-126, 558, 864), (-162, 540, 936), (-234, 540, 882), (-216, 540, 846), (-198, 522, 882), (-162, 540, 900), (-180, 558, 846), (-180, 558, 846), (-180, 558, 918), (-162, 558, 828), (-180, 576, 846), (-162, 576, 936), (-162, 576, 882), (-180, 576, 846), (-252, 558, 828), (-198, 540, 918), (-162, 540, 774), (-162, 540, 882), (-180, 540, 900), (-216, 540, 918), (-198, 540, 918), (-252, 522, 882)]	(9475, 11231, 10964, 11697, 13945, 10108, 4368, 11861, 4470, 7066, 5828, 7667, 4424, 6080, 7203, 6917, 11390, 20156, 17667, 16300, 16196, 13290, 12014, 2022)
k	2008776	(658, 120)	[(-162, 576, 936), (-162, 576, 882), (-180, 576, 846), (-252, 558, 828), (-198, 540, 918), (-162, 540, 774), (-162, 540, 882), (-180, 540, 900), (-216, 540, 918), (-198, 540, 918), (-252, 522, 882), (-180, 540, 648), (-108, 540, 1062), (-162, 522, 846), (-108, 504, 936), (-144, 522, 936), (-144, 522, 864), (-216, 540, 828), (-144, 540, 810), (-162, 540, 990), (-198, 522, 954), (-198, 558, 864), (-162, 540, 828), (-126, 558, 846), (-144, 540, 864)]	(9411, 10825, 10415, 11217, 13758, 10024, 4386, 12261, 4521, 7079, 5926, 8432, 4448, 6080, 7203, 6885, 11361, 20109, 17245, 16114, 16094, 13269, 12027, 2012)
 	2009099	(853, 215)	[(-252, 522, 882), (-180, 540, 648), (-108, 540, 1062), (-162, 522, 846), (-108, 504, 936), (-144, 522, 936), (-144, 522, 864), (-216, 540, 828), (-144, 540, 810), (-162, 540, 990), (-198, 522, 954), (-198, 558, 864), (-162, 540, 828), (-126, 558, 846), (-144, 540, 864), (-162, 522, 936), (-216, 540, 900), (-180, 522, 918), (-162, 558, 846), (-144, 558, 918), (-162, 540, 918), (-180, 540, 954), (-198, 540, 972), (-198, 576, 864), (-162, 540, 756)]	(9435, 10963, 10586, 11300, 13843, 10057, 4369, 11978, 4493, 7075, 5873, 8017, 4433, 6082, 7198, 6894, 11363, 20128, 17432, 16173, 16135, 13276, 12025, 2023)
b	2009453	(746, 221)	[(-162, 540, 828), (-126, 558, 846), (-144, 540, 864), (-162, 522, 936), (-216, 540, 900), (-180, 522, 918), (-162, 558, 846), (-144, 558, 918), (-162, 540, 918), (-180, 540, 954), (-198, 540, 972), (-198, 576, 864), (-162, 540, 756), (-144, 540, 882), (-180, 558, 918), (-180, 540, 864), (-180, 540, 882), (-180, 540, 864), (-216, 522, 864), (-180, 540, 846), (-198, 540, 954), (-180, 540, 936), (-126, 558, 846), (-144, 558, 864), (-144, 576, 846)]	(9433, 10963, 10591, 11409, 13849, 10058, 4398, 12300, 4539, 7082, 5904, 8248, 4453, 6088, 7208, 6901, 11376, 20126, 17395, 16198, 16137, 13271, 12037, 2019)
e	2009877	(579, 365)	[(-180, 558, 918), (-180, 540, 864), (-180, 540, 882), (-180, 540, 864), (-216, 522, 864), (-180, 540, 846), (-198, 540, 954), (-180, 540, 936), (-126, 558, 846), (-144, 558, 864), (-144, 576, 846), (-198, 540, 918), (-162, 540, 918), (-162, 540, 846), (-162, 558, 846), (-144, 558, 828), (-180, 558, 936), (-144, 558, 882), (-162, 540, 882), (-198, 522, 990), (-198, 540, 972), (-162, 558, 900), (-216, 540, 900), (-234, 558, 828), (-180, 540, 864)]	(9426, 11021, 10645, 11523, 13333, 9964, 4358, 12531, 4501, 7025, 5861, 8286, 4440, 6073, 7196, 6916, 11375, 20134, 17533, 16231, 16137, 13267, 12021, 2005)
f	2010182	(674, 291)	[(-144, 576, 846), (-198, 540, 918), (-162, 540, 918), (-162, 540, 846), (-162, 558, 846), (-144, 558, 828), (-180, 558, 936), (-144, 558, 882), (-162, 540, 882), (-198, 522, 990), (-198, 540, 972), (-162, 558, 900), (-216, 540, 900), (-234, 558, 828), (-180, 540, 864), (-90, 558, 954), (-144, 594, 846), (-198, 540, 1026), (-234, 558, 918), (-234, 540, 864), (-180, 558, 918), (-144, 594, 900), (-162, 576, 846), (-180, 576, 774), (-180, 540, 828)]	(9454, 11056, 10734, 11623, 13745, 10070, 4374, 12649, 4550, 7060, 5887, 8268, 4430, 6081, 7198, 6913, 11392, 20148, 17560, 16255, 16151, 13285, 12015, 2010)
o	2010639	(588, 83)	[(-144, 594, 846), (-198, 540, 1026), (-234, 558, 918), (-234, 540, 864), (-180, 558, 918), (-144, 594, 900), (-162, 576, 846), (-180, 576, 774), (-180, 540, 828), (-162, 540, 918), (-180, 558, 846), (-180, 558, 810), (-144, 558, 882), (-144, 540, 864), (-162, 558, 864), (-198, 558, 864), (-198, 558, 882), (-180, 558, 936), (-180, 558, 900), (-180, 558, 846), (-198, 558, 846), (-198, 540, 882), (-144, 576, 918), (-108, 594, 864), (-162, 576, 828)]	(9432, 10875, 10540, 11486, 13908, 10103, 4509, 13140, 4737, 7138, 6047, 8777, 4491, 6087, 7218, 6919, 11374, 20123, 17233, 16174, 16132, 13277, 12029, 2021)
r	2011063	(586, 312)	[(-162, 558, 864), (-198, 558, 864), (-198, 558, 882), (-180, 558, 936), (-180, 558, 900), (-180, 558, 846), (-198, 558, 846), (-198, 540, 882), (-144, 576, 918), (-108, 594, 864), (-162, 576, 828), (-198, 540, 918), (-162, 576, 864), (-144, 576, 864), (-144, 558, 846), (-162, 576, 900), (-198, 540, 954), (-180, 558, 864), (-180, 558, 846), (-162, 558, 864), (-162, 558, 918), (-180, 558, 846), (-162, 576, 900), (-198, 576, 918), (-180, 576, 900)]	(9439, 10992, 10680, 11617, 13702, 10040, 4410, 13023, 4590, 7077, 5948, 8584, 4484, 6080, 7208, 6920, 11385, 20149, 17534, 16247, 16154, 13283, 12029, 2014)
e	2011321	(580, 361)	[(-198, 540, 882), (-144, 576, 918), (-108, 594, 864), (-162, 576, 828), (-198, 540, 918), (-162, 576, 864), (-144, 576, 864), (-144, 558, 846), (-162, 576, 900), (-198, 540, 954), (-180, 558, 864), (-180, 558, 846), (-162, 558, 864), (-162, 558, 918), (-180, 558, 846), (-162, 576, 900), (-198, 576, 918), (-180, 576, 900), (-180, 594, 864), (-162, 558, 828), (-162, 576, 954), (-144, 576, 918), (-180, 576, 900), (-180, 576, 756), (-198, 540, 774)]	(9429, 11009, 10702, 11590, 13580, 9980, 4378, 12809, 4535, 7049, 5895, 8443, 4463, 6081, 7211, 6924, 11392, 20144, 17595, 16237, 16149, 13280, 12013, 2014)
 	2012252	(808, 229)	[(-162, 522, 900), (-162, 540, 900), (-144, 558, 900), (-162, 540, 900), (-144, 522, 900), (-144, 540, 882), (-126, 540, 918), (-144, 558, 900), (-162, 522, 882), (-162, 522, 918), (-162, 522, 918), (-144, 522, 900), (-144, 540, 918), (-162, 522, 900), (-144, 522, 900), (-126, 540, 900), (-144, 522, 936), (-180, 540, 882), (-198, 522, 810), (-162, 522, 918), (-126, 540, 954), (-144, 540, 936), (-180, 522, 882), (-198, 558, 810), (-162, 540, 810)]	(9447, 10926, 10537, 11090, 13942, 10122, 4387, 12498, 4538, 7097, 5911, 8425, 4449, 6078, 7198, 6890, 11357, 20109, 17135, 16091, 16143, 13270, 12022, 2015)
i	2012577	(581, 111)	[(-162, 522, 918), (-162, 522, 918), (-144, 522, 900), (-144, 540, 918), (-162, 522, 900), (-144, 522, 900), (-126, 540, 900), (-144, 522, 936), (-180, 540, 882), (-198, 522, 810), (-162, 522, 918), (-126, 540, 954), (-144, 540, 936), (-180, 522, 882), (-198, 558, 810), (-162, 540, 810), (-180, 522, 936), (-180, 540, 882), (-144, 540, 810), (-144, 540, 864), (-180, 558, 864), (-162, 522, 900), (-126, 540, 954), (-126, 558, 936), (-108, 558, 864)]	(9441, 10892, 10541, 11343, 14055, 10165, 4448, 12854, 4655, 7136, 5984, 8671, 4495, 6089, 7200, 6906, 11364, 20118, 17120, 16148, 16170, 13276, 12016, 1998)
 	2012891	(840, 215)	[(-162, 522, 918), (-126, 540, 954), (-144, 540, 936), (-180, 522, 882), (-198, 558, 810), (-162, 540, 810), (-180, 522, 936), (-180, 540, 882), (-144, 540, 810), (-144, 540, 864), (-180, 558, 864), (-162, 522, 900), (-126, 540, 954), (-126, 558, 936), (-108, 558, 864), (-162, 540, 882), (-270, 504, 918), (-108, 540, 864), (-108, 558, 900), (-108, 522, 846), (-144, 540, 954), (-162, 522, 918), (-162, 522, 954), (-144, 558, 918), (-144, 522, 864)]	(9468, 11050, 10732, 11465, 14184, 10185, 4373, 11679, 4524, 7103, 5861, 7686, 4389, 6068, 7199, 6887, 11385, 20150, 17471, 16273, 16197, 13270, 12023, 2012)
c	2013247	(755, 282)	[(-126, 540, 954), (-126, 558, 936), (-108, 558, 864), (-162, 540, 882), (-270, 504, 918), (-108, 540, 864), (-108, 558, 900), (-108, 522, 846), (-144, 540, 954), (-162, 522, 918), (-162, 522, 954), (-144, 558, 918), (-144, 522, 864), (-144, 540, 900), (-180, 540, 864), (-162, 540, 936), (-216, 522, 882), (-162, 522, 900), (-180, 540, 828), (-162, 522, 846), (-144, 522, 936), (-162, 522, 936), (-216, 504, 918), (-198, 522, 828), (-180, 522, 828)]	(9479, 11192, 10939, 11729, 13690, 10065, 4301, 11035, 4444, 7023, 5757, 7265, 4413, 6070, 7199, 6888, 11384, 20150, 17637, 16369, 16214, 13282, 12023, 2012)
o	2013620	(575, 71)	[(-144, 558, 918), (-144, 522, 864), (-144, 540, 900), (-180, 540, 864), (-162, 540, 936), (-216, 522, 882), (-162, 522, 900), (-180, 540, 828), (-162, 522, 846), (-144, 522, 936), (-162, 522, 936), (-216, 504, 918), (-198, 522, 828), (-180, 522, 828), (-126, 504, 936), (-162, 522, 882), (-162, 522, 846), (-162, 522, 828), (-162, 522, 882), (-180, 522, 882), (-126, 540, 918), (-144, 540, 1008), (-90, 558, 918), (-108, 540, 864), (-108, 540, 864)]	(9430, 10838, 10460, 11378, 13773, 10064, 4433, 12838, 4654, 7086, 5947, 8745, 4482, 6080, 7205, 6886, 11355, 20116, 17131, 16161, 16122, 13270, 12031, 2021)
m	2013927	(736, 92)	[(-162, 522, 936), (-216, 504, 918), (-198, 522, 828), (-180, 522, 828), (-126, 504, 936), (-162, 522, 882), (-162, 522, 846), (-162, 522, 828), (-162, 522, 882), (-180, 522, 882), (-126, 540, 918), (-144, 540, 1008), (-90, 558, 918), (-108, 540, 864), (-108, 540, 864), (-108, 540, 918), (-270, 504, 918), (-144, 522, 918), (-144, 522, 900), (-126, 540, 864), (-126, 540, 882), (-162, 522, 972), (-162, 504, 918), (-162, 522, 882), (-144, 504, 900)]	(9419, 10828, 10434, 11286, 13760, 10048, 4397, 12599, 4585, 7066, 5898, 8575, 4474, 6066, 7203, 6878, 11360, 20112, 17087, 16155, 16102, 13273, 12027, 2024)
e	2014333	(595, 369)	[(-108, 540, 864), (-108, 540, 864), (-108, 540, 918), (-270, 504, 918), (-144, 522, 918), (-144, 522, 900), (-126, 540, 864), (-126, 540, 882), (-162, 522, 972), (-162, 504, 918), (-162, 522, 882), (-144, 504, 900), (-180, 504, 954), (-180, 504, 954), (-144, 522, 882), (-126, 522, 828), (-144, 522, 846), (-126, 522, 810), (-144, 504, 918), (-108, 486, 1008), (-162, 522, 936), (-198, 522, 954), (-180, 504, 918), (-180, 504, 954), (-198, 504, 954)]	(9441, 11137, 10831, 11691, 13380, 10013, 4359, 12745, 4524, 7037, 5853, 8285, 4440, 6080, 7201, 6923, 11387, 20144, 17568, 16268, 16195, 13284, 12025, 2012)
 	2014708	(853, 224)	[(-180, 504, 954), (-144, 522, 882), (-126, 522, 828), (-144, 522, 846), (-126, 522, 810), (-144, 504, 918), (-108, 486, 1008), (-162, 522, 936), (-198, 522, 954), (-180, 504, 918), (-180, 504, 954), (-198, 504, 954), (-288, 504, 756), (-90, 504, 1026), (-234, 504, 864), (-198, 486, 846), (-126, 504, 864), (-126, 504, 918), (-198, 540, 774), (-180, 504, 936), (-198, 504, 1008), (-180, 504, 972), (-162, 522, 936), (-162, 540, 882), (-180, 504, 756)]	(9433, 11026, 10663, 11394, 13658, 10024, 4319, 11753, 4461, 7012, 5818, 7699, 4420, 6075, 7193, 6887, 11364, 20133, 17460, 16277, 16185, 13277, 12030, 2009)
o	2015115	(584, 79)	[(-90, 504, 1026), (-234, 504, 864), (-198, 486, 846), (-126, 504, 864), (-126, 504, 918), (-198, 540, 774), (-180, 504, 936), (-198, 504, 1008), (-180, 504, 972), (-162, 522, 936), (-162, 540, 882), (-180, 504, 756), (-144, 522, 918), (-162, 522, 864), (-162, 522, 864), (-144, 522, 900), (-144, 504, 918), (-126, 522, 900), (-162, 522, 846), (-198, 522, 936), (-180, 522, 936), (-126, 540, 900), (-108, 522, 954), (-162, 522, 918), (-126, 540, 882)]	(9420, 10851, 10492, 11397, 13744, 10042, 4433, 12959, 4638, 7095, 5962, 8761, 4481, 6074, 7207, 6900, 11365, 20118, 17248, 16187, 16142, 13275, 12021, 2015)
v	2015540	(759, 243)	[(-144, 522, 900), (-144, 504, 918), (-126, 522, 900), (-162, 522, 846), (-198, 522, 936), (-180, 522, 936), (-126, 540, 900), (-108, 522, 954), (-162, 522, 918), (-126, 540, 882), (-108, 540, 792), (-180, 504, 972), (-144, 540, 864), (-126, 522, 792), (-126, 522, 882), (-144, 522, 954), (-126, 522, 954), (-162, 522, 900), (-180, 522, 846), (-198, 540, 882), (-180, 522, 954), (-180, 522, 900), (-162, 540, 864), (-126, 522, 882), (-108, 540, 936)]	(9425, 10952, 10586, 11448, 13608, 9981, 4343, 12119, 4490, 7034, 5841, 8084, 4445, 6075, 7205, 6898, 11381, 20139, 17454, 16295, 16191, 13278, 12029, 2024)
e	2015948	(577, 352)	[(-126, 522, 882), (-144, 522, 954), (-126, 522, 954), (-162, 522, 900), (-180, 522, 846), (-198, 540, 882), (-180, 522, 954), (-180, 522, 900), (-162, 540, 864), (-126, 522, 882), (-108, 540, 936), (-126, 558, 954), (-144, 540, 918), (-162, 540, 882), (-126, 558, 882), (-144, 558, 882), (-180, 540, 936), (-144, 540, 918), (-198, 576, 810), (-180, 540, 864), (-126, 540, 954), (-144, 540, 918), (-198, 522, 882), (-126, 558, 756), (-126, 540, 1044)]	(9414, 10945, 10596, 11533, 13138, 9902, 4360, 12601, 4515, 7020, 5838, 8288, 4468, 6083, 7203, 6915, 11386, 20140, 17540, 16267, 16142, 13264, 12017, 2015)
r	2016155	(579, 308)	[(-198, 540, 882), (-180, 522, 954), (-180, 522, 900), (-162, 540, 864), (-126, 522, 882), (-108, 540, 936), (-126, 558, 954), (-144, 540, 918), (-162, 540, 882), (-126, 558, 882), (-144, 558, 882), (-180, 540, 936), (-144, 540, 918), (-198, 576, 810), (-180, 540, 864), (-126, 540, 954), (-144, 540, 918), (-198, 522, 882), (-126, 558, 756), (-126, 540, 1044), (-198, 558, 846), (-180, 540, 864), (-144, 540, 882), (-144, 558, 900), (-216, 558, 774)]	(9436, 11010, 10723, 11713, 13269, 9981, 4397, 13089, 4607, 7046, 5888, 8582, 4465, 6082, 7202, 6909, 11388, 20136, 17555, 16275, 16130, 13275, 12013, 2020)
