Please hold the phone in your right hand and type with your left index finger
w	2209628	(570, 387)	[(18, 522, 900), (18, 522, 900), (36, 540, 918), (18, 540, 918), (36, 540, 936), (54, 558, 900), (72, 558, 900), (54, 540, 900), (90, 558, 846), (90, 558, 846), (72, 576, 846), (144, 612, 882), (126, 612, 828), (108, 594, 864), (108, 594, 882), (90, 558, 900), (90, 558, 882), (90, 576, 882), (108, 576, 864), (126, 594, 846), (126, 558, 774), (108, 594, 864), (126, 612, 918), (90, 594, 954), (90, 594, 882)]	(9630, 12038, 9867, 11685, 14220, 11631, 4452, 5695, 3961, 7177, 5534, 6028, 4174, 6042, 7184, 6927, 11417, 20274, 15794, 18266, 17433, 13717, 12082, 2005)
e	2209929	(568, 360)	[(72, 576, 846), (144, 612, 882), (126, 612, 828), (108, 594, 864), (108, 594, 882), (90, 558, 900), (90, 558, 882), (90, 576, 882), (108, 576, 864), (126, 594, 846), (126, 558, 774), (108, 594, 864), (126, 612, 918), (90, 594, 954), (90, 594, 882), (90, 558, 882), (72, 576, 900), (126, 594, 828), (108, 576, 846), (144, 558, 738), (126, 576, 846), (144, 612, 882), (108, 594, 936), (90, 576, 918), (108, 576, 864)]	(9648, 12082, 9888, 11712, 14267, 11681, 4475, 5718, 3980, 7157, 5542, 6033, 4171, 6045, 7178, 6929, 11427, 20289, 15816, 18318, 17456, 13709, 12085, 2010)
 	2210504	(851, 287)	[(144, 612, 882), (108, 594, 936), (90, 576, 918), (108, 576, 864), (90, 558, 864), (90, 540, 846), (108, 540, 846), (90, 540, 864), (108, 522, 900), (144, 522, 900), (72, 504, 936), (72, 504, 972), (90, 486, 990), (90, 504, 1008), (90, 504, 972), (90, 504, 918), (90, 486, 918), (72, 504, 918), (90, 486, 918), (126, 486, 936), (54, 468, 720), (108, 504, 846), (90, 486, 990), (90, 486, 1134), (54, 468, 1026)]	(9640, 12163, 9971, 11766, 14189, 11616, 4405, 5686, 3933, 7137, 5497, 6011, 4178, 6047, 7176, 6944, 11416, 20273, 15882, 18295, 17341, 13675, 12074, 2004)
w	2210970	(565, 387)	[(90, 486, 918), (72, 504, 918), (90, 486, 918), (126, 486, 936), (54, 468, 720), (108, 504, 846), (90, 486, 990), (90, 486, 1134), (54, 468, 1026), (90, 486, 900), (126, 522, 918), (108, 522, 900), (108, 522, 882), (108, 522, 882), (108, 522, 846), (90, 522, 882), (90, 504, 900), (90, 504, 918), (126, 522, 900), (126, 522, 810), (126, 522, 882), (108, 522, 972), (90, 504, 1008), (90, 504, 918), (72, 486, 882)]	(9624, 12095, 9900, 11719, 14097, 11595, 4403, 5650, 3890, 7135, 5465, 5984, 4179, 6040, 7173, 6925, 11418, 20275, 15881, 18368, 17357, 13684, 12075, 2019)
i	2211470	(563, 104)	[(126, 522, 900), (126, 522, 810), (126, 522, 882), (108, 522, 972), (90, 504, 1008), (90, 504, 918), (72, 486, 882), (90, 504, 936), (108, 504, 936), (126, 504, 936), (144, 504, 918), (144, 522, 864), (162, 522, 864), (162, 540, 882), (162, 522, 882), (162, 522, 900), (108, 522, 936), (144, 522, 936), (216, 540, 774), (180, 522, 792), (162, 522, 900), (144, 540, 990), (162, 522, 990), (180, 522, 936), (180, 522, 900)]	(9647, 12146, 9900, 11755, 14186, 11712, 4445, 5673, 3926, 7128, 5490, 6015, 4187, 6043, 7174, 6946, 11421, 20275, 15882, 18405, 17372, 13694, 12078, 2004)
l	2211840	(637, 52)	[(162, 522, 864), (162, 540, 882), (162, 522, 882), (162, 522, 900), (108, 522, 936), (144, 522, 936), (216, 540, 774), (180, 522, 792), (162, 522, 900), (144, 540, 990), (162, 522, 990), (180, 522, 936), (180, 522, 900), (144, 522, 864), (126, 522, 918), (162, 540, 900), (162, 522, 900), (162, 540, 900), (144, 522, 900), (126, 522, 918), (288, 486, 756), (18, 504, 810), (126, 522, 990), (162, 522, 1098), (126, 522, 990)]	(9633, 12271, 9967, 11804, 14210, 11871, 4455, 5675, 3903, 7128, 5447, 6015, 4176, 6035, 7180, 6950, 11428, 20295, 15910, 18452, 17408, 13687, 12081, 2010)
l	2212140	(639, 57)	[(144, 540, 990), (162, 522, 990), (180, 522, 936), (180, 522, 900), (144, 522, 864), (126, 522, 918), (162, 540, 900), (162, 522, 900), (162, 540, 900), (144, 522, 900), (126, 522, 918), (288, 486, 756), (18, 504, 810), (126, 522, 990), (162, 522, 1098), (126, 522, 990), (126, 504, 900), (126, 522, 900), (144, 504, 918), (234, 504, 756), (72, 522, 918), (144, 522, 1062), (162, 522, 972), (162, 504, 936), (144, 486, 882)]	(9631, 12184, 9895, 11720, 14169, 11796, 4436, 5660, 3899, 7111, 5451, 5996, 4177, 6038, 7178, 6928, 11413, 20265, 15870, 18367, 17347, 13672, 12073, 2005)
 	2212641	(839, 261)	[(144, 504, 918), (234, 504, 756), (72, 522, 918), (144, 522, 1062), (162, 522, 972), (162, 504, 936), (144, 486, 882), (126, 486, 936), (90, 486, 936), (72, 468, 918), (72, 450, 918), (54, 450, 954), (18, 450, 972), (18, 432, 972), (54, 450, 936), (54, 450, 918), (36, 450, 936), (36, 468, 954), (54, 450, 972), (54, 486, 1152), (18, 468, 684), (54, 468, 774), (90, 468, 972), (54, 450, 1116), (18, 450, 1062)]	(9633, 12208, 9920, 11746, 14194, 11803, 4425, 5654, 3893, 7100, 5464, 5987, 4181, 6043, 7178, 6931, 11406, 20270, 15887, 18333, 17325, 13650, 12085, 2017)
s	2213057	(669, 387)	[(54, 450, 936), (54, 450, 918), (36, 450, 936), (36, 468, 954), (54, 450, 972), (54, 486, 1152), (18, 468, 684), (54, 468, 774), (90, 468, 972), (54, 450, 1116), (18, 450, 1062), (54, 468, 882), (54, 468, 936), (36, 468, 954), (18, 450, 972), (36, 450, 936), (54, 450, 936), (54, 450, 918), (36, 450, 918), (54, 450, 936), (54, 450, 954), (72, 486, 918), (72, 468, 900), (36, 468, 972), (18, 450, 1044)]	(9651, 12235, 9912, 11765, 14230, 11834, 4438, 5660, 3887, 7114, 5438, 5965, 4180, 6028, 7180, 6939, 11424, 20288, 15909, 18367, 17363, 13659, 12080, 2004)
i	2213573	(574, 111)	[(54, 450, 936), (54, 450, 954), (72, 486, 918), (72, 468, 900), (36, 468, 972), (18, 450, 1044), (18, 450, 936), (54, 450, 936), (54, 450, 954), (54, 468, 954), (72, 468, 936), (90, 468, 936), (72, 486, 918), (108, 486, 918), (108, 486, 936), (144, 504, 918), (126, 504, 900), (126, 486, 918), (126, 504, 882), (144, 504, 882), (126, 486, 882), (126, 504, 954), (144, 522, 972), (126, 504, 954), (126, 504, 936)]	(9646, 12196, 9883, 11724, 14064, 11755, 4427, 5645, 3870, 7090, 5425, 5983, 4183, 6044, 7170, 6934, 11420, 20275, 15887, 18397, 17362, 13667, 12081, 2010)
g	2214174	(651, 235)	[(126, 504, 954), (126, 504, 936), (108, 486, 882), (90, 486, 918), (90, 504, 936), (90, 486, 936), (108, 504, 918), (108, 504, 918), (126, 486, 900), (126, 504, 900), (108, 504, 918), (108, 486, 900), (108, 486, 918), (90, 504, 936), (126, 504, 954), (108, 504, 918), (108, 486, 954), (90, 486, 918), (90, 486, 918), (162, 486, 810), (108, 468, 810), (90, 486, 954), (108, 504, 1026), (72, 486, 1044), (108, 504, 972)]	(9636, 12191, 9887, 11724, 14108, 11769, 4417, 5643, 3868, 7093, 5441, 5986, 4181, 6033, 7169, 6937, 11423, 20275, 15895, 18396, 17353, 13663, 12075, 2009)
n	2214489	(740, 150)	[(126, 504, 900), (108, 504, 918), (108, 486, 900), (108, 486, 918), (90, 504, 936), (126, 504, 954), (108, 504, 918), (108, 486, 954), (90, 486, 918), (90, 486, 918), (162, 486, 810), (108, 468, 810), (90, 486, 954), (108, 504, 1026), (72, 486, 1044), (108, 504, 972), (108, 486, 864), (108, 486, 972), (108, 486, 936), (108, 486, 936), (126, 486, 918), (90, 486, 810), (108, 486, 972), (108, 504, 990), (90, 486, 936)]	(9639, 12165, 9877, 11704, 14063, 11744, 4421, 5638, 3877, 7077, 5436, 5974, 4184, 6042, 7175, 6939, 11415, 20267, 15883, 18384, 17340, 13656, 12077, 2008)
 	2214789	(853, 247)	[(162, 486, 810), (108, 468, 810), (90, 486, 954), (108, 504, 1026), (72, 486, 1044), (108, 504, 972), (108, 486, 864), (108, 486, 972), (108, 486, 936), (108, 486, 936), (126, 486, 918), (90, 486, 810), (108, 486, 972), (108, 504, 990), (90, 486, 936), (108, 486, 918), (108, 468, 918), (90, 486, 918), (90, 504, 936), (90, 486, 846), (108, 486, 882), (90, 468, 1044), (72, 468, 1044), (72, 468, 972), (108, 486, 900)]	(9640, 12199, 9885, 11723, 14116, 11804, 4434, 5640, 3878, 7086, 5430, 5975, 4168, 6040, 7170, 6929, 11418, 20270, 15888, 18390, 17353, 13660, 12074, 2008)
t	2215306	(578, 268)	[(90, 486, 846), (108, 486, 882), (90, 468, 1044), (72, 468, 1044), (72, 468, 972), (108, 486, 900), (108, 486, 918), (126, 504, 936), (108, 486, 936), (90, 486, 918), (108, 486, 900), (90, 468, 900), (90, 486, 936), (90, 468, 954), (108, 486, 936), (108, 486, 954), (126, 504, 936), (108, 486, 936), (108, 486, 936), (126, 486, 810), (90, 486, 954), (90, 486, 990), (90, 486, 990), (108, 486, 954), (108, 486, 900)]	(9641, 12237, 9887, 11745, 14133, 11844, 4444, 5653, 3882, 7087, 5437, 5990, 4183, 6036, 7169, 6934, 11416, 20280, 15903, 18416, 17357, 13658, 12071, 2013)
o	2215705	(553, 77)	[(90, 468, 954), (108, 486, 936), (108, 486, 954), (126, 504, 936), (108, 486, 936), (108, 486, 936), (126, 486, 810), (90, 486, 954), (90, 486, 990), (90, 486, 990), (108, 486, 954), (108, 486, 900), (108, 486, 882), (108, 486, 936), (126, 504, 936), (126, 504, 936), (126, 468, 900), (126, 486, 900), (126, 486, 900), (126, 486, 918), (162, 486, 882), (108, 504, 918), (108, 486, 990), (126, 504, 990), (108, 504, 954)]	(9650, 12237, 9873, 11726, 14104, 11832, 4436, 5635, 3869, 7075, 5426, 5980, 4183, 6049, 7169, 6930, 11418, 20277, 15894, 18394, 17352, 13659, 12075, 2005)
m	2216108	(756, 109)	[(126, 504, 936), (126, 504, 936), (126, 468, 900), (126, 486, 900), (126, 486, 900), (126, 486, 918), (162, 486, 882), (108, 504, 918), (108, 486, 990), (126, 504, 990), (108, 504, 954), (126, 486, 900), (126, 486, 900), (108, 486, 954), (108, 486, 954), (108, 486, 918), (108, 504, 918), (108, 486, 918), (108, 468, 900), (126, 486, 918), (126, 504, 846), (108, 486, 918), (126, 486, 1026), (108, 486, 990), (90, 486, 918)]	(9638, 12197, 9868, 11704, 14090, 11800, 4441, 5637, 3864, 7081, 5430, 5975, 4174, 6035, 7165, 6916, 11425, 20277, 15893, 18397, 17353, 13659, 12062, 2005)
o	2216624	(570, 65)	[(126, 486, 918), (126, 504, 846), (108, 486, 918), (126, 486, 1026), (108, 486, 990), (90, 486, 918), (126, 486, 900), (108, 486, 936), (108, 486, 936), (108, 486, 900), (126, 486, 900), (126, 486, 900), (126, 486, 900), (126, 486, 900), (108, 486, 918), (108, 486, 954), (108, 486, 936), (108, 468, 936), (126, 504, 900), (144, 486, 864), (126, 486, 918), (108, 486, 1008), (108, 486, 1008), (126, 486, 972), (126, 486, 918)]	(9648, 12224, 9854, 11705, 14129, 11860, 4442, 5631, 3866, 7091, 5425, 5962, 4179, 6035, 7169, 6931, 11412, 20267, 15890, 18405, 17355, 13664, 12077, 2000)
r	2217142	(576, 304)	[(144, 486, 864), (126, 486, 918), (108, 486, 1008), (108, 486, 1008), (126, 486, 972), (126, 486, 918), (108, 468, 918), (144, 486, 936), (108, 504, 954), (108, 504, 936), (90, 486, 918), (126, 504, 900), (108, 486, 882), (90, 468, 900), (108, 486, 918), (108, 486, 936), (108, 486, 954), (108, 504, 954), (108, 486, 918), (108, 486, 918), (108, 486, 918), (108, 486, 936), (144, 486, 864), (126, 486, 918), (126, 504, 954)]	(9642, 12239, 9863, 11730, 14152, 11889, 4463, 5648, 3873, 7098, 5420, 5977, 4171, 6032, 7172, 6936, 11428, 20285, 15918, 18466, 17386, 13677, 12077, 2010)
r	2217494	(577, 313)	[(108, 486, 882), (90, 468, 900), (108, 486, 918), (108, 486, 936), (108, 486, 954), (108, 504, 954), (108, 486, 918), (108, 486, 918), (108, 486, 918), (108, 486, 936), (144, 486, 864), (126, 486, 918), (126, 504, 954), (126, 504, 972), (108, 468, 864), (108, 468, 954), (108, 486, 954), (126, 486, 936), (90, 486, 918), (108, 486, 918), (108, 486, 882), (90, 486, 810), (144, 486, 972), (90, 486, 1026), (90, 486, 1008)]	(9645, 12253, 9858, 11728, 14177, 11937, 4473, 5654, 3873, 7094, 5427, 5992, 4184, 6035, 7177, 6943, 11427, 20287, 15920, 18473, 17384, 13674, 12089, 2009)
o	2218061	(568, 73)	[(90, 486, 810), (144, 486, 972), (90, 486, 1026), (90, 486, 1008), (108, 486, 882), (126, 504, 954), (126, 504, 954), (108, 504, 936), (126, 504, 918), (108, 486, 900), (126, 486, 900), (126, 486, 900), (126, 504, 918), (144, 486, 936), (126, 504, 936), (108, 486, 936), (108, 486, 936), (126, 486, 918), (126, 486, 936), (126, 486, 936), (144, 486, 828), (90, 468, 846), (108, 486, 972), (108, 486, 990), (108, 486, 972)]	(9655, 12280, 9880, 11751, 14175, 11955, 4480, 5669, 3894, 7099, 5433, 6015, 4181, 6041, 7167, 6939, 11420, 20284, 15914, 18449, 17357, 13670, 12077, 2012)
w	2218880	(568, 410)	[(90, 468, 918), (72, 468, 954), (54, 468, 954), (54, 450, 954), (54, 468, 918), (54, 468, 918), (54, 468, 936), (54, 468, 936), (72, 468, 918), (90, 486, 918), (72, 468, 936), (90, 486, 936), (72, 468, 954), (54, 468, 954), (72, 486, 936), (72, 468, 936), (72, 468, 918), (72, 486, 936), (72, 468, 936), (90, 486, 918), (72, 486, 918), (90, 468, 900), (108, 468, 972), (72, 486, 1008), (72, 468, 954)]	(9649, 12229, 9854, 11722, 14149, 11905, 4472, 5672, 3903, 7091, 5446, 6027, 4173, 6047, 7171, 6931, 11421, 20284, 15923, 18458, 17366, 13662, 12075, 2009)
 	2219347	(840, 291)	[(72, 468, 918), (72, 486, 936), (72, 468, 936), (90, 486, 918), (72, 486, 918), (90, 468, 900), (108, 468, 972), (72, 486, 1008), (72, 468, 954), (72, 468, 900), (54, 468, 936), (72, 468, 936), (54, 468, 936), (54, 468, 936), (72, 468, 936), (72, 468, 954), (54, 468, 936), (72, 468, 936), (72, 468, 954), (72, 468, 990), (36, 468, 828), (72, 468, 918), (72, 468, 1026), (54, 468, 990), (72, 468, 972)]	(9639, 12249, 9859, 11713, 14110, 11884, 4478, 5684, 3901, 7074, 5447, 6033, 4157, 6034, 7168, 6918, 11422, 20269, 15905, 18402, 17350, 13655, 12068, 2001)
a	2219797	(663, 424)	[(54, 468, 936), (72, 468, 936), (72, 468, 954), (72, 468, 990), (36, 468, 828), (72, 468, 918), (72, 468, 1026), (54, 468, 990), (72, 468, 972), (54, 468, 936), (54, 468, 954), (54, 468, 954), (72, 468, 954), (72, 468, 936), (54, 450, 936), (54, 450, 936), (54, 450, 972), (72, 468, 954), (90, 468, 936), (90, 468, 882), (72, 486, 918), (72, 468, 972), (36, 468, 990), (54, 450, 954), (72, 450, 936)]	(9638, 12215, 9844, 11686, 14098, 11877, 4464, 5655, 3885, 7072, 5445, 6013, 4170, 6045, 7177, 6931, 11413, 20270, 15906, 18392, 17332, 13647, 12070, 2012)
n	2220416	(754, 128)	[(54, 450, 954), (72, 450, 936), (54, 468, 954), (72, 450, 954), (72, 486, 918), (72, 468, 936), (72, 468, 936), (72, 486, 918), (72, 468, 936), (90, 468, 936), (72, 468, 936), (54, 468, 936), (90, 468, 954), (90, 468, 954), (72, 468, 936), (72, 468, 936), (72, 468, 954), (72, 468, 936), (90, 468, 900), (90, 486, 846), (90, 468, 990), (72, 486, 990), (72, 468, 990), (72, 468, 936), (90, 468, 918)]	(9649, 12246, 9860, 11706, 14142, 11919, 4470, 5665, 3880, 7086, 5443, 6001, 4174, 6032, 7173, 6929, 11421, 20273, 15909, 18404, 17347, 13652, 12060, 2005)
d	2220936	(658, 340)	[(90, 468, 990), (72, 486, 990), (72, 468, 990), (72, 468, 936), (90, 468, 918), (90, 486, 882), (54, 468, 954), (54, 468, 954), (54, 468, 936), (72, 468, 936), (54, 468, 918), (54, 468, 936), (54, 468, 936), (72, 468, 936), (90, 468, 954), (72, 468, 954), (72, 468, 936), (72, 468, 972), (54, 450, 864), (90, 468, 936), (72, 468, 972), (36, 468, 1008), (54, 468, 990), (72, 468, 936), (72, 468, 900)]	(9647, 12254, 9855, 11711, 14159, 11927, 4458, 5659, 3870, 7081, 5434, 5990, 4187, 6045, 7177, 6930, 11418, 20277, 15911, 18417, 17360, 13650, 12082, 2007)
 	2221387	(813, 267)	[(72, 468, 936), (72, 468, 972), (54, 450, 864), (90, 468, 936), (72, 468, 972), (36, 468, 1008), (54, 468, 990), (72, 468, 936), (72, 468, 900), (54, 468, 936), (72, 486, 954), (72, 468, 954), (72, 468, 918), (54, 450, 918), (54, 468, 936), (72, 468, 936), (54, 468, 936), (72, 468, 954), (54, 468, 954), (54, 468, 972), (72, 468, 864), (72, 468, 918), (72, 468, 990), (54, 450, 990), (54, 468, 972)]	(9647, 12259, 9856, 11710, 14143, 11937, 4461, 5670, 3873, 7082, 5421, 5997, 4176, 6048, 7172, 6930, 11431, 20282, 15924, 18432, 17365, 13649, 12075, 2006)
f	2222529	(662, 294)	[(54, 468, 954), (54, 468, 954), (54, 450, 954), (54, 450, 954), (54, 468, 918), (72, 468, 918), (54, 468, 918), (72, 468, 936), (72, 468, 954), (72, 486, 954), (108, 486, 936), (72, 486, 918), (90, 468, 900), (72, 468, 936), (54, 468, 936), (54, 450, 936), (54, 468, 936), (72, 468, 954), (72, 468, 936), (108, 468, 828), (72, 450, 864), (72, 450, 972), (54, 468, 1044), (54, 468, 1026), (72, 468, 990)]	(9656, 12284, 9873, 11739, 14208, 12002, 4485, 5678, 3895, 7100, 5450, 6009, 4193, 6039, 7172, 6929, 11420, 20280, 15924, 18413, 17357, 13648, 12060, 2010)
u	2222880	(567, 158)	[(72, 486, 918), (90, 468, 900), (72, 468, 936), (54, 468, 936), (54, 450, 936), (54, 468, 936), (72, 468, 954), (72, 468, 936), (108, 468, 828), (72, 450, 864), (72, 450, 972), (54, 468, 1044), (54, 468, 1026), (72, 468, 990), (90, 468, 882), (90, 486, 954), (108, 486, 954), (126, 468, 954), (108, 468, 936), (108, 486, 918), (108, 486, 828), (108, 486, 954), (108, 486, 972), (90, 486, 954), (90, 468, 954)]	(9639, 12285, 9867, 11730, 14199, 11962, 4473, 5682, 3891, 7084, 5432, 6020, 4180, 6035, 7169, 6937, 11423, 20265, 15912, 18413, 17352, 13655, 12070, 2006)
n	2223295	(755, 161)	[(90, 468, 882), (90, 486, 954), (108, 486, 954), (126, 468, 954), (108, 468, 936), (108, 486, 918), (108, 486, 828), (108, 486, 954), (108, 486, 972), (90, 486, 954), (90, 468, 954), (72, 468, 918), (72, 486, 954), (72, 468, 936), (90, 468, 954), (72, 468, 954), (90, 468, 918), (90, 468, 918), (126, 468, 900), (72, 504, 936), (72, 468, 1026), (72, 468, 1044), (90, 486, 1008), (90, 468, 918), (90, 468, 864)]	(9630, 12270, 9859, 11705, 14180, 11967, 4480, 5675, 3896, 7082, 5446, 6021, 4152, 6037, 7173, 6930, 11420, 20273, 15909, 18393, 17337, 13637, 12066, 2006)
d	2223696	(664, 333)	[(72, 468, 936), (90, 468, 954), (72, 468, 954), (90, 468, 918), (90, 468, 918), (126, 468, 900), (72, 504, 936), (72, 468, 1026), (72, 468, 1044), (90, 486, 1008), (90, 468, 918), (90, 468, 864), (108, 486, 954), (72, 504, 918), (72, 486, 918), (72, 468, 918), (72, 450, 918), (54, 450, 936), (72, 468, 936), (108, 468, 900), (108, 468, 828), (108, 468, 954), (90, 486, 1044), (54, 468, 1062), (72, 468, 1026)]	(9644, 12286, 9868, 11732, 14221, 12001, 4483, 5687, 3899, 7104, 5449, 6032, 4181, 6037, 7178, 6931, 11422, 20279, 15928, 18427, 17363, 13645, 12077, 1997)
 	2224166	(831, 288)	[(54, 450, 936), (72, 468, 936), (108, 468, 900), (108, 468, 828), (108, 468, 954), (90, 486, 1044), (54, 468, 1062), (72, 468, 1026), (90, 468, 900), (90, 468, 900), (72, 450, 954), (72, 486, 954), (54, 486, 954), (90, 486, 936), (90, 486, 936), (72, 468, 918), (90, 468, 918), (72, 468, 936), (72, 468, 936), (90, 450, 936), (90, 468, 864), (108, 468, 954), (72, 468, 1026), (90, 468, 1008), (90, 468, 936)]	(9652, 12268, 9861, 11712, 14168, 11962, 4477, 5671, 3902, 7091, 5452, 5999, 4181, 6040, 7165, 6929, 11419, 20276, 15923, 18409, 17345, 13646, 12068, 2005)
t	2224719	(582, 276)	[(108, 468, 954), (72, 468, 1026), (90, 468, 1008), (90, 468, 936), (90, 468, 918), (72, 468, 936), (90, 486, 936), (108, 486, 936), (72, 486, 918), (90, 486, 936), (90, 486, 936), (90, 486, 954), (90, 468, 918), (90, 468, 936), (90, 468, 918), (90, 486, 936), (90, 468, 936), (90, 468, 936), (126, 468, 828), (108, 450, 900), (90, 450, 972), (72, 450, 1008), (72, 468, 1026), (72, 486, 1026), (72, 468, 990)]	(9653, 12298, 9874, 11725, 14255, 12032, 4471, 5660, 3888, 7090, 5439, 5996, 4152, 6042, 7184, 6938, 11428, 20280, 15936, 18439, 17368, 13659, 12082, 2006)
u	2225036	(578, 167)	[(90, 486, 936), (90, 486, 936), (90, 486, 954), (90, 468, 918), (90, 468, 936), (90, 468, 918), (90, 486, 936), (90, 468, 936), (90, 468, 936), (126, 468, 828), (108, 450, 900), (90, 450, 972), (72, 450, 1008), (72, 468, 1026), (72, 486, 1026), (72, 468, 990), (90, 468, 882), (90, 468, 936), (90, 468, 954), (108, 468, 954), (108, 468, 864), (108, 486, 810), (54, 486, 954), (90, 468, 1026), (72, 450, 990)]	(9663, 12312, 9887, 11755, 14262, 12048, 4480, 5668, 3884, 7098, 5436, 6009, 4172, 6045, 7172, 6939, 11426, 20282, 15935, 18439, 17371, 13649, 12072, 1963)
e	2225540	(549, 358)	[(108, 468, 954), (108, 468, 864), (108, 486, 810), (54, 486, 954), (90, 468, 1026), (72, 450, 990), (90, 468, 972), (90, 468, 882), (72, 468, 972), (72, 486, 954), (90, 468, 936), (72, 486, 918), (90, 468, 918), (72, 450, 918), (72, 468, 918), (72, 468, 936), (90, 468, 936), (90, 468, 954), (90, 486, 846), (108, 468, 900), (90, 486, 990), (72, 486, 1008), (72, 468, 990), (108, 468, 954), (108, 450, 882)]	(9641, 12231, 9836, 11670, 14156, 11929, 4461, 5651, 3867, 7079, 5442, 6012, 4168, 6036, 7175, 6922, 11421, 20264, 15901, 18360, 17318, 13636, 12073, 2005)
s	2225911	(653, 370)	[(72, 486, 918), (90, 468, 918), (72, 450, 918), (72, 468, 918), (72, 468, 936), (90, 468, 936), (90, 468, 954), (90, 486, 846), (108, 468, 900), (90, 486, 990), (72, 486, 1008), (72, 468, 990), (108, 468, 954), (108, 450, 882), (72, 468, 954), (90, 468, 954), (90, 468, 954), (90, 486, 918), (90, 468, 954), (90, 468, 954), (90, 450, 810), (108, 468, 972), (72, 468, 1062), (72, 486, 1044), (72, 504, 972)]	(9651, 12260, 9843, 11689, 14208, 11983, 4468, 5649, 3881, 7080, 5439, 6011, 4180, 6044, 7179, 6925, 11419, 20271, 15909, 18382, 17341, 13646, 12075, 2012)
d	2226212	(661, 337)	[(72, 486, 1008), (72, 468, 990), (108, 468, 954), (108, 450, 882), (72, 468, 954), (90, 468, 954), (90, 468, 954), (90, 486, 918), (90, 468, 954), (90, 468, 954), (90, 450, 810), (108, 468, 972), (72, 468, 1062), (72, 486, 1044), (72, 504, 972), (72, 450, 918), (72, 450, 900), (72, 486, 972), (90, 468, 972), (90, 468, 828), (90, 468, 900), (72, 468, 1026), (72, 486, 1062), (72, 468, 990), (108, 486, 900)]	(9661, 12270, 9855, 11707, 14234, 11989, 4478, 5639, 3856, 7091, 5431, 6001, 4178, 6037, 7172, 6921, 11410, 20270, 15915, 18376, 17333, 13642, 12070, 2009)
a	2226511	(649, 420)	[(90, 468, 954), (90, 450, 810), (108, 468, 972), (72, 468, 1062), (72, 486, 1044), (72, 504, 972), (72, 450, 918), (72, 450, 900), (72, 486, 972), (90, 468, 972), (90, 468, 828), (90, 468, 900), (72, 468, 1026), (72, 486, 1062), (72, 468, 990), (108, 486, 900), (72, 468, 918), (72, 468, 954), (54, 486, 990), (72, 432, 810), (90, 468, 954), (36, 468, 1062), (54, 486, 1062), (54, 468, 954), (72, 468, 918)]	(9651, 12276, 9860, 11702, 14254, 12016, 4475, 5667, 3881, 7084, 5444, 6017, 4180, 6037, 7177, 6932, 11412, 20277, 15931, 18408, 17356, 13647, 12077, 2009)
y	2226878	(581, 206)	[(72, 468, 1026), (72, 486, 1062), (72, 468, 990), (108, 486, 900), (72, 468, 918), (72, 468, 954), (54, 486, 990), (72, 432, 810), (90, 468, 954), (36, 468, 1062), (54, 486, 1062), (54, 468, 954), (72, 468, 918), (90, 468, 900), (90, 486, 936), (90, 486, 954), (108, 486, 936), (108, 468, 918), (90, 486, 900), (90, 486, 900), (108, 486, 900), (108, 468, 810), (90, 468, 954), (90, 486, 1008), (90, 486, 1008)]	(9655, 12313, 9874, 11734, 14230, 12017, 4476, 5669, 3882, 7094, 5439, 6024, 4187, 6042, 7173, 6936, 11427, 20278, 15952, 18455, 17378, 13656, 12077, 2008)
d	2229002	(668, 354)	[(54, 468, 936), (54, 468, 936), (18, 468, 936), (36, 468, 936), (36, 468, 954), (36, 450, 954), (36, 468, 936), (54, 486, 918), (36, 468, 918), (36, 468, 900), (72, 468, 918), (54, 468, 936), (54, 450, 936), (54, 486, 936), (36, 468, 936), (54, 486, 954), (54, 468, 936), (54, 468, 954), (54, 468, 936), (54, 468, 936), (72, 468, 828), (72, 450, 864), (54, 468, 954), (36, 468, 1044), (18, 468, 1044)]	(9654, 12162, 9861, 11687, 14378, 12040, 4466, 5718, 3934, 7133, 5521, 6078, 4193, 6045, 7174, 6945, 11418, 20262, 15885, 18255, 17236, 13609, 12065, 2013)
o	2229499	(574, 82)	[(54, 468, 936), (54, 468, 936), (72, 468, 828), (72, 450, 864), (54, 468, 954), (36, 468, 1044), (18, 468, 1044), (0, 450, 882), (162, 450, 1044), (144, 504, 990), (162, 504, 936), (180, 522, 918), (198, 504, 900), (180, 504, 900), (162, 504, 864), (144, 504, 864), (126, 486, 900), (126, 486, 900), (144, 486, 936), (162, 486, 864), (144, 486, 900), (126, 486, 972), (162, 504, 1008), (180, 504, 954), (180, 504, 900)]	(9647, 12152, 9846, 11670, 14294, 11997, 4472, 5700, 3925, 7141, 5516, 6068, 4194, 6049, 7181, 6933, 11407, 20244, 15862, 18228, 17218, 13606, 12071, 2008)
n	2230014	(754, 168)	[(144, 486, 936), (162, 486, 864), (144, 486, 900), (126, 486, 972), (162, 504, 1008), (180, 504, 954), (180, 504, 900), (144, 486, 882), (108, 486, 954), (108, 486, 936), (108, 486, 954), (108, 486, 936), (108, 468, 936), (126, 486, 918), (126, 486, 900), (108, 486, 918), (108, 486, 954), (108, 486, 936), (144, 486, 918), (144, 504, 756), (144, 504, 882), (126, 486, 1026), (126, 504, 1008), (108, 486, 972), (108, 486, 936)]	(9640, 12155, 9843, 11647, 14260, 11967, 4467, 5697, 3921, 7122, 5494, 6066, 4206, 6045, 7175, 6937, 11397, 20243, 15859, 18216, 17225, 13603, 12068, 2005)
n	2230310	(754, 150)	[(108, 486, 936), (108, 486, 954), (108, 486, 936), (108, 468, 936), (126, 486, 918), (126, 486, 900), (108, 486, 918), (108, 486, 954), (108, 486, 936), (144, 486, 918), (144, 504, 756), (144, 504, 882), (126, 486, 1026), (126, 504, 1008), (108, 486, 972), (108, 486, 936), (126, 486, 900), (126, 486, 936), (126, 486, 918), (126, 486, 936), (126, 486, 918), (126, 468, 918), (108, 486, 846), (144, 468, 972), (126, 504, 972)]	(9645, 12203, 9857, 11687, 14275, 12005, 4485, 5708, 3932, 7118, 5508, 6076, 4188, 6050, 7180, 6938, 11419, 20270, 15887, 18261, 17255, 13616, 12067, 2011)
a	2230878	(656, 451)	[(126, 468, 918), (108, 486, 846), (144, 468, 972), (126, 504, 972), (126, 486, 900), (126, 486, 900), (108, 486, 954), (90, 486, 936), (72, 486, 954), (54, 450, 972), (54, 450, 972), (54, 450, 954), (72, 450, 918), (54, 450, 900), (36, 450, 936), (54, 468, 954), (72, 468, 936), (72, 468, 918), (90, 486, 954), (72, 486, 936), (90, 486, 954), (90, 468, 864), (90, 468, 882), (90, 486, 972), (72, 468, 954)]	(9645, 12154, 9835, 11653, 14228, 11950, 4455, 5695, 3919, 7125, 5506, 6060, 4200, 6046, 7174, 6933, 11403, 20245, 15858, 18207, 17216, 13592, 12065, 2012)
 	2231496	(834, 298)	[(90, 486, 972), (72, 468, 954), (72, 468, 936), (72, 468, 936), (90, 468, 936), (90, 468, 954), (72, 468, 936), (54, 468, 936), (72, 468, 954), (72, 468, 954), (90, 486, 954), (90, 468, 936), (72, 468, 954), (72, 468, 936), (90, 468, 936), (90, 468, 936), (90, 468, 918), (72, 468, 936), (72, 486, 954), (72, 468, 954), (90, 468, 972), (72, 468, 864), (72, 468, 936), (54, 468, 1008), (72, 486, 990)]	(9644, 12180, 9848, 11666, 14250, 11985, 4462, 5709, 3905, 7122, 5508, 6067, 4200, 6046, 7178, 6940, 11410, 20259, 15874, 18251, 17252, 13610, 12072, 2000)
s	2232166	(671, 369)	[(72, 468, 900), (72, 468, 972), (54, 450, 954), (54, 468, 954), (54, 468, 936), (54, 450, 936), (72, 468, 936), (72, 468, 918), (72, 468, 918), (54, 450, 936), (54, 450, 954), (54, 468, 954), (90, 468, 954), (90, 486, 918), (72, 468, 954), (54, 468, 936), (54, 468, 900), (72, 468, 918), (90, 468, 900), (54, 450, 936), (36, 468, 936), (72, 468, 936), (54, 468, 900), (72, 468, 990), (54, 468, 972)]	(9647, 12184, 9840, 11658, 14237, 11991, 4466, 5697, 3913, 7127, 5483, 6056, 4195, 6017, 7181, 6938, 11403, 20256, 15882, 18243, 17247, 13606, 12067, 2001)
h	2232766	(669, 198)	[(72, 468, 990), (54, 468, 972), (54, 468, 936), (72, 468, 936), (72, 468, 936), (72, 468, 936), (72, 468, 936), (90, 468, 918), (108, 468, 918), (90, 486, 936), (90, 468, 936), (90, 486, 954), (90, 486, 918), (72, 468, 936), (72, 486, 918), (54, 468, 918), (54, 468, 936), (72, 468, 936), (90, 468, 900), (90, 468, 882), (54, 468, 972), (72, 468, 1008), (72, 486, 1008), (72, 486, 972), (72, 468, 900)]	(9657, 12232, 9875, 11708, 14256, 12069, 4493, 5700, 3918, 7129, 5470, 6057, 4188, 6034, 7177, 6940, 11416, 20255, 15895, 18288, 17266, 13618, 12066, 2002)
e	2233285	(569, 359)	[(90, 468, 882), (54, 468, 972), (72, 468, 1008), (72, 486, 1008), (72, 486, 972), (72, 468, 900), (72, 468, 918), (72, 468, 954), (72, 486, 936), (72, 468, 936), (90, 468, 918), (72, 468, 936), (72, 468, 936), (54, 468, 936), (54, 468, 954), (54, 450, 954), (72, 468, 936), (72, 468, 918), (90, 486, 810), (126, 468, 846), (90, 468, 954), (72, 468, 1044), (54, 468, 1044), (72, 468, 1008), (54, 468, 972)]	(9655, 12215, 9857, 11684, 14235, 12055, 4470, 5690, 3907, 7120, 5464, 6063, 4178, 6047, 7183, 6935, 11410, 20257, 15883, 18254, 17246, 13606, 12070, 2003)
i	2233801	(564, 124)	[(90, 486, 810), (126, 468, 846), (90, 468, 954), (72, 468, 1044), (54, 468, 1044), (72, 468, 1008), (54, 468, 972), (54, 468, 900), (126, 486, 936), (108, 486, 936), (126, 486, 936), (90, 468, 918), (108, 468, 918), (126, 486, 900), (90, 486, 900), (108, 486, 918), (90, 486, 936), (90, 468, 954), (90, 468, 954), (72, 468, 936), (108, 486, 882), (90, 486, 936), (108, 486, 954), (108, 486, 972), (90, 486, 954)]	(9636, 12192, 9844, 11655, 14182, 11983, 4472, 5704, 3917, 7116, 5487, 6073, 4185, 6046, 7180, 6928, 11410, 20247, 15873, 18255, 17242, 13605, 12064, 2005)
d	2234403	(683, 339)	[(108, 486, 972), (90, 486, 954), (90, 468, 936), (90, 486, 918), (72, 468, 936), (72, 468, 936), (90, 486, 918), (72, 468, 954), (108, 486, 954), (90, 468, 936), (90, 486, 918), (90, 468, 936), (90, 468, 936), (90, 468, 936), (72, 468, 936), (90, 468, 936), (108, 486, 936), (90, 468, 936), (108, 486, 936), (90, 468, 900), (108, 468, 918), (108, 486, 972), (54, 486, 1008), (72, 486, 990), (72, 468, 936)]	(9638, 12157, 9829, 11638, 14148, 11961, 4474, 5693, 3922, 7109, 5494, 6077, 4195, 6043, 7172, 6922, 11408, 20248, 15877, 18247, 17241, 13605, 12061, 2011)
u	2234868	(567, 170)	[(108, 486, 936), (90, 468, 936), (108, 486, 936), (90, 468, 900), (108, 468, 918), (108, 486, 972), (54, 486, 1008), (72, 486, 990), (72, 468, 936), (108, 486, 918), (90, 468, 936), (108, 486, 936), (108, 486, 936), (90, 468, 900), (108, 486, 918), (90, 468, 918), (90, 468, 918), (90, 468, 954), (108, 468, 936), (126, 486, 918), (108, 486, 900), (90, 486, 954), (72, 468, 972), (90, 486, 954), (108, 486, 918)]	(9637, 12187, 9844, 11669, 14203, 11989, 4469, 5706, 3908, 7116, 5464, 6060, 4190, 6040, 7160, 6931, 11409, 20252, 15882, 18260, 17240, 13606, 12066, 2011)
n	2235337	(737, 163)	[(90, 468, 954), (108, 468, 936), (126, 486, 918), (108, 486, 900), (90, 486, 954), (72, 468, 972), (90, 486, 954), (108, 486, 918), (108, 468, 900), (90, 486, 936), (90, 486, 936), (72, 468, 918), (72, 468, 936), (90, 486, 936), (108, 486, 936), (90, 468, 918), (90, 486, 936), (90, 486, 936), (90, 468, 954), (108, 486, 846), (90, 468, 900), (90, 468, 954), (90, 486, 990), (90, 468, 1008), (108, 468, 936)]	(9655, 12226, 9858, 11696, 14226, 12048, 4488, 5708, 3931, 7117, 5481, 6088, 4186, 6041, 7177, 6945, 11413, 20266, 15888, 18275, 17252, 13605, 12069, 2005)
