Please hold the phone in your right hand and type with you right thumb
h	15618	(681, 205)	[(18, 576, 900), (-54, 540, 1008), (-90, 558, 1026), (-108, 540, 954), (-54, 522, 792), (-54, 540, 810), (-36, 540, 900), (-72, 540, 954), (-90, 540, 828), (-18, 558, 792), (0, 576, 756), (-36, 576, 846), (-54, 576, 864), (-36, 594, 828), (-18, 594, 864), (-36, 612, 918), (-36, 594, 900), (-54, 594, 882), (0, 612, 864), (-36, 594, 846), (-162, 666, 684), (18, 576, 774), (18, 630, 918), (-36, 630, 918), (-54, 576, 918)]	(9386, 11430, 9929, 10532, 11530, 9769, 8138, 7308, 4985, 6989, 8335, 9827, 4849, 6746, 7201, 7069, 11220, 19838, 16468, 15780, 15825, 13096, 11884, 1877)
j	17070	(681, 160)	[(-72, 576, 882), (-90, 594, 828), (-90, 576, 900), (-36, 594, 828), (-18, 612, 846), (0, 594, 846), (-72, 594, 882), (-54, 594, 864), (-36, 576, 864), (-36, 594, 864), (0, 594, 864), (-18, 594, 882), (-54, 594, 864), (-36, 612, 846), (0, 612, 864), (-18, 612, 846), (-36, 594, 846), (-54, 594, 900), (-36, 594, 900), (-18, 594, 882), (-108, 630, 684), (-54, 576, 918), (-126, 630, 1008), (-54, 630, 738), (-54, 594, 738)]	(9380, 11475, 9924, 10561, 11517, 9724, 8090, 7333, 4918, 6959, 7843, 9752, 4879, 6847, 7204, 7067, 11215, 19827, 16373, 15762, 15825, 13099, 11879, 1882)
x	18570	(750, 317)	[(-54, 594, 810), (-54, 612, 882), (-72, 594, 846), (-54, 612, 828), (-54, 612, 864), (-54, 594, 864), (0, 594, 936), (-54, 594, 972), (-72, 630, 792), (-36, 648, 792), (-72, 612, 828), (-54, 612, 918), (-54, 630, 864), (-72, 630, 810), (-90, 630, 774), (-54, 630, 810), (-108, 630, 864), (0, 612, 972), (-180, 666, 648), (-54, 630, 774), (-54, 666, 954), (-72, 648, 900), (-162, 612, 756), (-144, 648, 792), (-90, 630, 972)]	(9392, 11680, 10264, 11178, 11533, 9809, 7777, 6639, 4671, 6937, 7641, 7804, 4728, 6735, 7203, 7036, 11250, 19895, 16863, 15859, 16092, 13130, 11879, 1878)
c	19849	(764, 274)	[(-90, 612, 864), (-54, 630, 810), (-72, 630, 846), (-54, 612, 864), (-72, 630, 882), (-108, 612, 864), (-90, 594, 810), (-36, 612, 810), (-36, 612, 810), (-90, 612, 846), (-72, 630, 828), (-54, 612, 846), (-36, 630, 864), (-54, 612, 828), (-72, 612, 828), (-108, 630, 846), (-54, 630, 882), (-54, 612, 972), (0, 630, 918), (-144, 648, 648), (-108, 630, 1026), (-54, 612, 936), (-36, 648, 738), (-72, 594, 792), (-162, 648, 756)]	(9389, 11698, 10225, 11073, 11516, 9770, 7775, 6771, 4618, 6932, 7670, 8614, 4727, 6769, 7191, 7034, 11243, 19887, 16858, 15839, 16070, 13122, 11878, 1881)
i	21146	(600, 128)	[(-72, 594, 882), (-54, 612, 864), (-72, 612, 846), (-72, 612, 828), (-90, 630, 774), (-36, 630, 810), (-72, 612, 882), (-72, 594, 846), (-72, 630, 810), (-36, 594, 810), (-36, 630, 846), (-54, 612, 900), (-36, 630, 864), (-54, 612, 864), (-54, 648, 828), (-54, 630, 846), (-54, 612, 828), (-18, 630, 918), (-18, 612, 882), (-108, 594, 702), (-90, 648, 702), (-18, 630, 972), (-72, 612, 882), (-54, 648, 792), (-72, 666, 828)]	(9387, 11565, 10086, 10989, 11517, 9763, 7975, 7211, 4825, 6964, 8086, 9270, 4795, 6811, 7207, 7087, 11239, 19879, 16760, 15828, 16018, 13127, 11890, 1887)
f	22544	(668, 284)	[(-72, 612, 846), (-72, 612, 846), (-72, 612, 828), (-54, 630, 846), (-72, 612, 846), (-72, 630, 864), (-54, 630, 846), (-54, 630, 864), (-72, 612, 882), (-72, 630, 864), (-54, 630, 774), (-72, 630, 810), (-72, 612, 864), (-54, 612, 846), (-54, 612, 864), (-72, 630, 864), (-36, 612, 828), (-54, 630, 882), (-72, 612, 918), (-108, 612, 810), (-72, 666, 702), (-36, 630, 810), (-36, 666, 900), (-54, 648, 792), (-72, 612, 774)]	(9389, 11670, 10216, 11173, 11512, 9742, 7728, 7325, 4668, 6932, 7435, 9189, 4761, 6583, 7163, 7016, 11254, 19898, 16906, 15899, 16098, 13139, 11898, 1882)
p	23723	(572, 17)	[(-72, 630, 846), (-90, 630, 846), (-90, 612, 864), (-90, 594, 882), (-72, 612, 846), (-72, 630, 864), (-54, 630, 810), (-54, 630, 810), (-72, 612, 846), (-72, 612, 864), (-72, 630, 756), (-54, 630, 810), (-54, 630, 882), (-72, 612, 864), (-54, 630, 810), (-36, 630, 828), (-54, 630, 900), (0, 612, 846), (0, 594, 720), (-180, 666, 738), (-36, 594, 846), (-54, 648, 972), (-90, 630, 882), (-90, 612, 810), (-90, 630, 792)]	(9382, 11495, 9984, 10835, 11502, 9728, 7924, 7576, 4727, 6932, 7392, 9639, 4813, 6629, 7180, 7037, 11220, 19850, 16647, 15787, 15910, 13108, 11873, 1885)
e	25023	(589, 348)	[(-72, 612, 864), (-72, 594, 864), (-36, 612, 846), (-36, 612, 900), (-36, 594, 954), (-72, 594, 900), (-90, 648, 792), (-108, 648, 720), (-108, 648, 774), (-72, 666, 846), (-36, 648, 792), (-72, 648, 702), (-108, 648, 846), (-72, 684, 846), (-72, 684, 846), (-72, 684, 810), (-36, 684, 774), (18, 684, 792), (-36, 702, 828), (-54, 702, 810), (0, 684, 810), (-54, 684, 720), (-90, 720, 864), (-108, 720, 792), (-144, 684, 630)]	(9391, 11744, 10404, 11494, 11489, 9710, 7300, 7166, 4846, 6910, 6959, 8844, 4701, 6370, 7150, 6982, 11257, 19919, 17225, 15965, 16179, 13153, 11898, 1880)
l	26357	(665, 32)	[(-72, 630, 828), (-36, 648, 846), (-54, 666, 828), (-36, 648, 882), (-54, 648, 846), (-36, 648, 900), (-90, 630, 846), (-72, 648, 810), (36, 630, 792), (0, 630, 846), (-36, 630, 810), (-36, 612, 864), (-36, 612, 846), (-18, 648, 810), (-36, 630, 810), (-54, 630, 864), (-54, 630, 864), (-36, 630, 846), (18, 594, 792), (-126, 648, 720), (-36, 612, 864), (0, 612, 990), (-90, 648, 900), (-36, 630, 810), (-36, 648, 864)]	(9390, 11579, 9952, 10557, 11497, 9745, 8250, 6959, 4575, 6888, 6595, 9505, 4759, 6546, 7163, 6947, 11209, 19832, 16603, 15753, 15792, 13084, 11880, 1875)
k	27549	(673, 107)	[(0, 612, 882), (-54, 594, 882), (-36, 612, 846), (-36, 612, 828), (-36, 630, 846), (-36, 630, 864), (-54, 630, 864), (-36, 612, 864), (-36, 612, 846), (-36, 612, 864), (-36, 612, 846), (0, 630, 828), (-18, 630, 882), (-72, 630, 828), (-36, 630, 810), (36, 612, 864), (-72, 630, 828), (-54, 612, 792), (-54, 612, 828), (0, 630, 810), (-36, 630, 936), (-54, 630, 936), (-108, 612, 774), (-90, 666, 792), (18, 612, 918)]	(9384, 11536, 9961, 10638, 11491, 9705, 7713, 7029, 4481, 6882, 6528, 9469, 4778, 6626, 7170, 6966, 11203, 19829, 16541, 15738, 15856, 13093, 11865, 1876)
d	28901	(665, 332)	[(-72, 630, 846), (-72, 630, 792), (-36, 630, 882), (-54, 612, 900), (-36, 630, 828), (18, 630, 846), (-54, 648, 864), (-72, 648, 846), (-72, 648, 810), (-54, 684, 702), (-36, 684, 756), (-54, 666, 882), (-90, 648, 810), (-72, 684, 792), (-54, 684, 774), (-72, 666, 864), (-54, 702, 738), (-126, 648, 648), (-54, 684, 882), (-18, 684, 918), (-36, 666, 828), (-144, 684, 882), (-162, 720, 612), (36, 666, 846), (54, 648, 954)]	(9387, 11630, 10207, 11158, 11490, 9720, 7359, 6950, 4568, 6876, 6451, 8433, 4736, 6654, 7174, 6978, 11235, 19883, 16808, 15856, 16106, 13134, 11883, 1880)
h	30233	(677, 193)	[(-108, 684, 810), (-90, 666, 828), (-72, 684, 720), (-72, 684, 810), (-72, 666, 810), (-54, 666, 828), (-54, 666, 810), (-54, 666, 774), (-54, 666, 810), (-36, 684, 810), (-54, 666, 846), (-54, 666, 828), (-90, 666, 846), (-72, 666, 810), (-54, 648, 810), (-54, 666, 792), (-36, 666, 810), (-36, 666, 828), (-54, 684, 900), (-36, 648, 936), (-54, 702, 648), (-36, 666, 738), (-54, 684, 864), (-54, 666, 846), (-72, 666, 792)]	(9389, 11639, 10169, 11069, 11511, 9782, 7808, 7380, 4698, 6910, 6739, 9372, 4775, 6675, 7174, 6988, 11238, 19875, 16751, 15825, 16027, 13120, 11887, 1885)
z	31384	(750, 366)	[(0, 648, 846), (-36, 648, 846), (0, 648, 846), (-18, 648, 828), (-54, 648, 810), (-36, 648, 810), (18, 648, 846), (0, 648, 810), (-54, 630, 828), (-72, 648, 864), (-18, 666, 810), (18, 684, 774), (-72, 666, 810), (-144, 666, 864), (-126, 648, 828), (18, 684, 810), (18, 666, 864), (-72, 684, 846), (-126, 666, 756), (-162, 666, 810), (-36, 720, 702), (-18, 684, 720), (-162, 684, 846), (-108, 684, 738), (-90, 684, 630)]	(9420, 12110, 10848, 11873, 11582, 10029, 7510, 6590, 4630, 6916, 6366, 7287, 4632, 6333, 7151, 6922, 11255, 19930, 17415, 15874, 16120, 13150, 11888, 1877)
s	32667	(676, 362)	[(0, 648, 792), (-36, 648, 810), (-36, 648, 882), (-54, 630, 846), (-36, 648, 810), (0, 648, 864), (-72, 666, 900), (-126, 666, 774), (-72, 666, 810), (-36, 684, 828), (-36, 684, 792), (-36, 684, 810), (-72, 684, 792), (-108, 666, 792), (-90, 684, 810), (-54, 684, 738), (-54, 684, 792), (-72, 666, 810), (-72, 666, 846), (-72, 684, 846), (-126, 738, 648), (0, 738, 774), (-36, 720, 810), (-54, 684, 756), (-90, 702, 738)]	(9412, 11902, 10587, 11726, 11571, 9964, 7683, 6613, 4818, 6943, 6950, 7324, 4632, 6482, 7165, 6962, 11268, 19946, 17624, 15981, 16215, 13157, 11895, 1881)
m	34025	(759, 113)	[(-54, 648, 846), (-72, 666, 828), (-54, 666, 792), (-36, 648, 810), (-18, 648, 864), (-72, 648, 882), (-72, 648, 846), (-54, 648, 792), (-36, 648, 792), (-36, 666, 828), (18, 648, 828), (0, 666, 738), (18, 666, 792), (36, 666, 846), (0, 666, 846), (-36, 666, 774), (18, 648, 828), (36, 666, 846), (36, 612, 792), (-126, 684, 738), (-54, 648, 918), (-72, 666, 864), (0, 648, 720), (-36, 684, 684), (36, 684, 810)]	(9388, 11485, 9989, 10602, 11515, 9768, 7820, 6900, 4718, 6949, 7264, 8680, 4795, 6855, 7205, 6995, 11213, 19836, 16681, 15648, 15845, 13091, 11882, 1870)
t	35417	(597, 253)	[(-72, 666, 828), (-54, 684, 810), (-18, 702, 738), (-72, 684, 774), (-90, 666, 828), (-36, 666, 792), (-36, 684, 810), (-36, 702, 810), (-54, 702, 846), (-54, 666, 828), (-36, 702, 738), (-36, 720, 720), (-72, 738, 774), (-54, 720, 792), (-54, 738, 756), (-54, 720, 756), (-36, 702, 774), (-18, 720, 756), (-36, 702, 792), (-36, 756, 612), (-36, 756, 576), (-18, 720, 864), (-36, 720, 846), (-36, 738, 702), (-36, 720, 648)]	(9394, 11636, 10201, 11236, 11490, 9731, 7312, 6892, 4649, 6893, 6581, 8680, 4687, 6496, 7160, 6950, 11231, 19889, 17092, 15827, 16097, 13134, 11893, 1887)
a	36598	(650, 424)	[(-36, 666, 792), (-36, 666, 810), (0, 684, 810), (-54, 666, 810), (-36, 666, 828), (-36, 666, 846), (-36, 684, 900), (-36, 666, 882), (18, 720, 738), (36, 702, 684), (-90, 702, 756), (-144, 702, 828), (-90, 720, 774), (-54, 720, 756), (-54, 720, 792), (-54, 720, 756), (-126, 720, 684), (-108, 702, 684), (36, 720, 720), (90, 810, 558), (-90, 720, 684), (-108, 756, 900), (-90, 756, 882), (-126, 756, 576), (-108, 720, 738)]	(9417, 12063, 10924, 12088, 11554, 9987, 7137, 6807, 4736, 6890, 6215, 7516, 4600, 6219, 7142, 6914, 11280, 19961, 17905, 15996, 16248, 13162, 11896, 1888)
k	37841	(669, 111)	[(-72, 648, 846), (-90, 666, 810), (-54, 666, 792), (-36, 648, 774), (-54, 666, 774), (-90, 666, 792), (-54, 648, 810), (-54, 684, 792), (0, 684, 774), (0, 666, 828), (-36, 666, 846), (-72, 666, 828), (-54, 648, 828), (-54, 648, 828), (-54, 666, 864), (-72, 666, 864), (-90, 648, 756), (-54, 666, 810), (-54, 666, 810), (-54, 648, 792), (-54, 666, 720), (-144, 648, 756), (-90, 666, 864), (-54, 666, 882), (-72, 666, 828)]	(9399, 11666, 10194, 10945, 11544, 9884, 7895, 7073, 4674, 6946, 6810, 8905, 4758, 6789, 7184, 6965, 11222, 19859, 16860, 15702, 15955, 13110, 11888, 1888)
f	39027	(686, 277)	[(-54, 666, 828), (-36, 666, 828), (-72, 666, 828), (-72, 648, 828), (-54, 666, 774), (-36, 666, 810), (-90, 648, 810), (-72, 648, 828), (-36, 684, 738), (-18, 684, 756), (-54, 702, 828), (-54, 684, 810), (-54, 684, 792), (-36, 684, 810), (-18, 684, 792), (-36, 684, 792), (-54, 684, 810), (-36, 684, 846), (-36, 702, 810), (-36, 684, 846), (-54, 702, 756), (0, 684, 702), (-54, 702, 864), (-54, 684, 846), (-72, 702, 720)]	(9410, 11782, 10320, 11231, 11517, 9830, 7526, 7219, 4634, 6903, 6348, 9055, 4736, 6516, 7167, 6957, 11238, 19902, 17178, 15805, 16103, 13135, 11888, 1881)
b	40322	(764, 196)	[(-72, 684, 828), (-72, 666, 774), (-54, 666, 810), (-72, 666, 864), (-90, 648, 828), (-108, 684, 828), (-72, 684, 828), (-54, 684, 774), (-54, 684, 774), (-72, 666, 774), (-36, 684, 774), (-54, 684, 810), (-72, 684, 792), (-54, 666, 810), (-72, 666, 810), (-72, 666, 810), (-72, 666, 828), (-72, 666, 828), (-36, 684, 810), (-54, 684, 756), (-90, 666, 828), (-18, 648, 774), (-54, 684, 864), (-36, 666, 792), (-108, 684, 720)]	(9404, 11736, 10275, 11122, 11512, 9852, 7635, 6809, 4525, 6915, 6437, 8564, 4708, 6667, 7163, 6940, 11215, 19867, 16927, 15729, 16024, 13115, 11884, 1892)
s	41499	(666, 366)	[(-54, 666, 792), (-54, 666, 810), (-36, 666, 810), (-54, 666, 810), (-36, 666, 810), (-90, 666, 792), (-72, 684, 864), (-36, 666, 864), (-54, 684, 828), (-72, 702, 828), (-72, 720, 738), (-54, 720, 738), (-72, 702, 756), (-72, 720, 774), (-36, 738, 738), (-54, 756, 702), (-72, 756, 684), (-36, 756, 738), (18, 738, 756), (-72, 738, 756), (-180, 774, 540), (0, 738, 738), (18, 756, 918), (-144, 738, 792), (-90, 756, 558)]	(9399, 11851, 10575, 11681, 11527, 9897, 7154, 6427, 4613, 6881, 6192, 7137, 4592, 6375, 7140, 6919, 11261, 19939, 17679, 15948, 16222, 13151, 11886, 1877)
q	42702	(575, 442)	[(-54, 666, 846), (-36, 684, 810), (-36, 684, 810), (-54, 666, 792), (-54, 666, 792), (-36, 684, 828), (-36, 684, 864), (18, 684, 846), (0, 720, 864), (-36, 702, 936), (-36, 720, 684), (-36, 720, 684), (72, 756, 666), (36, 774, 576), (-72, 756, 738), (-162, 738, 810), (-162, 756, 738), (18, 792, 702), (-126, 756, 666), (-126, 864, 522), (-126, 738, 540), (-126, 792, 792), (-126, 774, 720), (-36, 738, 468), (18, 792, 594)]	(9428, 12062, 10804, 12147, 11550, 9949, 6825, 6068, 4746, 6895, 6087, 6548, 4540, 6159, 7132, 6891, 11277, 19960, 18195, 16148, 16012, 13138, 11893, 1877)
y	43930	(584, 210)	[(-90, 684, 810), (-36, 684, 792), (54, 684, 810), (-90, 666, 828), (-72, 666, 810), (0, 684, 810), (-18, 684, 810), (-54, 666, 828), (-36, 684, 792), (-54, 702, 792), (18, 666, 810), (0, 684, 810), (-36, 684, 828), (-36, 684, 774), (-36, 684, 756), (0, 684, 828), (18, 666, 882), (-54, 648, 846), (-54, 666, 774), (-36, 702, 630), (-18, 684, 756), (18, 702, 864), (18, 720, 810), (-144, 702, 738), (-72, 684, 792)]	(9370, 11394, 10101, 11153, 11512, 9835, 7607, 7942, 5646, 7013, 8632, 9479, 4734, 6542, 7197, 7015, 11270, 19923, 17484, 15837, 15937, 13117, 11896, 1884)
d	45226	(658, 327)	[(-90, 666, 846), (-90, 648, 828), (-36, 648, 810), (0, 684, 828), (-18, 666, 810), (-72, 648, 828), (-36, 648, 846), (-36, 666, 828), (-72, 702, 702), (-54, 684, 810), (-54, 666, 864), (-36, 684, 810), (-36, 666, 774), (-18, 684, 810), (-54, 684, 792), (-72, 666, 810), (-54, 684, 810), (-72, 666, 918), (-36, 666, 792), (0, 666, 630), (18, 738, 1026), (18, 702, 900), (-108, 684, 684), (-162, 720, 792), (-108, 702, 720)]	(9377, 11547, 10330, 11372, 11485, 9736, 7213, 7501, 5177, 6946, 8317, 9113, 4707, 6474, 7186, 6998, 11267, 19939, 17580, 15950, 16054, 13133, 11897, 1877)
v	46598	(747, 237)	[(-72, 666, 774), (-90, 666, 792), (-36, 684, 774), (-36, 684, 828), (-54, 666, 774), (-36, 666, 738), (-72, 666, 810), (-54, 666, 810), (-72, 684, 792), (-54, 666, 864), (-54, 666, 864), (-72, 666, 828), (-54, 648, 792), (-18, 666, 792), (18, 648, 828), (-54, 666, 810), (-54, 648, 810), (-36, 648, 846), (-36, 666, 810), (-36, 648, 810), (-36, 684, 864), (-54, 684, 846), (-72, 666, 792), (-36, 666, 774), (-90, 666, 756)]	(9375, 11545, 10216, 11191, 11477, 9774, 7288, 7721, 4888, 6924, 6950, 9438, 4709, 6558, 7167, 6953, 11236, 19895, 17244, 15792, 15943, 13119, 11888, 1881)
u	48099	(591, 164)	[(-72, 666, 846), (-90, 684, 756), (-36, 684, 720), (-54, 684, 864), (-72, 666, 864), (-72, 684, 810), (-54, 684, 792), (-54, 684, 810), (-36, 684, 810), (-54, 684, 810), (-54, 666, 810), (-54, 666, 828), (-54, 648, 828), (-36, 684, 738), (-18, 684, 756), (-54, 666, 846), (-54, 648, 864), (-54, 648, 864), (-36, 666, 828), (-72, 720, 630), (0, 666, 954), (-54, 684, 828), (-36, 684, 792), (-108, 666, 792), (-90, 666, 792)]	(9347, 11291, 9992, 10949, 11447, 9664, 7021, 8055, 4971, 6922, 7075, 9660, 4759, 6607, 7186, 6984, 11235, 19890, 17133, 15770, 15913, 13115, 11885, 1883)
y	49375	(595, 221)	[(-54, 648, 792), (-108, 648, 810), (-72, 666, 810), (-54, 666, 792), (-54, 648, 792), (-72, 666, 846), (-54, 666, 936), (-72, 648, 846), (-72, 666, 756), (-54, 684, 774), (0, 702, 774), (0, 684, 774), (-72, 666, 864), (-90, 666, 828), (-54, 684, 756), (-36, 684, 792), (-36, 702, 774), (-72, 684, 792), (-54, 666, 828), (-54, 684, 810), (-36, 684, 702), (-36, 720, 594), (-36, 648, 918), (-72, 684, 882), (-72, 702, 774)]	(9376, 11464, 10130, 11160, 11484, 9767, 7278, 8277, 5199, 6960, 7389, 10006, 4754, 6539, 7177, 6995, 11246, 19908, 17276, 15871, 16000, 13124, 11891, 1879)
r	50675	(596, 304)	[(-54, 666, 846), (-36, 666, 774), (-36, 684, 846), (-72, 666, 846), (-108, 684, 774), (-72, 666, 900), (-72, 666, 774), (-36, 684, 666), (-72, 684, 792), (-54, 684, 882), (-36, 720, 810), (-54, 738, 720), (18, 738, 702), (-36, 720, 828), (0, 720, 810), (-36, 702, 738), (-72, 720, 774), (-90, 702, 792), (-36, 702, 846), (-36, 720, 738), (-72, 756, 522), (36, 738, 774), (-54, 756, 810), (18, 756, 630), (0, 774, 630)]	(9379, 11510, 10199, 11296, 11527, 9879, 7390, 7760, 5407, 7020, 7882, 9707, 4690, 6453, 7174, 6989, 11274, 19952, 17610, 16010, 16100, 13148, 11896, 1886)
g	52076	(675, 257)	[(-72, 666, 774), (-36, 666, 810), (0, 648, 810), (-90, 648, 828), (-72, 666, 828), (-54, 684, 792), (-54, 684, 810), (-54, 684, 828), (-54, 666, 810), (-36, 666, 828), (-54, 666, 810), (-36, 684, 792), (-36, 684, 810), (18, 684, 774), (0, 684, 792), (-36, 666, 846), (0, 684, 864), (0, 648, 918), (-18, 666, 738), (-108, 720, 558), (0, 666, 828), (-36, 684, 882), (-54, 666, 810), (-108, 684, 792), (-126, 702, 702)]	(9374, 11525, 10174, 11186, 11498, 9814, 7425, 8329, 5284, 6957, 7236, 9984, 4769, 6547, 7176, 6979, 11252, 19921, 17279, 15911, 16021, 13133, 11887, 1884)
w	53303	(570, 396)	[(-54, 648, 792), (-36, 666, 846), (-54, 648, 936), (-54, 630, 828), (-54, 666, 846), (-72, 684, 936), (0, 684, 900), (36, 720, 666), (36, 738, 522), (-54, 738, 666), (-54, 756, 828), (-90, 738, 684), (-216, 738, 756), (-180, 738, 720), (-90, 756, 720), (-90, 738, 810), (-90, 720, 774), (-72, 738, 702), (-180, 702, 756), (-198, 810, 558), (18, 720, 648), (108, 792, 774), (-54, 810, 738), (-198, 756, 684), (-234, 756, 630)]	(9397, 11717, 10485, 11690, 11495, 9815, 6998, 6292, 4940, 6897, 6969, 7324, 4599, 6229, 7138, 6935, 11282, 19956, 17872, 16382, 16054, 13146, 11895, 1880)
o	54700	(581, 90)	[(-36, 648, 774), (-36, 648, 774), (-36, 666, 756), (-36, 684, 774), (-54, 666, 846), (-36, 684, 846), (-36, 666, 864), (-54, 666, 828), (-54, 666, 774), (-90, 666, 810), (-90, 666, 828), (-54, 666, 810), (0, 666, 792), (-54, 666, 774), (-72, 666, 828), (-54, 684, 810), (-18, 702, 828), (0, 630, 792), (-72, 756, 648), (-36, 684, 864), (-54, 666, 936), (-72, 666, 846), (-72, 720, 774), (0, 666, 648), (-72, 702, 702)]	(9361, 11367, 9966, 10918, 11467, 9679, 7325, 7399, 4976, 6939, 7323, 9490, 4771, 6639, 7181, 6997, 11239, 19880, 17187, 15814, 15871, 13099, 11892, 1886)
v	55945	(748, 248)	[(-72, 666, 810), (-72, 684, 792), (-36, 666, 828), (-36, 666, 810), (-36, 666, 792), (-36, 666, 738), (-36, 666, 774), (-54, 648, 810), (-36, 666, 756), (0, 666, 864), (-54, 666, 828), (-54, 684, 774), (-54, 684, 828), (-36, 684, 792), (0, 684, 792), (-54, 684, 774), (-54, 666, 828), (-72, 684, 792), (-36, 666, 828), (0, 648, 864), (-162, 702, 648), (-36, 666, 900), (-54, 684, 900), (-54, 684, 792), (-72, 684, 810)]	(9364, 11539, 10135, 11042, 11491, 9760, 7521, 7657, 5068, 6956, 7239, 9719, 4788, 6642, 7182, 7007, 11253, 19903, 17249, 15860, 15931, 13118, 11894, 1878)
a	57027	(667, 432)	[(-36, 666, 792), (0, 648, 792), (-36, 666, 792), (-36, 684, 846), (-54, 666, 828), (-36, 648, 810), (-36, 648, 828), (-54, 666, 828), (-36, 648, 792), (36, 648, 846), (36, 702, 882), (-36, 666, 990), (18, 666, 900), (-18, 738, 666), (-36, 756, 666), (-72, 738, 684), (-36, 720, 612), (-90, 702, 738), (-72, 720, 756), (-54, 738, 774), (-162, 756, 702), (-162, 702, 612), (-144, 738, 792), (-54, 720, 954), (-90, 720, 684)]	(9408, 12027, 10712, 11831, 11592, 10074, 7683, 6435, 4957, 6957, 7736, 7035, 4572, 6252, 7145, 6942, 11292, 19973, 18093, 16374, 15955, 13143, 11901, 1883)
n	58321	(754, 168)	[(-36, 666, 810), (0, 684, 828), (-36, 666, 810), (18, 648, 810), (-36, 684, 810), (36, 666, 864), (-36, 684, 792), (36, 666, 738), (-36, 666, 846), (-36, 648, 828), (0, 666, 774), (18, 666, 828), (-18, 684, 828), (-18, 684, 846), (0, 666, 846), (0, 666, 846), (-36, 666, 846), (-18, 666, 828), (-54, 666, 774), (-54, 666, 738), (-36, 666, 792), (18, 702, 792), (-54, 648, 882), (-108, 684, 828), (-72, 666, 774)]	(9384, 11517, 10089, 10911, 11503, 9782, 7556, 6815, 4700, 6928, 7099, 8609, 4677, 6671, 7188, 6962, 11231, 19870, 17188, 15824, 15850, 13098, 11876, 1881)
p	59506	(573, 13)	[(-36, 666, 774), (-54, 666, 864), (0, 648, 828), (-90, 684, 756), (-54, 666, 756), (-18, 702, 810), (-54, 666, 738), (-72, 684, 756), (-36, 648, 882), (18, 666, 864), (0, 666, 828), (18, 684, 828), (0, 684, 792), (-54, 684, 774), (-18, 666, 828), (18, 648, 864), (0, 648, 810), (-54, 648, 774), (-54, 648, 774), (-36, 630, 684), (-54, 720, 774), (18, 684, 990), (-54, 684, 864), (-54, 666, 774), (-72, 684, 810)]	(9373, 11401, 9928, 10790, 11503, 9780, 7839, 7657, 5121, 6965, 7438, 9891, 4766, 6643, 7187, 6999, 11233, 19865, 17154, 15747, 15753, 13080, 11893, 1881)
u	60686	(586, 169)	[(18, 666, 828), (-36, 648, 828), (-36, 666, 828), (0, 648, 846), (18, 666, 792), (0, 666, 792), (-36, 666, 792), (-54, 666, 810), (-36, 666, 828), (18, 666, 846), (-54, 684, 810), (18, 684, 882), (0, 684, 900), (-72, 666, 792), (0, 684, 738), (0, 684, 774), (-18, 684, 828), (-18, 648, 846), (-54, 648, 828), (-72, 684, 666), (54, 648, 954), (36, 702, 972), (-36, 684, 792), (-90, 684, 648), (-90, 702, 756)]	(9355, 11345, 9923, 10820, 11451, 9653, 7316, 7559, 5036, 6930, 7860, 9714, 4821, 6629, 7197, 7064, 11245, 19887, 17117, 15817, 15863, 13101, 11891, 1877)
i	61990	(577, 129)	[(18, 666, 810), (0, 666, 810), (-36, 648, 846), (-36, 666, 810), (18, 684, 810), (18, 684, 810), (-18, 666, 864), (0, 648, 774), (0, 666, 792), (-36, 666, 828), (18, 666, 828), (18, 666, 774), (0, 666, 774), (-36, 666, 828), (18, 666, 810), (-36, 666, 810), (-54, 684, 864), (-36, 648, 918), (-72, 666, 738), (-54, 702, 630), (36, 648, 864), (-54, 720, 900), (18, 702, 756), (-90, 720, 756), (0, 684, 846)]	(9355, 11327, 9906, 10785, 11452, 9653, 7503, 7624, 5191, 6983, 8102, 9669, 4849, 6663, 7205, 7092, 11246, 19884, 17109, 15794, 15845, 13100, 11885, 1880)
o	63236	(595, 75)	[(-54, 666, 792), (-54, 666, 810), (-54, 666, 828), (-54, 666, 846), (-54, 666, 756), (-36, 666, 720), (-36, 684, 828), (-36, 702, 792), (-54, 702, 792), (-36, 684, 774), (0, 702, 828), (36, 684, 846), (-54, 684, 828), (-18, 666, 792), (-72, 666, 756), (-18, 684, 792), (-18, 684, 810), (-36, 666, 792), (-54, 666, 828), (-72, 684, 864), (-72, 684, 738), (18, 684, 756), (0, 720, 882), (-36, 666, 756), (-54, 702, 720)]	(9365, 11355, 9907, 10803, 11463, 9671, 7547, 7464, 5092, 6976, 8045, 9705, 4813, 6671, 7200, 7077, 11242, 19875, 17110, 15786, 15835, 13090, 11888, 1885)
g	64569	(666, 245)	[(-36, 684, 792), (-72, 684, 774), (-36, 684, 828), (-36, 684, 792), (-54, 684, 846), (-54, 666, 810), (-54, 666, 774), (-36, 684, 792), (-54, 684, 756), (-54, 684, 774), (-90, 684, 810), (-18, 684, 846), (0, 684, 828), (-36, 684, 792), (-36, 666, 792), (-36, 666, 828), (0, 684, 846), (-36, 666, 918), (0, 648, 828), (18, 720, 630), (-18, 684, 756), (18, 702, 864), (-36, 684, 828), (-90, 684, 738), (-36, 684, 864)]	(9364, 11375, 9950, 10820, 11443, 9633, 7224, 7431, 4839, 6903, 7121, 9506, 4788, 6576, 7172, 7014, 11236, 19880, 17093, 15828, 15879, 13100, 11879, 1882)
x	65814	(742, 332)	[(-36, 666, 828), (-36, 666, 828), (-36, 702, 792), (-36, 684, 810), (-108, 666, 810), (-72, 666, 792), (-36, 702, 756), (-36, 666, 810), (-54, 684, 810), (-54, 666, 810), (-72, 684, 810), (-90, 648, 810), (-72, 702, 774), (18, 684, 846), (-54, 702, 846), (-72, 702, 810), (-108, 666, 738), (-108, 684, 738), (0, 666, 810), (-54, 684, 720), (-90, 684, 756), (-36, 702, 828), (-36, 702, 756), (-54, 666, 792), (-144, 684, 720)]	(9397, 11724, 10305, 11278, 11522, 9840, 7684, 7049, 4840, 6916, 7432, 8705, 4701, 6506, 7173, 6979, 11259, 19924, 17507, 15968, 15969, 13123, 11887, 1882)
z	67041	(749, 393)	[(-36, 684, 792), (0, 666, 846), (18, 684, 828), (-72, 630, 792), (0, 648, 846), (18, 666, 828), (-36, 666, 828), (-18, 684, 828), (0, 684, 828), (-18, 666, 846), (-72, 666, 810), (18, 684, 774), (-90, 684, 756), (-162, 648, 774), (-162, 666, 810), (-72, 666, 810), (-72, 684, 774), (-54, 666, 792), (-72, 702, 756), (-108, 684, 756), (-54, 684, 864), (0, 684, 882), (-72, 684, 792), (-90, 684, 684), (-90, 684, 828)]	(9407, 11919, 10605, 11573, 11563, 10000, 7483, 6320, 4636, 6919, 6762, 6931, 4621, 6362, 7145, 6924, 11244, 19923, 17719, 16046, 15889, 13113, 11876, 1881)
e	68184	(585, 345)	[(-18, 666, 810), (0, 666, 828), (-36, 666, 864), (-90, 648, 828), (-36, 666, 792), (-36, 684, 864), (18, 684, 918), (-36, 684, 828), (18, 684, 720), (-54, 702, 756), (-72, 702, 810), (-36, 684, 846), (-18, 684, 774), (-36, 702, 774), (-54, 702, 774), (-54, 720, 756), (-36, 720, 792), (0, 720, 810), (-36, 756, 756), (36, 756, 738), (-72, 810, 486), (-144, 702, 720), (-72, 756, 792), (-54, 738, 630), (-126, 756, 576)]	(9387, 11680, 10413, 11522, 11507, 9811, 7292, 6709, 5013, 6957, 8679, 7695, 4620, 6237, 7159, 7001, 11287, 19959, 18065, 16231, 16000, 13133, 11888, 1880)
l	69311	(659, 58)	[(-54, 684, 810), (-18, 684, 774), (-72, 666, 792), (-72, 666, 810), (-54, 666, 828), (-36, 684, 828), (-36, 702, 792), (-36, 684, 792), (-90, 666, 828), (-72, 666, 774), (18, 684, 792), (-36, 684, 756), (-72, 666, 810), (-54, 648, 882), (-90, 648, 846), (-72, 666, 828), (36, 666, 900), (-54, 666, 846), (-54, 666, 810), (-72, 612, 702), (-144, 666, 738), (-36, 648, 918), (-108, 648, 918), (-90, 630, 810), (-108, 648, 792)]	(9368, 11437, 9973, 10689, 11513, 9787, 7961, 7543, 5035, 6990, 8196, 9525, 4820, 6575, 7199, 7036, 11227, 19850, 16985, 15712, 15717, 13069, 11886, 1886)
m	70509	(755, 122)	[(-36, 666, 810), (0, 684, 810), (-72, 666, 846), (-72, 666, 864), (-54, 666, 846), (-54, 666, 810), (-72, 684, 792), (-54, 666, 828), (-54, 684, 810), (-72, 666, 774), (-90, 666, 792), (-72, 666, 828), (-72, 648, 810), (-54, 684, 810), (18, 684, 738), (-54, 684, 774), (-72, 684, 846), (-36, 666, 882), (-72, 666, 756), (-90, 666, 756), (-18, 648, 792), (-90, 648, 846), (-108, 648, 792), (-90, 666, 864), (-90, 630, 846)]	(9386, 11544, 10047, 10680, 11517, 9812, 7929, 7213, 4812, 6949, 7583, 9235, 4772, 6666, 7191, 7000, 11223, 19856, 17095, 15698, 15716, 13071, 11880, 1879)
c	71737	(732, 281)	[(0, 648, 792), (36, 684, 828), (-54, 666, 828), (-72, 666, 828), (0, 666, 828), (0, 666, 828), (-72, 648, 792), (-54, 684, 828), (-36, 684, 828), (-72, 684, 756), (-18, 684, 846), (0, 702, 828), (-36, 684, 792), (-54, 684, 774), (-54, 684, 756), (-72, 684, 810), (-54, 684, 792), (-90, 684, 810), (-36, 702, 828), (-90, 684, 828), (-90, 684, 666), (36, 702, 666), (18, 720, 918), (-54, 684, 792), (-144, 684, 702)]	(9389, 11680, 10220, 11082, 11501, 9774, 7574, 7494, 4841, 6926, 6894, 9426, 4726, 6500, 7169, 6973, 11248, 19912, 17504, 15866, 15895, 13100, 11892, 1878)
q	73087	(597, 434)	[(-36, 666, 810), (-54, 666, 810), (-54, 666, 810), (-54, 666, 810), (18, 684, 828), (-18, 702, 792), (-36, 684, 864), (-36, 720, 882), (-54, 738, 756), (0, 738, 666), (-54, 738, 684), (-36, 738, 738), (36, 738, 774), (18, 720, 720), (-36, 756, 720), (-36, 756, 756), (-54, 774, 864), (-54, 756, 774), (36, 774, 666), (-126, 846, 324), (-198, 756, 1008), (-198, 792, 1044), (-234, 792, 684), (-216, 792, 324), (-144, 774, 432)]	(9409, 11954, 10735, 12018, 11534, 9820, 7502, 6225, 5053, 6960, 9425, 6908, 4579, 6160, 7155, 7051, 11334, 20034, 19037, 16805, 15962, 13158, 11906, 1881)
t	74527	(578, 252)	[(-72, 702, 756), (0, 702, 792), (-18, 720, 756), (0, 720, 810), (-108, 720, 810), (-36, 720, 864), (18, 738, 828), (18, 756, 756), (-54, 756, 774), (-90, 756, 756), (-72, 738, 630), (-36, 738, 630), (18, 738, 720), (-90, 738, 720), (-126, 738, 738), (-36, 738, 810), (-54, 756, 774), (-54, 738, 702), (0, 774, 558), (54, 756, 702), (0, 738, 882), (0, 756, 846), (-36, 774, 756), (-198, 720, 612), (-54, 756, 684)]	(9377, 11542, 10192, 11219, 11462, 9651, 7373, 6479, 4864, 6941, 9409, 7308, 4671, 6283, 7176, 7111, 11281, 19955, 18053, 16178, 15909, 13122, 11885, 1882)
j	75814	(667, 166)	[(-54, 702, 792), (-72, 720, 774), (-36, 720, 756), (-72, 702, 756), (-90, 720, 810), (-90, 702, 774), (-54, 702, 738), (0, 720, 684), (18, 702, 720), (-36, 702, 792), (-18, 720, 828), (-72, 702, 792), (-36, 720, 756), (0, 720, 738), (-72, 702, 810), (-126, 666, 846), (-72, 684, 810), (-72, 702, 792), (-54, 702, 810), (-54, 702, 846), (-54, 702, 630), (0, 684, 774), (-36, 720, 918), (-72, 720, 792), (-36, 702, 684)]	(9383, 11610, 10241, 11222, 11498, 9789, 7998, 7322, 5341, 7032, 10255, 8048, 4735, 6362, 7206, 7149, 11290, 19951, 17921, 16098, 15892, 13118, 11901, 1901)
b	77215	(747, 204)	[(-54, 702, 792), (-54, 684, 828), (-72, 702, 810), (-72, 702, 756), (-36, 702, 720), (-54, 702, 774), (-72, 702, 810), (-54, 702, 774), (-54, 702, 774), (-72, 684, 774), (-72, 666, 810), (-90, 684, 774), (-54, 702, 774), (-72, 702, 810), (-72, 702, 810), (-54, 702, 810), (-72, 684, 792), (-72, 702, 756), (-36, 684, 792), (-54, 684, 774), (-72, 684, 720), (0, 720, 864), (-72, 720, 846), (-72, 684, 792), (-72, 702, 774)]	(9380, 11557, 10186, 11125, 11483, 9738, 7757, 6934, 5057, 6993, 9724, 7752, 4701, 6391, 7203, 7106, 11274, 19925, 17764, 16018, 15848, 13102, 11893, 1885)
w	78411	(590, 391)	[(0, 684, 810), (-54, 702, 774), (-72, 702, 792), (-72, 684, 810), (-54, 702, 774), (-36, 702, 756), (-36, 702, 774), (-72, 702, 738), (-36, 702, 738), (0, 738, 792), (18, 702, 792), (-72, 720, 828), (-54, 738, 864), (18, 738, 684), (-18, 774, 720), (-108, 738, 738), (-90, 756, 792), (-108, 738, 738), (-108, 738, 774), (-54, 720, 810), (-72, 720, 666), (-36, 792, 522), (-162, 774, 738), (-108, 774, 828), (-54, 810, 684)]	(9404, 11764, 10510, 11659, 11545, 9900, 7917, 6800, 5478, 7043, 10847, 7285, 4610, 6165, 7168, 7049, 11321, 20009, 18662, 16515, 15872, 13139, 11902, 1881)
r	79737	(590, 301)	[(-108, 702, 756), (-108, 720, 810), (-72, 720, 774), (-54, 702, 774), (-36, 756, 828), (-54, 720, 756), (-90, 756, 684), (-90, 774, 774), (-72, 756, 792), (-54, 774, 774), (-36, 774, 738), (-108, 756, 648), (-126, 756, 648), (-90, 756, 684), (0, 756, 756), (-54, 738, 756), (-108, 756, 738), (-108, 810, 594), (-108, 756, 594), (-54, 792, 900), (-54, 792, 774), (-36, 792, 648), (18, 792, 630), (0, 792, 576), (0, 774, 666)]	(9398, 11657, 10372, 11517, 11575, 10000, 8106, 6898, 5495, 7075, 11053, 7335, 4578, 6176, 7168, 7049, 11301, 19991, 18543, 16369, 15872, 13124, 11897, 1888)
n	81084	(748, 160)	[(-90, 684, 792), (-72, 720, 774), (-36, 702, 720), (-36, 702, 792), (-90, 702, 774), (-126, 702, 810), (-54, 666, 810), (-18, 702, 774), (72, 702, 792), (36, 720, 792), (0, 702, 774), (-36, 702, 792), (-36, 702, 810), (-36, 702, 792), (-36, 702, 828), (-54, 702, 792), (-126, 702, 792), (-108, 684, 756), (-36, 702, 810), (0, 702, 738), (-72, 720, 702), (-72, 684, 756), (-90, 720, 864), (-108, 702, 846), (-18, 702, 756)]	(9385, 11532, 10094, 10812, 11511, 9799, 8063, 7378, 5293, 7024, 9326, 8511, 4769, 6492, 7210, 7122, 11265, 19920, 17787, 15875, 15751, 13099, 11888, 1889)
