Please hold the phone in your left hand and type with your left thumb
i	1960301	(588, 118)	[(-162, 414, 1062), (-144, 378, 1062), (-180, 378, 1044), (-90, 360, 972), (36, 360, 918), (0, 360, 972), (-90, 378, 1008), (-54, 378, 1008), (18, 396, 918), (18, 414, 954), (72, 378, 900), (0, 414, 882), (0, 414, 972), (54, 396, 954), (36, 396, 954), (-90, 432, 1044), (0, 396, 1080), (36, 396, 1134), (108, 522, 666), (108, 450, 648), (-36, 504, 918), (-18, 468, 846), (90, 486, 828), (162, 432, 684), (18, 540, 846)]	(9525, 12102, 11503, 12728, 11923, 10085, 5584, 6936, 5313, 7713, 6266, 7253, 4617, 8504, 7529, 8161, 12808, 20319, 19220, 18930, 17225, 14156, 12057, 1935)
 	1960650	(825, 195)	[(0, 414, 882), (0, 414, 972), (54, 396, 954), (36, 396, 954), (-90, 432, 1044), (0, 396, 1080), (36, 396, 1134), (108, 522, 666), (108, 450, 648), (-36, 504, 918), (-18, 468, 846), (90, 486, 828), (162, 432, 684), (18, 540, 846), (-90, 342, 1260), (-36, 342, 900), (-72, 324, 1026), (-90, 270, 1062), (0, 270, 1080), (198, 270, 1044), (18, 306, 918), (-90, 396, 810), (-36, 342, 936), (54, 288, 1062), (126, 270, 990)]	(9532, 11904, 11348, 12456, 12017, 10159, 5869, 6652, 5399, 8091, 6288, 7132, 4611, 8434, 7588, 8063, 12679, 20384, 18975, 19224, 17401, 14177, 12076, 1940)
a	1961100	(692, 413)	[(-72, 324, 1026), (-90, 270, 1062), (0, 270, 1080), (198, 270, 1044), (18, 306, 918), (-90, 396, 810), (-36, 342, 936), (54, 288, 1062), (126, 270, 990), (108, 270, 1044), (-72, 342, 954), (-54, 324, 1044), (-36, 306, 1044), (18, 324, 1026), (-72, 360, 990), (-54, 360, 990), (18, 360, 990), (36, 342, 936), (-54, 378, 936), (-54, 360, 936), (0, 342, 1026), (36, 342, 1008), (18, 378, 936), (-36, 360, 936), (-90, 378, 972)]	(9521, 11826, 11165, 12249, 12142, 10101, 5900, 6883, 5333, 8333, 6404, 7329, 4651, 8510, 7580, 8216, 12594, 20265, 18660, 18555, 17055, 14032, 12046, 1951)
g	1961616	(672, 221)	[(-54, 360, 936), (0, 342, 1026), (36, 342, 1008), (18, 378, 936), (-36, 360, 936), (-90, 378, 972), (-36, 414, 864), (-72, 432, 954), (-36, 414, 918), (0, 432, 918), (-36, 432, 936), (0, 432, 936), (-36, 432, 990), (18, 414, 954), (18, 432, 972), (-54, 432, 1044), (-18, 450, 990), (18, 432, 972), (54, 468, 882), (-36, 468, 900), (-36, 432, 900), (54, 414, 900), (72, 396, 900), (36, 414, 936), (-36, 432, 1044)]	(9521, 11972, 11251, 12482, 12199, 10188, 5718, 6860, 5509, 8605, 6663, 7508, 4669, 8718, 7642, 8227, 12877, 20297, 18912, 18558, 17050, 14079, 12062, 1941)
r	1962031	(602, 307)	[(18, 432, 972), (-54, 432, 1044), (-18, 450, 990), (18, 432, 972), (54, 468, 882), (-36, 468, 900), (-36, 432, 900), (54, 414, 900), (72, 396, 900), (36, 414, 936), (-36, 432, 1044), (0, 450, 1008), (-36, 450, 954), (54, 414, 936), (54, 414, 954), (-18, 432, 972), (-36, 432, 990), (36, 432, 1008), (18, 432, 936), (36, 450, 846), (-36, 450, 936), (18, 432, 936), (-36, 450, 972), (-18, 450, 954), (54, 432, 918)]	(9529, 12054, 11307, 12583, 12220, 10195, 5831, 7060, 5291, 8611, 6615, 7484, 4684, 8747, 7630, 8273, 12879, 20320, 19023, 18561, 17040, 14088, 12057, 1947)
e	1962380	(598, 345)	[(0, 450, 1008), (-36, 450, 954), (54, 414, 936), (54, 414, 954), (-18, 432, 972), (-36, 432, 990), (36, 432, 1008), (18, 432, 936), (36, 450, 846), (-36, 450, 936), (18, 432, 936), (-36, 450, 972), (-18, 450, 954), (54, 432, 918), (18, 432, 954), (-36, 432, 990), (-36, 432, 972), (36, 450, 864), (18, 450, 900), (0, 432, 972), (-54, 432, 990), (-36, 432, 972), (18, 450, 900), (-36, 432, 900), (-72, 450, 1008)]	(9526, 12040, 11312, 12480, 12254, 10261, 5950, 6874, 5228, 8620, 6675, 7335, 4681, 8673, 7623, 8240, 12787, 20303, 18951, 18495, 17011, 14054, 12054, 1941)
e	1963519	(565, 334)	[(-18, 378, 936), (-36, 396, 936), (-54, 378, 936), (-54, 378, 990), (0, 378, 1008), (0, 360, 1026), (-72, 396, 1008), (-90, 432, 954), (-36, 432, 936), (18, 414, 972), (-36, 432, 954), (-72, 432, 900), (0, 414, 990), (0, 396, 972), (-36, 450, 936), (-18, 450, 954), (-36, 450, 990), (-54, 450, 918), (-90, 450, 1008), (-36, 468, 936), (36, 486, 882), (36, 486, 828), (-36, 486, 810), (-54, 468, 900), (54, 450, 828)]	(9533, 12036, 11204, 12377, 12319, 10235, 5685, 6904, 5433, 8722, 6573, 7501, 4701, 8719, 7636, 8198, 12803, 20293, 18824, 18332, 16908, 14023, 12055, 1935)
 	1964022	(836, 260)	[(-36, 468, 936), (36, 486, 882), (36, 486, 828), (-36, 486, 810), (-54, 468, 900), (54, 450, 828), (36, 486, 828), (-54, 486, 1098), (-72, 468, 846), (-54, 432, 918), (-36, 432, 990), (-54, 432, 1008), (-54, 450, 990), (36, 414, 900), (-54, 468, 936), (-54, 432, 954), (-36, 450, 936), (-54, 432, 990), (54, 432, 1026), (18, 396, 954), (-54, 468, 846), (-90, 504, 882), (-72, 468, 918), (36, 396, 954), (36, 468, 1026)]	(9519, 11999, 11216, 12428, 12155, 10214, 5764, 6624, 5105, 8403, 6397, 7331, 4686, 8536, 7622, 8043, 12738, 20345, 18844, 18794, 17195, 14103, 12078, 1944)
s	1964440	(653, 353)	[(-54, 468, 936), (-54, 432, 954), (-36, 450, 936), (-54, 432, 990), (54, 432, 1026), (18, 396, 954), (-54, 468, 846), (-90, 504, 882), (-72, 468, 918), (36, 396, 954), (36, 468, 1026), (-18, 432, 1044), (0, 414, 900), (-72, 450, 918), (-36, 432, 954), (0, 414, 954), (18, 414, 936), (-18, 414, 990), (-18, 414, 972), (0, 486, 828), (18, 450, 936), (54, 414, 954), (36, 396, 990), (18, 414, 972), (54, 414, 828)]	(9520, 11999, 11166, 12383, 12124, 10152, 6129, 6690, 5261, 8361, 6360, 7430, 4659, 8480, 7564, 8010, 12543, 20353, 19120, 18827, 17186, 14086, 12060, 1952)
i	1964889	(559, 126)	[(18, 414, 936), (-18, 414, 990), (-18, 414, 972), (0, 486, 828), (18, 450, 936), (54, 414, 954), (36, 396, 990), (18, 414, 972), (54, 414, 828), (72, 396, 990), (54, 450, 972), (54, 432, 990), (18, 432, 954), (36, 468, 918), (90, 414, 936), (36, 450, 936), (36, 468, 936), (54, 450, 936), (108, 540, 702), (54, 486, 864), (72, 468, 972), (90, 468, 936), (144, 486, 792), (180, 432, 756), (36, 414, 882)]	(9524, 12100, 11296, 12626, 11953, 10171, 5516, 6761, 5046, 7748, 6315, 7181, 4609, 8464, 7511, 8055, 12989, 20290, 19063, 18690, 17145, 14135, 12050, 1941)
n	1965357	(749, 141)	[(36, 468, 936), (54, 450, 936), (108, 540, 702), (54, 486, 864), (72, 468, 972), (90, 468, 936), (144, 486, 792), (180, 432, 756), (36, 414, 882), (162, 324, 1062), (18, 360, 972), (0, 378, 1008), (90, 342, 990), (90, 396, 900), (54, 378, 900), (18, 360, 1008), (18, 324, 1008), (54, 378, 1044), (90, 378, 990), (36, 414, 882), (36, 396, 954), (36, 378, 954), (72, 396, 954), (90, 360, 954), (-36, 360, 1062)]	(9525, 12044, 11234, 12429, 12050, 10146, 5833, 6574, 5104, 7962, 6367, 7285, 4651, 8325, 7514, 7992, 12611, 20396, 19176, 19116, 17373, 14189, 12085, 1940)
c	1965858	(746, 270)	[(90, 378, 990), (36, 414, 882), (36, 396, 954), (36, 378, 954), (72, 396, 954), (90, 360, 954), (-36, 360, 1062), (36, 414, 882), (72, 360, 1026), (90, 360, 1008), (36, 396, 1026), (36, 396, 990), (18, 396, 972), (18, 396, 972), (18, 414, 954), (36, 396, 936), (36, 414, 936), (18, 414, 1008), (72, 396, 936), (72, 396, 900), (72, 414, 918), (36, 432, 936), (36, 414, 990), (54, 396, 936), (18, 396, 918)]	(9524, 11952, 11022, 12255, 12130, 10205, 5950, 6731, 5175, 8195, 6555, 7414, 4725, 8665, 7601, 8033, 12778, 20326, 18938, 18702, 17140, 14120, 12069, 1941)
e	1966171	(573, 339)	[(90, 360, 1008), (36, 396, 1026), (36, 396, 990), (18, 396, 972), (18, 396, 972), (18, 414, 954), (36, 396, 936), (36, 414, 936), (18, 414, 1008), (72, 396, 936), (72, 396, 900), (72, 414, 918), (36, 432, 936), (36, 414, 990), (54, 396, 936), (18, 396, 918), (-36, 450, 1044), (18, 432, 972), (18, 414, 1026), (72, 450, 918), (54, 468, 720), (-36, 432, 882), (18, 396, 1044), (-36, 432, 972), (-36, 504, 918)]	(9530, 12075, 11179, 12441, 12172, 10196, 5803, 6896, 5372, 8368, 6487, 7434, 4747, 8983, 7615, 8202, 12952, 20353, 19063, 18693, 17151, 14131, 12072, 1947)
 	1966620	(795, 229)	[(-36, 450, 1044), (18, 432, 972), (18, 414, 1026), (72, 450, 918), (54, 468, 720), (-36, 432, 882), (18, 396, 1044), (-36, 432, 972), (-36, 504, 918), (54, 450, 828), (-108, 396, 1116), (0, 414, 936), (-36, 396, 954), (-72, 432, 972), (18, 396, 990), (36, 378, 954), (-36, 432, 936), (-36, 414, 1008), (0, 378, 972), (36, 450, 972), (18, 396, 954), (18, 432, 846), (-36, 432, 936), (-36, 468, 900), (54, 288, 954)]	(9519, 12015, 11155, 12426, 12052, 10123, 5790, 6656, 5149, 7929, 6182, 7186, 4678, 8379, 7536, 8100, 12707, 20408, 19176, 19109, 17411, 14198, 12082, 1939)
i	1967039	(565, 94)	[(18, 396, 990), (36, 378, 954), (-36, 432, 936), (-36, 414, 1008), (0, 378, 972), (36, 450, 972), (18, 396, 954), (18, 432, 846), (-36, 432, 936), (-36, 468, 900), (54, 288, 954), (18, 450, 1008), (-108, 432, 1044), (0, 468, 972), (54, 432, 936), (72, 432, 918), (54, 432, 1008), (72, 468, 954), (144, 504, 864), (126, 504, 738), (18, 522, 900), (18, 486, 882), (72, 468, 810), (108, 486, 810), (108, 486, 864)]	(9535, 12256, 11470, 12766, 11955, 10046, 5157, 6671, 5168, 7815, 6072, 7000, 4718, 9026, 7590, 7975, 13421, 20260, 19089, 18551, 17064, 14168, 12064, 1944)
 	1967590	(828, 217)	[(18, 486, 882), (72, 468, 810), (108, 486, 810), (108, 486, 864), (36, 486, 918), (90, 342, 1134), (0, 414, 972), (72, 342, 990), (0, 360, 918), (18, 324, 918), (36, 306, 936), (-36, 324, 1044), (-36, 324, 1098), (18, 288, 1152), (54, 252, 1080), (-36, 342, 990), (-54, 360, 1134), (36, 360, 954), (0, 342, 846), (-54, 396, 756), (-108, 396, 936), (-54, 414, 954), (0, 342, 1008), (72, 288, 1098), (108, 378, 1062)]	(9526, 11981, 10907, 12113, 12064, 10095, 5644, 6771, 5117, 8269, 6451, 7330, 4735, 9120, 7655, 7814, 12991, 20280, 18304, 18702, 17145, 14062, 12059, 1948)
a	1968056	(653, 399)	[(-54, 360, 1134), (36, 360, 954), (0, 342, 846), (-54, 396, 756), (-108, 396, 936), (-54, 414, 954), (0, 342, 1008), (72, 288, 1098), (108, 378, 1062), (-36, 360, 900), (-90, 396, 990), (-54, 360, 1008), (-36, 378, 990), (-36, 360, 936), (-36, 396, 918), (-54, 414, 954), (-108, 396, 1062), (36, 360, 1008), (54, 450, 810), (-72, 414, 846), (-108, 414, 918), (-72, 378, 936), (-72, 414, 1044), (-54, 414, 1026), (0, 414, 1008)]	(9506, 11993, 10949, 12089, 12084, 10091, 5694, 6724, 5045, 8206, 6574, 7369, 4734, 8919, 7608, 7950, 12804, 20261, 18655, 18567, 17094, 14070, 12055, 1948)
m	1968673	(733, 74)	[(-54, 414, 1026), (0, 414, 1008), (54, 378, 1044), (-36, 396, 954), (-54, 378, 918), (-36, 414, 918), (-36, 432, 972), (-36, 432, 972), (-36, 414, 972), (0, 378, 990), (36, 378, 972), (36, 396, 936), (-36, 396, 972), (0, 396, 990), (36, 378, 936), (0, 378, 990), (-18, 414, 990), (-18, 432, 990), (54, 414, 972), (108, 414, 900), (-36, 450, 846), (-36, 432, 900), (54, 414, 900), (108, 432, 936), (36, 432, 990)]	(9535, 12152, 11207, 12402, 12048, 10200, 5640, 6824, 5162, 8105, 6380, 7340, 4697, 8963, 7630, 7882, 13027, 20324, 18928, 18932, 17263, 14146, 12073, 1956)
 	1969122	(838, 213)	[(0, 378, 990), (-18, 414, 990), (-18, 432, 990), (54, 414, 972), (108, 414, 900), (-36, 450, 846), (-36, 432, 900), (54, 414, 900), (108, 432, 936), (36, 432, 990), (-36, 396, 1026), (36, 306, 990), (-36, 342, 936), (-72, 360, 954), (-108, 342, 990), (-54, 342, 1116), (108, 414, 1098), (36, 324, 954), (54, 414, 864), (-108, 414, 846), (-36, 414, 900), (0, 360, 864), (36, 306, 1062), (0, 396, 1170), (-72, 360, 1098)]	(9524, 12105, 11229, 12441, 12012, 10133, 5490, 6721, 5015, 8236, 6355, 7173, 4683, 8982, 7728, 7661, 13195, 20346, 18921, 19134, 17269, 14042, 12080, 1944)
a	1969845	(583, 266)	[(-72, 468, 990), (-36, 468, 1008), (-72, 450, 972), (-72, 468, 936), (-72, 468, 918), (0, 468, 918), (-36, 450, 900), (-36, 486, 882), (0, 468, 954), (18, 450, 972), (18, 468, 972), (-36, 486, 918), (-72, 504, 954), (-54, 486, 936), (-54, 486, 936), (-72, 486, 936), (-72, 486, 972), (-54, 468, 972), (90, 522, 792), (0, 486, 828), (-36, 468, 864), (-18, 432, 990), (18, 450, 1026), (0, 486, 1008), (0, 486, 864)]	(9540, 12301, 11349, 12620, 12041, 10168, 5710, 6892, 5220, 8574, 6493, 7312, 4828, 9690, 7835, 7755, 13904, 20364, 19227, 18621, 17003, 14102, 12085, 1957)
t	1972028	(596, 239)	[(0, 450, 918), (0, 432, 936), (-18, 450, 972), (-36, 450, 936), (0, 450, 954), (-18, 450, 954), (-36, 432, 918), (-18, 432, 954), (-36, 468, 954), (-54, 468, 936), (0, 450, 954), (-36, 450, 936), (-54, 468, 954), (0, 450, 936), (-36, 468, 936), (-36, 468, 972), (-36, 468, 972), (0, 504, 882), (36, 468, 774), (-54, 486, 882), (-36, 450, 936), (-36, 450, 936), (0, 486, 936), (36, 450, 972), (0, 468, 936)]	(9528, 12233, 11218, 12494, 12040, 10159, 5514, 6978, 5293, 8575, 6404, 7350, 4787, 9414, 7783, 7763, 13716, 20324, 19021, 18503, 16966, 14077, 12073, 1951)
 	1973566	(814, 255)	[(0, 396, 954), (18, 396, 972), (0, 378, 990), (-54, 378, 990), (0, 414, 918), (18, 396, 936), (-36, 396, 990), (-36, 396, 936), (0, 396, 918), (-36, 396, 972), (-36, 396, 990), (-36, 396, 990), (18, 378, 954), (-36, 396, 972), (-36, 396, 972), (18, 378, 972), (-36, 396, 972), (-54, 396, 1062), (54, 396, 972), (18, 378, 882), (-36, 396, 918), (0, 378, 936), (-72, 396, 954), (0, 378, 972), (54, 342, 1080)]	(9530, 12088, 11037, 12341, 12005, 10161, 5660, 6676, 5256, 8396, 6507, 7361, 4703, 9294, 7753, 7741, 13363, 20345, 18850, 18881, 17193, 14118, 12079, 1957)
t	1974133	(582, 253)	[(0, 378, 936), (-72, 396, 954), (0, 378, 972), (54, 342, 1080), (-36, 360, 990), (-36, 450, 954), (18, 450, 954), (18, 468, 972), (0, 432, 954), (0, 450, 918), (-36, 468, 900), (-54, 468, 900), (0, 432, 954), (0, 450, 972), (-54, 450, 990), (-36, 486, 972), (0, 468, 972), (18, 486, 864), (18, 486, 792), (-36, 468, 882), (-72, 468, 1008), (36, 450, 972), (72, 468, 918), (36, 504, 846), (-72, 522, 774)]	(9520, 12202, 11139, 12487, 12032, 10067, 5445, 6883, 5237, 8574, 6617, 7370, 4758, 9708, 7856, 7763, 13925, 20287, 18825, 18203, 16790, 14058, 12075, 1953)
h	1974536	(676, 182)	[(0, 450, 972), (-54, 450, 990), (-36, 486, 972), (0, 468, 972), (18, 486, 864), (18, 486, 792), (-36, 468, 882), (-72, 468, 1008), (36, 450, 972), (72, 468, 918), (36, 504, 846), (-72, 522, 774), (36, 450, 1044), (0, 432, 882), (-18, 450, 846), (0, 432, 900), (-36, 450, 972), (-36, 450, 1062), (90, 450, 972), (18, 468, 900), (-36, 468, 882), (-36, 450, 954), (-36, 468, 936), (18, 468, 1008), (54, 432, 990)]	(9531, 12210, 11170, 12453, 12005, 10068, 5568, 6938, 5139, 8433, 6515, 7380, 4728, 9587, 7793, 7778, 13833, 20315, 18946, 18502, 16981, 14121, 12073, 1956)
e	1975003	(584, 338)	[(-36, 450, 1062), (90, 450, 972), (18, 468, 900), (-36, 468, 882), (-36, 450, 954), (-36, 468, 936), (18, 468, 1008), (54, 432, 990), (18, 450, 900), (-54, 468, 1026), (-36, 432, 936), (-72, 450, 972), (0, 432, 954), (18, 432, 954), (-36, 450, 936), (-18, 504, 900), (-72, 468, 810), (18, 432, 918), (-54, 432, 990), (-36, 432, 1026), (-72, 468, 1008), (-54, 468, 954), (-72, 468, 828), (0, 432, 828), (-126, 468, 972)]	(9511, 12162, 11082, 12353, 11977, 10129, 5587, 6922, 5149, 8350, 6496, 7247, 4686, 9498, 7763, 7766, 13724, 20285, 18824, 18446, 16960, 14092, 12060, 1944)
 	1975674	(833, 235)	[(-36, 396, 1044), (0, 414, 972), (-36, 432, 936), (-18, 450, 882), (36, 396, 846), (-54, 342, 846), (-108, 378, 1044), (-72, 396, 1188), (-36, 378, 1098), (0, 378, 1008), (-36, 378, 972), (-90, 378, 936), (-90, 378, 972), (-36, 360, 990), (0, 378, 936), (0, 378, 918), (-54, 360, 990), (-54, 342, 1080), (90, 414, 1044), (-54, 378, 882), (-90, 432, 756), (-36, 378, 918), (-36, 396, 1026), (54, 306, 1008), (-18, 414, 1044)]	(9528, 12084, 11033, 12222, 11983, 10104, 5428, 6783, 5069, 8367, 6305, 7133, 4665, 9431, 7786, 7761, 13640, 20358, 18675, 18840, 17217, 14165, 12080, 1946)
b	1976173	(750, 186)	[(90, 414, 1044), (-54, 378, 882), (-90, 432, 756), (-36, 378, 918), (-36, 396, 1026), (54, 306, 1008), (-18, 414, 1044), (-36, 396, 972), (0, 378, 972), (-36, 396, 954), (0, 396, 954), (-36, 378, 972), (18, 378, 954), (18, 396, 972), (-36, 396, 990), (-36, 378, 1008), (-36, 414, 1026), (36, 396, 936), (36, 414, 864), (-36, 414, 900), (-72, 396, 972), (-18, 414, 972), (0, 432, 936), (90, 396, 972), (-36, 396, 918)]	(9530, 12169, 11110, 12323, 12026, 10123, 5679, 6812, 5216, 8550, 6440, 7237, 4642, 9453, 7795, 7730, 13627, 20323, 18817, 18695, 17099, 14103, 12075, 1953)
a	1976691	(650, 444)	[(36, 414, 864), (-36, 414, 900), (-72, 396, 972), (-18, 414, 972), (0, 432, 936), (90, 396, 972), (-36, 396, 918), (-72, 414, 1026), (-18, 414, 918), (18, 396, 864), (-72, 378, 1008), (-36, 396, 1044), (-36, 396, 990), (0, 396, 990), (-18, 396, 972), (-72, 414, 990), (-90, 432, 954), (-36, 432, 936), (36, 396, 828), (-72, 396, 972), (-36, 396, 972), (-36, 396, 954), (-54, 432, 1008), (-54, 396, 1008), (-18, 396, 954)]	(9527, 12093, 11018, 12198, 12019, 10094, 5620, 6880, 5119, 8439, 6388, 7252, 4622, 9201, 7723, 7700, 13217, 20314, 18814, 18612, 17045, 14055, 12071, 1952)
n	1977365	(745, 154)	[(-54, 396, 990), (-36, 414, 936), (-36, 396, 954), (-54, 396, 1008), (-36, 414, 990), (-36, 414, 918), (-72, 414, 954), (0, 396, 972), (0, 414, 972), (-36, 414, 972), (-36, 414, 954), (-36, 414, 936), (-72, 432, 954), (-36, 432, 972), (0, 414, 990), (-36, 414, 972), (-36, 414, 1044), (72, 450, 954), (18, 414, 864), (-36, 450, 936), (18, 414, 936), (18, 432, 954), (18, 432, 954), (54, 396, 954), (-36, 450, 990)]	(9527, 12160, 11108, 12371, 12012, 10118, 5540, 6941, 5188, 8472, 6539, 7149, 4686, 9521, 7821, 7709, 13793, 20320, 18885, 18719, 17094, 14114, 12079, 1955)
k	1977714	(662, 108)	[(-72, 432, 954), (-36, 432, 972), (0, 414, 990), (-36, 414, 972), (-36, 414, 1044), (72, 450, 954), (18, 414, 864), (-36, 450, 936), (18, 414, 936), (18, 432, 954), (18, 432, 954), (54, 396, 954), (-36, 450, 990), (-36, 414, 954), (-36, 450, 1062), (36, 450, 918), (54, 504, 792), (36, 414, 846), (18, 432, 900), (36, 450, 918), (0, 486, 972), (36, 486, 990), (36, 450, 990), (18, 468, 936), (36, 450, 882)]	(9537, 12378, 11469, 12773, 12016, 10169, 5495, 6873, 5227, 8505, 6518, 7299, 4708, 9704, 7870, 7827, 14150, 20407, 19360, 18974, 17219, 14214, 12113, 1956)
 	1978434	(819, 249)	[(0, 396, 990), (18, 378, 972), (0, 360, 972), (-36, 378, 1008), (18, 324, 1044), (-36, 342, 1026), (-54, 360, 954), (-54, 396, 936), (-18, 342, 990), (-36, 342, 1008), (-108, 360, 1062), (0, 342, 954), (-36, 342, 954), (-36, 342, 1062), (36, 378, 1026), (-54, 342, 990), (-36, 414, 918), (18, 378, 954), (18, 378, 918), (-54, 378, 900), (-54, 378, 954), (0, 378, 1026), (18, 396, 1080), (0, 360, 954), (-72, 360, 846)]	(9532, 12031, 11028, 12326, 12009, 10084, 5535, 6888, 5154, 8586, 6550, 7235, 4668, 9589, 7855, 7714, 13805, 20300, 18495, 18636, 17085, 14087, 12072, 1948)
r	1978909	(590, 314)	[(-36, 414, 918), (18, 378, 954), (18, 378, 918), (-54, 378, 900), (-54, 378, 954), (0, 378, 1026), (18, 396, 1080), (0, 360, 954), (-72, 360, 846), (0, 396, 1008), (0, 414, 1008), (-36, 414, 900), (-72, 468, 882), (-54, 450, 918), (-54, 450, 972), (-90, 450, 1008), (-36, 414, 1026), (-54, 432, 972), (72, 522, 666), (-54, 378, 864), (-108, 414, 1008), (-36, 396, 1008), (-72, 414, 1062), (0, 432, 1026), (0, 432, 918)]	(9528, 12166, 11102, 12397, 11964, 10181, 5834, 6990, 5156, 8230, 6407, 7215, 4640, 9493, 7726, 7814, 13749, 20331, 18909, 18761, 17165, 14202, 12085, 1950)
i	1979481	(573, 173)	[(-36, 396, 1008), (-72, 414, 1062), (0, 432, 1026), (0, 432, 918), (-54, 396, 990), (0, 360, 972), (-18, 360, 972), (-54, 396, 954), (-54, 432, 936), (-36, 414, 954), (-36, 378, 990), (-72, 432, 1008), (-90, 432, 990), (-18, 414, 954), (0, 414, 918), (-36, 432, 900), (-36, 414, 972), (0, 414, 1062), (18, 414, 990), (36, 504, 666), (-36, 396, 882), (-72, 414, 1026), (-36, 432, 990), (0, 468, 1008), (72, 432, 774)]	(9537, 12261, 11164, 12547, 11940, 10117, 5661, 7009, 5122, 7978, 6420, 7243, 4643, 9529, 7719, 7826, 13974, 20312, 18948, 18650, 17179, 14276, 12089, 1946)
g	1981445	(674, 246)	[(18, 396, 972), (-54, 396, 1044), (-36, 396, 1026), (18, 360, 972), (18, 378, 900), (54, 378, 972), (18, 378, 990), (0, 414, 954), (18, 414, 918), (36, 414, 1008), (0, 414, 972), (0, 414, 918), (0, 414, 918), (-36, 396, 936), (-36, 414, 972), (-36, 432, 1008), (36, 432, 990), (54, 396, 882), (-18, 396, 918), (-36, 414, 954), (18, 396, 1008), (18, 396, 1008), (0, 414, 972), (0, 414, 936), (18, 432, 882)]	(9531, 12148, 11070, 12398, 11950, 10146, 5969, 6981, 5204, 8112, 6510, 7310, 4665, 9522, 7741, 7843, 13834, 20328, 18862, 18681, 17157, 14238, 12093, 1957)
h	1982370	(654, 191)	[(0, 414, 990), (18, 414, 954), (18, 414, 954), (18, 396, 972), (-36, 414, 972), (0, 414, 972), (0, 414, 936), (-36, 432, 954), (-18, 414, 954), (-18, 414, 972), (18, 414, 972), (-36, 432, 972), (0, 414, 954), (0, 414, 972), (18, 414, 990), (0, 450, 1026), (18, 396, 972), (54, 432, 828), (-36, 432, 882), (-54, 432, 954), (18, 414, 954), (0, 432, 972), (18, 432, 972), (54, 396, 990), (54, 432, 882)]	(9529, 12147, 11055, 12436, 11947, 10128, 5929, 6987, 5116, 8121, 6453, 7273, 4692, 9533, 7763, 7837, 13915, 20331, 18872, 18675, 17201, 14257, 12095, 1951)
t	1982837	(599, 261)	[(18, 396, 972), (54, 432, 828), (-36, 432, 882), (-54, 432, 954), (18, 414, 954), (0, 432, 972), (18, 432, 972), (54, 396, 990), (54, 432, 882), (-36, 432, 972), (-36, 414, 936), (0, 396, 936), (18, 414, 972), (-36, 432, 972), (-36, 432, 936), (18, 414, 1008), (-36, 486, 882), (-36, 414, 864), (-36, 414, 1008), (0, 414, 990), (-36, 414, 990), (-72, 432, 990), (36, 450, 900), (54, 414, 756), (-54, 432, 828)]	(9532, 12151, 11059, 12409, 11948, 10094, 5837, 6978, 5067, 8087, 6395, 7329, 4668, 9436, 7730, 7804, 13763, 20296, 18794, 18571, 17075, 14184, 12082, 1955)
 	1983560	(839, 262)	[(-36, 396, 936), (-36, 378, 918), (-72, 378, 990), (-54, 378, 1008), (-36, 378, 954), (-36, 396, 972), (-36, 378, 1008), (-36, 360, 972), (-36, 378, 900), (-36, 378, 954), (18, 306, 990), (-36, 360, 972), (-36, 342, 954), (-90, 342, 1044), (-72, 324, 1152), (54, 360, 1098), (-36, 360, 900), (-90, 414, 864), (-54, 378, 846), (-54, 360, 900), (-54, 378, 954), (-36, 360, 1026), (0, 342, 1098), (0, 342, 1062), (-36, 342, 990)]	(9523, 11925, 10886, 12105, 11955, 10063, 5939, 6839, 5071, 8261, 6534, 7329, 4700, 9392, 7770, 7751, 13641, 20289, 18106, 18598, 17129, 14141, 12085, 1948)
n	1984330	(752, 154)	[(-72, 378, 1008), (-54, 378, 1044), (-36, 360, 1008), (-54, 360, 972), (-54, 378, 954), (-18, 378, 918), (-54, 360, 972), (-54, 360, 972), (18, 378, 990), (-36, 360, 1008), (-54, 396, 918), (-54, 396, 954), (-72, 396, 954), (-54, 360, 954), (-36, 360, 990), (-54, 378, 1044), (-36, 360, 1062), (0, 432, 1026), (18, 396, 882), (18, 396, 864), (-36, 378, 918), (-54, 396, 972), (0, 378, 990), (72, 306, 1026), (-36, 414, 1026)]	(9529, 12079, 11013, 12315, 11973, 10167, 5885, 6805, 5280, 8337, 6518, 7333, 4734, 9508, 7793, 7806, 13829, 20332, 18680, 18704, 17187, 14196, 12090, 1954)
o	1984832	(585, 76)	[(18, 396, 864), (-36, 378, 918), (-54, 396, 972), (0, 378, 990), (72, 306, 1026), (-36, 414, 1026), (-72, 396, 936), (-36, 414, 936), (-72, 414, 1026), (0, 414, 1026), (18, 432, 1008), (54, 414, 954), (36, 432, 936), (0, 450, 972), (18, 432, 936), (36, 414, 918), (36, 432, 954), (54, 486, 684), (-36, 450, 918), (-36, 450, 972), (-18, 468, 954), (0, 468, 972), (54, 450, 972), (18, 450, 972), (72, 468, 810)]	(9548, 12305, 11259, 12718, 11932, 10125, 5476, 6942, 5175, 7922, 6293, 7140, 4707, 9518, 7746, 7790, 14251, 20348, 19100, 18593, 17103, 14304, 12109, 1955)
w	1985724	(544, 384)	[(-54, 378, 990), (-72, 360, 1008), (-90, 378, 1008), (-108, 396, 1008), (-90, 396, 936), (-72, 396, 972), (-54, 378, 972), (-54, 396, 918), (-72, 396, 936), (-72, 378, 936), (-72, 396, 936), (-72, 414, 972), (-90, 378, 990), (-90, 396, 1008), (-72, 414, 1008), (-54, 396, 936), (-18, 396, 864), (-108, 414, 918), (-144, 396, 972), (-72, 396, 954), (-72, 378, 972), (-90, 414, 1008), (-90, 432, 900), (-108, 432, 954), (-90, 396, 936)]	(9520, 12011, 10888, 12277, 11918, 10113, 6015, 6970, 5129, 8000, 6426, 7260, 4723, 9686, 7771, 7798, 13864, 20287, 18690, 18450, 16994, 14139, 12076, 1952)
i	1993475	(558, 131)	[(0, 270, 1026), (-36, 342, 936), (-108, 378, 1008), (-54, 378, 1044), (-36, 396, 1044), (-36, 396, 1008), (-72, 450, 936), (-54, 450, 846), (-54, 432, 882), (-36, 414, 936), (-72, 396, 954), (-72, 396, 990), (-18, 396, 990), (0, 396, 1008), (0, 396, 1008), (0, 414, 954), (-72, 450, 954), (54, 450, 882), (90, 486, 810), (-36, 432, 918), (-54, 450, 936), (0, 414, 882), (36, 432, 936), (36, 432, 774), (126, 414, 738)]	(9525, 12008, 10972, 12327, 11804, 10035, 6152, 7025, 5541, 7327, 6400, 7435, 4883, 11000, 7861, 7460, 14215, 20229, 18627, 17900, 16120, 13778, 12109, 1963)
 	1994201	(822, 212)	[(-108, 288, 1044), (-108, 342, 918), (-108, 324, 918), (-108, 342, 972), (-90, 342, 990), (-54, 306, 972), (-72, 306, 972), (-72, 342, 972), (-72, 324, 990), (-36, 306, 1008), (-36, 306, 1044), (-54, 306, 1008), (-72, 324, 954), (-54, 324, 1008), (-36, 306, 1008), (-72, 324, 1008), (-90, 306, 1116), (54, 324, 1152), (-54, 360, 918), (-54, 360, 828), (-90, 378, 900), (-36, 342, 846), (0, 252, 1044), (-18, 360, 1116), (-18, 324, 1080)]	(9512, 11666, 10886, 12206, 11784, 10023, 6510, 7011, 5515, 7390, 6431, 7468, 4950, 11051, 7943, 7535, 14319, 20260, 18315, 18127, 16550, 13911, 12107, 1963)
p	1994709	(567, 50)	[(-54, 360, 828), (-90, 378, 900), (-36, 342, 846), (0, 252, 1044), (-18, 360, 1116), (-18, 324, 1080), (-36, 288, 936), (0, 324, 1116), (-54, 414, 882), (-54, 396, 1044), (-36, 378, 1044), (-54, 414, 972), (-54, 450, 954), (18, 432, 936), (-36, 414, 954), (-54, 360, 1080), (-54, 378, 990), (-36, 558, 630), (18, 360, 954), (18, 450, 954), (-18, 468, 918), (18, 450, 882), (72, 504, 720), (18, 486, 702), (-90, 378, 1026)]	(9535, 12202, 11255, 12620, 11812, 10043, 5760, 7045, 5470, 7313, 6423, 7386, 4956, 11039, 7904, 7509, 14632, 20296, 18955, 18027, 16315, 13959, 12160, 1959)
l	1995029	(669, 53)	[(-54, 396, 1044), (-36, 378, 1044), (-54, 414, 972), (-54, 450, 954), (18, 432, 936), (-36, 414, 954), (-54, 360, 1080), (-54, 378, 990), (-36, 558, 630), (18, 360, 954), (18, 450, 954), (-18, 468, 918), (18, 450, 882), (72, 504, 720), (18, 486, 702), (-90, 378, 1026), (-90, 360, 972), (54, 432, 1062), (-54, 378, 828), (-126, 432, 864), (-54, 378, 972), (54, 360, 918), (36, 396, 936), (36, 360, 1062), (-72, 342, 972)]	(9536, 12069, 11082, 12446, 11800, 10060, 6109, 7016, 5489, 7288, 6454, 7495, 4921, 11040, 7936, 7509, 14603, 20285, 18781, 18248, 16550, 13998, 12136, 1972)
a	1995633	(628, 470)	[(36, 396, 936), (36, 360, 1062), (-72, 342, 972), (-90, 414, 1080), (-36, 288, 954), (-108, 342, 864), (-162, 342, 918), (-144, 324, 990), (-90, 306, 1026), (-36, 288, 1026), (-36, 306, 918), (-90, 306, 972), (-90, 306, 954), (-108, 324, 936), (-126, 342, 1008), (-54, 306, 1044), (-72, 324, 1080), (-54, 324, 1062), (-72, 378, 918), (-54, 342, 864), (-72, 342, 918), (-36, 306, 990), (-90, 342, 1026), (-108, 360, 1044), (-36, 324, 954)]	(9515, 11622, 10789, 12099, 11773, 10023, 7190, 7002, 5448, 7517, 6567, 7504, 4900, 10812, 7911, 7674, 14386, 20273, 18448, 18150, 16853, 14268, 12108, 1951)
n	1996306	(748, 151)	[(-72, 324, 1044), (0, 306, 1008), (-72, 342, 918), (-54, 378, 954), (-36, 324, 918), (0, 342, 936), (-54, 342, 954), (-72, 342, 990), (-36, 342, 990), (-36, 342, 1044), (-36, 360, 1062), (18, 342, 954), (-72, 378, 936), (-72, 378, 954), (-72, 342, 990), (-54, 342, 990), (-54, 342, 1026), (0, 342, 1008), (-36, 414, 990), (-54, 360, 846), (-18, 360, 918), (-36, 342, 972), (-72, 378, 1008), (36, 396, 918), (36, 360, 882)]	(9520, 11638, 10845, 12118, 11773, 10045, 6792, 7011, 5501, 7584, 6561, 7601, 4945, 10681, 7999, 7580, 14466, 20264, 18395, 18067, 16776, 14116, 12100, 1974)
 	1996677	(835, 209)	[(18, 342, 954), (-72, 378, 936), (-72, 378, 954), (-72, 342, 990), (-54, 342, 990), (-54, 342, 1026), (0, 342, 1008), (-36, 414, 990), (-54, 360, 846), (-18, 360, 918), (-36, 342, 972), (-72, 378, 1008), (36, 396, 918), (36, 360, 882), (-36, 324, 1080), (-90, 342, 954), (-90, 306, 1062), (18, 342, 1062), (0, 324, 882), (-54, 360, 900), (-54, 342, 954), (-72, 342, 954), (-54, 324, 1008), (-18, 342, 1098), (-54, 360, 954)]	(9514, 11575, 10855, 12079, 11763, 10021, 6823, 6850, 5331, 7604, 6651, 7410, 4964, 10634, 8028, 7559, 14401, 20259, 18323, 18094, 16765, 14045, 12098, 1970)
t	1997229	(582, 277)	[(-72, 342, 954), (-54, 324, 1008), (-18, 342, 1098), (-54, 360, 954), (-72, 324, 864), (-54, 324, 1026), (-90, 360, 1026), (-36, 378, 972), (-54, 378, 918), (-54, 396, 936), (-36, 378, 936), (-54, 378, 954), (-54, 396, 972), (-36, 414, 990), (18, 414, 918), (-36, 414, 936), (-108, 414, 1026), (-54, 396, 1062), (-36, 414, 882), (18, 414, 882), (-90, 432, 972), (-54, 396, 936), (-72, 396, 918), (-126, 432, 810), (-72, 432, 972)]	(9525, 11816, 10939, 12212, 11788, 10094, 6605, 6916, 5353, 7535, 6555, 7523, 4989, 10705, 8019, 7592, 14626, 20283, 18652, 18090, 16678, 14061, 12119, 1962)
o	1997650	(591, 79)	[(-36, 414, 936), (-108, 414, 1026), (-54, 396, 1062), (-36, 414, 882), (18, 414, 882), (-90, 432, 972), (-54, 396, 936), (-72, 396, 918), (-126, 432, 810), (-72, 432, 972), (18, 360, 1080), (-72, 396, 1026), (-72, 414, 954), (-54, 414, 936), (-18, 396, 936), (-72, 396, 990), (0, 396, 954), (0, 378, 1026), (54, 468, 774), (0, 378, 756), (-90, 432, 972), (18, 396, 1026), (72, 396, 1026), (54, 450, 936), (90, 432, 738)]	(9530, 11963, 11096, 12371, 11794, 10025, 6354, 7027, 5473, 7415, 6408, 7513, 4935, 10589, 8009, 7550, 14685, 20291, 18760, 18149, 16706, 14098, 12138, 1969)
 	1998103	(838, 228)	[(0, 378, 1026), (54, 468, 774), (0, 378, 756), (-90, 432, 972), (18, 396, 1026), (72, 396, 1026), (54, 450, 936), (90, 432, 738), (18, 396, 792), (18, 378, 1044), (-108, 396, 972), (-90, 342, 990), (-72, 324, 972), (-54, 378, 972), (-18, 342, 990), (-54, 360, 990), (-108, 360, 1026), (-72, 324, 1098), (18, 360, 936), (-90, 396, 918), (-54, 378, 882), (-126, 414, 936), (-72, 396, 954), (18, 324, 1062), (-36, 396, 936)]	(9526, 11842, 11018, 12303, 11799, 10021, 6527, 6915, 5509, 7530, 6467, 7576, 4962, 10739, 8088, 7602, 14639, 20340, 18780, 18392, 16869, 14085, 12132, 1972)
w	1998623	(583, 375)	[(-90, 396, 918), (-54, 378, 882), (-126, 414, 936), (-72, 396, 954), (18, 324, 1062), (-36, 396, 936), (18, 360, 954), (-108, 396, 954), (-72, 414, 972), (-72, 414, 900), (-54, 378, 918), (-90, 378, 1008), (-90, 378, 990), (-72, 396, 972), (-72, 414, 936), (-90, 414, 972), (-90, 396, 972), (-108, 396, 1044), (18, 432, 900), (-54, 396, 846), (-108, 432, 918), (-72, 396, 936), (-54, 378, 1026), (-72, 432, 1026), (-54, 432, 864)]	(9527, 11975, 11029, 12299, 11800, 10109, 6514, 7086, 5416, 7589, 6646, 7495, 4978, 10802, 8079, 7609, 14629, 20292, 18685, 18127, 16647, 14000, 12119, 1970)
o	1999241	(584, 85)	[(-72, 432, 1026), (-54, 432, 864), (-72, 378, 972), (-72, 414, 972), (-72, 396, 990), (-108, 450, 918), (-126, 486, 882), (-108, 432, 954), (-54, 414, 1008), (-36, 432, 936), (0, 432, 936), (0, 414, 936), (-54, 432, 918), (-72, 432, 936), (0, 432, 918), (0, 450, 918), (-54, 450, 954), (0, 468, 936), (0, 450, 828), (-72, 432, 828), (-36, 414, 972), (0, 414, 1044), (0, 432, 990), (-36, 450, 918), (-54, 414, 882)]	(9530, 12091, 11222, 12439, 11807, 10103, 6395, 6882, 5443, 7429, 6530, 7502, 4933, 10689, 7994, 7555, 14699, 20306, 18919, 18248, 16720, 14069, 12135, 1966)
r	1999811	(578, 314)	[(0, 414, 1044), (0, 432, 990), (-36, 450, 918), (-54, 414, 882), (-18, 360, 1134), (-54, 396, 954), (-36, 360, 936), (0, 360, 864), (-72, 378, 972), (-36, 378, 990), (0, 378, 1008), (-54, 396, 990), (-90, 414, 990), (-54, 396, 918), (-36, 414, 936), (-72, 396, 972), (36, 396, 810), (-36, 378, 918), (-54, 396, 990), (-72, 396, 1008), (-90, 396, 1044), (-36, 396, 1008), (-72, 432, 918), (-54, 396, 918), (-108, 414, 900)]	(9525, 11997, 11015, 12308, 11784, 10095, 6645, 6926, 5499, 7428, 6545, 7467, 4910, 10776, 8020, 7585, 14688, 20276, 18709, 18101, 16640, 14063, 12124, 1975)
k	2000416	(662, 102)	[(-54, 396, 918), (-108, 414, 900), (-18, 378, 1008), (-54, 396, 936), (-54, 378, 954), (-90, 396, 1008), (-72, 396, 990), (-72, 414, 972), (-54, 378, 972), (-54, 396, 954), (-36, 378, 972), (-36, 396, 972), (-36, 378, 972), (-36, 396, 1008), (-54, 378, 972), (-54, 396, 936), (-90, 396, 972), (-54, 378, 990), (36, 450, 792), (-126, 414, 954), (-108, 396, 990), (-54, 378, 1098), (0, 396, 1008), (54, 396, 900), (54, 378, 828)]	(9528, 12045, 11064, 12376, 11803, 10129, 6795, 7084, 5472, 7469, 6445, 7534, 4934, 10804, 8045, 7609, 14779, 20330, 18806, 18284, 16806, 14113, 12146, 1967)
 	2001090	(840, 248)	[(-126, 360, 1170), (-162, 396, 1008), (-126, 378, 900), (-108, 378, 900), (-90, 360, 936), (-72, 324, 1044), (-90, 378, 954), (-72, 360, 918), (-72, 360, 936), (-72, 360, 936), (-72, 342, 954), (-72, 360, 1008), (-72, 360, 990), (-90, 360, 1008), (-72, 342, 990), (-72, 342, 954), (-90, 360, 972), (-144, 360, 1026), (18, 360, 1008), (0, 342, 882), (-90, 396, 864), (-126, 378, 918), (-90, 360, 900), (-54, 324, 936), (18, 378, 1152)]	(9526, 11856, 10968, 12259, 11789, 10080, 6610, 7001, 5405, 7476, 6610, 7465, 4905, 10817, 8061, 7622, 14655, 20334, 18541, 18249, 16810, 14105, 12130, 1961)
t	2001609	(585, 261)	[(0, 342, 882), (-90, 396, 864), (-126, 378, 918), (-90, 360, 900), (-54, 324, 936), (18, 378, 1152), (-36, 324, 990), (-54, 378, 918), (-126, 378, 1044), (-36, 396, 864), (-36, 414, 900), (-54, 396, 972), (-72, 378, 1008), (-72, 378, 954), (18, 396, 918), (18, 360, 1044), (-54, 378, 990), (-36, 414, 756), (-54, 378, 882), (-90, 396, 918), (-90, 378, 1026), (-90, 396, 972), (-72, 378, 1080), (-72, 378, 972), (0, 378, 882)]	(9530, 12054, 11036, 12365, 11797, 10113, 6803, 6986, 5423, 7552, 6589, 7616, 4907, 10898, 8074, 7644, 14804, 20335, 18855, 18258, 16734, 14095, 12140, 1979)
o	2002012	(580, 83)	[(18, 396, 918), (18, 360, 1044), (-54, 378, 990), (-36, 414, 756), (-54, 378, 882), (-90, 396, 918), (-90, 378, 1026), (-90, 396, 972), (-72, 378, 1080), (-72, 378, 972), (0, 378, 882), (-126, 396, 954), (-54, 360, 990), (-162, 378, 990), (-108, 396, 972), (-90, 396, 900), (-90, 396, 990), (-54, 414, 810), (-54, 360, 828), (-108, 414, 1026), (-36, 360, 954), (36, 360, 990), (108, 324, 918), (54, 378, 684), (-72, 360, 900)]	(9525, 12016, 11017, 12276, 11777, 9995, 6278, 6925, 5360, 7371, 6426, 7513, 4840, 10733, 7967, 7565, 14642, 20275, 18722, 18129, 16662, 14019, 12130, 1968)
m	2003360	(740, 82)	[(-36, 324, 1008), (0, 324, 972), (-36, 342, 972), (-72, 342, 1008), (-36, 324, 990), (-36, 342, 990), (-36, 342, 990), (-36, 342, 1008), (-36, 342, 954), (-54, 342, 972), (-36, 342, 972), (-36, 342, 1008), (-36, 306, 1008), (-54, 342, 1044), (-36, 324, 1134), (18, 360, 1008), (108, 378, 900), (-72, 414, 828), (-72, 378, 864), (-36, 360, 954), (0, 360, 990), (0, 360, 1062), (36, 360, 1008), (0, 360, 882), (-108, 360, 918)]	(9519, 11997, 11069, 12279, 11786, 10042, 5970, 6856, 5410, 7418, 6462, 7389, 4805, 10656, 8036, 7559, 14716, 20293, 18673, 18270, 16778, 14047, 12129, 1967)
o	2003830	(580, 77)	[(-72, 414, 828), (-72, 378, 864), (-36, 360, 954), (0, 360, 990), (0, 360, 1062), (36, 360, 1008), (0, 360, 882), (-108, 360, 918), (-54, 360, 1080), (36, 378, 918), (0, 360, 1008), (18, 396, 918), (18, 378, 918), (-18, 378, 954), (-36, 396, 918), (-18, 414, 954), (18, 396, 1044), (18, 468, 954), (126, 468, 828), (54, 450, 954), (0, 432, 936), (36, 414, 918), (72, 450, 972), (108, 450, 720), (18, 432, 900)]	(9533, 12123, 11235, 12510, 11794, 10047, 5823, 6881, 5313, 7358, 6460, 7440, 4816, 10498, 8022, 7543, 14825, 20301, 18814, 18046, 16560, 14040, 12157, 1985)
r	2004404	(597, 307)	[(72, 450, 972), (108, 450, 720), (18, 432, 900), (-144, 414, 1080), (-54, 396, 1026), (-144, 432, 918), (-72, 396, 936), (-54, 396, 972), (-54, 396, 954), (-72, 396, 990), (-90, 396, 972), (-72, 414, 900), (-90, 414, 918), (-72, 396, 972), (-72, 396, 990), (-90, 432, 1008), (-54, 414, 990), (-72, 432, 936), (-72, 414, 936), (-54, 414, 918), (-72, 414, 972), (-90, 414, 990), (-72, 432, 972), (-54, 432, 936), (-54, 414, 864)]	(9527, 12039, 11019, 12315, 11795, 10077, 6359, 7078, 5343, 7407, 6551, 7495, 4858, 10840, 8008, 7586, 14721, 20283, 18676, 18038, 16550, 14035, 12126, 1969)
r	2004655	(600, 294)	[(-72, 396, 936), (-54, 396, 972), (-54, 396, 954), (-72, 396, 990), (-90, 396, 972), (-72, 414, 900), (-90, 414, 918), (-72, 396, 972), (-72, 396, 990), (-90, 432, 1008), (-54, 414, 990), (-72, 432, 936), (-72, 414, 936), (-54, 414, 918), (-72, 414, 972), (-90, 414, 990), (-72, 432, 972), (-54, 432, 936), (-54, 414, 864), (-72, 414, 1062), (-144, 432, 954), (-90, 432, 918), (-90, 450, 918), (0, 414, 900), (-72, 414, 990)]	(9532, 12037, 11057, 12313, 11793, 10028, 6323, 6923, 5470, 7443, 6522, 7457, 4860, 10810, 8018, 7580, 14769, 20276, 18610, 17968, 16528, 14054, 12136, 1974)
o	2005224	(583, 72)	[(-90, 450, 918), (0, 414, 900), (-72, 414, 990), (-90, 414, 1062), (-54, 414, 972), (-108, 432, 990), (-54, 414, 990), (-36, 450, 936), (-72, 450, 936), (-90, 432, 954), (-36, 432, 954), (-54, 432, 954), (-54, 432, 954), (-36, 414, 954), (-36, 414, 954), (-36, 432, 972), (-54, 450, 954), (-54, 432, 936), (-36, 450, 990), (54, 468, 882), (18, 432, 900), (-72, 450, 936), (-36, 432, 936), (-18, 432, 936), (36, 450, 882)]	(9536, 12185, 11276, 12552, 11796, 10070, 6168, 7072, 5505, 7377, 6405, 7450, 4891, 10830, 8044, 7619, 15041, 20404, 19193, 18329, 16757, 14200, 12188, 1978)
w	2005997	(578, 385)	[(-54, 378, 1062), (-72, 396, 972), (-36, 378, 954), (-72, 396, 954), (-54, 396, 918), (-54, 396, 954), (-90, 414, 954), (-90, 414, 990), (-90, 378, 990), (-90, 396, 990), (-108, 414, 954), (-36, 396, 918), (-90, 396, 954), (-90, 396, 936), (-54, 396, 972), (-90, 396, 990), (-72, 414, 972), (-72, 432, 990), (-36, 414, 882), (-90, 396, 954), (-90, 414, 954), (-90, 396, 990), (-90, 414, 1008), (-90, 432, 954), (-36, 414, 864)]	(9532, 12017, 10977, 12298, 11792, 10098, 6815, 6955, 5527, 7452, 6490, 7554, 4875, 10946, 8020, 7635, 14799, 20320, 18771, 18137, 16635, 14166, 12134, 1975)
 	2006870	(812, 262)	[(-72, 360, 972), (-72, 396, 936), (-72, 396, 954), (-54, 378, 972), (-36, 342, 990), (-54, 360, 972), (-90, 396, 936), (-90, 342, 1008), (-108, 360, 1008), (-90, 378, 1008), (-108, 378, 972), (-90, 360, 990), (-108, 378, 936), (-72, 360, 972), (-36, 342, 990), (-54, 360, 1026), (-36, 378, 1026), (-54, 378, 936), (-54, 396, 882), (-54, 360, 918), (-72, 360, 936), (-54, 378, 990), (18, 324, 1098), (-72, 378, 1008), (-90, 360, 918)]	(9525, 11809, 10891, 12165, 11778, 9981, 6534, 6828, 5477, 7499, 6500, 7506, 4814, 10733, 8040, 7578, 14614, 20265, 18354, 18129, 16741, 14065, 12120, 1974)
s	2007391	(628, 373)	[(-54, 396, 882), (-54, 360, 918), (-72, 360, 936), (-54, 378, 990), (18, 324, 1098), (-72, 378, 1008), (-90, 360, 918), (-90, 360, 1008), (-54, 360, 990), (-72, 360, 990), (-54, 342, 954), (-72, 360, 954), (-72, 360, 990), (-54, 360, 954), (-54, 378, 936), (-108, 378, 1008), (-90, 360, 1098), (-54, 342, 1098), (0, 378, 972), (0, 396, 828), (-90, 360, 954), (-72, 342, 990), (-72, 378, 1008), (-36, 342, 972), (-36, 360, 990)]	(9532, 11925, 10938, 12190, 11798, 10126, 6688, 6957, 5495, 7535, 6640, 7425, 4823, 10862, 8007, 7618, 14587, 20287, 18609, 18267, 16794, 14103, 12113, 1965)
o	2007946	(568, 86)	[(-72, 342, 990), (-72, 378, 1008), (-36, 342, 972), (-36, 360, 990), (-108, 342, 1008), (18, 324, 1044), (-54, 360, 972), (-54, 378, 954), (-72, 378, 972), (-54, 378, 990), (-18, 360, 1026), (-54, 360, 1008), (-54, 378, 990), (-36, 360, 954), (-36, 342, 972), (0, 360, 1044), (36, 342, 882), (90, 414, 738), (-90, 414, 1062), (-90, 414, 972), (-18, 396, 882), (18, 378, 1044), (36, 414, 936), (72, 414, 792), (36, 342, 864)]	(9541, 12130, 11254, 12590, 11800, 10132, 6471, 7105, 5576, 7350, 6430, 7469, 4832, 10783, 7968, 7597, 14856, 20335, 19037, 18331, 16791, 14169, 12164, 1971)
m	2008621	(773, 85)	[(-72, 360, 1026), (-72, 324, 972), (-108, 342, 990), (-54, 342, 972), (-36, 288, 954), (-72, 288, 990), (-72, 342, 1026), (-54, 324, 972), (-36, 342, 990), (-36, 288, 1008), (-36, 324, 990), (-36, 324, 990), (0, 306, 1008), (-18, 306, 990), (-72, 324, 990), (-36, 324, 1008), (90, 288, 1026), (-36, 342, 990), (-36, 360, 918), (-54, 360, 954), (-54, 360, 954), (-36, 342, 972), (-54, 360, 972), (18, 270, 1008), (-36, 360, 1044)]	(9522, 11987, 11004, 12256, 11784, 10076, 6417, 6907, 5502, 7424, 6601, 7531, 4836, 10801, 8028, 7577, 14698, 20301, 18632, 18364, 16858, 14096, 12125, 1959)
e	2009293	(587, 369)	[(-54, 324, 990), (-54, 342, 990), (-54, 342, 936), (-36, 360, 900), (0, 342, 954), (-72, 360, 936), (-108, 378, 918), (-126, 396, 954), (-108, 432, 1044), (-108, 378, 990), (-108, 396, 882), (-180, 414, 990), (-162, 396, 1008), (-126, 378, 990), (-90, 378, 972), (-72, 360, 990), (-108, 378, 1044), (-54, 414, 810), (-126, 378, 864), (-108, 378, 918), (-108, 378, 1044), (-126, 378, 1080), (-126, 414, 1008), (-126, 414, 990), (-108, 378, 900)]	(9528, 12015, 10984, 12206, 11788, 10120, 6831, 7095, 5475, 7453, 6482, 7635, 4858, 10989, 8003, 7638, 14690, 20312, 18822, 18331, 16758, 14069, 12126, 1965)
 	2010482	(835, 259)	[(-90, 342, 972), (-72, 342, 972), (-90, 342, 972), (-90, 360, 972), (-72, 342, 1008), (-72, 360, 972), (-90, 360, 990), (-90, 342, 972), (-72, 360, 954), (-90, 360, 990), (-72, 342, 954), (-54, 342, 990), (-90, 342, 972), (-108, 360, 1008), (0, 342, 1098), (-36, 378, 990), (-72, 378, 882), (-90, 378, 846), (-54, 342, 936), (-90, 360, 972), (-108, 378, 954), (-72, 378, 972), (-72, 360, 1044), (-54, 342, 1008), (-90, 342, 990)]	(9517, 11820, 10839, 12075, 11775, 10043, 6465, 6866, 5495, 7506, 6633, 7525, 4870, 10794, 8022, 7581, 14555, 20272, 18332, 18167, 16731, 14007, 12117, 1967)
o	2011305	(576, 83)	[(18, 378, 954), (-36, 396, 954), (-18, 360, 972), (0, 378, 954), (0, 378, 972), (0, 396, 954), (-36, 396, 972), (-72, 396, 990), (-90, 414, 954), (-72, 414, 936), (-36, 414, 954), (-36, 396, 918), (-36, 414, 990), (18, 396, 990), (0, 378, 990), (-54, 432, 972), (-72, 414, 1008), (36, 450, 810), (18, 396, 972), (-54, 432, 972), (-36, 432, 900), (0, 432, 900), (18, 450, 918), (36, 414, 864), (-36, 396, 918)]	(9531, 12092, 10987, 12332, 11786, 10109, 6520, 7096, 5421, 7360, 6390, 7534, 4861, 10847, 8010, 7605, 14734, 20292, 18856, 18183, 16648, 14025, 12145, 1974)
n	2012397	(752, 148)	[(-18, 360, 972), (-36, 342, 990), (-36, 342, 972), (-54, 360, 972), (-36, 342, 954), (-54, 360, 1008), (-54, 342, 1008), (-54, 342, 972), (-72, 360, 954), (-54, 360, 1008), (-36, 360, 990), (-54, 360, 1008), (-54, 360, 1008), (-36, 342, 954), (-54, 360, 990), (-54, 360, 972), (-54, 342, 954), (54, 360, 1008), (-54, 342, 954), (-36, 378, 936), (-36, 378, 990), (-72, 396, 954), (-54, 378, 954), (18, 360, 936), (18, 360, 972)]	(9520, 11958, 10932, 12261, 11782, 10051, 6624, 7009, 5608, 7440, 6492, 7427, 4902, 10844, 8024, 7582, 14696, 20295, 18610, 18304, 16790, 14094, 12130, 1956)
 	2012901	(840, 221)	[(-54, 342, 954), (-36, 378, 936), (-36, 378, 990), (-72, 396, 954), (-54, 378, 954), (18, 360, 936), (18, 360, 972), (0, 324, 990), (-36, 360, 972), (-72, 342, 972), (-90, 378, 972), (-54, 342, 972), (-36, 360, 990), (-36, 378, 954), (-36, 360, 990), (-18, 324, 1026), (0, 342, 1116), (18, 360, 990), (-54, 378, 882), (-54, 360, 882), (-90, 360, 936), (-72, 360, 972), (18, 342, 1062), (18, 360, 1062), (-36, 360, 954)]	(9530, 11895, 10881, 12229, 11782, 9996, 6460, 6886, 5571, 7426, 6619, 7458, 4928, 10902, 8041, 7614, 14752, 20330, 18630, 18417, 16880, 14108, 12137, 1976)
t	2014588	(573, 267)	[(-54, 360, 990), (-72, 378, 936), (-72, 378, 972), (-72, 360, 972), (-72, 360, 972), (-72, 378, 1008), (-54, 378, 972), (-54, 396, 954), (-72, 396, 990), (-72, 360, 972), (-72, 360, 972), (-72, 360, 1026), (-54, 360, 972), (-90, 414, 972), (-72, 378, 990), (-54, 360, 1026), (-54, 378, 972), (-36, 414, 792), (-54, 378, 954), (-72, 396, 936), (-72, 396, 972), (-72, 378, 972), (-72, 396, 1008), (-54, 378, 882), (-72, 378, 954)]	(9532, 12054, 10920, 12294, 11792, 10082, 6604, 7115, 5593, 7391, 6477, 7622, 4955, 11040, 8048, 7624, 14867, 20335, 18842, 18252, 16698, 14101, 12152, 1974)
h	2014938	(683, 178)	[(-72, 360, 1026), (-54, 360, 972), (-90, 414, 972), (-72, 378, 990), (-54, 360, 1026), (-54, 378, 972), (-36, 414, 792), (-54, 378, 954), (-72, 396, 936), (-72, 396, 972), (-72, 378, 972), (-72, 396, 1008), (-54, 378, 882), (-72, 378, 954), (0, 360, 990), (-72, 360, 1008), (-54, 342, 972), (-36, 414, 954), (-108, 378, 936), (-90, 396, 936), (-72, 378, 954), (-126, 414, 990), (-90, 396, 972), (-36, 378, 936), (-108, 396, 1044)]	(9515, 11935, 10824, 12178, 11775, 10066, 6450, 6936, 5408, 7454, 6574, 7538, 4931, 10886, 8032, 7579, 14691, 20266, 18556, 18108, 16651, 14016, 12125, 1975)
e	2015257	(591, 343)	[(-72, 396, 972), (-72, 378, 972), (-72, 396, 1008), (-54, 378, 882), (-72, 378, 954), (0, 360, 990), (-72, 360, 1008), (-54, 342, 972), (-36, 414, 954), (-108, 378, 936), (-90, 396, 936), (-72, 378, 954), (-126, 414, 990), (-90, 396, 972), (-36, 378, 936), (-108, 396, 1044), (-72, 360, 990), (-54, 378, 990), (18, 396, 774), (-90, 378, 954), (-90, 360, 972), (-90, 378, 990), (-108, 414, 990), (-90, 414, 918), (-54, 378, 882)]	(9522, 11987, 10865, 12170, 11779, 10102, 6668, 6961, 5503, 7416, 6453, 7541, 4937, 10932, 8017, 7588, 14643, 20266, 18605, 18124, 16635, 14023, 12115, 1970)
 	2015812	(803, 293)	[(-90, 360, 972), (-90, 378, 990), (-108, 414, 990), (-90, 414, 918), (-54, 378, 882), (-108, 378, 1044), (-72, 324, 954), (-90, 342, 990), (-54, 342, 1008), (-54, 342, 990), (-126, 360, 1008), (-126, 360, 1008), (-126, 342, 954), (-108, 378, 990), (-108, 360, 1026), (-72, 342, 1008), (0, 342, 1152), (18, 306, 828), (-90, 342, 846), (-72, 324, 972), (-54, 360, 1008), (-108, 360, 900), (-72, 360, 972), (-54, 360, 1098), (-90, 342, 990)]	(9506, 11790, 10783, 12073, 11759, 10045, 6619, 6821, 5474, 7474, 6513, 7542, 4941, 10846, 8015, 7565, 14464, 20251, 18251, 18174, 16769, 14058, 12107, 1975)
d	2016186	(637, 302)	[(-126, 342, 954), (-108, 378, 990), (-108, 360, 1026), (-72, 342, 1008), (0, 342, 1152), (18, 306, 828), (-90, 342, 846), (-72, 324, 972), (-54, 360, 1008), (-108, 360, 900), (-72, 360, 972), (-54, 360, 1098), (-90, 342, 990), (-126, 360, 954), (-108, 342, 1008), (-72, 342, 972), (-54, 342, 1008), (-36, 324, 1026), (-72, 342, 990), (-72, 396, 1044), (18, 360, 846), (-108, 360, 864), (-90, 324, 1008), (-72, 324, 1008), (-54, 360, 954)]	(9529, 11976, 10874, 12262, 11791, 10102, 6987, 6907, 5689, 7487, 6627, 7675, 4967, 11058, 8010, 7620, 14753, 20335, 18765, 18450, 16908, 14211, 12145, 1974)
a	2016541	(660, 444)	[(-90, 342, 990), (-126, 360, 954), (-108, 342, 1008), (-72, 342, 972), (-54, 342, 1008), (-36, 324, 1026), (-72, 342, 990), (-72, 396, 1044), (18, 360, 846), (-108, 360, 864), (-90, 324, 1008), (-72, 324, 1008), (-54, 360, 954), (18, 360, 936), (-108, 342, 990), (-108, 342, 1098), (-36, 324, 990), (-18, 324, 990), (0, 342, 882), (-36, 324, 954), (-36, 324, 972), (-54, 342, 954), (-72, 342, 954), (-126, 342, 954), (-54, 342, 972)]	(9513, 11828, 10781, 12063, 11779, 10048, 6800, 6946, 5363, 7503, 6397, 7403, 4941, 10880, 8020, 7586, 14487, 20256, 18418, 18140, 16707, 14043, 12104, 1976)
t	2016896	(572, 289)	[(-54, 360, 954), (18, 360, 936), (-108, 342, 990), (-108, 342, 1098), (-36, 324, 990), (-18, 324, 990), (0, 342, 882), (-36, 324, 954), (-36, 324, 972), (-54, 342, 954), (-72, 342, 954), (-126, 342, 954), (-54, 342, 972), (-90, 324, 972), (-126, 360, 918), (-90, 342, 990), (-90, 360, 954), (-54, 378, 990), (-108, 342, 972), (-72, 378, 972), (-54, 342, 936), (-54, 360, 918), (-108, 378, 936), (-72, 342, 954), (-108, 360, 900)]	(9531, 11981, 10879, 12267, 11784, 10116, 6662, 6974, 5629, 7519, 6497, 7538, 5003, 11051, 8056, 7625, 14835, 20355, 18815, 18375, 16878, 14173, 12149, 1987)
a	2017215	(647, 465)	[(-72, 342, 954), (-126, 342, 954), (-54, 342, 972), (-90, 324, 972), (-126, 360, 918), (-90, 342, 990), (-90, 360, 954), (-54, 378, 990), (-108, 342, 972), (-72, 378, 972), (-54, 342, 936), (-54, 360, 918), (-108, 378, 936), (-72, 342, 954), (-108, 360, 900), (-108, 360, 864), (-72, 342, 1044), (-108, 342, 936), (-90, 324, 1044), (-54, 324, 990), (-18, 324, 918), (-54, 342, 972), (-54, 324, 990), (-54, 306, 954), (-90, 324, 990)]	(9523, 11895, 10773, 12125, 11784, 10033, 6970, 6921, 5465, 7518, 6515, 7565, 4989, 10945, 8009, 7604, 14578, 20284, 18594, 18279, 16772, 14150, 12116, 1980)
 	2017721	(853, 243)	[(-54, 324, 990), (-18, 324, 918), (-54, 342, 972), (-54, 324, 990), (-54, 306, 954), (-90, 324, 990), (-90, 342, 990), (-108, 324, 1026), (-54, 306, 1044), (-126, 396, 972), (-72, 324, 882), (-90, 324, 846), (-108, 306, 990), (-90, 270, 1080), (-72, 324, 1062), (-90, 342, 1044), (-54, 324, 972), (-54, 306, 972), (-126, 324, 1044), (-54, 324, 1008), (-54, 306, 900), (-90, 342, 918), (-90, 342, 954), (-108, 342, 954), (0, 288, 1098)]	(9513, 11812, 10833, 12063, 11766, 10050, 6710, 6647, 5688, 7355, 6506, 7327, 4907, 10772, 7962, 7551, 14471, 20340, 18373, 18623, 17074, 14227, 12138, 1971)
a	2018194	(678, 428)	[(-54, 306, 972), (-126, 324, 1044), (-54, 324, 1008), (-54, 306, 900), (-90, 342, 918), (-90, 342, 954), (-108, 342, 954), (0, 288, 1098), (-90, 342, 1098), (-90, 342, 954), (-90, 306, 1026), (-90, 306, 972), (-54, 324, 990), (-54, 306, 1008), (-108, 324, 1026), (-54, 306, 972), (-54, 306, 990), (-54, 360, 900), (-90, 342, 864), (-54, 324, 900), (-72, 288, 972), (-36, 270, 1098), (-90, 342, 1080), (-72, 324, 1026), (-72, 342, 990)]	(9513, 11806, 10756, 11965, 11780, 9993, 7039, 6936, 5573, 7531, 6366, 7379, 4940, 10823, 7967, 7577, 14211, 20269, 18343, 18324, 16952, 14202, 12108, 1968)
n	2018764	(749, 138)	[(-36, 270, 1098), (-90, 342, 1080), (-72, 324, 1026), (-72, 342, 990), (-90, 306, 954), (-72, 324, 990), (-72, 324, 972), (-90, 342, 972), (-108, 342, 972), (-72, 324, 972), (-90, 324, 1008), (-72, 324, 972), (-54, 324, 972), (-54, 324, 1044), (-36, 324, 1026), (-54, 324, 990), (-36, 306, 1008), (-36, 324, 990), (-54, 378, 1008), (-90, 360, 864), (-72, 342, 918), (-54, 360, 1008), (-36, 378, 954), (-72, 360, 972), (36, 324, 954)]	(9520, 11937, 10881, 12159, 11781, 10085, 6726, 7074, 5754, 7534, 6511, 7444, 4995, 10940, 8042, 7621, 14713, 20337, 18580, 18393, 16985, 14208, 12150, 1988)
d	2019318	(657, 328)	[(-72, 342, 918), (-54, 360, 1008), (-36, 378, 954), (-72, 360, 972), (36, 324, 954), (-36, 324, 1026), (-54, 306, 1008), (-72, 324, 954), (-54, 342, 954), (-36, 342, 990), (-54, 360, 1008), (-72, 342, 990), (-90, 342, 1026), (-36, 324, 990), (-36, 342, 972), (-90, 360, 990), (-72, 378, 1008), (-36, 360, 936), (-72, 342, 900), (-54, 360, 936), (-54, 360, 990), (-90, 342, 990), (-108, 396, 972), (-90, 360, 972), (-36, 342, 972)]	(9520, 11927, 10818, 12106, 11796, 10020, 6834, 6947, 5657, 7497, 6485, 7500, 4982, 10886, 7987, 7606, 14541, 20279, 18513, 18276, 16883, 14165, 12121, 1978)
 	2020316	(846, 253)	[(-72, 360, 990), (-90, 342, 972), (-90, 342, 1008), (-90, 342, 1008), (-54, 324, 990), (-90, 342, 990), (-90, 342, 954), (-72, 324, 972), (-72, 342, 972), (-72, 342, 972), (-72, 342, 1008), (-72, 342, 990), (-72, 342, 972), (-72, 342, 972), (-72, 342, 972), (-90, 342, 954), (-90, 342, 990), (-72, 360, 1026), (-36, 342, 1008), (36, 360, 954), (-72, 342, 900), (-90, 360, 864), (-72, 342, 918), (-54, 342, 954), (-36, 360, 990)]	(9520, 11866, 10781, 12127, 11784, 10044, 6778, 6967, 5700, 7498, 6448, 7556, 4957, 10820, 8054, 7597, 14574, 20300, 18367, 18322, 16930, 14173, 12132, 1962)
c	2020772	(753, 259)	[(-72, 360, 1026), (-36, 342, 1008), (36, 360, 954), (-72, 342, 900), (-90, 360, 864), (-72, 342, 918), (-54, 342, 954), (-36, 360, 990), (-54, 342, 1080), (-90, 342, 1026), (-54, 306, 990), (-36, 324, 1008), (-36, 342, 1026), (-36, 342, 972), (-72, 342, 1062), (-72, 360, 972), (36, 378, 1098), (-36, 324, 864), (-108, 378, 864), (-72, 360, 954), (-54, 342, 936), (-54, 360, 900), (-72, 378, 990), (18, 324, 1044), (-72, 324, 1062)]	(9517, 11808, 10707, 12035, 11769, 10030, 6717, 6973, 5440, 7554, 6472, 7591, 4926, 10792, 8040, 7575, 14558, 20265, 18323, 18238, 16840, 14112, 12117, 1977)
a	2021143	(662, 408)	[(-36, 324, 1008), (-36, 342, 1026), (-36, 342, 972), (-72, 342, 1062), (-72, 360, 972), (36, 378, 1098), (-36, 324, 864), (-108, 378, 864), (-72, 360, 954), (-54, 342, 936), (-54, 360, 900), (-72, 378, 990), (18, 324, 1044), (-72, 324, 1062), (-90, 360, 954), (-36, 342, 954), (-54, 360, 954), (-54, 378, 1026), (-36, 342, 990), (-36, 378, 918), (-36, 378, 954), (-18, 342, 972), (0, 324, 972), (-72, 396, 954), (-72, 378, 936)]	(9526, 11952, 10797, 12147, 11784, 10096, 7174, 7118, 5576, 7499, 6609, 7500, 4948, 11081, 7994, 7682, 14710, 20364, 18903, 18677, 17089, 14317, 12131, 1978)
n	2021702	(735, 141)	[(-18, 342, 972), (0, 324, 972), (-72, 396, 954), (-72, 378, 936), (0, 360, 918), (-54, 360, 972), (-108, 378, 954), (-108, 378, 1008), (-36, 342, 954), (-18, 342, 972), (-72, 378, 972), (-72, 360, 972), (-54, 360, 954), (-54, 360, 972), (-36, 360, 990), (-54, 342, 1008), (-18, 342, 1080), (-36, 450, 972), (-72, 360, 846), (-36, 396, 846), (-54, 360, 954), (-54, 378, 936), (-36, 378, 918), (0, 360, 900), (-108, 378, 972)]	(9530, 11926, 10830, 12137, 11799, 10015, 6603, 7046, 5573, 7525, 6490, 7485, 4929, 10830, 8021, 7589, 14605, 20290, 18482, 18278, 16883, 14123, 12125, 1980)
 	2022073	(827, 222)	[(-54, 360, 954), (-54, 360, 972), (-36, 360, 990), (-54, 342, 1008), (-18, 342, 1080), (-36, 450, 972), (-72, 360, 846), (-36, 396, 846), (-54, 360, 954), (-54, 378, 936), (-36, 378, 918), (0, 360, 900), (-108, 378, 972), (-108, 342, 1080), (-36, 360, 1026), (-54, 342, 954), (54, 360, 1080), (-36, 324, 1008), (-72, 360, 846), (-54, 360, 918), (-72, 342, 954), (-36, 360, 1008), (-36, 342, 1008), (-18, 324, 1044), (-72, 342, 936)]	(9517, 11847, 10840, 12121, 11794, 10000, 6800, 6948, 5680, 7505, 6443, 7559, 4946, 10837, 8054, 7603, 14667, 20318, 18441, 18407, 16980, 14186, 12139, 1975)
h	2022529	(683, 206)	[(-36, 324, 1008), (-72, 360, 846), (-54, 360, 918), (-72, 342, 954), (-36, 360, 1008), (-36, 342, 1008), (-18, 324, 1044), (-72, 342, 936), (-36, 306, 954), (-72, 360, 990), (-36, 342, 990), (-36, 378, 972), (-54, 360, 1008), (-18, 360, 1044), (0, 342, 954), (-54, 360, 936), (-90, 432, 864), (-72, 342, 936), (-54, 378, 900), (-54, 360, 1008), (-72, 378, 1098), (-72, 378, 990), (-36, 396, 954), (-72, 414, 918), (-108, 396, 936)]	(9534, 11970, 10886, 12257, 11787, 10040, 6415, 7023, 5602, 7412, 6521, 7425, 4917, 10768, 8029, 7590, 14814, 20298, 18646, 18201, 16760, 14149, 12155, 1974)
o	2023052	(572, 94)	[(-54, 378, 900), (-54, 360, 1008), (-72, 378, 1098), (-72, 378, 990), (-36, 396, 954), (-72, 414, 918), (-108, 396, 936), (0, 378, 1008), (36, 396, 954), (36, 378, 918), (18, 396, 882), (-54, 414, 936), (-18, 414, 990), (-36, 432, 936), (0, 450, 954), (0, 432, 990), (18, 450, 936), (54, 396, 936), (18, 396, 954), (0, 432, 972), (36, 414, 954), (-18, 432, 936), (-36, 450, 918), (0, 450, 918), (0, 432, 846)]	(9530, 12073, 11045, 12380, 11794, 10068, 6174, 7135, 5487, 7309, 6406, 7473, 4812, 10615, 7930, 7534, 14860, 20310, 18961, 18178, 16693, 14155, 12181, 1979)
p	2023673	(600, 20)	[(0, 432, 846), (-36, 432, 1152), (36, 414, 1008), (36, 396, 972), (54, 432, 918), (36, 432, 918), (18, 450, 864), (-54, 432, 936), (18, 432, 990), (36, 432, 972), (18, 468, 936), (18, 432, 918), (18, 432, 918), (36, 432, 936), (36, 414, 918), (54, 414, 936), (18, 414, 918), (0, 432, 936), (-18, 468, 972), (18, 450, 954), (36, 432, 936), (36, 432, 1026), (0, 432, 954), (54, 450, 918), (72, 414, 882)]	(9534, 12073, 10975, 12372, 11782, 10090, 6395, 7182, 5724, 7239, 6433, 7481, 4796, 10924, 7871, 7572, 14888, 20344, 19130, 18334, 16797, 14215, 12172, 1974)
e	2024365	(570, 358)	[(0, 396, 1080), (0, 378, 990), (18, 378, 900), (18, 378, 918), (0, 378, 936), (18, 396, 972), (18, 396, 954), (0, 396, 972), (-54, 414, 990), (-72, 432, 936), (-36, 432, 954), (-18, 414, 990), (-18, 396, 990), (0, 396, 972), (0, 378, 990), (0, 396, 918), (-54, 414, 936), (-36, 432, 936), (0, 414, 1044), (54, 450, 864), (-54, 396, 936), (-54, 378, 990), (-72, 396, 1026), (18, 414, 1026), (18, 414, 936)]	(9527, 11971, 10823, 12204, 11758, 10069, 6863, 7060, 5726, 7260, 6444, 7504, 4876, 11130, 7936, 7634, 14889, 20304, 18801, 18137, 16619, 14186, 12152, 1969)
f	2024870	(661, 283)	[(54, 450, 864), (-54, 396, 936), (-54, 378, 990), (-72, 396, 1026), (18, 414, 1026), (18, 414, 936), (18, 396, 936), (18, 396, 972), (0, 414, 954), (0, 414, 900), (-54, 414, 936), (18, 396, 972), (18, 396, 990), (-18, 414, 990), (-36, 414, 1008), (0, 396, 990), (54, 432, 954), (18, 432, 918), (-36, 414, 900), (0, 396, 954), (18, 396, 972), (-54, 414, 1026), (18, 414, 990), (18, 432, 954), (0, 450, 828)]	(9512, 11948, 10776, 12150, 11773, 10026, 6732, 7164, 5491, 7288, 6591, 7507, 4835, 11015, 7914, 7601, 14759, 20276, 18684, 18093, 16651, 14132, 12136, 1973)
u	2025393	(582, 169)	[(0, 396, 954), (18, 396, 972), (-54, 414, 1026), (18, 414, 990), (18, 432, 954), (0, 450, 828), (-72, 414, 846), (36, 414, 1026), (0, 396, 918), (-36, 432, 936), (18, 432, 972), (0, 414, 972), (-18, 414, 990), (0, 414, 972), (18, 414, 972), (36, 414, 972), (-36, 414, 990), (18, 396, 954), (72, 414, 846), (-36, 414, 918), (-36, 450, 918), (-36, 432, 936), (0, 414, 1044), (36, 432, 1008), (54, 414, 936)]	(9516, 12009, 10866, 12301, 11775, 10092, 6446, 7155, 5783, 7229, 6592, 7373, 4825, 11052, 7921, 7623, 14903, 20294, 18747, 18063, 16666, 14165, 12166, 1973)
l	2026018	(683, 23)	[(54, 414, 936), (-36, 450, 882), (18, 378, 1026), (18, 396, 936), (-18, 378, 864), (-36, 396, 882), (0, 360, 954), (18, 378, 1044), (36, 360, 1062), (-54, 396, 1008), (-36, 414, 972), (18, 396, 954), (-36, 396, 936), (-18, 396, 990), (0, 378, 990), (0, 396, 954), (-18, 396, 972), (18, 360, 936), (-72, 396, 954), (-36, 396, 936), (0, 396, 972), (-36, 414, 1026), (-36, 396, 990), (0, 396, 990), (18, 342, 1008)]	(9531, 11972, 10913, 12339, 11788, 10125, 6511, 7182, 5816, 7273, 6575, 7571, 4849, 11114, 7957, 7644, 15010, 20393, 19069, 18602, 17040, 14260, 12181, 1974)
l	2026273	(676, 20)	[(18, 378, 1044), (36, 360, 1062), (-54, 396, 1008), (-36, 414, 972), (18, 396, 954), (-36, 396, 936), (-18, 396, 990), (0, 378, 990), (0, 396, 954), (-18, 396, 972), (18, 360, 936), (-72, 396, 954), (-36, 396, 936), (0, 396, 972), (-36, 414, 1026), (-36, 396, 990), (0, 396, 990), (18, 342, 1008), (-36, 378, 936), (-36, 378, 990), (-36, 414, 936), (-36, 396, 1026), (-36, 396, 990), (54, 360, 972), (0, 396, 972)]	(9526, 11909, 10837, 12208, 11769, 9994, 6145, 7026, 5794, 7275, 6525, 7485, 4818, 10933, 7941, 7605, 14870, 20319, 18798, 18366, 16912, 14191, 12167, 1969)
y	2026843	(582, 217)	[(-36, 396, 990), (54, 360, 972), (0, 396, 972), (18, 378, 936), (-126, 468, 1026), (18, 378, 1026), (18, 324, 972), (-54, 414, 918), (-36, 414, 918), (0, 360, 918), (36, 360, 972), (0, 342, 1008), (-36, 360, 990), (-90, 414, 990), (-90, 414, 1026), (-36, 396, 1044), (36, 360, 1008), (54, 468, 846), (18, 360, 792), (-36, 324, 972), (-36, 360, 1008), (-54, 378, 1026), (0, 378, 1116), (18, 468, 954), (54, 396, 864)]	(9524, 12017, 10926, 12336, 11779, 10074, 6830, 7117, 5929, 7315, 6500, 7507, 4862, 11164, 7958, 7659, 14958, 20341, 18884, 18304, 16776, 14233, 12173, 1977)
 	2027401	(845, 235)	[(-54, 378, 1026), (0, 378, 1116), (18, 468, 954), (54, 396, 864), (-54, 432, 918), (-144, 432, 1098), (36, 270, 1026), (-18, 306, 1044), (-36, 360, 954), (0, 342, 990), (18, 378, 954), (18, 342, 990), (0, 306, 954), (-72, 342, 1008), (-90, 378, 1044), (54, 360, 1152), (18, 342, 828), (-72, 396, 756), (-72, 342, 900), (-36, 342, 1008), (18, 324, 972), (18, 378, 1080), (0, 342, 1152), (36, 360, 1080), (-18, 324, 990)]	(9532, 11742, 10741, 12107, 11760, 10036, 6012, 6970, 5593, 7350, 6412, 7485, 4841, 10928, 7972, 7581, 14696, 20259, 18270, 18250, 16841, 14098, 12133, 1971)
g	2027826	(673, 233)	[(54, 360, 1152), (18, 342, 828), (-72, 396, 756), (-72, 342, 900), (-36, 342, 1008), (18, 324, 972), (18, 378, 1080), (0, 342, 1152), (36, 360, 1080), (-18, 324, 990), (-54, 324, 918), (0, 324, 1026), (-54, 360, 990), (-18, 360, 1008), (-54, 378, 1008), (-36, 378, 1026), (36, 414, 1044), (72, 360, 882), (18, 378, 774), (-18, 360, 954), (18, 360, 1008), (18, 360, 972), (0, 396, 1026), (-36, 432, 1080), (36, 378, 972)]	(9537, 12002, 10900, 12320, 11787, 10084, 6709, 7089, 5739, 7358, 6552, 7602, 4873, 11145, 7975, 7656, 14923, 20356, 18916, 18539, 16951, 14174, 12154, 1955)
e	2028398	(570, 347)	[(18, 360, 972), (0, 396, 1026), (-36, 432, 1080), (36, 378, 972), (-36, 414, 936), (-36, 378, 972), (0, 378, 990), (-18, 396, 954), (-54, 396, 990), (-54, 378, 990), (-72, 378, 990), (-36, 396, 990), (-36, 396, 1080), (18, 414, 810), (-36, 396, 864), (-54, 378, 990), (-36, 360, 990), (0, 378, 1008), (-54, 414, 990), (-72, 396, 1044), (-54, 414, 972), (-54, 414, 900), (-72, 396, 1008), (-36, 396, 990), (-54, 396, 972)]	(9524, 11952, 10793, 12145, 11774, 10075, 6439, 7036, 5682, 7307, 6488, 7419, 4839, 11062, 7940, 7630, 14774, 20279, 18719, 18298, 16793, 14097, 12116, 1955)
t	2028754	(587, 255)	[(-36, 396, 990), (-36, 396, 1080), (18, 414, 810), (-36, 396, 864), (-54, 378, 990), (-36, 360, 990), (0, 378, 1008), (-54, 414, 990), (-72, 396, 1044), (-54, 414, 972), (-54, 414, 900), (-72, 396, 1008), (-36, 396, 990), (-54, 396, 972), (-36, 396, 1008), (-54, 396, 990), (-36, 378, 954), (18, 414, 846), (-72, 396, 954), (-54, 396, 882), (-54, 396, 936), (-54, 432, 1008), (-36, 432, 972), (-18, 396, 972), (-54, 414, 954)]	(9531, 11966, 10802, 12187, 11770, 10061, 6384, 7058, 5635, 7326, 6630, 7426, 4841, 11004, 7982, 7599, 14798, 20280, 18640, 18230, 16769, 14099, 12128, 1976)
 	2029577	(838, 252)	[(-72, 378, 972), (-54, 378, 1008), (-54, 378, 1008), (-54, 360, 954), (-72, 360, 954), (-72, 378, 972), (-54, 360, 972), (-54, 378, 1026), (-18, 360, 990), (18, 342, 972), (-54, 360, 936), (-54, 360, 972), (-72, 360, 972), (-36, 360, 972), (-54, 396, 1008), (-36, 342, 1026), (18, 396, 1008), (0, 342, 900), (18, 360, 864), (0, 360, 900), (-72, 342, 990), (-54, 378, 1026), (18, 324, 1044), (0, 360, 1026), (-72, 360, 972)]	(9529, 11820, 10778, 12122, 11769, 10058, 6340, 7062, 5705, 7363, 6482, 7393, 4852, 11000, 8012, 7605, 14765, 20299, 18400, 18320, 16867, 14098, 12136, 1976)
y	2030151	(600, 221)	[(-54, 378, 1026), (18, 324, 1044), (0, 360, 1026), (-72, 360, 972), (-36, 378, 954), (-54, 378, 1008), (-54, 378, 918), (36, 396, 954), (18, 396, 990), (-54, 396, 990), (-36, 396, 990), (-36, 396, 954), (-54, 414, 954), (-36, 396, 954), (-36, 414, 990), (-54, 396, 1008), (-36, 414, 954), (-36, 396, 936), (-54, 414, 900), (-18, 396, 936), (18, 414, 972), (18, 396, 972), (18, 414, 954), (0, 432, 936), (-54, 432, 918)]	(9524, 12026, 10846, 12246, 11769, 10038, 6060, 7160, 5505, 7339, 6534, 7445, 4827, 10962, 7976, 7583, 14821, 20286, 18744, 18208, 16723, 14095, 12149, 1966)
o	2030724	(591, 81)	[(18, 396, 972), (18, 414, 954), (0, 432, 936), (-54, 432, 918), (18, 414, 1008), (-18, 414, 882), (36, 432, 900), (0, 414, 936), (18, 414, 954), (0, 414, 1026), (0, 432, 990), (0, 450, 936), (0, 432, 900), (0, 450, 936), (18, 432, 918), (36, 414, 936), (18, 414, 954), (54, 414, 936), (-36, 450, 918), (-54, 450, 936), (36, 432, 954), (18, 432, 972), (18, 450, 918), (36, 432, 900), (-36, 414, 936)]	(9538, 12120, 10965, 12373, 11782, 10055, 6325, 7145, 5643, 7289, 6442, 7518, 4861, 10969, 7958, 7594, 14965, 20345, 18916, 18266, 16770, 14170, 12177, 1975)
u	2031177	(605, 174)	[(18, 414, 954), (54, 414, 936), (-36, 450, 918), (-54, 450, 936), (36, 432, 954), (18, 432, 972), (18, 450, 918), (36, 432, 900), (-36, 414, 936), (18, 414, 990), (-36, 432, 954), (18, 414, 954), (18, 414, 972), (18, 414, 954), (-36, 432, 972), (-36, 414, 954), (36, 414, 936), (36, 450, 828), (-72, 450, 972), (-36, 414, 990), (-36, 432, 1044), (-36, 432, 990), (0, 432, 954), (54, 450, 882), (18, 414, 810)]	(9532, 12095, 10946, 12373, 11779, 10094, 6368, 7099, 5715, 7286, 6470, 7565, 4887, 11025, 7983, 7605, 14937, 20335, 18820, 18198, 16723, 14136, 12178, 1972)
 	2031954	(843, 256)	[(-36, 396, 990), (-54, 396, 954), (-54, 396, 918), (-108, 378, 1008), (-90, 378, 1026), (-72, 378, 1026), (-90, 396, 972), (-90, 396, 900), (-126, 396, 918), (-90, 396, 972), (-90, 360, 1008), (-54, 378, 972), (-90, 396, 990), (-36, 360, 990), (-54, 378, 954), (-72, 378, 972), (-72, 378, 1098), (54, 378, 1026), (-36, 360, 810), (-54, 414, 756), (-72, 396, 846), (-144, 396, 990), (-54, 396, 1008), (-54, 378, 1026), (18, 342, 1152)]	(9525, 11805, 10857, 12215, 11762, 10075, 6218, 6991, 5829, 7381, 6516, 7556, 4875, 10925, 7981, 7579, 14753, 20272, 18252, 18210, 16842, 14184, 12142, 1954)
s	2032427	(661, 365)	[(-72, 378, 1098), (54, 378, 1026), (-36, 360, 810), (-54, 414, 756), (-72, 396, 846), (-144, 396, 990), (-54, 396, 1008), (-54, 378, 1026), (18, 342, 1152), (-36, 342, 918), (-18, 342, 1044), (-54, 360, 972), (-36, 360, 990), (-54, 342, 972), (-54, 342, 1026), (18, 432, 1062), (90, 306, 774), (18, 306, 792), (-126, 360, 972), (-108, 306, 1080), (-36, 360, 1044), (-54, 342, 1062), (-72, 414, 1080), (-90, 378, 1008), (-72, 360, 972)]	(9517, 11793, 10764, 12114, 11771, 10044, 6709, 7070, 5674, 7365, 6376, 7480, 4901, 11056, 7959, 7612, 14625, 20254, 18483, 18218, 16800, 14143, 12113, 1969)
o	2032937	(567, 65)	[(-108, 306, 1080), (-36, 360, 1044), (-54, 342, 1062), (-72, 414, 1080), (-90, 378, 1008), (-72, 360, 972), (-180, 414, 936), (90, 414, 1062), (18, 396, 954), (0, 414, 918), (0, 414, 954), (-18, 414, 1008), (-36, 396, 1008), (-36, 378, 954), (-54, 414, 972), (0, 396, 900), (-54, 450, 882), (-72, 450, 1008), (-36, 468, 918), (162, 450, 828), (-36, 468, 918), (-36, 432, 936), (0, 414, 1008), (54, 486, 846), (108, 414, 774)]	(9534, 12027, 10999, 12390, 11779, 10085, 6443, 7017, 5610, 7367, 6582, 7558, 4836, 10994, 7935, 7578, 14841, 20290, 18780, 18158, 16706, 14133, 12161, 1931)
m	2033513	(780, 74)	[(-36, 432, 936), (0, 414, 1008), (54, 486, 846), (108, 414, 774), (54, 360, 990), (36, 360, 882), (0, 360, 900), (-36, 360, 918), (-54, 342, 972), (-108, 360, 1026), (-54, 342, 1098), (36, 288, 1080), (-108, 360, 1026), (-108, 378, 936), (-72, 342, 936), (-162, 504, 1008), (-36, 306, 1008), (-72, 378, 882), (-144, 432, 990), (-54, 396, 990), (-54, 378, 954), (-90, 396, 918), (-54, 306, 1152), (-18, 378, 1044), (0, 306, 882)]	(9529, 11939, 10965, 12248, 11780, 10044, 6235, 7093, 5659, 7325, 6414, 7511, 4849, 10970, 7993, 7589, 14813, 20317, 18691, 18608, 17028, 14200, 12157, 1941)
e	2034136	(588, 341)	[(-18, 378, 1044), (0, 306, 882), (-36, 396, 1080), (-36, 396, 900), (18, 360, 900), (18, 360, 864), (-54, 378, 1044), (-72, 414, 1080), (0, 414, 1008), (-54, 432, 972), (-72, 450, 846), (-72, 414, 828), (-72, 396, 954), (-90, 414, 990), (-54, 414, 1008), (72, 432, 936), (36, 450, 774), (-72, 396, 918), (-72, 396, 972), (-36, 396, 1026), (-54, 396, 1062), (-36, 378, 1062), (-36, 432, 1008), (-90, 450, 810), (-126, 450, 882)]	(9533, 11965, 10907, 12225, 11767, 9988, 6409, 7003, 5778, 7370, 6581, 7336, 4807, 11077, 7954, 7595, 14848, 20302, 18742, 18278, 16768, 14198, 12154, 1969)
t	2034496	(573, 285)	[(-72, 396, 954), (-90, 414, 990), (-54, 414, 1008), (72, 432, 936), (36, 450, 774), (-72, 396, 918), (-72, 396, 972), (-36, 396, 1026), (-54, 396, 1062), (-36, 378, 1062), (-36, 432, 1008), (-90, 450, 810), (-126, 450, 882), (-72, 414, 954), (0, 414, 1026), (-72, 414, 936), (-54, 396, 1008), (0, 450, 846), (-54, 414, 846), (-90, 414, 936), (-90, 396, 954), (-90, 396, 1026), (-72, 432, 1026), (-54, 414, 1044), (-36, 432, 918)]	(9527, 12010, 10994, 12282, 11774, 10090, 6668, 7227, 5832, 7315, 6419, 7565, 4877, 11262, 7990, 7677, 15150, 20410, 19145, 18656, 17005, 14353, 12192, 1967)
h	2034919	(657, 182)	[(-72, 414, 936), (-54, 396, 1008), (0, 450, 846), (-54, 414, 846), (-90, 414, 936), (-90, 396, 954), (-90, 396, 1026), (-72, 432, 1026), (-54, 414, 1044), (-36, 432, 918), (-54, 396, 882), (0, 360, 990), (-72, 414, 936), (-90, 396, 918), (-72, 396, 972), (-36, 396, 954), (-72, 414, 1008), (18, 414, 936), (-36, 378, 918), (-36, 414, 864), (-54, 396, 918), (-36, 378, 954), (-72, 396, 1008), (-36, 396, 990), (36, 378, 918)]	(9528, 11944, 10920, 12250, 11780, 10006, 6400, 7145, 5750, 7357, 6455, 7469, 4800, 10989, 7944, 7577, 14889, 20305, 18741, 18321, 16838, 14228, 12178, 1976)
i	2035224	(562, 127)	[(-36, 432, 918), (-54, 396, 882), (0, 360, 990), (-72, 414, 936), (-90, 396, 918), (-72, 396, 972), (-36, 396, 954), (-72, 414, 1008), (18, 414, 936), (-36, 378, 918), (-36, 414, 864), (-54, 396, 918), (-36, 378, 954), (-72, 396, 1008), (-36, 396, 990), (36, 378, 918), (0, 396, 972), (18, 432, 918), (-54, 468, 900), (-90, 396, 954), (-72, 414, 936), (-90, 414, 954), (-36, 396, 846), (0, 414, 846), (-90, 378, 1044)]	(9532, 12030, 10976, 12310, 11779, 10104, 6525, 7081, 5742, 7274, 6363, 7466, 4765, 10931, 7894, 7562, 14867, 20312, 18852, 18395, 16869, 14229, 12173, 1965)
n	2035799	(756, 137)	[(-90, 414, 954), (-36, 396, 846), (0, 414, 846), (-90, 378, 1044), (0, 360, 1026), (18, 324, 1008), (18, 360, 954), (-36, 378, 972), (0, 360, 1008), (-36, 360, 990), (-72, 378, 972), (-36, 360, 918), (0, 342, 936), (-90, 360, 972), (-36, 378, 990), (-18, 360, 1116), (36, 378, 1026), (0, 396, 846), (-54, 396, 810), (-36, 378, 936), (-54, 396, 972), (0, 396, 1008), (54, 324, 1080), (36, 432, 990), (-72, 342, 882)]	(9527, 11902, 10895, 12155, 11769, 10014, 6654, 7024, 5627, 7332, 6457, 7365, 4801, 10984, 7952, 7565, 14808, 20308, 18659, 18435, 16933, 14213, 12152, 1975)
g	2036255	(671, 224)	[(36, 378, 1026), (0, 396, 846), (-54, 396, 810), (-36, 378, 936), (-54, 396, 972), (0, 396, 1008), (54, 324, 1080), (36, 432, 990), (-72, 342, 882), (-36, 396, 918), (18, 360, 936), (0, 396, 990), (0, 396, 972), (-18, 396, 954), (-54, 396, 972), (-108, 414, 990), (-72, 414, 1080), (36, 396, 864), (-72, 414, 846), (-54, 414, 900), (0, 360, 972), (-54, 432, 900), (-36, 396, 918), (72, 360, 1026), (-90, 396, 1116)]	(9528, 11866, 10794, 12055, 11762, 10092, 6572, 6957, 5536, 7320, 6589, 7299, 4809, 10995, 7946, 7583, 14725, 20282, 18611, 18301, 16810, 14151, 12139, 1970)
 	2037080	(830, 251)	[(-54, 360, 990), (-54, 378, 1026), (-72, 378, 1008), (-54, 360, 954), (-54, 378, 936), (-72, 378, 936), (-72, 360, 918), (-108, 378, 972), (-72, 360, 990), (-54, 360, 1044), (-54, 378, 1026), (-54, 378, 936), (-72, 378, 936), (-72, 378, 972), (-54, 378, 972), (-54, 360, 990), (18, 378, 1044), (18, 342, 882), (-90, 396, 882), (-90, 396, 918), (-54, 360, 990), (-72, 396, 918), (-72, 396, 936), (-90, 414, 1008), (-54, 360, 1098)]	(9525, 11831, 10894, 12269, 11767, 10057, 6470, 6914, 5432, 7381, 6357, 7260, 4851, 10964, 7965, 7578, 14645, 20271, 18514, 18375, 16889, 14129, 12135, 1974)
f	2037600	(683, 293)	[(-54, 360, 990), (-72, 396, 918), (-72, 396, 936), (-90, 414, 1008), (-54, 360, 1098), (-108, 396, 954), (0, 342, 990), (-54, 378, 954), (-72, 396, 972), (-36, 360, 972), (-72, 378, 990), (-72, 396, 972), (-54, 396, 990), (-54, 360, 972), (-90, 396, 990), (-36, 360, 1134), (36, 396, 828), (-54, 396, 864), (-72, 378, 882), (-72, 360, 990), (-36, 378, 1044), (-36, 378, 1062), (-18, 378, 972), (-72, 396, 936), (-126, 432, 882)]	(9523, 11937, 10865, 12268, 11769, 10045, 6652, 7002, 5399, 7370, 6487, 7471, 4821, 11032, 7971, 7585, 14675, 20283, 18755, 18335, 16810, 14118, 12130, 1967)
o	2038121	(590, 84)	[(-72, 360, 990), (-36, 378, 1044), (-36, 378, 1062), (-18, 378, 972), (-72, 396, 936), (-126, 432, 882), (-54, 450, 1062), (-54, 432, 936), (-54, 396, 918), (-72, 414, 936), (-54, 414, 954), (0, 414, 1008), (18, 414, 1008), (-36, 414, 954), (-54, 414, 918), (-90, 432, 954), (-54, 468, 864), (-54, 414, 900), (-90, 450, 936), (-54, 432, 954), (-54, 414, 1008), (-54, 450, 972), (18, 414, 900), (18, 414, 828), (-108, 414, 1116)]	(9539, 12083, 11012, 12422, 11786, 10029, 6461, 7111, 5462, 7340, 6389, 7474, 4833, 10968, 7947, 7584, 14808, 20307, 18895, 18325, 16776, 14146, 12155, 1972)
r	2038576	(600, 290)	[(-90, 432, 954), (-54, 468, 864), (-54, 414, 900), (-90, 450, 936), (-54, 432, 954), (-54, 414, 1008), (-54, 450, 972), (18, 414, 900), (18, 414, 828), (-108, 414, 1116), (-54, 432, 936), (-72, 414, 918), (-36, 414, 918), (-54, 396, 990), (-36, 396, 1008), (-54, 414, 936), (-90, 414, 954), (-54, 414, 990), (18, 450, 864), (-72, 432, 846), (-90, 396, 918), (-90, 396, 990), (-72, 378, 1026), (-54, 378, 1044), (-54, 432, 1026)]	(9533, 12018, 10964, 12444, 11774, 10054, 6854, 7204, 5409, 7338, 6413, 7432, 4883, 11200, 7980, 7655, 14930, 20372, 19112, 18571, 16933, 14267, 12158, 1978)
 	2039102	(814, 242)	[(-72, 432, 846), (-90, 396, 918), (-90, 396, 990), (-72, 378, 1026), (-54, 378, 1044), (-54, 432, 1026), (-36, 432, 846), (-54, 360, 990), (-72, 342, 972), (-72, 378, 900), (-54, 360, 900), (-72, 360, 882), (-108, 378, 936), (-126, 396, 1062), (-72, 360, 1062), (-36, 360, 972), (-72, 360, 1098), (-90, 360, 972), (-72, 360, 918), (-36, 378, 918), (-72, 360, 936), (-108, 414, 918), (-72, 378, 936), (18, 324, 1116), (-108, 396, 990)]	(9529, 11851, 10885, 12400, 11786, 10071, 6390, 7034, 5584, 7359, 6544, 7448, 4884, 11015, 8003, 7596, 14768, 20294, 18529, 18423, 16921, 14166, 12148, 1972)
f	2039826	(651, 285)	[(-36, 396, 936), (-36, 396, 972), (-90, 378, 1008), (-72, 378, 990), (-36, 378, 990), (-54, 378, 954), (-72, 378, 954), (-72, 396, 990), (-54, 360, 990), (-18, 396, 954), (18, 360, 954), (-72, 360, 972), (-54, 360, 972), (-72, 396, 954), (-36, 396, 954), (-54, 378, 1026), (-54, 396, 1044), (-54, 396, 972), (-18, 396, 918), (-54, 414, 918), (-90, 414, 972), (-54, 378, 990), (-72, 414, 990), (-36, 396, 1008), (0, 414, 918)]	(9525, 11962, 10907, 12425, 11780, 10119, 6513, 7294, 5446, 7344, 6559, 7428, 4874, 11117, 7960, 7608, 14764, 20291, 18795, 18402, 16839, 14145, 12141, 1981)
r	2040183	(568, 292)	[(-54, 360, 972), (-72, 396, 954), (-36, 396, 954), (-54, 378, 1026), (-54, 396, 1044), (-54, 396, 972), (-18, 396, 918), (-54, 414, 918), (-90, 414, 972), (-54, 378, 990), (-72, 414, 990), (-36, 396, 1008), (0, 414, 918), (-36, 396, 954), (-54, 414, 1026), (-54, 414, 810), (-36, 432, 882), (-54, 396, 882), (-54, 414, 972), (-72, 414, 1044), (-54, 414, 1026), (-54, 396, 1026), (-72, 468, 954), (-36, 414, 774), (-90, 396, 918)]	(9527, 11914, 10881, 12340, 11776, 10095, 6397, 7113, 5385, 7385, 6421, 7432, 4872, 11042, 7961, 7593, 14780, 20272, 18697, 18316, 16790, 14107, 12132, 1977)
i	2040655	(580, 153)	[(-36, 432, 882), (-54, 396, 882), (-54, 414, 972), (-72, 414, 1044), (-54, 414, 1026), (-54, 396, 1026), (-72, 468, 954), (-36, 414, 774), (-90, 396, 918), (-54, 396, 1026), (-72, 432, 900), (-54, 432, 900), (-54, 432, 918), (-90, 414, 972), (-54, 396, 1008), (-36, 414, 972), (-54, 414, 990), (18, 450, 864), (-90, 414, 954), (-54, 414, 936), (-54, 414, 972), (-72, 432, 954), (-72, 414, 1008), (18, 450, 864), (36, 414, 810)]	(9536, 12018, 10967, 12436, 11781, 10030, 6294, 7161, 5517, 7341, 6366, 7505, 4845, 11026, 7940, 7590, 14767, 20282, 18734, 18284, 16792, 14123, 12140, 1960)
d	2041228	(669, 330)	[(-72, 414, 1008), (18, 450, 864), (36, 414, 810), (-90, 396, 954), (-36, 378, 1080), (-72, 378, 882), (-72, 360, 972), (0, 360, 1008), (18, 378, 1026), (-36, 396, 1008), (-54, 378, 990), (-36, 360, 954), (-54, 360, 972), (-36, 378, 990), (18, 360, 1062), (54, 450, 954), (0, 378, 882), (-72, 378, 828), (-54, 378, 954), (-72, 378, 1062), (-18, 396, 1026), (0, 432, 972), (36, 378, 864), (-72, 378, 972), (-108, 378, 936)]	(9521, 11841, 10826, 12253, 11762, 10059, 6597, 7037, 5367, 7401, 6409, 7455, 4860, 11048, 7949, 7577, 14633, 20276, 18591, 18329, 16861, 14176, 12128, 1975)
a	2041583	(658, 423)	[(-36, 360, 954), (-54, 360, 972), (-36, 378, 990), (18, 360, 1062), (54, 450, 954), (0, 378, 882), (-72, 378, 828), (-54, 378, 954), (-72, 378, 1062), (-18, 396, 1026), (0, 432, 972), (36, 378, 864), (-72, 378, 972), (-108, 378, 936), (-18, 378, 990), (18, 396, 882), (54, 486, 954), (-54, 360, 720), (-54, 342, 936), (18, 360, 1044), (0, 378, 990), (-54, 396, 1008), (-90, 414, 972), (-108, 414, 900), (0, 378, 846)]	(9533, 11863, 10848, 12320, 11776, 10056, 6782, 7082, 5394, 7349, 6465, 7438, 4833, 10988, 7917, 7593, 14619, 20277, 18673, 18413, 16939, 14236, 12123, 1966)
y	2042108	(576, 225)	[(0, 378, 990), (-54, 396, 1008), (-90, 414, 972), (-108, 414, 900), (0, 378, 846), (-90, 378, 954), (-54, 396, 1026), (-36, 378, 1008), (-90, 378, 954), (-90, 414, 954), (0, 396, 954), (-36, 396, 972), (-54, 396, 990), (-54, 378, 972), (-54, 396, 1008), (-54, 396, 1008), (-72, 414, 864), (-18, 450, 792), (-54, 378, 1026), (-36, 396, 990), (-54, 396, 990), (-36, 396, 990), (-18, 414, 990), (18, 378, 882), (54, 378, 810)]	(9532, 11986, 10948, 12510, 11783, 10100, 6592, 7075, 5421, 7346, 6500, 7374, 4878, 11037, 7946, 7612, 14820, 20309, 18793, 18364, 16918, 14252, 12161, 1970)
