From now on you will be typing sentences rather than letters. Please hold the phone in your right hand and type with you right thumb
i	1306425	(575, 115)	[(54, 522, 900), (72, 522, 954), (90, 504, 972), (36, 522, 900), (36, 522, 846), (36, 522, 918), (54, 504, 954), (54, 504, 936), (54, 522, 900), (36, 522, 882), (90, 540, 882), (72, 522, 900), (72, 504, 918), (72, 522, 918), (72, 522, 918), (54, 522, 918), (72, 522, 900), (36, 522, 936), (18, 522, 900), (36, 522, 846), (54, 540, 900), (72, 540, 882), (90, 558, 882), (108, 576, 882), (90, 558, 864)]	(9545, 12950, 10430, 11120, 14256, 10281, 4379, 5954, 3972, 7464, 5690, 5930, 4341, 6089, 7347, 8430, 11216, 19882, 15526, 9213, 15875, 13835, 12053, 2044)
 	1306666	(767, 220)	[(54, 504, 954), (54, 504, 936), (54, 522, 900), (36, 522, 882), (90, 540, 882), (72, 522, 900), (72, 504, 918), (72, 522, 918), (72, 522, 918), (54, 522, 918), (72, 522, 900), (36, 522, 936), (18, 522, 900), (36, 522, 846), (54, 540, 900), (72, 540, 882), (90, 558, 882), (108, 576, 882), (90, 558, 864), (90, 540, 900), (108, 558, 792), (90, 558, 918), (108, 558, 936), (126, 522, 972), (90, 540, 882)]	(9569, 13120, 10268, 10348, 14380, 10186, 4458, 5902, 3866, 7476, 5649, 5997, 4325, 6094, 7344, 8265, 11210, 19885, 15556, 9201, 15895, 13836, 12051, 2048)
m	1307479	(728, 103)	[(72, 522, 936), (72, 522, 918), (90, 522, 900), (72, 522, 882), (54, 522, 882), (72, 522, 954), (54, 504, 918), (54, 504, 900), (54, 522, 900), (72, 522, 918), (90, 522, 900), (90, 540, 900), (72, 522, 900), (54, 504, 936), (72, 504, 918), (36, 522, 900), (72, 522, 882), (72, 522, 882), (72, 522, 918), (90, 504, 918), (36, 540, 918), (54, 504, 954), (72, 522, 882), (108, 540, 846), (108, 522, 864)]	(9552, 12980, 10196, 10318, 14293, 10293, 4332, 6037, 3820, 7474, 5754, 5975, 4343, 6093, 7293, 8418, 11198, 19875, 15435, 9200, 15843, 13825, 12046, 2040)
a	1307938	(635, 420)	[(36, 522, 900), (72, 522, 882), (72, 522, 882), (72, 522, 918), (90, 504, 918), (36, 540, 918), (54, 504, 954), (72, 522, 882), (108, 540, 846), (108, 522, 864), (18, 486, 954), (0, 540, 918), (36, 540, 918), (72, 558, 954), (72, 558, 918), (0, 558, 882), (36, 594, 882), (0, 576, 918), (-36, 576, 828), (-36, 612, 810), (-36, 612, 828), (-36, 630, 828), (0, 612, 846), (18, 630, 828), (0, 612, 828)]	(9580, 13390, 10714, 11620, 14412, 10353, 4441, 5983, 3950, 7295, 5502, 5999, 4345, 6075, 7278, 7826, 11228, 19934, 15826, 9213, 16414, 13668, 12054, 2040)
y	1308281	(598, 241)	[(36, 540, 918), (72, 558, 954), (72, 558, 918), (0, 558, 882), (36, 594, 882), (0, 576, 918), (-36, 576, 828), (-36, 612, 810), (-36, 612, 828), (-36, 630, 828), (0, 612, 846), (18, 630, 828), (0, 612, 828), (54, 612, 882), (-54, 558, 810), (-18, 540, 900), (-36, 558, 864), (18, 558, 882), (36, 540, 972), (36, 540, 918), (18, 558, 846), (36, 576, 828), (90, 576, 864), (72, 594, 900), (72, 576, 900)]	(9557, 12910, 10363, 11381, 14506, 10496, 4383, 5972, 3903, 7375, 5686, 6140, 4336, 6091, 7265, 8159, 11201, 19882, 15557, 9199, 15983, 13724, 12047, 2033)
 	1308572	(796, 223)	[(-36, 630, 828), (0, 612, 846), (18, 630, 828), (0, 612, 828), (54, 612, 882), (-54, 558, 810), (-18, 540, 900), (-36, 558, 864), (18, 558, 882), (36, 540, 972), (36, 540, 918), (18, 558, 846), (36, 576, 828), (90, 576, 864), (72, 594, 900), (72, 576, 900), (36, 558, 1008), (18, 504, 828), (54, 540, 792), (54, 594, 882), (90, 540, 990), (90, 486, 1044), (54, 504, 936), (36, 522, 864), (36, 522, 882)]	(9555, 13063, 10183, 10246, 14392, 10289, 4234, 5921, 3826, 7374, 5678, 5953, 4283, 6090, 7258, 8003, 11193, 19892, 15575, 9183, 15963, 13808, 12046, 2043)
t	1308981	(586, 271)	[(72, 594, 900), (72, 576, 900), (36, 558, 1008), (18, 504, 828), (54, 540, 792), (54, 594, 882), (90, 540, 990), (90, 486, 1044), (54, 504, 936), (36, 522, 864), (36, 522, 882), (18, 522, 864), (72, 558, 936), (72, 558, 864), (72, 576, 810), (18, 594, 846), (18, 558, 936), (18, 576, 900), (18, 576, 792), (-18, 576, 792), (0, 594, 864), (54, 612, 882), (90, 612, 900), (108, 594, 882), (72, 612, 882)]	(9588, 12975, 10526, 11759, 14750, 10538, 4445, 6059, 3965, 7450, 5842, 6128, 4318, 6085, 7271, 7955, 11222, 19925, 15729, 9216, 16160, 13728, 12053, 2037)
r	1309172	(586, 319)	[(54, 540, 792), (54, 594, 882), (90, 540, 990), (90, 486, 1044), (54, 504, 936), (36, 522, 864), (36, 522, 882), (18, 522, 864), (72, 558, 936), (72, 558, 864), (72, 576, 810), (18, 594, 846), (18, 558, 936), (18, 576, 900), (18, 576, 792), (-18, 576, 792), (0, 594, 864), (54, 612, 882), (90, 612, 900), (108, 594, 882), (72, 612, 882), (-72, 594, 846), (54, 612, 864), (36, 630, 666), (72, 612, 792)]	(9595, 13071, 10586, 11799, 14672, 10463, 4388, 6000, 3886, 7489, 6046, 0, 4323, 6081, 7274, 7908, 11216, 19913, 15736, 9210, 16193, 13694, 12049, 2045)
y	1309363	(586, 242)	[(54, 504, 936), (36, 522, 864), (36, 522, 882), (18, 522, 864), (72, 558, 936), (72, 558, 864), (72, 576, 810), (18, 594, 846), (18, 558, 936), (18, 576, 900), (18, 576, 792), (-18, 576, 792), (0, 594, 864), (54, 612, 882), (90, 612, 900), (108, 594, 882), (72, 612, 882), (-72, 594, 846), (54, 612, 864), (36, 630, 666), (72, 612, 792), (-90, 522, 792), (108, 576, 900), (108, 594, 882), (90, 594, 882)]	(9553, 12842, 10434, 11581, 14540, 10475, 4362, 6086, 3867, 7488, 5765, 6015, 4324, 6080, 7267, 7985, 11216, 19890, 15627, 9200, 16079, 13715, 12043, 2039)
 	1310124	(798, 237)	[(72, 558, 954), (72, 540, 936), (54, 522, 918), (36, 540, 900), (36, 540, 918), (54, 540, 882), (36, 540, 864), (54, 540, 882), (36, 522, 972), (36, 504, 936), (54, 522, 900), (54, 558, 864), (54, 540, 882), (54, 522, 900), (54, 540, 900), (54, 540, 882), (54, 540, 936), (36, 504, 900), (36, 540, 900), (36, 540, 918), (54, 540, 936), (90, 540, 882), (54, 540, 792), (54, 558, 846), (54, 540, 1026)]	(9564, 13024, 10139, 10240, 14405, 10236, 4440, 5760, 3810, 7392, 5644, 5921, 4236, 6092, 7252, 7849, 11198, 19898, 15596, 9216, 16043, 13838, 12061, 2033)
t	1310585	(580, 267)	[(54, 540, 936), (36, 504, 900), (36, 540, 900), (36, 540, 918), (54, 540, 936), (90, 540, 882), (54, 540, 792), (54, 558, 846), (54, 540, 1026), (54, 558, 900), (54, 540, 936), (54, 522, 954), (18, 540, 864), (18, 558, 864), (18, 558, 900), (54, 558, 936), (54, 540, 918), (54, 558, 900), (36, 576, 882), (36, 594, 828), (18, 576, 882), (18, 558, 882), (0, 576, 864), (36, 594, 846), (72, 612, 846)]	(9580, 12993, 10461, 11692, 14694, 10517, 4309, 6078, 4075, 7513, 5582, 6137, 4334, 6086, 7260, 7856, 11217, 19912, 15696, 9214, 16168, 13747, 12041, 2036)
o	1311246	(596, 100)	[(72, 540, 972), (18, 522, 882), (36, 540, 882), (54, 558, 882), (54, 540, 900), (72, 540, 900), (54, 540, 900), (54, 540, 936), (54, 540, 882), (54, 540, 882), (54, 540, 900), (36, 540, 882), (36, 522, 918), (54, 558, 900), (72, 540, 918), (72, 540, 882), (36, 558, 864), (54, 540, 882), (36, 540, 900), (36, 540, 882), (54, 540, 882), (36, 558, 882), (36, 540, 936), (36, 540, 882), (54, 558, 846)]	(9555, 12904, 10328, 11120, 14671, 10690, 4474, 6003, 3836, 7369, 5785, 6109, 4327, 6085, 7242, 8207, 11219, 19884, 15545, 9199, 15968, 13780, 12047, 2041)
 	1311839	(807, 219)	[(36, 540, 882), (54, 558, 846), (18, 540, 900), (90, 540, 918), (108, 558, 882), (108, 558, 810), (90, 540, 846), (54, 540, 918), (54, 522, 990), (54, 504, 972), (36, 504, 900), (54, 540, 828), (54, 558, 828), (54, 540, 882), (54, 522, 972), (54, 504, 1026), (54, 522, 900), (54, 540, 882), (18, 540, 882), (18, 540, 864), (54, 540, 882), (90, 522, 954), (72, 522, 900), (54, 540, 900), (36, 522, 918)]	(9563, 13061, 10170, 10286, 14451, 10328, 4383, 5865, 3874, 7371, 5669, 6025, 4296, 6066, 7217, 7959, 11206, 19886, 15589, 9200, 15992, 13822, 12041, 2024)
c	1312199	(757, 305)	[(54, 540, 828), (54, 558, 828), (54, 540, 882), (54, 522, 972), (54, 504, 1026), (54, 522, 900), (54, 540, 882), (18, 540, 882), (18, 540, 864), (54, 540, 882), (90, 522, 954), (72, 522, 900), (54, 540, 900), (36, 522, 918), (36, 522, 936), (72, 558, 846), (72, 558, 864), (36, 540, 882), (36, 540, 918), (0, 522, 900), (36, 540, 864), (18, 558, 882), (36, 558, 900), (54, 522, 900), (54, 576, 900)]	(9595, 13238, 10286, 10571, 14658, 10436, 4398, 5896, 3931, 7382, 5593, 5906, 4272, 6067, 7240, 7786, 11226, 19936, 15736, 9225, 16210, 13828, 12061, 2021)
a	1312492	(663, 413)	[(90, 522, 954), (72, 522, 900), (54, 540, 900), (36, 522, 918), (36, 522, 936), (72, 558, 846), (72, 558, 864), (36, 540, 882), (36, 540, 918), (0, 522, 900), (36, 540, 864), (18, 558, 882), (36, 558, 900), (54, 522, 900), (54, 576, 900), (36, 540, 900), (0, 540, 882), (36, 576, 864), (0, 594, 882), (-36, 630, 810), (-36, 612, 846), (0, 612, 810), (0, 630, 756), (-18, 648, 720), (0, 612, 756)]	(9581, 13243, 10494, 11431, 14480, 10347, 4392, 5826, 3883, 7416, 5576, 6065, 4273, 6062, 7234, 7560, 11208, 19939, 15669, 9242, 16515, 13681, 12054, 2039)
l	1312886	(679, 29)	[(54, 522, 900), (54, 576, 900), (36, 540, 900), (0, 540, 882), (36, 576, 864), (0, 594, 882), (-36, 630, 810), (-36, 612, 846), (0, 612, 810), (0, 630, 756), (-18, 648, 720), (0, 612, 756), (90, 522, 1062), (72, 540, 846), (90, 522, 882), (90, 522, 882), (90, 540, 918), (72, 504, 972), (54, 468, 1026), (54, 486, 936), (90, 504, 882), (90, 540, 846), (108, 558, 918), (108, 504, 990), (72, 486, 900)]	(9558, 12887, 10035, 10272, 14558, 10752, 4367, 5919, 3898, 7387, 5649, 6073, 4265, 6084, 7235, 8161, 11190, 19871, 15438, 9174, 15909, 13754, 12055, 2026)
l	1313098	(669, 24)	[(-36, 630, 810), (-36, 612, 846), (0, 612, 810), (0, 630, 756), (-18, 648, 720), (0, 612, 756), (90, 522, 1062), (72, 540, 846), (90, 522, 882), (90, 522, 882), (90, 540, 918), (72, 504, 972), (54, 468, 1026), (54, 486, 936), (90, 504, 882), (90, 540, 846), (108, 558, 918), (108, 504, 990), (72, 486, 900), (36, 504, 828), (90, 522, 972), (108, 522, 864), (72, 540, 864), (72, 522, 882), (90, 504, 936)]	(9540, 12754, 9943, 10244, 14469, 10673, 4491, 5822, 3886, 7439, 5634, 6034, 4291, 6086, 7220, 8121, 11194, 19862, 15431, 9181, 15880, 13778, 12048, 2037)
 	1313491	(809, 214)	[(54, 486, 936), (90, 504, 882), (90, 540, 846), (108, 558, 918), (108, 504, 990), (72, 486, 900), (36, 504, 828), (90, 522, 972), (108, 522, 864), (72, 540, 864), (72, 522, 882), (90, 504, 936), (90, 522, 882), (54, 504, 954), (126, 540, 864), (108, 522, 900), (72, 522, 846), (72, 540, 828), (72, 522, 918), (72, 486, 1008), (72, 522, 900), (72, 540, 900), (108, 522, 882), (72, 522, 828), (72, 540, 918)]	(9575, 13082, 10059, 10229, 14635, 10585, 4303, 5734, 3893, 7424, 5708, 6088, 4297, 6092, 7228, 8007, 11196, 19894, 15538, 9205, 15977, 13836, 12059, 2039)
y	1314003	(584, 220)	[(72, 522, 918), (72, 486, 1008), (72, 522, 900), (72, 540, 900), (108, 522, 882), (72, 522, 828), (72, 540, 918), (108, 504, 1026), (108, 540, 936), (72, 540, 936), (36, 504, 900), (18, 522, 918), (54, 522, 900), (54, 540, 882), (72, 558, 864), (90, 558, 900), (90, 558, 936), (36, 540, 882), (36, 540, 882), (18, 540, 882), (36, 576, 864), (54, 576, 882), (90, 576, 900), (90, 576, 792), (144, 558, 882)]	(9571, 13076, 10466, 11439, 14634, 10512, 4489, 5987, 3826, 7494, 5658, 6104, 4310, 6094, 7243, 8090, 11204, 19901, 15550, 9216, 16061, 13803, 12048, 2031)
o	1314198	(588, 117)	[(108, 522, 882), (72, 522, 828), (72, 540, 918), (108, 504, 1026), (108, 540, 936), (72, 540, 936), (36, 504, 900), (18, 522, 918), (54, 522, 900), (54, 540, 882), (72, 558, 864), (90, 558, 900), (90, 558, 936), (36, 540, 882), (36, 540, 882), (18, 540, 882), (36, 576, 864), (54, 576, 882), (90, 576, 900), (90, 576, 792), (144, 558, 882), (54, 558, 1008), (108, 576, 864), (108, 558, 900), (90, 576, 900)]	(9555, 12929, 10372, 11153, 14600, 10532, 4465, 5980, 3811, 7434, 5700, 6034, 4311, 6090, 7236, 8124, 11207, 19894, 15540, 9221, 16012, 13811, 12056, 2038)
u	1314390	(595, 205)	[(108, 540, 936), (72, 540, 936), (36, 504, 900), (18, 522, 918), (54, 522, 900), (54, 540, 882), (72, 558, 864), (90, 558, 900), (90, 558, 936), (36, 540, 882), (36, 540, 882), (18, 540, 882), (36, 576, 864), (54, 576, 882), (90, 576, 900), (90, 576, 792), (144, 558, 882), (54, 558, 1008), (108, 576, 864), (108, 558, 900), (90, 576, 900), (36, 540, 864), (108, 558, 990), (72, 558, 846), (54, 540, 846)]	(9570, 13022, 10433, 11411, 14664, 10624, 4378, 5986, 3879, 7450, 5721, 6068, 4327, 6083, 7245, 8026, 11208, 19905, 15581, 9216, 16095, 13799, 12045, 2029)
 	1315403	(820, 223)	[(72, 558, 936), (72, 522, 954), (54, 522, 900), (36, 522, 918), (36, 540, 828), (54, 558, 828), (72, 540, 918), (72, 522, 936), (54, 540, 918), (54, 540, 918), (72, 540, 918), (36, 522, 882), (72, 540, 864), (54, 540, 882), (54, 522, 936), (90, 540, 936), (54, 540, 882), (36, 522, 900), (72, 522, 954), (54, 540, 882), (54, 558, 864), (90, 540, 918), (108, 522, 900), (72, 558, 864), (36, 540, 918)]	(9561, 13059, 10110, 10230, 14495, 10377, 4425, 5846, 3860, 7384, 5614, 6056, 4285, 6071, 7226, 7896, 11206, 19897, 15564, 9211, 16046, 13842, 12049, 2031)
a	1315866	(643, 410)	[(54, 540, 882), (36, 522, 900), (72, 522, 954), (54, 540, 882), (54, 558, 864), (90, 540, 918), (108, 522, 900), (72, 558, 864), (36, 540, 918), (54, 522, 954), (90, 540, 900), (54, 540, 972), (54, 540, 954), (18, 540, 882), (36, 558, 846), (-36, 558, 882), (-36, 540, 954), (18, 594, 846), (18, 612, 828), (-36, 612, 792), (-36, 594, 900), (-36, 594, 864), (-36, 612, 792), (18, 630, 810), (18, 594, 900)]	(9579, 13315, 10533, 11423, 14399, 10349, 4256, 5928, 3767, 7314, 5613, 6043, 4283, 6070, 7222, 7639, 11212, 19949, 15736, 9242, 16608, 13726, 12040, 2033)
 	1316159	(805, 279)	[(54, 522, 954), (90, 540, 900), (54, 540, 972), (54, 540, 954), (18, 540, 882), (36, 558, 846), (-36, 558, 882), (-36, 540, 954), (18, 594, 846), (18, 612, 828), (-36, 612, 792), (-36, 594, 900), (-36, 594, 864), (-36, 612, 792), (18, 630, 810), (18, 594, 900), (54, 558, 828), (36, 522, 918), (72, 522, 972), (72, 522, 972), (72, 540, 900), (72, 540, 882), (54, 540, 936), (36, 522, 900), (36, 504, 900)]	(9582, 13246, 10132, 10224, 14490, 10289, 4353, 5713, 3919, 7445, 5676, 5931, 4266, 6083, 7223, 7717, 11217, 19914, 15636, 9234, 16193, 13836, 12059, 2032)
b	1317092	(739, 206)	[(54, 504, 918), (72, 504, 900), (90, 522, 918), (90, 522, 918), (90, 504, 918), (54, 504, 900), (54, 522, 918), (72, 504, 954), (54, 504, 918), (72, 522, 882), (90, 540, 900), (72, 522, 918), (36, 504, 900), (54, 504, 900), (54, 522, 936), (72, 522, 900), (72, 522, 900), (90, 522, 900), (72, 522, 882), (72, 486, 972), (54, 522, 900), (72, 540, 864), (72, 522, 864), (90, 540, 864), (72, 522, 990)]	(9570, 13072, 10159, 10287, 14505, 10371, 4378, 5867, 3727, 7414, 5640, 5930, 4294, 6076, 7230, 7884, 11209, 19897, 15592, 9226, 16102, 13857, 12055, 2025)
i	1317385	(604, 151)	[(72, 522, 882), (90, 540, 900), (72, 522, 918), (36, 504, 900), (54, 504, 900), (54, 522, 936), (72, 522, 900), (72, 522, 900), (90, 522, 900), (72, 522, 882), (72, 486, 972), (54, 522, 900), (72, 540, 864), (72, 522, 864), (90, 540, 864), (72, 522, 990), (72, 540, 846), (72, 522, 972), (54, 504, 954), (36, 522, 846), (18, 558, 810), (54, 558, 864), (90, 540, 900), (90, 540, 954), (72, 522, 918)]	(9578, 13092, 10398, 10898, 14720, 10530, 4406, 5963, 3843, 7510, 5569, 6082, 4262, 6091, 7235, 7855, 11219, 19922, 15658, 9240, 16163, 13858, 12059, 2030)
t	1317628	(589, 250)	[(72, 522, 900), (72, 522, 900), (90, 522, 900), (72, 522, 882), (72, 486, 972), (54, 522, 900), (72, 540, 864), (72, 522, 864), (90, 540, 864), (72, 522, 990), (72, 540, 846), (72, 522, 972), (54, 504, 954), (36, 522, 846), (18, 558, 810), (54, 558, 864), (90, 540, 900), (90, 540, 954), (72, 522, 918), (72, 540, 936), (0, 558, 810), (90, 576, 864), (108, 576, 918), (72, 540, 972), (36, 540, 900)]	(9565, 13028, 10377, 11365, 14566, 10487, 4453, 5881, 3804, 7340, 5687, 5920, 4260, 6085, 7224, 7795, 11210, 19919, 15596, 9240, 16260, 13810, 12057, 2037)
 	1317870	(801, 225)	[(72, 540, 864), (72, 522, 864), (90, 540, 864), (72, 522, 990), (72, 540, 846), (72, 522, 972), (54, 504, 954), (36, 522, 846), (18, 558, 810), (54, 558, 864), (90, 540, 900), (90, 540, 954), (72, 522, 918), (72, 540, 936), (0, 558, 810), (90, 576, 864), (108, 576, 918), (72, 540, 972), (36, 540, 900), (18, 504, 936), (72, 558, 900), (108, 540, 1026), (144, 522, 1044), (108, 522, 936), (108, 504, 864)]	(9584, 13288, 10182, 10275, 14605, 10423, 4331, 5830, 3923, 7435, 5617, 5954, 4276, 6086, 7231, 7895, 11211, 19920, 15614, 9239, 16141, 13863, 12059, 2029)
l	1318483	(665, 34)	[(108, 522, 936), (108, 504, 864), (54, 522, 810), (54, 522, 900), (54, 522, 864), (36, 504, 882), (36, 486, 936), (72, 522, 900), (90, 522, 882), (126, 540, 900), (90, 522, 882), (72, 522, 900), (90, 486, 954), (90, 504, 972), (72, 522, 918), (90, 504, 900), (90, 522, 864), (90, 522, 864), (72, 504, 900), (72, 504, 918), (72, 486, 990), (54, 504, 918), (72, 522, 882), (108, 540, 846), (126, 540, 936)]	(9569, 12965, 10118, 10338, 14604, 10531, 4522, 5780, 3894, 7463, 5642, 5972, 4277, 6081, 7240, 8070, 11210, 19900, 15503, 9230, 16017, 13848, 12062, 2028)
a	1318941	(665, 418)	[(90, 522, 864), (90, 522, 864), (72, 504, 900), (72, 504, 918), (72, 486, 990), (54, 504, 918), (72, 522, 882), (108, 540, 846), (126, 540, 936), (90, 504, 1062), (36, 558, 864), (54, 576, 900), (54, 522, 990), (54, 558, 900), (0, 576, 810), (0, 576, 756), (18, 594, 918), (36, 594, 972), (-54, 558, 864), (-36, 576, 756), (-72, 630, 792), (18, 594, 864), (36, 612, 882), (54, 594, 864), (-18, 576, 828)]	(9602, 13303, 10503, 11380, 14635, 10474, 4274, 5756, 3887, 7379, 5697, 6083, 4271, 6058, 7219, 7521, 11225, 19953, 15783, 9247, 16635, 13693, 12053, 2029)
t	1319235	(599, 266)	[(126, 540, 936), (90, 504, 1062), (36, 558, 864), (54, 576, 900), (54, 522, 990), (54, 558, 900), (0, 576, 810), (0, 576, 756), (18, 594, 918), (36, 594, 972), (-54, 558, 864), (-36, 576, 756), (-72, 630, 792), (18, 594, 864), (36, 612, 882), (54, 594, 864), (-18, 576, 828), (108, 558, 972), (18, 540, 900), (54, 558, 882), (54, 558, 900), (72, 594, 864), (108, 576, 882), (108, 558, 900), (54, 594, 900)]	(9586, 12968, 10340, 11458, 14781, 10554, 4521, 5808, 4083, 7404, 5587, 6116, 4287, 6078, 7221, 7707, 11220, 19934, 15658, 9231, 16311, 13727, 12043, 2036)
e	1319478	(601, 372)	[(0, 576, 756), (18, 594, 918), (36, 594, 972), (-54, 558, 864), (-36, 576, 756), (-72, 630, 792), (18, 594, 864), (36, 612, 882), (54, 594, 864), (-18, 576, 828), (108, 558, 972), (18, 540, 900), (54, 558, 882), (54, 558, 900), (72, 594, 864), (108, 576, 882), (108, 558, 900), (54, 594, 900), (36, 558, 900), (54, 558, 882), (18, 576, 846), (18, 594, 792), (-36, 630, 774), (18, 594, 882), (18, 594, 900)]	(9597, 13173, 10531, 11648, 14739, 10578, 4332, 5979, 3980, 7403, 5533, 6158, 4291, 6064, 7229, 7588, 11221, 19949, 15734, 9231, 16551, 13685, 12048, 2035)
r	1319670	(590, 321)	[(-36, 576, 756), (-72, 630, 792), (18, 594, 864), (36, 612, 882), (54, 594, 864), (-18, 576, 828), (108, 558, 972), (18, 540, 900), (54, 558, 882), (54, 558, 900), (72, 594, 864), (108, 576, 882), (108, 558, 900), (54, 594, 900), (36, 558, 900), (54, 558, 882), (18, 576, 846), (18, 594, 792), (-36, 630, 774), (18, 594, 882), (18, 594, 900), (90, 594, 846), (54, 576, 882), (90, 630, 810), (72, 576, 828)]	(9600, 13093, 10481, 11651, 14717, 10565, 4357, 5943, 3834, 7380, 5646, 6139, 4301, 6066, 7232, 7655, 11200, 19935, 15669, 9242, 16462, 13709, 12049, 2036)
 	1320232	(816, 228)	[(90, 594, 846), (54, 576, 882), (90, 630, 810), (72, 576, 828), (0, 540, 864), (54, 558, 900), (90, 504, 1116), (90, 486, 972), (72, 522, 900), (90, 522, 846), (90, 558, 702), (90, 576, 846), (108, 540, 954), (72, 504, 990), (90, 504, 936), (72, 522, 864), (108, 540, 864), (108, 558, 882), (90, 540, 900), (54, 504, 972), (72, 504, 954), (108, 522, 900), (126, 540, 900), (126, 558, 810), (90, 540, 882)]	(9570, 12954, 9983, 10224, 14593, 10463, 4365, 5862, 3874, 7380, 5756, 5954, 4288, 6070, 7220, 7782, 11187, 19891, 15492, 9207, 16089, 13787, 12045, 2033)
o	1320679	(601, 88)	[(108, 540, 864), (108, 558, 882), (90, 540, 900), (54, 504, 972), (72, 504, 954), (108, 522, 900), (126, 540, 900), (126, 558, 810), (90, 540, 882), (54, 504, 882), (108, 504, 1008), (126, 504, 1008), (90, 504, 918), (108, 522, 828), (90, 540, 864), (72, 522, 918), (72, 504, 954), (72, 486, 972), (54, 522, 936), (54, 540, 810), (72, 522, 846), (72, 540, 918), (108, 522, 972), (108, 540, 972)]	(9572, 12996, 10193, 10496, 14659, 10679, 4486, 5937, 3855, 7388, 5696, 6047, 4281, 6085, 7226, 7992, 11214, 19898, 15515, 9228, 16116, 13816, 12047, 2033)
n	1320939	(720, 144)	[(126, 540, 900), (126, 558, 810), (90, 540, 882), (54, 504, 882), (108, 504, 1008), (126, 504, 1008), (90, 504, 918), (108, 522, 828), (90, 540, 864), (72, 522, 918), (72, 504, 954), (72, 486, 972), (54, 522, 936), (54, 540, 810), (72, 522, 846), (72, 540, 918), (108, 522, 972), (108, 540, 972), (90, 504, 918), (54, 504, 972), (108, 522, 882), (36, 522, 882), (54, 522, 900), (108, 522, 918), (90, 522, 882)]	(9561, 12937, 10079, 10342, 14568, 10630, 4263, 5877, 3774, 7424, 5697, 6034, 4247, 6066, 7217, 7911, 11191, 19888, 15464, 9213, 16090, 13808, 12051, 2033)
 	1321285	(813, 195)	[(54, 522, 936), (54, 540, 810), (72, 522, 846), (72, 540, 918), (108, 522, 972), (108, 540, 972), (90, 504, 918), (54, 504, 972), (108, 522, 882), (36, 522, 882), (54, 522, 900), (108, 522, 918), (90, 522, 882), (90, 522, 918), (72, 522, 918), (90, 522, 900), (72, 522, 864), (72, 522, 846), (72, 522, 918), (72, 504, 1008), (90, 504, 918), (90, 522, 882), (108, 522, 882), (90, 540, 918), (90, 522, 900)]	(9558, 13015, 10041, 10235, 14499, 10485, 4397, 5757, 3780, 7363, 5554, 5964, 4255, 6088, 7213, 7859, 11203, 19889, 15487, 9226, 16095, 13815, 12036, 2034)
s	1321949	(652, 356)	[(90, 522, 936), (72, 540, 900), (72, 522, 900), (54, 504, 900), (54, 504, 900), (36, 504, 900), (54, 522, 882), (108, 558, 900), (90, 540, 882), (90, 540, 936), (54, 522, 972), (18, 522, 918), (0, 522, 864), (18, 540, 864), (18, 558, 828), (54, 576, 900), (54, 540, 936), (54, 540, 918), (36, 576, 846), (18, 558, 882), (0, 558, 864), (0, 576, 846), (36, 576, 882), (36, 558, 936), (54, 558, 828)]	(9596, 13286, 10403, 11195, 14686, 10451, 4428, 5810, 3868, 7420, 5725, 5940, 4286, 6082, 7221, 7714, 11220, 19942, 15668, 9257, 16411, 13798, 12055, 2032)
t	1322193	(579, 267)	[(108, 558, 900), (90, 540, 882), (90, 540, 936), (54, 522, 972), (18, 522, 918), (0, 522, 864), (18, 540, 864), (18, 558, 828), (54, 576, 900), (54, 540, 936), (54, 540, 918), (36, 576, 846), (18, 558, 882), (0, 558, 864), (0, 576, 846), (36, 576, 882), (36, 558, 936), (54, 558, 828), (72, 558, 918), (18, 540, 918), (36, 558, 774), (36, 576, 882), (72, 576, 918), (72, 558, 900), (18, 558, 864)]	(9582, 13096, 10408, 11462, 14643, 10505, 4405, 5841, 3885, 7372, 5581, 6096, 4279, 6084, 7235, 7827, 11225, 19929, 15599, 9257, 16301, 13805, 12048, 2030)
o	1322653	(600, 93)	[(36, 558, 936), (54, 558, 828), (72, 558, 918), (18, 540, 918), (36, 558, 774), (36, 576, 882), (72, 576, 918), (72, 558, 900), (18, 558, 864), (90, 540, 918), (54, 486, 936), (36, 522, 846), (54, 540, 846), (72, 522, 882), (90, 540, 972), (72, 504, 936), (72, 540, 882), (72, 540, 882), (72, 522, 864), (54, 522, 864), (18, 522, 972), (54, 522, 936), (90, 540, 864), (90, 522, 864), (90, 540, 918)]	(9568, 12895, 10196, 10578, 14655, 10621, 4456, 5866, 3998, 7371, 5659, 6097, 4285, 6091, 7219, 8020, 11208, 19882, 15478, 9214, 16023, 13786, 12045, 2034)
r	1323047	(592, 319)	[(72, 522, 882), (90, 540, 972), (72, 504, 936), (72, 540, 882), (72, 540, 882), (72, 522, 864), (54, 522, 864), (18, 522, 972), (54, 522, 936), (90, 540, 864), (90, 522, 864), (90, 540, 918), (36, 522, 936), (108, 540, 918), (90, 576, 864), (54, 576, 900), (36, 558, 900), (18, 558, 882), (0, 576, 864), (0, 558, 846), (18, 540, 846), (18, 594, 846), (54, 594, 864), (72, 576, 936), (90, 594, 936)]	(9591, 13143, 10489, 11558, 14744, 10566, 4268, 5936, 4027, 7456, 5773, 6085, 4285, 6083, 7243, 7775, 11221, 19940, 15650, 9246, 16371, 13771, 12045, 2036)
a	1323341	(641, 396)	[(90, 522, 864), (90, 540, 918), (36, 522, 936), (108, 540, 918), (90, 576, 864), (54, 576, 900), (36, 558, 900), (18, 558, 882), (0, 576, 864), (0, 558, 846), (18, 540, 846), (18, 594, 846), (54, 594, 864), (72, 576, 936), (90, 594, 936), (18, 558, 864), (18, 576, 882), (18, 594, 918), (0, 576, 864), (0, 594, 810), (36, 612, 846), (18, 612, 846), (36, 612, 882), (18, 594, 918), (-36, 576, 882)]	(9579, 13184, 10365, 11067, 14598, 10440, 4453, 5893, 3820, 7356, 5721, 5954, 4273, 6075, 7230, 7694, 11212, 19916, 15578, 9213, 16358, 13716, 12038, 2028)
g	1323909	(668, 246)	[(36, 612, 846), (18, 612, 846), (36, 612, 882), (18, 594, 918), (-36, 576, 882), (108, 576, 1008), (36, 576, 792), (54, 576, 900), (90, 558, 936), (108, 558, 900), (90, 558, 882), (36, 558, 846), (54, 558, 864), (72, 576, 900), (72, 576, 882), (54, 540, 918), (72, 576, 882), (54, 594, 864), (54, 558, 864), (54, 576, 792), (36, 594, 864), (90, 576, 864), (90, 576, 900), (72, 540, 900), (36, 576, 846)]	(9583, 12872, 10028, 10482, 14785, 10550, 4524, 5981, 3955, 7484, 5621, 6118, 4275, 6089, 7230, 7669, 11218, 19902, 15472, 9189, 16194, 13749, 12043, 2036)
e	1324153	(576, 350)	[(36, 576, 792), (54, 576, 900), (90, 558, 936), (108, 558, 900), (90, 558, 882), (36, 558, 846), (54, 558, 864), (72, 576, 900), (72, 576, 882), (54, 540, 918), (72, 576, 882), (54, 594, 864), (54, 558, 864), (54, 576, 792), (36, 594, 864), (90, 576, 864), (90, 576, 900), (72, 540, 900), (36, 576, 846), (18, 594, 792), (0, 594, 882), (-54, 594, 882), (0, 594, 810), (36, 612, 774), (54, 630, 900)]	(9595, 13028, 10431, 11571, 14706, 10592, 4307, 5863, 3962, 7406, 5666, 6055, 4289, 6085, 7237, 7675, 11214, 19934, 15586, 9200, 16426, 13678, 12032, 2038)
 	1325237	(783, 233)	[(90, 576, 882), (72, 558, 900), (72, 558, 882), (72, 558, 882), (72, 576, 882), (72, 576, 864), (72, 576, 882), (90, 558, 882), (72, 558, 900), (72, 576, 882), (90, 576, 864), (90, 576, 846), (72, 576, 882), (54, 558, 900), (72, 558, 882), (90, 576, 900), (72, 558, 882), (36, 540, 864), (54, 540, 882), (54, 558, 918), (72, 558, 882), (90, 594, 846), (108, 576, 900), (90, 558, 900), (54, 558, 900)]	(9575, 12904, 9920, 10224, 14720, 10605, 4514, 5787, 4000, 7496, 5640, 6022, 4263, 6079, 7238, 7667, 11194, 19901, 15375, 9190, 16152, 13768, 12041, 2025)
b	1326208	(741, 203)	[(90, 558, 900), (54, 558, 864), (72, 540, 900), (72, 540, 882), (72, 540, 882), (90, 558, 936), (72, 558, 882), (72, 558, 864), (54, 558, 882), (72, 558, 918), (72, 558, 918), (72, 558, 882), (72, 558, 882), (54, 558, 882), (54, 540, 936), (54, 558, 900), (72, 558, 882), (72, 558, 900), (72, 558, 882), (54, 558, 864), (36, 558, 846), (54, 576, 900), (90, 576, 864), (108, 558, 882), (108, 540, 918)]	(9581, 12962, 9953, 10254, 14765, 10672, 4535, 5828, 3870, 7461, 5629, 6135, 4271, 6090, 7236, 7719, 11202, 19898, 15388, 9200, 16157, 13788, 12051, 2030)
u	1326520	(601, 194)	[(72, 558, 918), (72, 558, 918), (72, 558, 882), (72, 558, 882), (54, 558, 882), (54, 540, 936), (54, 558, 900), (72, 558, 882), (72, 558, 900), (72, 558, 882), (54, 558, 864), (36, 558, 846), (54, 576, 900), (90, 576, 864), (108, 558, 882), (108, 540, 918), (54, 540, 900), (36, 558, 828), (36, 540, 882), (72, 576, 990), (72, 522, 900), (36, 558, 810), (108, 576, 918), (72, 576, 918), (36, 558, 864)]	(9567, 12915, 10145, 10574, 14721, 10660, 4335, 5965, 3878, 7536, 5793, 5981, 4285, 6075, 7240, 7743, 11201, 19921, 15441, 9219, 16227, 13799, 12049, 2034)
t	1326865	(589, 256)	[(36, 558, 846), (54, 576, 900), (90, 576, 864), (108, 558, 882), (108, 540, 918), (54, 540, 900), (36, 558, 828), (36, 540, 882), (72, 576, 990), (72, 522, 900), (36, 558, 810), (108, 576, 918), (72, 576, 918), (36, 558, 864), (90, 594, 936), (36, 558, 882), (36, 558, 882), (36, 594, 828), (72, 576, 900), (36, 576, 846), (54, 594, 864), (90, 594, 882), (72, 576, 900), (54, 576, 864), (54, 576, 882)]	(9568, 12887, 10268, 11125, 14695, 10581, 4388, 5852, 4010, 7420, 5744, 5946, 4291, 6081, 7248, 7685, 11213, 19915, 15462, 9210, 16253, 13787, 12040, 2039)
 	1327310	(813, 218)	[(36, 558, 882), (36, 558, 882), (36, 594, 828), (72, 576, 900), (36, 576, 846), (54, 594, 864), (90, 594, 882), (72, 576, 900), (54, 576, 864), (54, 576, 882), (54, 594, 756), (72, 558, 1080), (18, 522, 864), (36, 576, 792), (72, 576, 828), (90, 576, 828), (90, 576, 900), (72, 540, 972), (54, 540, 900), (36, 558, 828), (36, 576, 846), (54, 576, 864), (90, 576, 918), (72, 522, 936), (72, 558, 846)]	(9575, 13004, 9988, 10194, 14588, 10436, 4439, 5815, 3864, 7386, 5548, 5920, 4286, 6090, 7225, 7758, 11192, 19895, 15405, 9205, 16155, 13788, 12037, 2035)
w	1327921	(599, 384)	[(72, 522, 936), (72, 558, 846), (54, 576, 882), (54, 540, 918), (54, 540, 918), (54, 558, 882), (72, 576, 864), (72, 576, 864), (54, 576, 864), (36, 558, 918), (18, 558, 900), (18, 576, 882), (54, 576, 864), (36, 594, 864), (54, 612, 882), (18, 594, 918), (18, 576, 882), (0, 576, 828), (18, 630, 720), (-36, 630, 828), (36, 612, 972), (36, 612, 900), (36, 612, 828), (54, 612, 828), (72, 612, 936)]	(9570, 13001, 10443, 11470, 14584, 10452, 4247, 5935, 3863, 7462, 5701, 6070, 4297, 6068, 7258, 7636, 11225, 19942, 15675, 9249, 16519, 13746, 12055, 2038)
e	1328123	(595, 350)	[(54, 540, 918), (54, 558, 882), (72, 576, 864), (72, 576, 864), (54, 576, 864), (36, 558, 918), (18, 558, 900), (18, 576, 882), (54, 576, 864), (36, 594, 864), (54, 612, 882), (18, 594, 918), (18, 576, 882), (0, 576, 828), (18, 630, 720), (-36, 630, 828), (36, 612, 972), (36, 612, 900), (36, 612, 828), (54, 612, 828), (72, 612, 936), (90, 648, 828), (36, 576, 954), (-54, 576, 828), (-72, 576, 828)]	(9578, 13019, 10275, 10585, 14553, 10414, 4335, 5763, 3991, 7414, 5689, 6059, 4260, 6070, 7239, 7635, 11208, 19918, 15566, 9244, 16413, 13760, 12043, 2029)
 	1328437	(794, 225)	[(36, 594, 864), (54, 612, 882), (18, 594, 918), (18, 576, 882), (0, 576, 828), (18, 630, 720), (-36, 630, 828), (36, 612, 972), (36, 612, 900), (36, 612, 828), (54, 612, 828), (72, 612, 936), (90, 648, 828), (36, 576, 954), (-54, 576, 828), (-72, 576, 828), (36, 540, 882), (90, 594, 810), (90, 522, 1188), (36, 522, 954), (36, 540, 774), (54, 558, 864), (90, 522, 936), (108, 540, 972), (72, 522, 954)]	(9572, 13142, 10048, 10195, 14495, 10373, 4270, 5754, 3814, 7437, 5715, 5924, 4283, 6086, 7236, 7778, 11207, 19900, 15498, 9245, 16184, 13840, 12052, 2029)
d	1328730	(667, 316)	[(36, 612, 900), (36, 612, 828), (54, 612, 828), (72, 612, 936), (90, 648, 828), (36, 576, 954), (-54, 576, 828), (-72, 576, 828), (36, 540, 882), (90, 594, 810), (90, 522, 1188), (36, 522, 954), (36, 540, 774), (54, 558, 864), (90, 522, 936), (108, 540, 972), (72, 522, 954), (18, 504, 918), (36, 540, 936), (36, 576, 882), (54, 558, 846), (36, 576, 756), (18, 594, 792), (54, 576, 918), (54, 576, 918)]	(9600, 13193, 10316, 10737, 14749, 10545, 4430, 5771, 3900, 7478, 5582, 5938, 4290, 6083, 7245, 7726, 11229, 19947, 15609, 9262, 16392, 13832, 12053, 2030)
i	1329075	(601, 152)	[(36, 540, 774), (54, 558, 864), (90, 522, 936), (108, 540, 972), (72, 522, 954), (18, 504, 918), (36, 540, 936), (36, 576, 882), (54, 558, 846), (36, 576, 756), (18, 594, 792), (54, 576, 918), (54, 576, 918), (72, 594, 774), (36, 540, 936), (36, 540, 918), (72, 558, 882), (54, 558, 864), (36, 540, 846), (36, 540, 936), (54, 558, 936), (90, 558, 900), (126, 558, 864), (72, 558, 900), (36, 558, 936)]	(9568, 12913, 10246, 10673, 14582, 10580, 4375, 5823, 3798, 7462, 5767, 5930, 4285, 6074, 7236, 7759, 11205, 19902, 15490, 9227, 16215, 13805, 12042, 2025)
d	1329319	(650, 324)	[(36, 576, 882), (54, 558, 846), (36, 576, 756), (18, 594, 792), (54, 576, 918), (54, 576, 918), (72, 594, 774), (36, 540, 936), (36, 540, 918), (72, 558, 882), (54, 558, 864), (36, 540, 846), (36, 540, 936), (54, 558, 936), (90, 558, 900), (126, 558, 864), (72, 558, 900), (36, 558, 936), (0, 522, 990), (108, 594, 882), (18, 612, 900), (54, 558, 882), (36, 576, 882), (72, 576, 846), (54, 576, 846)]	(9575, 13049, 10250, 10711, 14640, 10424, 4345, 5834, 3928, 7407, 5681, 6116, 4280, 6082, 7226, 7713, 11214, 19915, 15526, 9222, 16293, 13790, 12049, 2032)
 	1330036	(798, 207)	[(90, 558, 900), (90, 558, 810), (90, 558, 846), (90, 558, 864), (54, 540, 954), (72, 522, 990), (72, 522, 900), (72, 540, 882), (54, 558, 864), (90, 558, 882), (90, 540, 918), (90, 540, 918), (72, 540, 900), (54, 540, 864), (54, 540, 882), (72, 540, 918), (108, 540, 918), (90, 540, 882), (90, 540, 918), (54, 540, 900), (54, 522, 864), (54, 558, 900), (90, 576, 882), (108, 540, 882), (90, 540, 918)]	(9580, 13126, 10034, 10208, 14667, 10577, 4415, 5812, 3980, 7382, 5546, 6116, 4275, 6090, 7225, 7770, 11220, 19911, 15481, 9242, 16195, 13858, 12052, 2039)
n	1330345	(750, 167)	[(90, 558, 882), (90, 540, 918), (90, 540, 918), (72, 540, 900), (54, 540, 864), (54, 540, 882), (72, 540, 918), (108, 540, 918), (90, 540, 882), (90, 540, 918), (54, 540, 900), (54, 522, 864), (54, 558, 900), (90, 576, 882), (108, 540, 882), (90, 540, 918), (72, 558, 846), (108, 558, 900), (72, 540, 900), (54, 540, 882), (54, 540, 918), (72, 540, 918), (72, 540, 900), (108, 540, 864), (108, 558, 864)]	(9572, 12983, 10007, 10213, 14640, 10568, 4392, 5719, 3993, 7423, 5660, 6007, 4269, 6076, 7232, 7771, 11196, 19903, 15445, 9231, 16161, 13838, 12040, 2038)
o	1330643	(621, 104)	[(90, 540, 918), (54, 540, 900), (54, 522, 864), (54, 558, 900), (90, 576, 882), (108, 540, 882), (90, 540, 918), (72, 558, 846), (108, 558, 900), (72, 540, 900), (54, 540, 882), (54, 540, 918), (72, 540, 918), (72, 540, 900), (108, 540, 864), (108, 558, 864), (36, 522, 936), (90, 540, 864), (54, 540, 864), (54, 540, 918), (54, 540, 900), (72, 522, 918), (54, 540, 900), (108, 540, 918), (90, 540, 900)]	(9575, 12962, 10117, 10357, 14733, 10707, 4326, 5882, 3900, 7465, 5612, 6011, 4294, 6077, 7236, 7785, 11212, 19911, 15459, 9236, 16195, 13846, 12046, 2031)
t	1330988	(604, 265)	[(54, 540, 918), (72, 540, 918), (72, 540, 900), (108, 540, 864), (108, 558, 864), (36, 522, 936), (90, 540, 864), (54, 540, 864), (54, 540, 918), (54, 540, 900), (72, 522, 918), (54, 540, 900), (108, 540, 918), (90, 540, 900), (36, 522, 882), (90, 558, 882), (90, 558, 882), (54, 576, 846), (36, 558, 810), (36, 576, 864), (72, 558, 954), (90, 576, 918), (126, 594, 846), (72, 576, 774), (54, 576, 846)]	(9596, 13089, 10311, 10976, 14792, 10578, 4481, 5962, 3936, 7488, 5700, 6039, 4291, 6082, 7252, 7732, 11213, 19922, 15461, 9229, 16300, 13813, 12050, 2035)
 	1331301	(803, 225)	[(54, 540, 900), (72, 522, 918), (54, 540, 900), (108, 540, 918), (90, 540, 900), (36, 522, 882), (90, 558, 882), (90, 558, 882), (54, 576, 846), (36, 558, 810), (36, 576, 864), (72, 558, 954), (90, 576, 918), (126, 594, 846), (72, 576, 774), (54, 576, 846), (54, 576, 846), (126, 522, 954), (72, 540, 864), (54, 558, 882), (72, 558, 864), (72, 558, 846), (72, 540, 900), (72, 522, 972), (72, 522, 936)]	(9588, 13100, 10035, 10214, 14677, 10518, 4389, 5757, 3960, 7436, 5602, 6022, 4272, 6080, 7234, 7711, 11202, 19910, 15455, 9229, 16240, 13837, 12051, 2017)
s	1331898	(662, 364)	[(72, 522, 972), (72, 522, 936), (90, 522, 936), (72, 558, 900), (72, 540, 918), (54, 522, 918), (54, 540, 882), (54, 540, 864), (54, 558, 882), (54, 540, 918), (54, 540, 918), (54, 558, 918), (72, 540, 918), (54, 558, 846), (36, 576, 900), (36, 540, 900), (36, 540, 882), (36, 576, 828), (18, 576, 864), (0, 558, 936), (18, 558, 900), (54, 576, 864), (72, 612, 882), (72, 558, 900), (108, 594, 882)]	(9609, 13331, 10428, 11293, 14711, 10489, 4343, 5898, 3862, 7412, 5699, 5917, 4255, 6064, 7234, 7653, 11230, 19970, 15727, 9275, 16580, 13815, 12057, 2027)
e	1332161	(587, 352)	[(54, 540, 864), (54, 558, 882), (54, 540, 918), (54, 540, 918), (54, 558, 918), (72, 540, 918), (54, 558, 846), (36, 576, 900), (36, 540, 900), (36, 540, 882), (36, 576, 828), (18, 576, 864), (0, 558, 936), (18, 558, 900), (54, 576, 864), (72, 612, 882), (72, 558, 900), (108, 594, 882), (-36, 558, 882), (54, 576, 900), (18, 594, 900), (54, 594, 882), (36, 612, 828), (54, 612, 828), (54, 594, 792)]	(9621, 13230, 10567, 11730, 14769, 10555, 4450, 5900, 3908, 7440, 5630, 6012, 4292, 6087, 7241, 7586, 11220, 19976, 15747, 9258, 16658, 13751, 12052, 2036)
e	1332359	(590, 352)	[(72, 540, 918), (54, 558, 846), (36, 576, 900), (36, 540, 900), (36, 540, 882), (36, 576, 828), (18, 576, 864), (0, 558, 936), (18, 558, 900), (54, 576, 864), (72, 612, 882), (72, 558, 900), (108, 594, 882), (-36, 558, 882), (54, 576, 900), (18, 594, 900), (54, 594, 882), (36, 612, 828), (54, 612, 828), (54, 594, 792), (54, 576, 1026), (-72, 576, 864), (90, 612, 774), (54, 576, 900), (18, 576, 936)]	(9575, 13038, 10356, 11135, 14470, 10318, 4286, 5764, 3845, 7352, 5630, 6085, 4276, 6075, 7228, 7647, 11206, 19917, 15519, 9261, 16475, 13763, 12045, 2029)
 	1332706	(803, 238)	[(108, 594, 882), (-36, 558, 882), (54, 576, 900), (18, 594, 900), (54, 594, 882), (36, 612, 828), (54, 612, 828), (54, 594, 792), (54, 576, 1026), (-72, 576, 864), (90, 612, 774), (54, 576, 900), (18, 576, 936), (-54, 522, 936), (54, 594, 864), (90, 522, 918), (72, 540, 954), (72, 540, 900), (18, 468, 990), (36, 540, 882), (90, 540, 864), (126, 558, 936), (90, 522, 936), (90, 522, 900), (54, 540, 918)]	(9575, 13111, 10039, 10195, 14483, 10405, 4251, 5840, 3890, 7335, 5698, 5860, 4277, 6072, 7220, 7736, 11201, 19910, 15483, 9251, 16262, 13854, 12044, 2033)
t	1333120	(592, 275)	[(54, 594, 864), (90, 522, 918), (72, 540, 954), (72, 540, 900), (18, 468, 990), (36, 540, 882), (90, 540, 864), (126, 558, 936), (90, 522, 936), (90, 522, 900), (54, 540, 918), (54, 540, 900), (90, 540, 954), (36, 558, 864), (36, 540, 900), (54, 576, 828), (36, 558, 846), (54, 558, 918), (36, 558, 900), (18, 558, 846), (0, 558, 882), (72, 576, 864), (90, 612, 774), (54, 558, 774), (144, 522, 1152)]	(9590, 13158, 10477, 11319, 14592, 10453, 4295, 5821, 3822, 7394, 5691, 6078, 4277, 6089, 7220, 7717, 11216, 19921, 15501, 9262, 16384, 13810, 12056, 2032)
h	1333315	(671, 219)	[(18, 468, 990), (36, 540, 882), (90, 540, 864), (126, 558, 936), (90, 522, 936), (90, 522, 900), (54, 540, 918), (54, 540, 900), (90, 540, 954), (36, 558, 864), (36, 540, 900), (54, 576, 828), (36, 558, 846), (54, 558, 918), (36, 558, 900), (18, 558, 846), (0, 558, 882), (72, 576, 864), (90, 612, 774), (54, 558, 774), (144, 522, 1152), (36, 522, 864), (126, 540, 954), (72, 558, 900), (36, 522, 900)]	(9583, 13113, 10318, 10606, 14564, 10450, 4339, 5694, 3826, 7399, 5692, 5897, 4282, 6073, 7234, 7717, 11210, 19920, 15503, 9256, 16361, 13818, 12044, 2039)
a	1333662	(651, 395)	[(36, 558, 846), (54, 558, 918), (36, 558, 900), (18, 558, 846), (0, 558, 882), (72, 576, 864), (90, 612, 774), (54, 558, 774), (144, 522, 1152), (36, 522, 864), (126, 540, 954), (72, 558, 900), (36, 522, 900), (0, 540, 864), (54, 558, 828), (36, 576, 900), (54, 558, 918), (54, 594, 774), (36, 630, 810), (18, 594, 918), (0, 558, 990), (18, 576, 846), (0, 594, 774), (36, 594, 774), (108, 594, 954)]	(9587, 13212, 10355, 11035, 14450, 10388, 4379, 5848, 3894, 7254, 5691, 5911, 4280, 6076, 7230, 7611, 11213, 19929, 15572, 9254, 16517, 13759, 12043, 2032)
t	1333858	(568, 277)	[(0, 558, 882), (72, 576, 864), (90, 612, 774), (54, 558, 774), (144, 522, 1152), (36, 522, 864), (126, 540, 954), (72, 558, 900), (36, 522, 900), (0, 540, 864), (54, 558, 828), (36, 576, 900), (54, 558, 918), (54, 594, 774), (36, 630, 810), (18, 594, 918), (0, 558, 990), (18, 576, 846), (0, 594, 774), (36, 594, 774), (108, 594, 954), (-54, 558, 882), (126, 612, 792), (72, 576, 864), (90, 540, 1026)]	(9577, 13067, 10420, 11280, 14531, 10482, 4302, 5784, 3831, 7303, 5611, 6041, 4268, 6075, 7225, 7707, 11203, 19924, 15504, 9258, 16404, 13772, 12040, 2025)
 	1334320	(799, 221)	[(0, 558, 990), (18, 576, 846), (0, 594, 774), (36, 594, 774), (108, 594, 954), (-54, 558, 882), (126, 612, 792), (72, 576, 864), (90, 540, 1026), (54, 558, 720), (108, 522, 1170), (72, 486, 954), (36, 522, 810), (90, 576, 900), (90, 540, 900), (72, 540, 900), (72, 540, 936), (72, 522, 918), (72, 522, 918), (90, 504, 918), (72, 558, 828), (72, 558, 900), (90, 522, 990), (72, 504, 882), (72, 540, 882)]	(9595, 13195, 10137, 10271, 14613, 10476, 4344, 5746, 3915, 7406, 5528, 6032, 4285, 6071, 7226, 7783, 11207, 19915, 15470, 9249, 16254, 13845, 12050, 2030)
d	1334668	(648, 342)	[(72, 486, 954), (36, 522, 810), (90, 576, 900), (90, 540, 900), (72, 540, 900), (72, 540, 936), (72, 522, 918), (72, 522, 918), (90, 504, 918), (72, 558, 828), (72, 558, 900), (90, 522, 990), (72, 504, 882), (72, 540, 882), (54, 540, 918), (90, 576, 918), (72, 558, 954), (54, 522, 900), (0, 558, 882), (0, 594, 846), (54, 594, 828), (72, 612, 828), (72, 558, 864), (126, 630, 900), (72, 558, 918)]	(9584, 13094, 10370, 11216, 14503, 10428, 4349, 5748, 3838, 7318, 5572, 6083, 4271, 6075, 7227, 7691, 11216, 19930, 15572, 9263, 16502, 13775, 12048, 2030)
e	1334868	(587, 356)	[(72, 540, 900), (72, 540, 936), (72, 522, 918), (72, 522, 918), (90, 504, 918), (72, 558, 828), (72, 558, 900), (90, 522, 990), (72, 504, 882), (72, 540, 882), (54, 540, 918), (90, 576, 918), (72, 558, 954), (54, 522, 900), (0, 558, 882), (0, 594, 846), (54, 594, 828), (72, 612, 828), (72, 558, 864), (126, 630, 900), (72, 558, 918), (-72, 540, 918), (36, 558, 1008), (18, 558, 936), (0, 540, 864)]	(9587, 13267, 10470, 11297, 14449, 10414, 4308, 5828, 3822, 7309, 5626, 5983, 4296, 6071, 7220, 7695, 11215, 19940, 15639, 9270, 16590, 13740, 12054, 2029)
a	1335062	(656, 419)	[(90, 504, 918), (72, 558, 828), (72, 558, 900), (90, 522, 990), (72, 504, 882), (72, 540, 882), (54, 540, 918), (90, 576, 918), (72, 558, 954), (54, 522, 900), (0, 558, 882), (0, 594, 846), (54, 594, 828), (72, 612, 828), (72, 558, 864), (126, 630, 900), (72, 558, 918), (-72, 540, 918), (36, 558, 1008), (18, 558, 936), (0, 540, 864), (54, 612, 828), (90, 594, 900), (108, 504, 972), (72, 522, 918)]	(9570, 13186, 10234, 10389, 14387, 10306, 4263, 5792, 3893, 7339, 5644, 5894, 4288, 6075, 7216, 7759, 11194, 19899, 15387, 9256, 16365, 13781, 12049, 2025)
l	1335310	(671, 65)	[(54, 540, 918), (90, 576, 918), (72, 558, 954), (54, 522, 900), (0, 558, 882), (0, 594, 846), (54, 594, 828), (72, 612, 828), (72, 558, 864), (126, 630, 900), (72, 558, 918), (-72, 540, 918), (36, 558, 1008), (18, 558, 936), (0, 540, 864), (54, 612, 828), (90, 594, 900), (108, 504, 972), (72, 522, 918), (108, 486, 1062), (54, 468, 900), (72, 486, 936), (72, 522, 882), (162, 522, 900), (162, 522, 918)]	(9565, 12900, 9945, 10218, 14541, 10598, 4477, 5845, 3880, 7355, 5644, 6081, 4286, 6095, 7215, 7937, 11198, 19883, 15361, 9234, 16081, 13820, 12053, 2032)
p	1337602	(586, 18)	[(72, 522, 900), (72, 540, 918), (108, 558, 864), (90, 522, 864), (36, 522, 918), (18, 504, 918), (36, 504, 900), (90, 522, 882), (108, 540, 900), (108, 522, 918), (90, 504, 936), (72, 504, 918), (54, 504, 900), (54, 504, 900), (90, 522, 900), (108, 522, 918), (72, 504, 918), (72, 504, 936), (36, 504, 882), (18, 522, 864), (108, 540, 936), (162, 540, 972), (162, 540, 936), (108, 522, 882), (72, 486, 918)]	(9554, 12854, 9952, 10225, 14475, 10589, 4383, 5843, 3907, 7455, 5645, 5931, 4276, 6084, 7243, 7925, 11205, 19889, 15333, 9245, 16146, 13858, 12051, 2029)
r	1338043	(590, 292)	[(108, 522, 918), (72, 504, 918), (72, 504, 936), (36, 504, 882), (18, 522, 864), (108, 540, 936), (162, 540, 972), (162, 540, 936), (108, 522, 882), (72, 486, 918), (54, 522, 936), (90, 540, 918), (90, 540, 954), (72, 522, 918), (36, 540, 828), (18, 576, 846), (54, 558, 864), (54, 576, 918), (72, 558, 900), (36, 576, 846), (18, 576, 792), (36, 576, 846), (54, 558, 918), (90, 594, 900), (36, 576, 774)]	(9598, 13150, 10329, 11212, 14770, 10550, 4361, 5898, 3913, 7515, 5645, 6030, 4301, 6087, 7250, 7919, 11215, 19921, 15430, 9256, 16325, 13815, 12054, 2029)
o	1338451	(602, 79)	[(72, 522, 918), (36, 540, 828), (18, 576, 846), (54, 558, 864), (54, 576, 918), (72, 558, 900), (36, 576, 846), (18, 576, 792), (36, 576, 846), (54, 558, 918), (90, 594, 900), (36, 576, 774), (108, 558, 936), (54, 540, 918), (36, 522, 936), (72, 540, 900), (90, 558, 882), (54, 540, 846), (54, 558, 900), (54, 540, 918), (36, 540, 882), (18, 540, 864), (90, 558, 954), (126, 540, 918), (126, 558, 882)]	(9584, 12913, 10058, 10399, 14712, 10699, 4443, 5884, 3942, 7398, 5719, 6084, 4303, 6088, 7242, 8016, 11206, 19895, 15372, 9235, 16129, 13820, 12041, 2038)
d	1338891	(651, 313)	[(72, 540, 900), (90, 558, 882), (54, 540, 846), (54, 558, 900), (54, 540, 918), (36, 540, 882), (18, 540, 864), (90, 558, 954), (126, 540, 918), (126, 558, 882), (18, 504, 936), (108, 558, 918), (108, 558, 846), (54, 576, 882), (54, 558, 936), (54, 540, 882), (0, 522, 864), (36, 576, 828), (72, 594, 882), (72, 612, 918), (54, 522, 918), (-18, 576, 810), (18, 576, 846), (72, 612, 900), (72, 558, 882)]	(9619, 13129, 10160, 10568, 14899, 10598, 4403, 5813, 3875, 7518, 5756, 6120, 4294, 6089, 7240, 7776, 11220, 19939, 15488, 9247, 16396, 13804, 12052, 2032)
u	1339183	(585, 182)	[(126, 558, 882), (18, 504, 936), (108, 558, 918), (108, 558, 846), (54, 576, 882), (54, 558, 936), (54, 540, 882), (0, 522, 864), (36, 576, 828), (72, 594, 882), (72, 612, 918), (54, 522, 918), (-18, 576, 810), (18, 576, 846), (72, 612, 900), (72, 558, 882), (36, 576, 702), (18, 558, 792), (54, 558, 828), (36, 558, 936), (90, 558, 918), (72, 576, 882), (72, 558, 864), (54, 558, 846)]	(9580, 12846, 10090, 10521, 14670, 10563, 4496, 5922, 4045, 7423, 5699, 6036, 4272, 6085, 7235, 7871, 11194, 19889, 15344, 9214, 16167, 13782, 12033, 2031)
c	1339744	(734, 288)	[(90, 558, 918), (72, 576, 882), (72, 558, 864), (54, 558, 846), (54, 558, 936), (54, 558, 828), (54, 540, 918), (90, 558, 936), (72, 576, 900), (36, 558, 864), (54, 558, 900), (72, 558, 900), (54, 558, 936), (36, 576, 918), (36, 576, 864), (36, 576, 846), (54, 558, 864), (72, 576, 882), (54, 576, 864), (54, 576, 972), (36, 576, 810), (36, 594, 864), (54, 576, 864), (36, 576, 864), (36, 558, 936)]	(9605, 13074, 9998, 10290, 14762, 10528, 4458, 5859, 3972, 7416, 5619, 5985, 4268, 6078, 7242, 7752, 11196, 19907, 15382, 9215, 16274, 13799, 12051, 2036)
e	1340036	(592, 341)	[(72, 576, 900), (36, 558, 864), (54, 558, 900), (72, 558, 900), (54, 558, 936), (36, 576, 918), (36, 576, 864), (36, 576, 846), (54, 558, 864), (72, 576, 882), (54, 576, 864), (54, 576, 972), (36, 576, 810), (36, 594, 864), (54, 576, 864), (36, 576, 864), (36, 558, 936), (18, 576, 882), (18, 594, 846), (18, 594, 828), (18, 594, 882), (-54, 594, 900), (36, 594, 828), (72, 648, 792), (54, 648, 756)]	(9595, 12978, 10282, 11263, 14635, 10501, 4380, 5909, 3857, 7378, 5721, 6000, 4288, 6079, 7232, 7728, 11198, 19916, 15436, 9227, 16395, 13745, 12037, 2034)
r	1340250	(637, 379)	[(36, 576, 864), (36, 576, 846), (54, 558, 864), (72, 576, 882), (54, 576, 864), (54, 576, 972), (36, 576, 810), (36, 594, 864), (54, 576, 864), (36, 576, 864), (36, 558, 936), (18, 576, 882), (18, 594, 846), (18, 594, 828), (18, 594, 882), (-54, 594, 900), (36, 594, 828), (72, 648, 792), (54, 648, 756), (72, 576, 990), (-144, 558, 774), (90, 648, 756), (90, 576, 1134), (-18, 540, 1026), (-90, 576, 774)]	(9575, 12976, 10198, 10679, 14543, 10401, 4317, 5775, 3823, 7291, 5615, 6026, 4290, 6062, 7228, 7779, 11204, 19918, 15469, 9240, 16423, 13751, 12042, 2028)
s	1340448	(637, 379)	[(54, 576, 864), (54, 576, 972), (36, 576, 810), (36, 594, 864), (54, 576, 864), (36, 576, 864), (36, 558, 936), (18, 576, 882), (18, 594, 846), (18, 594, 828), (18, 594, 882), (-54, 594, 900), (36, 594, 828), (72, 648, 792), (54, 648, 756), (72, 576, 990), (-144, 558, 774), (90, 648, 756), (90, 576, 1134), (-18, 540, 1026), (-90, 576, 774), (36, 630, 828), (36, 558, 1080), (198, 540, 990), (144, 594, 900)]	(9570, 13064, 9973, 10189, 14447, 10339, 4311, 5752, 3841, 7297, 5609, 6032, 4287, 6078, 7211, 7792, 11191, 19898, 15362, 9229, 16257, 13807, 12047, 2026)
 	1340640	(791, 260)	[(54, 576, 864), (36, 576, 864), (36, 558, 936), (18, 576, 882), (18, 594, 846), (18, 594, 828), (18, 594, 882), (-54, 594, 900), (36, 594, 828), (72, 648, 792), (54, 648, 756), (72, 576, 990), (-144, 558, 774), (90, 648, 756), (90, 576, 1134), (-18, 540, 1026), (-90, 576, 774), (36, 630, 828), (36, 558, 1080), (198, 540, 990), (144, 594, 900), (18, 540, 1026), (108, 558, 774), (72, 540, 864), (54, 540, 918)]	(9576, 13153, 9991, 10187, 14581, 10372, 4300, 5733, 3833, 7384, 5630, 6014, 4258, 6079, 7225, 7690, 11208, 19909, 15428, 9245, 16291, 13851, 12050, 2032)
r	1341821	(615, 305)	[(36, 594, 864), (54, 594, 846), (54, 594, 846), (36, 594, 864), (36, 576, 864), (18, 576, 900), (36, 576, 882), (54, 594, 864), (36, 594, 864), (18, 576, 846), (36, 576, 882), (36, 594, 846), (36, 576, 900), (54, 594, 882), (54, 576, 900), (54, 594, 846), (36, 594, 864), (36, 594, 864), (36, 576, 900), (36, 576, 846), (54, 594, 828), (54, 594, 918), (36, 576, 864), (36, 594, 864), (54, 594, 882)]	(9595, 12974, 10326, 11315, 14724, 10395, 4434, 5855, 3970, 7443, 5756, 6015, 4289, 6086, 7239, 7656, 11222, 19939, 15516, 9242, 16473, 13785, 12056, 2046)
e	1343251	(590, 331)	[(54, 612, 882), (54, 594, 900), (36, 594, 882), (54, 594, 846), (54, 594, 846), (36, 612, 864), (36, 612, 900), (36, 594, 864), (36, 576, 864), (36, 594, 882), (54, 594, 882), (36, 594, 882), (54, 594, 846), (36, 612, 828), (18, 630, 882), (0, 594, 936), (18, 594, 846), (36, 630, 792), (-54, 594, 918), (36, 612, 918), (72, 630, 828), (72, 648, 738), (36, 630, 702), (-18, 594, 738), (-36, 558, 1152)]	(9583, 13011, 10370, 11331, 14472, 10396, 4251, 5820, 3863, 7380, 5606, 6090, 4272, 6077, 7223, 7736, 11213, 19919, 15526, 9252, 16472, 13765, 12045, 2023)
a	1343442	(656, 418)	[(54, 594, 846), (36, 612, 864), (36, 612, 900), (36, 594, 864), (36, 576, 864), (36, 594, 882), (54, 594, 882), (36, 594, 882), (54, 594, 846), (36, 612, 828), (18, 630, 882), (0, 594, 936), (18, 594, 846), (36, 630, 792), (-54, 594, 918), (36, 612, 918), (72, 630, 828), (72, 648, 738), (36, 630, 702), (-18, 594, 738), (-36, 558, 1152), (36, 594, 756), (36, 612, 936), (18, 576, 900), (-36, 576, 774)]	(9628, 13514, 10451, 10888, 14561, 10432, 4349, 5777, 3810, 7210, 5533, 5930, 4289, 6075, 7219, 7693, 11227, 19955, 15659, 9279, 16612, 13764, 12054, 2036)
c	1344203	(726, 289)	[(72, 540, 936), (54, 540, 882), (72, 558, 846), (90, 576, 864), (72, 576, 918), (36, 522, 954), (54, 540, 864), (54, 558, 864), (72, 594, 846), (72, 576, 864), (72, 576, 918), (54, 558, 918), (18, 540, 900), (54, 576, 846), (54, 558, 882), (54, 558, 882), (54, 558, 900), (54, 558, 918), (36, 576, 846), (54, 558, 900), (36, 576, 864), (54, 594, 828), (54, 576, 846), (18, 558, 864), (72, 558, 936)]	(9581, 12984, 10001, 10270, 14638, 10405, 4360, 5810, 3948, 7407, 5650, 6041, 4267, 6072, 7235, 7605, 11205, 19915, 15394, 9235, 16400, 13799, 12048, 2031)
t	1344494	(590, 312)	[(72, 576, 864), (72, 576, 918), (54, 558, 918), (18, 540, 900), (54, 576, 846), (54, 558, 882), (54, 558, 882), (54, 558, 900), (54, 558, 918), (36, 576, 846), (54, 558, 900), (36, 576, 864), (54, 594, 828), (54, 576, 846), (18, 558, 864), (72, 558, 936), (18, 558, 900), (0, 558, 918), (18, 558, 882), (36, 558, 792), (18, 648, 756), (36, 612, 846), (54, 612, 882), (36, 612, 936), (36, 594, 846)]	(9608, 13053, 10345, 11255, 14741, 10493, 4357, 5856, 3978, 7406, 5685, 6027, 4265, 6076, 7236, 7596, 11212, 19930, 15460, 9232, 16483, 13761, 12051, 2020)
i	1345529	(602, 137)	[(54, 576, 900), (36, 576, 864), (54, 576, 846), (54, 576, 900), (36, 576, 900), (36, 558, 900), (36, 576, 864), (54, 576, 864), (72, 576, 882), (54, 576, 864), (36, 576, 882), (54, 558, 936), (36, 576, 882), (36, 576, 846), (36, 576, 846), (36, 576, 846), (36, 558, 882), (54, 576, 918), (54, 594, 882), (36, 558, 864), (18, 576, 864), (36, 576, 846), (18, 576, 882), (36, 576, 882), (54, 576, 882)]	(9594, 12796, 9929, 10316, 14740, 10541, 4490, 5816, 3954, 7415, 5718, 6015, 4278, 6078, 7229, 7648, 11207, 19908, 15282, 9201, 16344, 13779, 12047, 2039)
n	1346341	(738, 146)	[(72, 576, 900), (72, 576, 882), (72, 576, 864), (54, 594, 864), (18, 576, 882), (18, 576, 900), (54, 558, 882), (54, 576, 882), (72, 576, 882), (54, 576, 882), (36, 558, 900), (18, 558, 900), (54, 576, 882), (54, 576, 846), (54, 594, 882), (36, 558, 918), (36, 558, 882), (36, 558, 864), (54, 576, 882), (54, 576, 900), (54, 558, 882), (54, 558, 882), (54, 594, 864), (54, 576, 900), (36, 576, 900)]	(9597, 12833, 9898, 10230, 14686, 10539, 4450, 5780, 3988, 7409, 5661, 5990, 4279, 6076, 7230, 7687, 11205, 19909, 15315, 9215, 16353, 13800, 12042, 2040)
g	1346733	(665, 238)	[(54, 576, 846), (54, 594, 882), (36, 558, 918), (36, 558, 882), (36, 558, 864), (54, 576, 882), (54, 576, 900), (54, 558, 882), (54, 558, 882), (54, 594, 864), (54, 576, 900), (36, 576, 900), (54, 576, 882), (54, 576, 846), (36, 558, 900), (36, 576, 882), (36, 576, 900), (72, 558, 936), (54, 594, 900), (54, 576, 846), (18, 576, 756), (36, 576, 900), (36, 576, 900), (54, 594, 846), (90, 576, 882)]	(9608, 12920, 9970, 10326, 14746, 10555, 4492, 5736, 3918, 7350, 5700, 6040, 4278, 6081, 7216, 7670, 11206, 19915, 15333, 9228, 16370, 13790, 12039, 2030)
 	1347344	(804, 208)	[(54, 594, 846), (90, 576, 882), (36, 558, 900), (54, 576, 864), (36, 540, 918), (54, 558, 918), (54, 576, 882), (36, 558, 846), (54, 558, 936), (72, 558, 900), (54, 558, 918), (54, 558, 846), (36, 558, 900), (54, 540, 882), (72, 558, 882), (36, 558, 864), (54, 558, 882), (54, 540, 900), (72, 558, 918), (54, 558, 900), (54, 558, 864), (54, 576, 864), (72, 540, 918), (54, 558, 900), (54, 540, 882)]	(9590, 12942, 9906, 10215, 14650, 10456, 4396, 5779, 3964, 7384, 5628, 6025, 4281, 6083, 7221, 7685, 11196, 19897, 15288, 9222, 16320, 13812, 12036, 2031)
t	1348004	(577, 254)	[(36, 540, 936), (54, 576, 864), (54, 540, 882), (54, 540, 918), (54, 540, 918), (54, 540, 918), (54, 540, 918), (36, 558, 882), (72, 576, 882), (72, 576, 918), (72, 558, 864), (36, 558, 846), (36, 558, 900), (18, 576, 900), (36, 558, 900), (54, 558, 900), (54, 558, 882), (54, 576, 882), (54, 576, 828), (36, 576, 828), (0, 594, 864), (-18, 558, 900), (36, 576, 936), (72, 594, 936), (90, 594, 774)]	(9616, 13077, 10280, 10775, 14789, 10545, 4389, 5900, 3899, 7385, 5736, 6051, 4282, 6080, 7236, 7697, 11214, 19929, 15373, 9240, 16424, 13825, 12057, 2032)
o	1348414	(592, 81)	[(36, 558, 900), (54, 558, 900), (54, 558, 882), (54, 576, 882), (54, 576, 828), (36, 576, 828), (0, 594, 864), (-18, 558, 900), (36, 576, 936), (72, 594, 936), (90, 594, 774), (36, 576, 774), (90, 594, 828), (90, 558, 918), (54, 576, 918), (36, 540, 918), (18, 540, 918), (18, 540, 864), (18, 558, 864), (18, 540, 864), (36, 540, 918), (72, 558, 900), (72, 576, 954), (108, 558, 954), (72, 558, 846)]	(9589, 12887, 10017, 10353, 14701, 10577, 4414, 5854, 3988, 7360, 5653, 6023, 4286, 6084, 7225, 7785, 11204, 19911, 15284, 9234, 16298, 13819, 12042, 2031)
 	1348756	(799, 205)	[(36, 576, 774), (90, 594, 828), (90, 558, 918), (54, 576, 918), (36, 540, 918), (18, 540, 918), (18, 540, 864), (18, 558, 864), (18, 540, 864), (36, 540, 918), (72, 558, 900), (72, 576, 954), (108, 558, 954), (72, 558, 846), (18, 540, 936), (90, 576, 756), (126, 594, 810), (90, 558, 864), (36, 522, 972), (0, 522, 990), (36, 522, 900), (54, 558, 864), (72, 540, 918), (72, 540, 936), (90, 540, 828)]	(9590, 13101, 9957, 10196, 14645, 10494, 4360, 5827, 3891, 7392, 5622, 6053, 4273, 6086, 7224, 7784, 11200, 19899, 15306, 9230, 16272, 13841, 12042, 2035)
p	1349416	(593, 14)	[(36, 504, 990), (72, 522, 900), (54, 540, 900), (72, 522, 900), (54, 522, 936), (54, 504, 972), (54, 522, 918), (72, 522, 882), (72, 540, 882), (72, 522, 900), (72, 522, 918), (54, 522, 918), (54, 540, 954), (72, 522, 918), (54, 540, 864), (54, 540, 900), (54, 540, 900), (72, 540, 900), (54, 522, 900), (36, 540, 864), (36, 522, 900), (54, 540, 936), (108, 558, 954), (108, 540, 864), (54, 540, 828)]	(9579, 12874, 9991, 10291, 14624, 10508, 4381, 5709, 3910, 7410, 5654, 5965, 4293, 6086, 7227, 7825, 11202, 19887, 15250, 9228, 16245, 13835, 12040, 2030)
r	1349857	(590, 298)	[(54, 540, 900), (54, 540, 900), (72, 540, 900), (54, 522, 900), (36, 540, 864), (36, 522, 900), (54, 540, 936), (108, 558, 954), (108, 540, 864), (54, 540, 828), (18, 504, 900), (108, 576, 882), (108, 558, 846), (36, 558, 900), (36, 558, 882), (18, 558, 918), (36, 576, 864), (72, 594, 864), (36, 558, 900), (18, 558, 846), (18, 558, 846), (0, 576, 900), (72, 576, 918), (90, 576, 846), (54, 576, 774)]	(9610, 13137, 10289, 11110, 14720, 10526, 4391, 5870, 3916, 7422, 5715, 6021, 4293, 6080, 7238, 7827, 11210, 19920, 15344, 9251, 16354, 13828, 12035, 2036)
i	1350317	(580, 109)	[(72, 594, 864), (36, 558, 900), (18, 558, 846), (18, 558, 846), (0, 576, 900), (72, 576, 918), (90, 576, 846), (54, 576, 774), (36, 558, 900), (72, 540, 918), (36, 522, 864), (36, 540, 882), (126, 522, 990), (54, 522, 954), (-36, 504, 918), (0, 504, 918), (36, 540, 882), (54, 540, 900), (54, 540, 882), (36, 522, 900), (36, 540, 918), (36, 522, 900), (36, 540, 900), (72, 558, 882), (72, 558, 846)]	(9584, 13007, 10128, 10420, 14613, 10493, 4362, 5827, 3911, 7350, 5680, 6050, 4297, 6083, 7243, 7958, 11208, 19905, 15273, 9249, 16252, 13860, 12047, 2034)
c	1350981	(736, 283)	[(36, 558, 900), (54, 540, 900), (36, 540, 864), (54, 540, 882), (36, 540, 900), (36, 522, 918), (36, 540, 882), (36, 540, 900), (54, 540, 882), (54, 558, 864), (72, 558, 882), (54, 540, 918), (54, 540, 918), (54, 540, 936), (18, 540, 864), (36, 540, 972), (36, 540, 918), (54, 540, 846), (36, 540, 882), (54, 540, 882), (54, 558, 882), (18, 558, 954), (54, 540, 936), (54, 540, 900), (54, 576, 792)]	(9610, 13187, 10045, 10267, 14731, 10424, 4316, 5729, 3834, 7388, 5586, 6005, 4281, 6087, 7239, 7742, 11220, 19935, 15387, 9256, 16412, 13866, 12053, 2031)
e	1351222	(589, 349)	[(36, 540, 882), (36, 540, 900), (54, 540, 882), (54, 558, 864), (72, 558, 882), (54, 540, 918), (54, 540, 918), (54, 540, 936), (18, 540, 864), (36, 540, 972), (36, 540, 918), (54, 540, 846), (36, 540, 882), (54, 540, 882), (54, 558, 882), (18, 558, 954), (54, 540, 936), (54, 540, 900), (54, 576, 792), (18, 540, 900), (18, 594, 756), (-54, 594, 864), (18, 594, 882), (18, 594, 882), (36, 576, 936)]	(9606, 13138, 10323, 11346, 14574, 10431, 4319, 5827, 3853, 7327, 5651, 6001, 4265, 6078, 7225, 7653, 11211, 19932, 15439, 9247, 16528, 13767, 12045, 2025)
 	1351684	(837, 237)	[(54, 540, 936), (54, 540, 900), (54, 576, 792), (18, 540, 900), (18, 594, 756), (-54, 594, 864), (18, 594, 882), (18, 594, 882), (36, 576, 936), (36, 522, 792), (36, 576, 936), (72, 540, 1044), (72, 540, 1044), (72, 540, 828), (72, 594, 810), (72, 576, 900), (72, 540, 918), (18, 522, 900), (36, 504, 918), (18, 558, 936), (54, 558, 900), (108, 558, 900), (72, 540, 882), (54, 540, 936), (54, 522, 918)]	(9577, 13048, 9934, 10160, 14591, 10377, 4361, 5735, 3873, 7384, 5665, 5956, 4256, 6086, 7231, 7614, 11211, 19917, 15356, 9239, 16372, 13850, 12041, 2030)
m	1353371	(733, 106)	[(36, 540, 828), (36, 558, 864), (72, 558, 846), (72, 576, 828), (108, 540, 918), (54, 522, 954), (72, 522, 936), (54, 486, 936), (54, 504, 936), (54, 504, 900), (72, 522, 882), (54, 522, 936), (72, 522, 900), (54, 504, 936), (36, 504, 954), (36, 504, 936), (72, 504, 864), (72, 522, 900), (90, 522, 900), (72, 522, 954), (36, 486, 882), (36, 504, 864), (108, 522, 972), (90, 540, 918), (54, 486, 918)]	(9584, 13024, 9918, 10169, 14515, 10521, 4379, 5765, 3865, 7333, 5590, 6002, 4278, 6083, 7206, 7847, 11208, 19903, 15277, 9258, 16260, 13883, 12045, 2029)
a	1353882	(650, 397)	[(72, 522, 954), (36, 486, 882), (36, 504, 864), (108, 522, 972), (90, 540, 918), (54, 486, 918), (72, 486, 972), (72, 504, 918), (18, 504, 954), (54, 522, 972), (36, 522, 936), (54, 522, 846), (90, 576, 846), (72, 576, 954), (36, 540, 972), (-36, 558, 774), (-18, 576, 810), (18, 576, 954), (-36, 558, 1026), (-54, 558, 810), (-54, 612, 756), (0, 612, 828), (18, 612, 846), (-36, 594, 756), (0, 558, 864)]	(9628, 13259, 10227, 10903, 14757, 10453, 4326, 5718, 3846, 7399, 5578, 6105, 4264, 6074, 7226, 7526, 11220, 19949, 15465, 9247, 16642, 13726, 12058, 2027)
n	1354443	(740, 163)	[(0, 612, 828), (18, 612, 846), (-36, 594, 756), (0, 558, 864), (36, 540, 900), (54, 540, 828), (72, 522, 972), (72, 504, 972), (54, 522, 936), (72, 540, 900), (36, 522, 936), (72, 522, 864), (90, 540, 882), (72, 540, 900), (72, 522, 954), (54, 522, 954), (36, 522, 846), (36, 522, 846), (72, 522, 918), (36, 540, 918), (54, 486, 882), (36, 558, 900), (72, 558, 882), (90, 522, 882), (36, 504, 954)]	(9595, 12974, 9878, 10203, 14578, 10548, 4299, 5796, 3960, 7331, 5538, 6095, 4268, 6083, 7210, 7850, 11204, 19892, 15248, 9249, 16281, 13830, 12045, 2035)
a	1354786	(663, 424)	[(72, 522, 864), (90, 540, 882), (72, 540, 900), (72, 522, 954), (54, 522, 954), (36, 522, 846), (36, 522, 846), (72, 522, 918), (36, 540, 918), (54, 486, 882), (36, 558, 900), (72, 558, 882), (90, 522, 882), (36, 504, 954), (36, 504, 936), (90, 558, 918), (54, 540, 972), (-36, 540, 882), (0, 576, 936), (0, 576, 864), (-54, 576, 810), (-54, 630, 756), (0, 594, 828), (-36, 612, 882), (0, 558, 774)]	(9641, 13482, 10282, 10771, 14585, 10435, 4248, 5862, 3858, 7216, 5704, 6031, 4279, 6064, 7205, 7520, 11224, 19950, 15506, 9262, 16714, 13717, 12058, 2031)
g	1355395	(681, 248)	[(-36, 612, 882), (0, 558, 774), (36, 540, 954), (72, 576, 882), (72, 576, 936), (36, 540, 900), (18, 558, 846), (36, 576, 846), (54, 594, 900), (54, 558, 918), (54, 558, 882), (54, 558, 882), (54, 594, 882), (36, 558, 864), (36, 576, 900), (18, 558, 900), (90, 576, 882), (36, 576, 900), (18, 540, 828), (-36, 594, 900), (18, 594, 900), (72, 558, 954), (54, 540, 900), (36, 576, 882), (36, 576, 828)]	(9609, 12917, 9930, 10310, 14798, 10485, 4471, 5826, 4038, 7428, 5748, 6054, 4253, 6089, 7228, 7583, 11202, 19913, 15304, 9217, 16439, 13735, 12038, 2033)
e	1355589	(582, 352)	[(72, 576, 936), (36, 540, 900), (18, 558, 846), (36, 576, 846), (54, 594, 900), (54, 558, 918), (54, 558, 882), (54, 558, 882), (54, 594, 882), (36, 558, 864), (36, 576, 900), (18, 558, 900), (90, 576, 882), (36, 576, 900), (18, 540, 828), (-36, 594, 900), (18, 594, 900), (72, 558, 954), (54, 540, 900), (36, 576, 882), (36, 576, 828), (-18, 558, 810), (18, 612, 846), (18, 594, 864), (-54, 594, 774)]	(9607, 13045, 10280, 11207, 14601, 10377, 4371, 5783, 3909, 7326, 5683, 6011, 4282, 6068, 7214, 7571, 11201, 19925, 15364, 9223, 16530, 13703, 12053, 2026)
m	1356151	(730, 113)	[(-18, 558, 810), (18, 612, 846), (18, 594, 864), (-54, 594, 774), (162, 540, 1116), (18, 540, 810), (54, 540, 918), (54, 558, 918), (36, 522, 936), (36, 504, 864), (72, 540, 864), (90, 558, 882), (72, 558, 918), (54, 522, 918), (36, 522, 918), (72, 558, 900), (72, 558, 864), (72, 558, 882), (54, 558, 900), (36, 540, 882), (72, 540, 972), (54, 558, 864), (72, 558, 900), (90, 558, 828), (36, 540, 918)]	(9603, 12773, 9812, 10230, 14653, 10650, 4415, 5796, 3935, 7200, 5769, 6020, 4277, 6090, 7200, 7835, 11194, 19878, 15220, 9200, 16215, 13743, 12033, 2029)
e	1356494	(587, 347)	[(90, 558, 882), (72, 558, 918), (54, 522, 918), (36, 522, 918), (72, 558, 900), (72, 558, 864), (72, 558, 882), (54, 558, 900), (36, 540, 882), (72, 540, 972), (54, 558, 864), (72, 558, 900), (90, 558, 828), (36, 540, 918), (72, 522, 900), (90, 540, 900), (-54, 576, 900), (18, 540, 900), (18, 540, 846), (18, 594, 792), (54, 612, 900), (36, 612, 828), (18, 594, 900), (54, 612, 882), (36, 630, 864)]	(9634, 13128, 10295, 11327, 14786, 10518, 4344, 5847, 3936, 7321, 5627, 6062, 4286, 6082, 7219, 7636, 11208, 19939, 15411, 9238, 16559, 13736, 12048, 2038)
n	1357105	(746, 146)	[(54, 612, 882), (36, 630, 864), (0, 576, 828), (54, 540, 846), (36, 540, 900), (54, 576, 882), (54, 576, 828), (72, 558, 918), (54, 540, 936), (54, 540, 900), (72, 558, 864), (54, 558, 900), (18, 558, 918), (54, 540, 882), (54, 558, 864), (90, 576, 864), (72, 558, 900), (36, 540, 900), (36, 540, 882), (72, 540, 864), (36, 576, 882), (72, 558, 936), (72, 540, 900), (72, 540, 882), (36, 558, 846)]	(9604, 12731, 9813, 10243, 14784, 10601, 4386, 5747, 3934, 7336, 5784, 6005, 4273, 6097, 7203, 7680, 11187, 19889, 15203, 9213, 16337, 13742, 12038, 2022)
t	1357400	(573, 263)	[(54, 540, 900), (72, 558, 864), (54, 558, 900), (18, 558, 918), (54, 540, 882), (54, 558, 864), (90, 576, 864), (72, 558, 900), (36, 540, 900), (36, 540, 882), (72, 540, 864), (36, 576, 882), (72, 558, 936), (72, 540, 900), (72, 540, 882), (36, 558, 846), (0, 558, 954), (36, 558, 900), (18, 558, 918), (54, 576, 846), (36, 612, 756), (36, 576, 810), (18, 576, 900), (54, 594, 990), (72, 540, 864)]	(9617, 12925, 10214, 11144, 14821, 10599, 4379, 5831, 4017, 7330, 5660, 6005, 4294, 6078, 7223, 7661, 11211, 19916, 15320, 9212, 16449, 13735, 12040, 2031)
