Please hold the phone in your right hand and type with you right thumb
c	1894496	(750, 265)	[(54, 522, 900), (54, 522, 936), (18, 486, 900), (18, 486, 954), (54, 486, 954), (72, 522, 918), (36, 504, 900), (36, 522, 936), (18, 504, 936), (54, 504, 900), (54, 540, 918), (18, 522, 936), (0, 504, 900), (0, 522, 900), (18, 522, 864), (18, 540, 864), (0, 522, 900), (18, 540, 918), (36, 522, 954), (18, 522, 864), (54, 558, 900), (18, 558, 936), (18, 522, 936), (0, 486, 864), (18, 540, 864)]	(9527, 12808, 10591, 10366, 11972, 10228, 4841, 6147, 4016, 8357, 5766, 6190, 4464, 6362, 10365, 8005, 11367, 20159, 14782, 9156, 15705, 14385, 12320, 2059)
a	1894855	(659, 410)	[(0, 504, 900), (0, 522, 900), (18, 522, 864), (18, 540, 864), (0, 522, 900), (18, 540, 918), (36, 522, 954), (18, 522, 864), (54, 558, 900), (18, 558, 936), (18, 522, 936), (0, 486, 864), (18, 540, 864), (18, 558, 900), (0, 540, 936), (0, 522, 918), (0, 540, 882), (-36, 540, 864), (-54, 522, 1008), (18, 540, 882), (18, 558, 828), (0, 594, 900), (-36, 576, 918), (-54, 558, 954), (-36, 576, 864)]	(9536, 13162, 11069, 11607, 11967, 10152, 4709, 6084, 4012, 7881, 5557, 6028, 4427, 6298, 10078, 7977, 11356, 20241, 15045, 9289, 15915, 14724, 12339, 2066)
l	1895457	(682, 11)	[(-36, 576, 918), (-54, 558, 954), (-36, 576, 864), (-72, 630, 702), (-72, 612, 810), (-72, 594, 864), (-126, 594, 810), (54, 540, 972), (108, 468, 900), (108, 504, 972), (90, 486, 990), (72, 468, 990), (90, 468, 972), (90, 486, 936), (72, 504, 864), (54, 504, 900), (72, 486, 936), (90, 486, 954), (72, 450, 936), (18, 486, 936), (18, 486, 918), (72, 504, 936), (108, 504, 918), (126, 522, 882), (126, 522, 918)]	(9490, 12445, 10166, 10203, 12139, 10859, 5275, 6027, 3996, 8486, 5705, 6138, 4380, 6235, 9066, 7898, 11332, 20068, 14814, 9181, 15735, 14518, 12329, 2061)
l	1895653	(669, 30)	[(-72, 594, 864), (-126, 594, 810), (54, 540, 972), (108, 468, 900), (108, 504, 972), (90, 486, 990), (72, 468, 990), (90, 468, 972), (90, 486, 936), (72, 504, 864), (54, 504, 900), (72, 486, 936), (90, 486, 954), (72, 450, 936), (18, 486, 936), (18, 486, 918), (72, 504, 936), (108, 504, 918), (126, 522, 882), (126, 522, 918), (90, 504, 954), (18, 522, 900), (108, 558, 900), (90, 522, 864), (108, 540, 864)]	(9494, 12469, 10222, 10229, 12143, 10770, 5242, 5984, 4060, 8533, 5735, 6122, 4359, 6241, 9185, 7832, 11330, 20079, 14817, 9180, 15731, 14523, 12335, 2059)
 	1895962	(804, 207)	[(54, 504, 900), (72, 486, 936), (90, 486, 954), (72, 450, 936), (18, 486, 936), (18, 486, 918), (72, 504, 936), (108, 504, 918), (126, 522, 882), (126, 522, 918), (90, 504, 954), (18, 522, 900), (108, 558, 900), (90, 522, 864), (108, 540, 864), (90, 522, 882), (18, 486, 954), (90, 522, 864), (108, 540, 900), (108, 540, 882), (90, 522, 918), (90, 504, 882), (108, 540, 882), (54, 468, 900), (18, 540, 936)]	(9514, 12686, 10308, 10246, 12135, 10540, 5125, 6037, 4012, 8503, 5704, 6101, 4387, 6240, 9393, 7775, 11353, 20139, 14858, 9191, 15769, 14597, 12345, 2063)
m	1896355	(729, 100)	[(90, 522, 864), (108, 540, 864), (90, 522, 882), (18, 486, 954), (90, 522, 864), (108, 540, 900), (108, 540, 882), (90, 522, 918), (90, 504, 882), (108, 540, 882), (54, 468, 900), (18, 540, 936), (72, 522, 918), (54, 486, 954), (72, 504, 918), (90, 504, 954), (90, 504, 936), (90, 522, 954), (72, 504, 954), (54, 522, 864), (54, 522, 864), (90, 540, 864), (72, 540, 900), (72, 504, 936), (36, 486, 900)]	(9508, 12605, 10291, 10245, 12164, 10599, 5112, 6050, 4056, 8526, 5716, 6107, 4381, 6250, 9376, 7759, 11354, 20115, 14836, 9189, 15755, 14566, 12344, 2059)
e	1896764	(582, 347)	[(72, 504, 918), (90, 504, 954), (90, 504, 936), (90, 522, 954), (72, 504, 954), (54, 522, 864), (54, 522, 864), (90, 540, 864), (72, 540, 900), (72, 504, 936), (36, 486, 900), (36, 504, 936), (54, 540, 900), (72, 522, 900), (126, 486, 936), (126, 504, 936), (36, 504, 972), (0, 486, 990), (72, 558, 900), (108, 576, 864), (36, 594, 756), (36, 630, 792), (0, 612, 918), (-36, 612, 810), (-36, 630, 774)]	(9531, 12924, 10865, 11781, 12171, 10507, 4952, 6073, 4032, 8240, 5682, 6045, 4431, 6249, 9489, 8085, 11367, 20205, 14986, 9285, 15868, 14749, 12345, 2064)
 	1897012	(790, 277)	[(90, 540, 864), (72, 540, 900), (72, 504, 936), (36, 486, 900), (36, 504, 936), (54, 540, 900), (72, 522, 900), (126, 486, 936), (126, 504, 936), (36, 504, 972), (0, 486, 990), (72, 558, 900), (108, 576, 864), (36, 594, 756), (36, 630, 792), (0, 612, 918), (-36, 612, 810), (-36, 630, 774), (0, 612, 810), (18, 630, 756), (36, 594, 846), (18, 540, 792), (18, 522, 936), (18, 504, 882), (54, 540, 882)]	(9539, 12946, 10521, 10367, 12125, 10259, 4866, 5980, 4026, 8338, 5683, 6087, 4361, 6229, 9398, 7580, 11335, 20158, 14883, 9252, 15823, 14756, 12341, 2061)
a	1897621	(650, 416)	[(18, 504, 882), (54, 540, 882), (54, 558, 882), (54, 558, 936), (72, 522, 954), (54, 504, 972), (18, 522, 900), (18, 504, 900), (36, 504, 954), (54, 504, 972), (54, 522, 900), (18, 522, 864), (36, 540, 882), (18, 540, 900), (18, 522, 918), (18, 522, 954), (-36, 540, 936), (-36, 540, 918), (-54, 558, 900), (-54, 558, 864), (-54, 576, 864), (-36, 558, 882), (-54, 576, 936), (-36, 576, 900), (-72, 594, 828)]	(9547, 13233, 10955, 11809, 12227, 10413, 4852, 6023, 3981, 8145, 5593, 6001, 4374, 6190, 9083, 7808, 11344, 20203, 15130, 9346, 15992, 14898, 12357, 2064)
t	1898165	(585, 299)	[(-36, 558, 882), (-54, 576, 936), (-36, 576, 900), (-72, 594, 828), (-72, 612, 792), (-54, 612, 810), (-36, 612, 864), (0, 612, 900), (-36, 594, 882), (-36, 576, 756), (18, 540, 1062), (-54, 540, 882), (-54, 558, 792), (-18, 594, 810), (0, 576, 846), (0, 576, 936), (-36, 558, 954), (-54, 558, 918), (-54, 576, 828), (0, 594, 792), (18, 612, 882), (-36, 594, 900), (-36, 594, 828), (-18, 630, 792), (-36, 630, 846)]	(9528, 12813, 10782, 11751, 12442, 10520, 4876, 6044, 4070, 8582, 5746, 6085, 4415, 6239, 9310, 7925, 11367, 20169, 15019, 9394, 15865, 14732, 12345, 2066)
 	1898423	(808, 221)	[(0, 612, 900), (-36, 594, 882), (-36, 576, 756), (18, 540, 1062), (-54, 540, 882), (-54, 558, 792), (-18, 594, 810), (0, 576, 846), (0, 576, 936), (-36, 558, 954), (-54, 558, 918), (-54, 576, 828), (0, 594, 792), (18, 612, 882), (-36, 594, 900), (-36, 594, 828), (-18, 630, 792), (-36, 630, 846), (-54, 612, 846), (-54, 576, 792), (-18, 540, 864), (36, 540, 936), (54, 522, 918), (54, 522, 900), (18, 540, 864)]	(9525, 12874, 10531, 10486, 12213, 10310, 4839, 5935, 3947, 8349, 5666, 6053, 4340, 6203, 9016, 7644, 11356, 20131, 14939, 10135, 15816, 14742, 12352, 2070)
e	1899067	(578, 345)	[(18, 540, 864), (36, 540, 972), (36, 540, 954), (54, 558, 954), (36, 504, 900), (0, 522, 828), (36, 558, 864), (36, 558, 918), (36, 522, 954), (18, 522, 954), (18, 540, 918), (-18, 558, 846), (0, 558, 846), (0, 576, 936), (-36, 540, 954), (-36, 540, 900), (-54, 558, 882), (-54, 576, 846), (-54, 576, 846), (-72, 594, 882), (-72, 576, 828), (-72, 594, 864), (-54, 594, 900), (-36, 612, 918), (-54, 594, 846)]	(9534, 12955, 10858, 11762, 12261, 10409, 4843, 5998, 4010, 8308, 5667, 6069, 4386, 6211, 9130, 7897, 11343, 20170, 15037, 9308, 15910, 14797, 12343, 2068)
i	1899677	(588, 117)	[(-36, 612, 918), (-54, 594, 846), (-90, 648, 720), (-54, 630, 828), (-72, 612, 846), (-72, 612, 792), (-36, 630, 810), (0, 522, 918), (-36, 558, 954), (-54, 576, 882), (-18, 558, 882), (0, 576, 846), (-36, 594, 828), (0, 576, 864), (0, 576, 918), (-54, 576, 900), (-36, 558, 900), (-36, 576, 846), (0, 558, 864), (0, 576, 810), (18, 558, 936), (-36, 558, 918), (-54, 558, 828), (-54, 576, 900), (0, 576, 900)]	(9509, 12595, 10559, 11472, 12955, 11480, 5155, 6109, 4189, 8999, 5854, 6200, 4402, 6248, 8872, 7888, 11372, 20129, 15019, 9209, 15836, 14619, 12349, 2070)
g	1899987	(654, 243)	[(-54, 576, 882), (-18, 558, 882), (0, 576, 846), (-36, 594, 828), (0, 576, 864), (0, 576, 918), (-54, 576, 900), (-36, 558, 900), (-36, 576, 846), (0, 558, 864), (0, 576, 810), (18, 558, 936), (-36, 558, 918), (-54, 558, 828), (-54, 576, 900), (0, 576, 900), (36, 594, 846), (72, 594, 882), (0, 576, 900), (18, 594, 900), (0, 576, 918), (0, 576, 882), (36, 576, 846), (0, 612, 810), (-18, 594, 864)]	(9521, 12766, 10675, 11569, 12803, 11152, 5107, 6053, 4077, 8677, 5735, 6142, 4392, 6224, 8808, 7955, 11369, 20129, 15014, 9225, 15844, 14652, 12348, 2066)
h	1900233	(650, 203)	[(-36, 558, 900), (-36, 576, 846), (0, 558, 864), (0, 576, 810), (18, 558, 936), (-36, 558, 918), (-54, 558, 828), (-54, 576, 900), (0, 576, 900), (36, 594, 846), (72, 594, 882), (0, 576, 900), (18, 594, 900), (0, 576, 918), (0, 576, 882), (36, 576, 846), (0, 612, 810), (-18, 594, 864), (-18, 576, 936), (-18, 576, 900), (36, 576, 882), (-126, 558, 810), (54, 594, 918), (90, 558, 990), (36, 594, 900)]	(9512, 12745, 10645, 11513, 12636, 10934, 5038, 6013, 4023, 8569, 5699, 6096, 4371, 6220, 8907, 7930, 11366, 20113, 14953, 9215, 15803, 14639, 12343, 2069)
t	1900426	(579, 261)	[(-36, 558, 918), (-54, 558, 828), (-54, 576, 900), (0, 576, 900), (36, 594, 846), (72, 594, 882), (0, 576, 900), (18, 594, 900), (0, 576, 918), (0, 576, 882), (36, 576, 846), (0, 612, 810), (-18, 594, 864), (-18, 576, 936), (-18, 576, 900), (36, 576, 882), (-126, 558, 810), (54, 594, 918), (90, 558, 990), (36, 594, 900), (-36, 594, 828), (-144, 594, 756), (18, 612, 918), (36, 612, 756), (72, 612, 900)]	(9523, 12796, 10716, 11609, 12484, 10737, 4975, 5993, 3980, 8345, 5669, 6066, 4379, 6210, 8838, 7979, 11355, 20102, 14929, 9221, 15791, 14632, 12342, 2061)
 	1900621	(799, 250)	[(72, 594, 882), (0, 576, 900), (18, 594, 900), (0, 576, 918), (0, 576, 882), (36, 576, 846), (0, 612, 810), (-18, 594, 864), (-18, 576, 936), (-18, 576, 900), (36, 576, 882), (-126, 558, 810), (54, 594, 918), (90, 558, 990), (36, 594, 900), (-36, 594, 828), (-144, 594, 756), (18, 612, 918), (36, 612, 756), (72, 612, 900), (36, 576, 954), (-72, 540, 774), (0, 558, 864), (18, 504, 990), (36, 558, 990)]	(9525, 12854, 10480, 10484, 12428, 10477, 4906, 5967, 3955, 8486, 5717, 6095, 4363, 6221, 9054, 7627, 11351, 20141, 14962, 9207, 15840, 14754, 12346, 2065)
t	1901384	(583, 263)	[(-36, 540, 900), (36, 558, 882), (36, 540, 918), (18, 540, 936), (0, 558, 918), (0, 558, 864), (0, 558, 846), (18, 558, 900), (18, 576, 882), (0, 576, 900), (-36, 540, 900), (-36, 576, 846), (-36, 594, 828), (-54, 576, 882), (-36, 594, 918), (-36, 612, 900), (-54, 576, 882), (-36, 576, 882), (-36, 594, 864), (-36, 594, 846), (-54, 594, 864), (-72, 594, 864), (-54, 576, 882), (-72, 594, 846), (-72, 612, 828)]	(9538, 12949, 10832, 11782, 12380, 10597, 4969, 6022, 4022, 8423, 5698, 6092, 4398, 6237, 9165, 7923, 11369, 20164, 14959, 9249, 15840, 14715, 12345, 2066)
h	1901626	(666, 210)	[(18, 558, 900), (18, 576, 882), (0, 576, 900), (-36, 540, 900), (-36, 576, 846), (-36, 594, 828), (-54, 576, 882), (-36, 594, 918), (-36, 612, 900), (-54, 576, 882), (-36, 576, 882), (-36, 594, 864), (-36, 594, 846), (-54, 594, 864), (-72, 594, 864), (-54, 576, 882), (-72, 594, 846), (-72, 612, 828), (-36, 612, 846), (-36, 612, 738), (-54, 594, 738), (-108, 540, 792), (36, 558, 954), (18, 558, 954), (18, 576, 918)]	(9530, 12902, 10740, 11565, 12444, 10667, 5000, 6053, 4043, 8581, 5685, 6088, 4397, 6242, 9149, 7902, 11377, 20147, 14953, 9251, 15823, 14717, 12351, 2072)
r	1901873	(591, 293)	[(-36, 594, 918), (-36, 612, 900), (-54, 576, 882), (-36, 576, 882), (-36, 594, 864), (-36, 594, 846), (-54, 594, 864), (-72, 594, 864), (-54, 576, 882), (-72, 594, 846), (-72, 612, 828), (-36, 612, 846), (-36, 612, 738), (-54, 594, 738), (-108, 540, 792), (36, 558, 954), (18, 558, 954), (18, 576, 918), (18, 594, 864), (0, 594, 846), (-54, 576, 810), (-54, 576, 918), (-72, 630, 810), (-54, 594, 864), (0, 630, 864)]	(9548, 12985, 10875, 11864, 12459, 10702, 5000, 6046, 4047, 8488, 5752, 6094, 4391, 6245, 9266, 8035, 11379, 20189, 15020, 9292, 15875, 14760, 12348, 2064)
e	1902133	(584, 353)	[(-72, 594, 864), (-54, 576, 882), (-72, 594, 846), (-72, 612, 828), (-36, 612, 846), (-36, 612, 738), (-54, 594, 738), (-108, 540, 792), (36, 558, 954), (18, 558, 954), (18, 576, 918), (18, 594, 864), (0, 594, 846), (-54, 576, 810), (-54, 576, 918), (-72, 630, 810), (-54, 594, 864), (0, 630, 864), (0, 630, 864), (18, 612, 882), (-36, 612, 810), (-72, 612, 792), (-72, 630, 810), (-54, 630, 846), (18, 630, 918)]	(9531, 13039, 10921, 11914, 12344, 10655, 4914, 6034, 4015, 8282, 5649, 6066, 4395, 6215, 9056, 7988, 11343, 20159, 15000, 9299, 15863, 14729, 12342, 2060)
e	1902326	(584, 350)	[(-36, 612, 846), (-36, 612, 738), (-54, 594, 738), (-108, 540, 792), (36, 558, 954), (18, 558, 954), (18, 576, 918), (18, 594, 864), (0, 594, 846), (-54, 576, 810), (-54, 576, 918), (-72, 630, 810), (-54, 594, 864), (0, 630, 864), (0, 630, 864), (18, 612, 882), (-36, 612, 810), (-72, 612, 792), (-72, 630, 810), (-54, 630, 846), (18, 630, 918), (-108, 612, 702), (-18, 648, 864), (18, 630, 846), (18, 648, 846)]	(9532, 13022, 10890, 11829, 12319, 10602, 4939, 6017, 3975, 8189, 5620, 6066, 4375, 6202, 8935, 7954, 11347, 20131, 14986, 9283, 15850, 14724, 12350, 2061)
 	1902569	(801, 235)	[(18, 576, 918), (18, 594, 864), (0, 594, 846), (-54, 576, 810), (-54, 576, 918), (-72, 630, 810), (-54, 594, 864), (0, 630, 864), (0, 630, 864), (18, 612, 882), (-36, 612, 810), (-72, 612, 792), (-72, 630, 810), (-54, 630, 846), (18, 630, 918), (-108, 612, 702), (-18, 648, 864), (18, 630, 846), (18, 648, 846), (-54, 558, 882), (-72, 540, 900), (36, 540, 954), (54, 540, 864), (36, 558, 810), (36, 558, 936)]	(9528, 12836, 10304, 10306, 12268, 10394, 4908, 5911, 3952, 8316, 5623, 6028, 4334, 6184, 8792, 7609, 11335, 20095, 14907, 9214, 15801, 14735, 12342, 2055)
t	1903334	(598, 267)	[(18, 522, 936), (-36, 504, 954), (0, 540, 882), (18, 522, 972), (18, 540, 882), (18, 558, 810), (18, 576, 846), (-36, 558, 882), (-36, 594, 954), (-72, 558, 918), (-72, 558, 900), (-36, 576, 846), (-18, 612, 810), (0, 612, 810), (-36, 594, 864), (-36, 558, 900), (-54, 576, 900), (-54, 594, 828), (-54, 594, 828), (-18, 612, 828), (-18, 612, 900), (-54, 612, 882), (-36, 594, 900), (-18, 594, 846), (-54, 594, 792)]	(9544, 12904, 10812, 11766, 12319, 10595, 4962, 5989, 4042, 8319, 5671, 6075, 4394, 6224, 9084, 7930, 11362, 20160, 14970, 9255, 15850, 14760, 12356, 2063)
w	1903574	(580, 365)	[(18, 576, 846), (-36, 558, 882), (-36, 594, 954), (-72, 558, 918), (-72, 558, 900), (-36, 576, 846), (-18, 612, 810), (0, 612, 810), (-36, 594, 864), (-36, 558, 900), (-54, 576, 900), (-54, 594, 828), (-54, 594, 828), (-18, 612, 828), (-18, 612, 900), (-54, 612, 882), (-36, 594, 900), (-18, 594, 846), (-54, 594, 792), (-72, 612, 828), (-54, 594, 918), (-36, 594, 918), (-36, 612, 900), (-54, 630, 792), (-90, 630, 720)]	(9533, 12911, 10808, 11747, 12361, 10594, 4930, 5985, 3960, 8284, 5643, 6048, 4387, 6198, 8931, 7963, 11353, 20163, 15064, 9301, 15915, 14753, 12347, 2065)
o	1904034	(604, 92)	[(-36, 594, 900), (-18, 594, 846), (-54, 594, 792), (-72, 612, 828), (-54, 594, 918), (-36, 594, 918), (-36, 612, 900), (-54, 630, 792), (-90, 630, 720), (-54, 666, 684), (-54, 630, 936), (0, 612, 972), (-36, 630, 828), (-36, 648, 738), (0, 594, 936), (-18, 558, 882), (0, 558, 828), (18, 558, 846), (36, 558, 972), (-36, 522, 1008), (-36, 540, 864), (-36, 540, 810), (-36, 558, 828), (-36, 558, 828), (-54, 558, 918)]	(9505, 12826, 10613, 11315, 12670, 11070, 5116, 6051, 4001, 8601, 5691, 6080, 4390, 6229, 8823, 8011, 11397, 20122, 14996, 9244, 15818, 14656, 12363, 2062)
 	1904331	(793, 210)	[(-54, 666, 684), (-54, 630, 936), (0, 612, 972), (-36, 630, 828), (-36, 648, 738), (0, 594, 936), (-18, 558, 882), (0, 558, 828), (18, 558, 846), (36, 558, 972), (-36, 522, 1008), (-36, 540, 864), (-36, 540, 810), (-36, 558, 828), (-36, 558, 828), (-54, 558, 918), (18, 522, 1062), (18, 540, 972), (54, 558, 846), (72, 558, 792), (36, 576, 846), (-72, 504, 936), (36, 558, 810), (54, 558, 864), (0, 540, 990)]	(9509, 12785, 10458, 10576, 12465, 10623, 4992, 5920, 3961, 8412, 5633, 6034, 4352, 6200, 8730, 7794, 11369, 20100, 14936, 9219, 15797, 14682, 12364, 2063)
e	1905194	(579, 351)	[(0, 522, 882), (0, 540, 900), (18, 540, 900), (18, 540, 918), (36, 540, 900), (18, 558, 882), (0, 540, 936), (-36, 540, 936), (-36, 540, 882), (-36, 540, 900), (-18, 558, 900), (-36, 576, 882), (-36, 576, 882), (-36, 576, 900), (0, 576, 864), (-18, 594, 864), (-36, 576, 882), (-72, 594, 882), (-72, 612, 846), (-72, 594, 846), (-72, 612, 882), (-90, 594, 828), (-54, 612, 846), (-54, 612, 864), (-90, 612, 828)]	(9524, 12933, 10822, 11775, 12253, 10472, 4880, 5983, 3996, 8240, 5643, 5992, 4370, 6205, 9075, 7900, 11346, 20154, 15013, 9284, 15878, 14769, 12350, 2066)
i	1905659	(599, 139)	[(-36, 576, 882), (-72, 594, 882), (-72, 612, 846), (-72, 594, 846), (-72, 612, 882), (-90, 594, 828), (-54, 612, 846), (-54, 612, 864), (-90, 612, 828), (-72, 630, 792), (-72, 612, 828), (-90, 612, 774), (-90, 594, 792), (0, 594, 972), (0, 558, 936), (-72, 558, 864), (-18, 558, 918), (0, 576, 900), (-36, 558, 882), (-36, 540, 864), (-54, 540, 900), (-54, 558, 918), (-54, 558, 918), (-36, 558, 918), (-18, 558, 864)]	(9501, 12622, 10538, 11394, 12612, 10943, 5066, 6033, 4052, 8629, 5731, 6103, 4410, 6247, 8914, 8173, 11398, 20092, 14918, 9215, 15747, 14503, 12339, 2054)
g	1905957	(665, 235)	[(-72, 612, 828), (-90, 612, 774), (-90, 594, 792), (0, 594, 972), (0, 558, 936), (-72, 558, 864), (-18, 558, 918), (0, 576, 900), (-36, 558, 882), (-36, 540, 864), (-54, 540, 900), (-54, 558, 918), (-54, 558, 918), (-36, 558, 918), (-18, 558, 864), (-36, 594, 792), (0, 576, 828), (0, 576, 900), (18, 558, 936), (-54, 558, 918), (-36, 558, 882), (-54, 558, 918), (18, 558, 936), (-54, 594, 846), (0, 594, 828)]	(9526, 12785, 10645, 11535, 12571, 10914, 5079, 6053, 4017, 8533, 5699, 6092, 4409, 6225, 8841, 8243, 11402, 20114, 14968, 9235, 15786, 14595, 12352, 2061)
h	1906255	(654, 202)	[(-36, 540, 864), (-54, 540, 900), (-54, 558, 918), (-54, 558, 918), (-36, 558, 918), (-18, 558, 864), (-36, 594, 792), (0, 576, 828), (0, 576, 900), (18, 558, 936), (-54, 558, 918), (-36, 558, 882), (-54, 558, 918), (18, 558, 936), (-54, 594, 846), (0, 594, 828), (-36, 576, 918), (-36, 576, 882), (-18, 576, 864), (36, 576, 864), (18, 558, 972), (-54, 576, 864), (18, 594, 918), (-36, 576, 846), (-72, 576, 846)]	(9516, 12710, 10630, 11568, 12545, 10909, 5051, 6008, 4030, 8534, 5725, 6090, 4412, 6230, 8963, 8188, 11382, 20108, 14940, 9222, 15770, 14586, 12339, 2062)
t	1906448	(581, 277)	[(-36, 558, 918), (-18, 558, 864), (-36, 594, 792), (0, 576, 828), (0, 576, 900), (18, 558, 936), (-54, 558, 918), (-36, 558, 882), (-54, 558, 918), (18, 558, 936), (-54, 594, 846), (0, 594, 828), (-36, 576, 918), (-36, 576, 882), (-18, 576, 864), (36, 576, 864), (18, 558, 972), (-54, 576, 864), (18, 594, 918), (-36, 576, 846), (-72, 576, 846), (-54, 558, 972), (72, 648, 720), (90, 594, 936), (-18, 576, 990)]	(9516, 12795, 10654, 11517, 12377, 10700, 4985, 5993, 3983, 8320, 5651, 6040, 4395, 6226, 8920, 8087, 11388, 20095, 14918, 9211, 15760, 14607, 12346, 2063)
 	1906638	(789, 235)	[(0, 576, 900), (18, 558, 936), (-54, 558, 918), (-36, 558, 882), (-54, 558, 918), (18, 558, 936), (-54, 594, 846), (0, 594, 828), (-36, 576, 918), (-36, 576, 882), (-18, 576, 864), (36, 576, 864), (18, 558, 972), (-54, 576, 864), (18, 594, 918), (-36, 576, 846), (-72, 576, 846), (-54, 558, 972), (72, 648, 720), (90, 594, 936), (-18, 576, 990), (-72, 558, 810), (18, 540, 846), (54, 558, 810), (54, 612, 846)]	(9523, 12836, 10499, 10690, 12529, 10628, 4969, 5944, 4000, 8522, 5674, 6068, 4367, 6210, 8917, 7789, 11384, 20126, 14950, 9214, 15810, 14698, 12356, 2070)
s	1907421	(639, 373)	[(18, 558, 864), (18, 558, 846), (18, 558, 900), (-36, 540, 936), (-54, 540, 900), (-36, 540, 882), (0, 558, 864), (0, 558, 882), (0, 558, 900), (18, 558, 936), (0, 558, 936), (0, 558, 864), (-18, 558, 882), (18, 540, 918), (-54, 558, 882), (-54, 576, 864), (-54, 576, 882), (-72, 576, 900), (-72, 576, 900), (-72, 558, 900), (-36, 576, 882), (-54, 576, 864), (-54, 594, 846), (-72, 594, 864), (-36, 612, 810)]	(9546, 13154, 10828, 11692, 12493, 10672, 4970, 6003, 3991, 8398, 5628, 6045, 4394, 6217, 9020, 7870, 11373, 20176, 15042, 9252, 15883, 14780, 12352, 2072)
i	1908437	(588, 124)	[(18, 558, 918), (0, 540, 900), (-36, 558, 882), (-18, 558, 864), (18, 558, 918), (0, 540, 972), (-36, 540, 882), (-36, 558, 882), (18, 558, 900), (0, 558, 864), (-36, 558, 828), (-54, 540, 882), (-36, 558, 936), (-36, 540, 900), (-36, 558, 864), (0, 558, 900), (-18, 558, 900), (-36, 558, 900), (-36, 540, 882), (0, 558, 900), (0, 558, 882), (-36, 576, 882), (0, 558, 900), (-72, 558, 882), (-72, 540, 900)]	(9518, 12789, 10641, 11508, 12709, 10944, 5066, 6068, 4068, 8760, 5739, 6125, 4408, 6242, 9029, 7890, 11403, 20138, 14977, 9373, 15820, 14688, 12354, 2061)
x	1909873	(739, 334)	[(0, 540, 936), (-54, 540, 900), (-54, 576, 882), (-36, 576, 882), (-18, 594, 864), (36, 594, 882), (18, 576, 882), (-36, 576, 882), (-72, 558, 882), (-72, 558, 900), (-54, 558, 900), (-36, 576, 864), (0, 576, 864), (-36, 576, 882), (-54, 558, 864), (-54, 558, 864), (-36, 576, 936), (-54, 540, 954), (-54, 558, 900), (-54, 576, 810), (-54, 576, 882), (-54, 594, 864), (-36, 540, 936), (0, 558, 882), (-72, 576, 846)]	(9535, 13010, 10575, 10838, 12542, 10629, 4945, 5903, 3969, 8440, 5612, 6035, 4361, 6195, 8817, 7710, 11368, 20135, 14992, 9343, 15821, 14743, 12347, 2058)
 	1910183	(808, 256)	[(-54, 558, 900), (-36, 576, 864), (0, 576, 864), (-36, 576, 882), (-54, 558, 864), (-54, 558, 864), (-36, 576, 936), (-54, 540, 954), (-54, 558, 900), (-54, 576, 810), (-54, 576, 882), (-54, 594, 864), (-36, 540, 936), (0, 558, 882), (-72, 576, 846), (-72, 558, 882), (-54, 576, 882), (-36, 576, 828), (-54, 576, 828), (-54, 576, 882), (18, 540, 936), (-72, 540, 774), (0, 540, 1026), (-54, 540, 918), (-18, 558, 828)]	(9533, 13067, 10534, 10571, 12595, 10662, 4995, 5925, 3982, 8581, 5656, 6065, 4343, 6214, 8949, 7660, 11377, 20142, 14962, 9325, 15828, 14745, 12356, 2068)
f	1910779	(669, 280)	[(-54, 540, 918), (-18, 558, 828), (18, 594, 810), (18, 576, 864), (0, 540, 918), (-36, 540, 954), (-36, 558, 846), (0, 540, 936), (-36, 558, 882), (0, 558, 882), (0, 540, 918), (0, 558, 918), (-36, 540, 882), (-54, 558, 882), (-36, 558, 918), (-72, 558, 936), (-54, 540, 900), (0, 540, 882), (-18, 576, 846), (0, 558, 918), (-36, 558, 954), (-54, 540, 936), (-54, 558, 864), (-36, 576, 792), (-36, 558, 774)]	(9515, 12839, 10585, 11258, 12606, 10691, 4946, 5942, 3988, 8574, 5673, 6081, 4362, 6206, 8941, 7683, 11373, 20134, 14947, 9369, 15822, 14729, 12348, 2070)
i	1911089	(591, 146)	[(0, 558, 882), (0, 540, 918), (0, 558, 918), (-36, 540, 882), (-54, 558, 882), (-36, 558, 918), (-72, 558, 936), (-54, 540, 900), (0, 540, 882), (-18, 576, 846), (0, 558, 918), (-36, 558, 954), (-54, 540, 936), (-54, 558, 864), (-36, 576, 792), (-36, 558, 774), (-72, 594, 810), (-18, 558, 1008), (18, 558, 954), (18, 594, 774), (36, 594, 810), (0, 576, 846), (18, 558, 774), (-54, 576, 864), (0, 558, 954)]	(9526, 12857, 10720, 11659, 12818, 11125, 5094, 6056, 4071, 8797, 5721, 6122, 4421, 6259, 9195, 7873, 11415, 20173, 14992, 9494, 15840, 14749, 12362, 2064)
v	1911430	(724, 242)	[(0, 558, 918), (-36, 558, 954), (-54, 540, 936), (-54, 558, 864), (-36, 576, 792), (-36, 558, 774), (-72, 594, 810), (-18, 558, 1008), (18, 558, 954), (18, 594, 774), (36, 594, 810), (0, 576, 846), (18, 558, 774), (-54, 576, 864), (0, 558, 954), (0, 558, 954), (18, 558, 900), (18, 576, 828), (-36, 576, 828), (-54, 558, 864), (18, 576, 900), (-18, 558, 882), (-36, 576, 882), (-36, 558, 846), (-72, 540, 882)]	(9528, 12884, 10641, 11448, 12700, 10887, 5035, 5989, 4033, 8635, 5691, 6095, 4401, 6227, 9040, 7799, 11404, 20166, 15001, 10031, 15824, 14742, 12356, 2070)
e	1911725	(588, 337)	[(18, 594, 774), (36, 594, 810), (0, 576, 846), (18, 558, 774), (-54, 576, 864), (0, 558, 954), (0, 558, 954), (18, 558, 900), (18, 576, 828), (-36, 576, 828), (-54, 558, 864), (18, 576, 900), (-18, 558, 882), (-36, 576, 882), (-36, 558, 846), (-72, 540, 882), (-72, 540, 954), (-54, 558, 936), (18, 576, 918), (36, 540, 900), (0, 594, 792), (-90, 540, 1044), (-36, 630, 756), (-36, 612, 972), (-90, 576, 1044)]	(9529, 12905, 10746, 11698, 12580, 10838, 4971, 5940, 3974, 8338, 5609, 6024, 4372, 6202, 8882, 7930, 11367, 20165, 15023, 9275, 15887, 14784, 12357, 2066)
 	1912087	(803, 217)	[(18, 576, 900), (-18, 558, 882), (-36, 576, 882), (-36, 558, 846), (-72, 540, 882), (-72, 540, 954), (-54, 558, 936), (18, 576, 918), (36, 540, 900), (0, 594, 792), (-90, 540, 1044), (-36, 630, 756), (-36, 612, 972), (-90, 576, 1044), (-54, 612, 900), (-36, 630, 756), (-54, 666, 684), (-90, 612, 846), (-72, 558, 1044), (-18, 558, 846), (-54, 468, 972), (-36, 522, 828), (18, 576, 828), (0, 540, 954), (0, 522, 972)]	(9514, 12840, 10353, 10391, 12597, 10699, 4986, 5915, 3988, 8587, 5673, 6066, 4386, 6221, 9080, 7667, 11394, 20135, 14923, 9357, 15780, 14653, 12352, 2064)
t	1913153	(576, 268)	[(-36, 522, 918), (18, 540, 900), (0, 540, 918), (-18, 558, 918), (-18, 558, 954), (-36, 540, 918), (0, 558, 882), (-36, 576, 810), (-54, 576, 810), (-54, 558, 918), (-72, 558, 936), (-72, 558, 864), (-54, 576, 882), (-54, 576, 864), (-36, 576, 864), (-36, 594, 882), (-36, 594, 864), (-54, 576, 918), (-36, 594, 882), (-54, 576, 846), (-54, 594, 828), (-54, 612, 846), (-72, 594, 882), (-72, 594, 846), (-36, 594, 846)]	(9528, 12807, 10718, 11716, 12815, 11055, 5047, 6029, 4086, 8747, 5734, 6129, 4415, 6240, 9148, 7847, 11398, 20174, 14986, 9734, 15837, 14714, 12353, 2073)
w	1913464	(584, 386)	[(-72, 558, 936), (-72, 558, 864), (-54, 576, 882), (-54, 576, 864), (-36, 576, 864), (-36, 594, 882), (-36, 594, 864), (-54, 576, 918), (-36, 594, 882), (-54, 576, 846), (-54, 594, 828), (-54, 612, 846), (-72, 594, 882), (-72, 594, 846), (-36, 594, 846), (18, 612, 882), (-54, 612, 882), (-72, 594, 846), (-108, 594, 846), (-36, 612, 900), (-72, 612, 810), (-72, 612, 846), (-54, 612, 846), (-90, 630, 810), (-72, 630, 918)]	(9526, 12887, 10770, 11738, 12670, 10978, 4996, 5964, 3991, 8396, 5638, 6045, 4403, 6205, 8866, 7931, 11372, 20190, 15054, 9705, 15895, 14725, 12357, 2062)
o	1914277	(592, 71)	[(-18, 558, 954), (-36, 558, 882), (0, 558, 882), (-18, 558, 864), (-54, 558, 846), (-36, 558, 846), (-36, 522, 900), (-36, 504, 1008), (0, 522, 990), (18, 540, 918), (18, 540, 846), (18, 558, 864), (18, 558, 882), (-36, 540, 900), (-36, 522, 918), (-54, 540, 900), (-36, 540, 882), (-36, 558, 864), (18, 540, 882), (0, 540, 918), (18, 540, 936), (0, 540, 918), (-36, 540, 864), (-54, 522, 864), (-54, 540, 900)]	(9517, 12766, 10575, 11466, 12782, 11054, 5057, 5994, 4055, 8737, 5721, 6112, 4390, 6240, 8941, 7872, 11418, 20129, 14953, 9574, 15807, 14692, 12355, 2065)
 	1914569	(791, 211)	[(18, 540, 918), (18, 540, 846), (18, 558, 864), (18, 558, 882), (-36, 540, 900), (-36, 522, 918), (-54, 540, 900), (-36, 540, 882), (-36, 558, 864), (18, 540, 882), (0, 540, 918), (18, 540, 936), (0, 540, 918), (-36, 540, 864), (-54, 522, 864), (-54, 540, 900), (-36, 540, 936), (18, 558, 918), (18, 540, 864), (18, 540, 864), (18, 522, 954), (-54, 504, 972), (54, 558, 900), (54, 558, 918), (0, 540, 954)]	(9511, 12757, 10495, 10948, 12617, 10723, 4968, 5925, 3982, 8507, 5660, 6058, 4384, 6228, 8913, 7763, 11410, 20138, 14937, 9893, 15789, 14711, 12359, 2065)
f	1915485	(673, 280)	[(0, 540, 918), (0, 558, 900), (0, 540, 900), (-36, 522, 936), (0, 540, 954), (0, 558, 900), (-18, 558, 882), (0, 540, 864), (0, 558, 828), (-36, 558, 882), (-36, 558, 918), (-54, 558, 936), (-18, 576, 882), (0, 576, 846), (-36, 576, 882), (-54, 558, 900), (-54, 558, 900), (-36, 558, 882), (-36, 576, 882), (-36, 576, 900), (0, 576, 882), (-36, 558, 864), (-36, 576, 846), (-90, 594, 864), (-72, 576, 900)]	(9534, 12960, 10697, 11569, 12713, 10869, 5022, 6006, 4039, 8650, 5684, 6100, 4403, 6244, 9175, 7812, 11423, 20183, 15000, 10196, 15833, 14750, 12353, 2075)
o	1915796	(608, 111)	[(-36, 558, 882), (-36, 558, 918), (-54, 558, 936), (-18, 576, 882), (0, 576, 846), (-36, 576, 882), (-54, 558, 900), (-54, 558, 900), (-36, 558, 882), (-36, 576, 882), (-36, 576, 900), (0, 576, 882), (-36, 558, 864), (-36, 576, 846), (-90, 594, 864), (-72, 576, 900), (0, 576, 954), (36, 594, 792), (18, 612, 774), (-18, 522, 954), (-36, 540, 918), (-36, 540, 900), (0, 540, 936), (-36, 540, 936), (-72, 522, 828)]	(9512, 12723, 10590, 11498, 12664, 10889, 5033, 5983, 4039, 8654, 5705, 6090, 4391, 6249, 9137, 7810, 11429, 20171, 14971, 10000, 15808, 14720, 12355, 2062)
u	1916089	(591, 165)	[(-36, 576, 882), (-36, 576, 900), (0, 576, 882), (-36, 558, 864), (-36, 576, 846), (-90, 594, 864), (-72, 576, 900), (0, 576, 954), (36, 594, 792), (18, 612, 774), (-18, 522, 954), (-36, 540, 918), (-36, 540, 900), (0, 540, 936), (-36, 540, 936), (-72, 522, 828), (-72, 558, 864), (-36, 558, 918), (36, 558, 918), (18, 558, 864), (-36, 558, 900), (-54, 540, 864), (-36, 558, 882), (-72, 540, 900), (-36, 558, 882)]	(9509, 12783, 10674, 11601, 12637, 10907, 5056, 6014, 4059, 8720, 5719, 6099, 4415, 6268, 9326, 7836, 11434, 20189, 14973, 10174, 15808, 14719, 12355, 2065)
r	1916436	(566, 292)	[(-18, 522, 954), (-36, 540, 918), (-36, 540, 900), (0, 540, 936), (-36, 540, 936), (-72, 522, 828), (-72, 558, 864), (-36, 558, 918), (36, 558, 918), (18, 558, 864), (-36, 558, 900), (-54, 540, 864), (-36, 558, 882), (-72, 540, 900), (-36, 558, 882), (-18, 594, 828), (18, 576, 882), (-36, 540, 918), (-36, 576, 882), (-36, 576, 936), (-36, 558, 846), (0, 594, 846), (-54, 594, 810), (-108, 594, 828), (-36, 594, 864)]	(9535, 12927, 10799, 11750, 12535, 10836, 5043, 5999, 4005, 8467, 5628, 6050, 4411, 6238, 9245, 7874, 11433, 20230, 15043, 10720, 15842, 14760, 12359, 2058)
 	1916697	(790, 242)	[(36, 558, 918), (18, 558, 864), (-36, 558, 900), (-54, 540, 864), (-36, 558, 882), (-72, 540, 900), (-36, 558, 882), (-18, 594, 828), (18, 576, 882), (-36, 540, 918), (-36, 576, 882), (-36, 576, 936), (-36, 558, 846), (0, 594, 846), (-54, 594, 810), (-108, 594, 828), (-36, 594, 864), (18, 594, 972), (18, 576, 810), (0, 594, 900), (0, 522, 936), (-72, 558, 810), (-36, 540, 900), (-36, 540, 918), (0, 558, 918)]	(9527, 12909, 10496, 10630, 12476, 10575, 4929, 5885, 3955, 8439, 5638, 6035, 4365, 6226, 9024, 7678, 11409, 20163, 14961, 10484, 15789, 14737, 12357, 2071)
f	1917145	(661, 288)	[(-36, 594, 864), (18, 594, 972), (18, 576, 810), (0, 594, 900), (0, 522, 936), (-72, 558, 810), (-36, 540, 900), (-36, 540, 918), (0, 558, 918), (18, 558, 864), (72, 594, 900), (54, 558, 936), (-72, 540, 846), (-18, 540, 936), (18, 540, 954), (36, 558, 882), (18, 558, 846), (0, 576, 864), (-36, 558, 936), (-54, 540, 918), (-36, 540, 882), (-72, 558, 828), (-54, 576, 828), (-54, 558, 882), (-54, 576, 864)]	(9510, 12888, 10617, 11402, 12527, 10677, 4951, 5920, 3979, 8469, 5633, 6045, 4362, 6226, 9087, 7710, 11410, 20179, 14980, 10487, 15810, 14734, 12357, 2062)
o	1917489	(619, 120)	[(54, 558, 936), (-72, 540, 846), (-18, 540, 936), (18, 540, 954), (36, 558, 882), (18, 558, 846), (0, 576, 864), (-36, 558, 936), (-54, 540, 918), (-36, 540, 882), (-72, 558, 828), (-54, 576, 828), (-54, 558, 882), (-54, 576, 864), (36, 576, 954), (54, 594, 918), (36, 594, 774), (36, 612, 738), (18, 558, 882), (-90, 522, 882), (-18, 540, 936), (0, 522, 990), (-36, 540, 882), (-18, 576, 828), (18, 594, 828)]	(9528, 12873, 10690, 11583, 12554, 10827, 5050, 6002, 4027, 8650, 5701, 6085, 4397, 6266, 9396, 7792, 11431, 20183, 14958, 9700, 15810, 14740, 12363, 2054)
u	1917748	(606, 187)	[(-36, 558, 936), (-54, 540, 918), (-36, 540, 882), (-72, 558, 828), (-54, 576, 828), (-54, 558, 882), (-54, 576, 864), (36, 576, 954), (54, 594, 918), (36, 594, 774), (36, 612, 738), (18, 558, 882), (-90, 522, 882), (-18, 540, 936), (0, 522, 990), (-36, 540, 882), (-18, 576, 828), (18, 594, 828), (0, 558, 936), (-36, 540, 936), (0, 540, 918), (-18, 558, 972), (0, 558, 900), (-54, 558, 810), (-36, 576, 864)]	(9507, 12764, 10627, 11523, 12520, 10765, 5008, 5977, 4022, 8596, 5692, 6084, 4402, 6250, 9345, 7772, 11425, 20173, 14943, 9879, 15796, 14734, 12357, 2050)
r	1918040	(582, 295)	[(54, 594, 918), (36, 594, 774), (36, 612, 738), (18, 558, 882), (-90, 522, 882), (-18, 540, 936), (0, 522, 990), (-36, 540, 882), (-18, 576, 828), (18, 594, 828), (0, 558, 936), (-36, 540, 936), (0, 540, 918), (-18, 558, 972), (0, 558, 900), (-54, 558, 810), (-36, 576, 864), (36, 558, 936), (18, 558, 918), (18, 558, 918), (-36, 558, 900), (-36, 558, 900), (-36, 558, 864), (-36, 594, 846), (0, 594, 900)]	(9532, 12996, 10855, 11825, 12595, 10926, 5045, 6017, 4015, 8540, 5657, 6074, 4391, 6245, 9311, 7883, 11410, 20201, 15027, 9313, 15885, 14813, 12356, 2063)
 	1918385	(811, 221)	[(0, 558, 936), (-36, 540, 936), (0, 540, 918), (-18, 558, 972), (0, 558, 900), (-54, 558, 810), (-36, 576, 864), (36, 558, 936), (18, 558, 918), (18, 558, 918), (-36, 558, 900), (-36, 558, 900), (-36, 558, 864), (-36, 594, 846), (0, 594, 900), (36, 612, 918), (54, 612, 864), (18, 612, 864), (0, 594, 846), (-54, 594, 810), (36, 576, 810), (36, 558, 882), (18, 558, 936), (-18, 540, 954), (18, 522, 900)]	(9535, 12981, 10562, 10763, 12520, 10608, 4958, 5931, 3975, 8477, 5600, 6071, 4368, 6217, 8983, 7647, 11435, 20189, 15020, 11009, 15799, 14773, 12360, 2057)
f	1920337	(652, 286)	[(-18, 540, 900), (-36, 558, 882), (-36, 540, 918), (0, 558, 882), (-36, 558, 900), (-36, 558, 882), (-36, 558, 918), (0, 558, 882), (-36, 558, 882), (0, 558, 900), (-54, 558, 882), (0, 558, 900), (-36, 558, 900), (-36, 540, 900), (-36, 558, 900), (-36, 558, 900), (-36, 540, 882), (-36, 558, 900), (-36, 558, 882), (-36, 558, 900), (-36, 558, 936), (-36, 558, 864), (-54, 576, 792), (-54, 594, 828), (-36, 576, 936)]	(9536, 13054, 10787, 11721, 12535, 10712, 4960, 5955, 3951, 8418, 5623, 6042, 4398, 6230, 9151, 7730, 11407, 20176, 15036, 9426, 15862, 14827, 12356, 2070)
i	1920600	(580, 135)	[(0, 558, 882), (-36, 558, 882), (0, 558, 900), (-54, 558, 882), (0, 558, 900), (-36, 558, 900), (-36, 540, 900), (-36, 558, 900), (-36, 558, 900), (-36, 540, 882), (-36, 558, 900), (-36, 558, 882), (-36, 558, 900), (-36, 558, 936), (-36, 558, 864), (-54, 576, 792), (-54, 594, 828), (-36, 576, 936), (0, 594, 990), (18, 594, 828), (36, 612, 774), (-90, 522, 954), (-72, 576, 828), (0, 558, 882), (-54, 558, 918)]	(9520, 12782, 10654, 11556, 12659, 10792, 5000, 5908, 4042, 8622, 5686, 6110, 4397, 6250, 9191, 7706, 11413, 20166, 14995, 9712, 15831, 14776, 12357, 2069)
v	1920946	(739, 259)	[(-36, 558, 882), (-36, 558, 900), (-36, 558, 936), (-36, 558, 864), (-54, 576, 792), (-54, 594, 828), (-36, 576, 936), (0, 594, 990), (18, 594, 828), (36, 612, 774), (-90, 522, 954), (-72, 576, 828), (0, 558, 882), (-54, 558, 918), (-54, 558, 918), (-36, 594, 846), (18, 594, 846), (18, 576, 864), (-36, 558, 918), (-54, 540, 936), (36, 576, 846), (36, 576, 918), (18, 576, 918), (-36, 576, 900), (-72, 540, 918)]	(9523, 12875, 10620, 11363, 12607, 10724, 4972, 5941, 3982, 8568, 5659, 6080, 4385, 6238, 9166, 7650, 11430, 20202, 15039, 10498, 15826, 14791, 12357, 2066)
e	1921292	(616, 354)	[(-72, 576, 828), (0, 558, 882), (-54, 558, 918), (-54, 558, 918), (-36, 594, 846), (18, 594, 846), (18, 576, 864), (-36, 558, 918), (-54, 540, 936), (36, 576, 846), (36, 576, 918), (18, 576, 918), (-36, 576, 900), (-72, 540, 918), (-72, 594, 792), (-54, 558, 900), (-36, 540, 936), (-72, 558, 918), (-18, 576, 918), (-72, 558, 936), (-36, 612, 792), (-36, 612, 756), (-72, 612, 936), (-126, 612, 954), (-90, 612, 882)]	(9532, 12990, 10764, 11714, 12557, 10766, 4937, 5917, 3965, 8345, 5601, 6032, 4389, 6223, 9013, 7753, 11378, 20184, 15083, 9268, 15907, 14842, 12351, 2060)
w	1923255	(576, 392)	[(-36, 576, 882), (-72, 576, 882), (-36, 558, 918), (0, 576, 864), (-36, 576, 864), (-54, 594, 882), (-54, 558, 900), (-36, 576, 882), (-54, 576, 882), (-36, 576, 900), (-36, 576, 882), (-54, 576, 882), (-72, 576, 882), (-72, 594, 882), (-72, 594, 846), (-54, 630, 846), (-72, 612, 846), (-90, 594, 846), (-72, 612, 882), (-72, 612, 882), (-72, 630, 792), (-72, 630, 828), (-90, 630, 864), (-108, 630, 864), (-126, 648, 828)]	(9555, 13152, 10991, 12044, 12692, 10837, 4968, 5987, 4033, 8520, 5646, 6072, 4413, 6225, 9221, 7756, 11418, 20286, 15262, 12094, 15974, 14829, 12352, 2065)
e	1923545	(584, 348)	[(-36, 576, 900), (-36, 576, 882), (-54, 576, 882), (-72, 576, 882), (-72, 594, 882), (-72, 594, 846), (-54, 630, 846), (-72, 612, 846), (-90, 594, 846), (-72, 612, 882), (-72, 612, 882), (-72, 630, 792), (-72, 630, 828), (-90, 630, 864), (-108, 630, 864), (-126, 648, 828), (-108, 648, 792), (-54, 666, 738), (-54, 684, 738), (-54, 648, 864), (18, 630, 900), (-162, 630, 684), (0, 666, 720), (-36, 612, 756), (-36, 576, 846)]	(9533, 12987, 10822, 11765, 12548, 10644, 4893, 5924, 3973, 8335, 5615, 6039, 4355, 6200, 8861, 7734, 11368, 20117, 14970, 9298, 15833, 14720, 12347, 2061)
 	1923735	(783, 260)	[(-72, 594, 882), (-72, 594, 846), (-54, 630, 846), (-72, 612, 846), (-90, 594, 846), (-72, 612, 882), (-72, 612, 882), (-72, 630, 792), (-72, 630, 828), (-90, 630, 864), (-108, 630, 864), (-126, 648, 828), (-108, 648, 792), (-54, 666, 738), (-54, 684, 738), (-54, 648, 864), (18, 630, 900), (-162, 630, 684), (0, 666, 720), (-36, 612, 756), (-36, 576, 846), (36, 522, 900), (-90, 486, 1062), (-90, 486, 1008), (-54, 504, 864)]	(9548, 13182, 10507, 10458, 12430, 10450, 4914, 5896, 3985, 8545, 5589, 6027, 4382, 6242, 9260, 7528, 11404, 20175, 14985, 9310, 15844, 14852, 12357, 2070)
c	1924243	(732, 300)	[(0, 666, 720), (-36, 612, 756), (-36, 576, 846), (36, 522, 900), (-90, 486, 1062), (-90, 486, 1008), (-54, 504, 864), (18, 540, 792), (54, 540, 846), (-54, 486, 900), (0, 504, 918), (18, 504, 936), (-18, 486, 954), (18, 486, 954), (18, 522, 918), (0, 504, 936), (0, 522, 900), (-36, 504, 900), (0, 504, 936), (-36, 522, 936), (18, 522, 900), (0, 522, 954), (-54, 522, 918), (-54, 522, 846), (0, 576, 828)]	(9513, 12996, 10469, 10551, 12454, 10478, 4909, 5886, 3975, 8559, 5668, 6083, 4375, 6228, 9224, 7506, 11405, 20165, 14995, 9327, 15849, 14808, 12360, 2073)
a	1924534	(655, 392)	[(-54, 486, 900), (0, 504, 918), (18, 504, 936), (-18, 486, 954), (18, 486, 954), (18, 522, 918), (0, 504, 936), (0, 522, 900), (-36, 504, 900), (0, 504, 936), (-36, 522, 936), (18, 522, 900), (0, 522, 954), (-54, 522, 918), (-54, 522, 846), (0, 576, 828), (-54, 576, 828), (-36, 558, 918), (18, 540, 936), (-36, 522, 936), (-18, 540, 918), (-54, 522, 936), (-108, 612, 774), (-18, 594, 918), (18, 630, 810)]	(9560, 13330, 10813, 11758, 12548, 10711, 4925, 5905, 3917, 8342, 5540, 6012, 4334, 6178, 8748, 7569, 11359, 20137, 15029, 9246, 15873, 14828, 12353, 2062)
n	1925045	(756, 163)	[(-36, 522, 936), (-18, 540, 918), (-54, 522, 936), (-108, 612, 774), (-18, 594, 918), (18, 630, 810), (36, 594, 684), (54, 594, 900), (90, 522, 1008), (-144, 486, 900), (0, 504, 900), (18, 504, 936), (36, 504, 954), (18, 504, 918), (36, 504, 918), (36, 504, 918), (0, 504, 918), (0, 504, 918), (18, 522, 936), (18, 504, 918), (18, 504, 900), (0, 486, 918), (18, 504, 954), (18, 486, 936), (-36, 486, 918)]	(9520, 12980, 10399, 10411, 12543, 10717, 4999, 5921, 3991, 8565, 5645, 6077, 4350, 6218, 8911, 7561, 11411, 20128, 14939, 9235, 15821, 14822, 12360, 2062)
 	1925336	(808, 190)	[(-144, 486, 900), (0, 504, 900), (18, 504, 936), (36, 504, 954), (18, 504, 918), (36, 504, 918), (36, 504, 918), (0, 504, 918), (0, 504, 918), (18, 522, 936), (18, 504, 918), (18, 504, 900), (0, 486, 918), (18, 504, 954), (18, 486, 936), (-36, 486, 918), (-36, 540, 864), (36, 504, 918), (54, 504, 918), (54, 504, 954), (36, 504, 936), (-18, 468, 882), (36, 468, 1062), (54, 486, 954), (90, 486, 900)]	(9537, 13109, 10398, 10338, 12467, 10608, 4976, 5901, 3949, 8521, 5616, 6023, 4311, 6210, 8909, 7481, 11398, 20123, 14903, 9200, 15800, 14823, 12368, 2060)
d	1925630	(669, 306)	[(0, 504, 918), (18, 522, 936), (18, 504, 918), (18, 504, 900), (0, 486, 918), (18, 504, 954), (18, 486, 936), (-36, 486, 918), (-36, 540, 864), (36, 504, 918), (54, 504, 918), (54, 504, 954), (36, 504, 936), (-18, 468, 882), (36, 468, 1062), (54, 486, 954), (90, 486, 900), (-54, 450, 1044), (18, 558, 828), (0, 522, 936), (0, 504, 990), (-18, 522, 918), (-54, 522, 846), (0, 576, 810), (-54, 558, 846)]	(9530, 13025, 10595, 11475, 12534, 10725, 4967, 5912, 3964, 8449, 5594, 6023, 4318, 6209, 8995, 7577, 11401, 20177, 15035, 9281, 15901, 14917, 12370, 2061)
i	1925940	(596, 133)	[(36, 504, 918), (54, 504, 918), (54, 504, 954), (36, 504, 936), (-18, 468, 882), (36, 468, 1062), (54, 486, 954), (90, 486, 900), (-54, 450, 1044), (18, 558, 828), (0, 522, 936), (0, 504, 990), (-18, 522, 918), (-54, 522, 846), (0, 576, 810), (-54, 558, 846), (-18, 558, 954), (0, 558, 882), (18, 576, 738), (-72, 522, 900), (-126, 504, 936), (-36, 486, 972), (36, 540, 936), (36, 558, 864), (36, 558, 792)]	(9514, 12735, 10506, 11446, 12726, 10924, 5010, 5987, 4020, 8821, 5742, 6089, 4360, 6256, 9176, 7658, 11417, 20160, 14962, 9261, 15848, 14844, 12360, 2060)
s	1926333	(635, 354)	[(-54, 522, 846), (0, 576, 810), (-54, 558, 846), (-18, 558, 954), (0, 558, 882), (18, 576, 738), (-72, 522, 900), (-126, 504, 936), (-36, 486, 972), (36, 540, 936), (36, 558, 864), (36, 558, 792), (-36, 540, 828), (-54, 540, 918), (-72, 540, 936), (-54, 540, 918), (-18, 540, 900), (-18, 540, 864), (-36, 540, 846), (-36, 540, 918), (18, 576, 972), (-72, 540, 846), (-18, 576, 882), (-90, 576, 954), (-72, 558, 882)]	(9528, 12971, 10651, 11682, 12619, 10934, 5036, 5935, 3962, 8492, 5596, 6040, 4377, 6218, 9122, 7684, 11395, 20197, 15065, 9356, 15905, 14857, 12361, 2060)
c	1926625	(728, 282)	[(36, 540, 936), (36, 558, 864), (36, 558, 792), (-36, 540, 828), (-54, 540, 918), (-72, 540, 936), (-54, 540, 918), (-18, 540, 900), (-18, 540, 864), (-36, 540, 846), (-36, 540, 918), (18, 576, 972), (-72, 540, 846), (-18, 576, 882), (-90, 576, 954), (-72, 558, 882), (-90, 594, 756), (-72, 594, 738), (-54, 594, 918), (-36, 612, 954), (-72, 594, 792), (-72, 450, 1188), (-36, 558, 774), (-54, 540, 918), (-54, 540, 900)]	(9524, 12964, 10441, 10653, 12466, 10608, 4928, 5843, 3916, 8343, 5590, 5995, 4339, 6213, 8955, 7570, 11398, 20158, 14986, 9352, 15856, 14853, 12361, 2060)
u	1927085	(616, 178)	[(-90, 594, 756), (-72, 594, 738), (-54, 594, 918), (-36, 612, 954), (-72, 594, 792), (-72, 450, 1188), (-36, 558, 774), (-54, 540, 918), (-54, 540, 900), (18, 540, 972), (18, 540, 918), (18, 576, 882), (-36, 558, 828), (0, 540, 864), (-36, 522, 954), (-54, 504, 936), (-54, 522, 900), (-36, 540, 900), (-36, 522, 882), (-54, 540, 918), (-36, 522, 900), (0, 540, 936), (-54, 522, 900), (-90, 540, 846), (-54, 540, 864)]	(9525, 12852, 10556, 11502, 12778, 11023, 5059, 5974, 4043, 8783, 5692, 6095, 4377, 6238, 9115, 7627, 11426, 20181, 15012, 9329, 15872, 14855, 12359, 2065)
s	1927897	(658, 361)	[(-18, 558, 882), (-36, 540, 900), (-54, 540, 900), (-72, 522, 900), (-90, 522, 918), (-36, 540, 882), (0, 522, 900), (18, 540, 900), (0, 540, 918), (0, 522, 972), (-18, 522, 918), (-36, 522, 882), (-36, 540, 864), (-36, 540, 900), (-54, 540, 936), (-72, 540, 918), (-36, 540, 864), (18, 540, 954), (-72, 540, 864), (0, 558, 936), (-18, 558, 918), (-36, 558, 846), (-54, 558, 864), (-72, 558, 954), (-72, 540, 1008)]	(9522, 12901, 10569, 11538, 12693, 10906, 4971, 5897, 3974, 8538, 5634, 6048, 4360, 6209, 9009, 7565, 11386, 20171, 15014, 9471, 15862, 14815, 12357, 2069)
s	1928255	(664, 356)	[(-36, 540, 864), (-36, 540, 900), (-54, 540, 936), (-72, 540, 918), (-36, 540, 864), (18, 540, 954), (-72, 540, 864), (0, 558, 936), (-18, 558, 918), (-36, 558, 846), (-54, 558, 864), (-72, 558, 954), (-72, 540, 1008), (-126, 594, 774), (-108, 576, 774), (-54, 576, 882), (18, 594, 882), (0, 576, 900), (-36, 540, 918), (-54, 540, 1026), (-90, 576, 792), (54, 594, 918), (-18, 558, 864), (-72, 558, 864), (-72, 558, 864)]	(9522, 13072, 10615, 11463, 12624, 10845, 4936, 5850, 3937, 8367, 5561, 5998, 4337, 6196, 8843, 7535, 11368, 20143, 15026, 9220, 15864, 14812, 12360, 2035)
 	1928696	(812, 203)	[(-54, 576, 882), (18, 594, 882), (0, 576, 900), (-36, 540, 918), (-54, 540, 1026), (-90, 576, 792), (54, 594, 918), (-18, 558, 864), (-72, 558, 864), (-72, 558, 864), (-54, 504, 918), (-36, 540, 900), (0, 522, 882), (-36, 504, 954), (-54, 486, 1026), (-36, 504, 900), (-36, 540, 864), (18, 522, 864), (18, 522, 936), (18, 504, 918), (18, 486, 972), (0, 504, 954), (18, 504, 900), (0, 522, 882), (18, 504, 918)]	(9518, 12825, 10124, 10236, 12605, 10704, 4985, 5888, 3975, 8614, 5657, 6049, 4348, 6217, 8965, 7443, 11385, 20116, 14922, 9178, 15794, 14765, 12354, 2066)
o	1929308	(590, 75)	[(0, 522, 882), (18, 504, 918), (-36, 504, 918), (-36, 522, 918), (18, 504, 954), (36, 486, 936), (54, 540, 864), (54, 540, 828), (-36, 504, 900), (0, 504, 882), (18, 486, 918), (36, 486, 972), (36, 486, 990), (0, 486, 918), (0, 504, 882), (0, 504, 918), (-36, 486, 936), (-54, 486, 918), (-18, 504, 900), (-36, 486, 918), (18, 504, 936), (18, 504, 936), (0, 504, 882), (18, 504, 936), (-18, 504, 918)]	(9516, 12817, 10442, 10834, 12566, 10842, 5025, 5908, 3972, 8517, 5627, 6043, 4360, 6226, 9032, 7575, 11425, 20153, 14956, 9227, 15824, 14824, 12364, 2071)
p	1929602	(583, 22)	[(0, 504, 882), (18, 486, 918), (36, 486, 972), (36, 486, 990), (0, 486, 918), (0, 504, 882), (0, 504, 918), (-36, 486, 936), (-54, 486, 918), (-18, 504, 900), (-36, 486, 918), (18, 504, 936), (18, 504, 936), (0, 504, 882), (18, 504, 936), (-18, 504, 918), (-36, 504, 918), (0, 504, 882), (36, 540, 900), (72, 522, 918), (72, 522, 900), (-72, 468, 900), (36, 540, 900), (108, 522, 936), (36, 522, 918)]	(9522, 12942, 10547, 11093, 12580, 10981, 5042, 5894, 3956, 8506, 5624, 6025, 4359, 6218, 8960, 7610, 11437, 20137, 14943, 9224, 15810, 14819, 12367, 2048)
t	1930011	(586, 274)	[(18, 504, 936), (-18, 504, 918), (-36, 504, 918), (0, 504, 882), (36, 540, 900), (72, 522, 918), (72, 522, 900), (-72, 468, 900), (36, 540, 900), (108, 522, 936), (36, 522, 918), (18, 504, 954), (-36, 486, 954), (-72, 504, 864), (36, 504, 1026), (36, 576, 864), (72, 558, 918), (36, 540, 918), (-72, 558, 900), (-90, 522, 882), (-36, 522, 882), (-36, 540, 900), (-54, 540, 882), (-54, 558, 828), (-36, 558, 864)]	(9519, 12879, 10604, 11566, 12658, 11056, 5010, 5896, 3959, 8493, 5615, 6052, 4370, 6203, 8961, 7634, 11389, 20160, 15016, 9245, 15880, 14854, 12351, 2054)
i	1930402	(591, 119)	[(-72, 504, 864), (36, 504, 1026), (36, 576, 864), (72, 558, 918), (36, 540, 918), (-72, 558, 900), (-90, 522, 882), (-36, 522, 882), (-36, 540, 900), (-54, 540, 882), (-54, 558, 828), (-36, 558, 864), (-36, 558, 882), (0, 576, 954), (18, 576, 900), (-36, 576, 828), (36, 558, 900), (-36, 522, 918), (-36, 540, 882), (36, 558, 900), (0, 558, 918), (-18, 558, 918), (-18, 540, 936), (-54, 540, 864), (-72, 540, 792)]	(9519, 12810, 10584, 11556, 12869, 11376, 5116, 5981, 4058, 8800, 5697, 6105, 4399, 6250, 9086, 7697, 11423, 20163, 15003, 9229, 15857, 14828, 12359, 2071)
o	1930698	(581, 69)	[(-54, 540, 882), (-54, 558, 828), (-36, 558, 864), (-36, 558, 882), (0, 576, 954), (18, 576, 900), (-36, 576, 828), (36, 558, 900), (-36, 522, 918), (-36, 540, 882), (36, 558, 900), (0, 558, 918), (-18, 558, 918), (-18, 540, 936), (-54, 540, 864), (-72, 540, 792), (-54, 540, 864), (0, 558, 954), (18, 558, 900), (54, 540, 846), (18, 558, 882), (-90, 522, 936), (54, 576, 864), (18, 540, 936), (-90, 504, 936)]	(9513, 12716, 10520, 11473, 12722, 11075, 5029, 5879, 4000, 8575, 5649, 6065, 4380, 6220, 8901, 7662, 11422, 20125, 14932, 9231, 15810, 14783, 12360, 2058)
n	1930888	(721, 145)	[(0, 576, 954), (18, 576, 900), (-36, 576, 828), (36, 558, 900), (-36, 522, 918), (-36, 540, 882), (36, 558, 900), (0, 558, 918), (-18, 558, 918), (-18, 540, 936), (-54, 540, 864), (-72, 540, 792), (-54, 540, 864), (0, 558, 954), (18, 558, 900), (54, 540, 846), (18, 558, 882), (-90, 522, 936), (54, 576, 864), (18, 540, 936), (-90, 504, 936), (72, 576, 810), (-18, 522, 1008), (-36, 540, 936), (36, 540, 900)]	(9524, 12906, 10564, 11269, 12640, 11010, 5052, 5920, 3958, 8452, 5603, 6034, 4337, 6210, 8747, 7695, 11427, 20131, 14974, 9242, 15836, 14833, 12372, 2056)
s	1931249	(653, 381)	[(-72, 540, 792), (-54, 540, 864), (0, 558, 954), (18, 558, 900), (54, 540, 846), (18, 558, 882), (-90, 522, 936), (54, 576, 864), (18, 540, 936), (-90, 504, 936), (72, 576, 810), (-18, 522, 1008), (-36, 540, 936), (36, 540, 900), (0, 522, 882), (-54, 522, 900), (-54, 504, 936), (-36, 540, 864), (18, 540, 990), (-18, 504, 900), (-36, 558, 828), (18, 558, 846), (-54, 558, 882), (-90, 558, 918), (-72, 540, 936)]	(9535, 13094, 10630, 11544, 12531, 10845, 4939, 5845, 3909, 8301, 5541, 5957, 4364, 6197, 8849, 7618, 11386, 20159, 15056, 9261, 15891, 14827, 12356, 2055)
 	1931540	(802, 260)	[(-90, 504, 936), (72, 576, 810), (-18, 522, 1008), (-36, 540, 936), (36, 540, 900), (0, 522, 882), (-54, 522, 900), (-54, 504, 936), (-36, 540, 864), (18, 540, 990), (-18, 504, 900), (-36, 558, 828), (18, 558, 846), (-54, 558, 882), (-90, 558, 918), (-72, 540, 936), (-54, 576, 792), (-90, 576, 792), (-72, 576, 900), (-54, 594, 882), (-72, 558, 792), (36, 558, 846), (72, 540, 810), (-36, 540, 936), (0, 432, 972)]	(9525, 12884, 10171, 10291, 12691, 10779, 4988, 5877, 3974, 8620, 5644, 6064, 4354, 6222, 9032, 7410, 11509, 20302, 15256, 17092, 15750, 14753, 12356, 2066)
e	1932306	(593, 356)	[(36, 486, 936), (36, 504, 918), (18, 486, 900), (36, 522, 900), (18, 522, 918), (18, 522, 954), (36, 486, 1008), (-18, 540, 882), (-54, 540, 792), (36, 558, 810), (54, 576, 846), (18, 576, 936), (0, 540, 954), (-36, 540, 972), (18, 540, 900), (18, 558, 846), (18, 576, 846), (0, 576, 882), (-36, 558, 918), (0, 558, 864), (0, 576, 846), (-54, 576, 828), (18, 594, 846), (0, 594, 882), (-54, 594, 882)]	(9536, 12976, 10751, 11835, 12725, 10945, 5013, 5949, 4038, 8606, 5639, 6079, 4420, 6237, 9354, 7685, 11389, 20204, 15103, 9270, 15913, 14792, 12362, 2065)
a	1932599	(664, 416)	[(36, 558, 810), (54, 576, 846), (18, 576, 936), (0, 540, 954), (-36, 540, 972), (18, 540, 900), (18, 558, 846), (18, 576, 846), (0, 576, 882), (-36, 558, 918), (0, 558, 864), (0, 576, 846), (-54, 576, 828), (18, 594, 846), (0, 594, 882), (-54, 594, 882), (-36, 594, 846), (-18, 612, 810), (-18, 612, 774), (18, 612, 756), (-54, 576, 1008), (-72, 594, 756), (72, 594, 936), (18, 594, 864), (54, 576, 774)]	(9536, 13318, 10807, 11722, 12705, 10951, 4940, 5875, 3928, 8370, 5561, 6012, 4354, 6189, 8714, 7585, 11369, 20149, 15093, 9223, 15887, 14770, 12350, 2058)
r	1932808	(586, 309)	[(18, 540, 900), (18, 558, 846), (18, 576, 846), (0, 576, 882), (-36, 558, 918), (0, 558, 864), (0, 576, 846), (-54, 576, 828), (18, 594, 846), (0, 594, 882), (-54, 594, 882), (-36, 594, 846), (-18, 612, 810), (-18, 612, 774), (18, 612, 756), (-54, 576, 1008), (-72, 594, 756), (72, 594, 936), (18, 594, 864), (54, 576, 774), (-108, 504, 954), (-72, 576, 738), (36, 594, 936), (90, 594, 882)]	(9546, 13101, 10814, 11834, 12963, 11173, 5002, 5956, 4003, 8636, 5652, 6067, 4380, 6206, 8830, 7652, 11383, 20139, 15056, 9227, 15860, 14759, 12357, 2052)
l	1933099	(676, 37)	[(18, 594, 846), (0, 594, 882), (-54, 594, 882), (-36, 594, 846), (-18, 612, 810), (-18, 612, 774), (18, 612, 756), (-54, 576, 1008), (-72, 594, 756), (72, 594, 936), (18, 594, 864), (54, 576, 774), (-108, 504, 954), (-72, 576, 738), (36, 594, 936), (90, 594, 882), (72, 594, 792), (108, 486, 936), (0, 396, 972), (72, 432, 954), (72, 468, 936), (90, 468, 918), (126, 450, 1026), (72, 432, 1026), (0, 414, 954)]	(9511, 12736, 10234, 10301, 12482, 10737, 5002, 5846, 3923, 8369, 5597, 5987, 4319, 6187, 8344, 7596, 11424, 20077, 14899, 9226, 15786, 14782, 12364, 2055)
y	1933389	(589, 197)	[(72, 594, 936), (18, 594, 864), (54, 576, 774), (-108, 504, 954), (-72, 576, 738), (36, 594, 936), (90, 594, 882), (72, 594, 792), (108, 486, 936), (0, 396, 972), (72, 432, 954), (72, 468, 936), (90, 468, 918), (126, 450, 1026), (72, 432, 1026), (0, 414, 954), (18, 468, 864), (18, 504, 882), (108, 468, 936), (90, 450, 1008), (72, 450, 990), (72, 450, 882), (54, 486, 900), (18, 486, 882), (-54, 504, 882)]	(9519, 12845, 10515, 11251, 12454, 10688, 4922, 5870, 3899, 8320, 5602, 5995, 4337, 6195, 8632, 7683, 11423, 20102, 14899, 9256, 15805, 14823, 12372, 2057)
 	1933680	(800, 186)	[(108, 486, 936), (0, 396, 972), (72, 432, 954), (72, 468, 936), (90, 468, 918), (126, 450, 1026), (72, 432, 1026), (0, 414, 954), (18, 468, 864), (18, 504, 882), (108, 468, 936), (90, 450, 1008), (72, 450, 990), (72, 450, 882), (54, 486, 900), (18, 486, 882), (-54, 504, 882), (18, 504, 864), (90, 504, 954), (90, 504, 918), (90, 504, 882), (72, 486, 990), (18, 486, 990), (18, 450, 1026), (54, 468, 954)]	(9536, 13120, 10402, 10402, 12208, 10694, 5029, 5820, 3858, 8089, 5530, 5973, 4335, 6199, 8686, 7658, 11441, 20114, 14906, 9250, 15797, 14815, 12365, 2051)
n	1933940	(734, 147)	[(0, 414, 954), (18, 468, 864), (18, 504, 882), (108, 468, 936), (90, 450, 1008), (72, 450, 990), (72, 450, 882), (54, 486, 900), (18, 486, 882), (-54, 504, 882), (18, 504, 864), (90, 504, 954), (90, 504, 918), (90, 504, 882), (72, 486, 990), (18, 486, 990), (18, 450, 1026), (54, 468, 954), (126, 468, 972), (108, 486, 918), (72, 504, 882), (36, 504, 882), (36, 504, 882), (108, 486, 972), (72, 468, 936)]	(9522, 12866, 10391, 10624, 12482, 11063, 5088, 5868, 3968, 8457, 5631, 6018, 4356, 6237, 8980, 7557, 11560, 20295, 15255, 16937, 15735, 14800, 12368, 2059)
e	1934234	(602, 346)	[(-54, 504, 882), (18, 504, 864), (90, 504, 954), (90, 504, 918), (90, 504, 882), (72, 486, 990), (18, 486, 990), (18, 450, 1026), (54, 468, 954), (126, 468, 972), (108, 486, 918), (72, 504, 882), (36, 504, 882), (36, 504, 882), (108, 486, 972), (72, 468, 936), (-54, 468, 1026), (0, 522, 900), (72, 540, 846), (54, 576, 900), (36, 576, 828), (18, 576, 810), (-18, 558, 864), (-72, 540, 918), (-126, 576, 810)]	(9510, 12633, 10395, 11665, 12814, 11919, 5130, 5920, 4102, 8596, 5712, 6140, 4420, 6246, 9152, 7773, 11395, 20193, 15051, 9271, 15882, 14786, 12357, 2065)
x	1934528	(734, 319)	[(54, 468, 954), (126, 468, 972), (108, 486, 918), (72, 504, 882), (36, 504, 882), (36, 504, 882), (108, 486, 972), (72, 468, 936), (-54, 468, 1026), (0, 522, 900), (72, 540, 846), (54, 576, 900), (36, 576, 828), (18, 576, 810), (-18, 558, 864), (-72, 540, 918), (-126, 576, 810), (-108, 558, 846), (-36, 576, 828), (36, 594, 756), (18, 558, 792), (-36, 486, 828), (36, 522, 1044), (72, 540, 918), (54, 504, 918)]	(9542, 13069, 10409, 10848, 12740, 11209, 5066, 5844, 3983, 8529, 5613, 6059, 4374, 6206, 8910, 7573, 11396, 20140, 14960, 9236, 15820, 14791, 12357, 2060)
t	1934720	(590, 269)	[(36, 504, 882), (36, 504, 882), (108, 486, 972), (72, 468, 936), (-54, 468, 1026), (0, 522, 900), (72, 540, 846), (54, 576, 900), (36, 576, 828), (18, 576, 810), (-18, 558, 864), (-72, 540, 918), (-126, 576, 810), (-108, 558, 846), (-36, 576, 828), (36, 594, 756), (18, 558, 792), (-36, 486, 828), (36, 522, 1044), (72, 540, 918), (54, 504, 918), (-54, 486, 972), (-72, 486, 936), (-36, 558, 684), (36, 558, 774)]	(9533, 12963, 10589, 11728, 12856, 11715, 5122, 5931, 4009, 8596, 5646, 6081, 4392, 6220, 8969, 7663, 11425, 20183, 15064, 9261, 15882, 14839, 12375, 2061)
 	1934960	(807, 233)	[(72, 540, 846), (54, 576, 900), (36, 576, 828), (18, 576, 810), (-18, 558, 864), (-72, 540, 918), (-126, 576, 810), (-108, 558, 846), (-36, 576, 828), (36, 594, 756), (18, 558, 792), (-36, 486, 828), (36, 522, 1044), (72, 540, 918), (54, 504, 918), (-54, 486, 972), (-72, 486, 936), (-36, 558, 684), (36, 558, 774), (36, 540, 954), (18, 522, 882), (18, 486, 900), (-90, 468, 936), (18, 450, 900), (-36, 504, 936)]	(9524, 12865, 10257, 10384, 12689, 10970, 4981, 5798, 3963, 8432, 5594, 6019, 4318, 6177, 8553, 7493, 11403, 20126, 14998, 9221, 15840, 14835, 12371, 2060)
w	1935370	(594, 378)	[(54, 504, 918), (-54, 486, 972), (-72, 486, 936), (-36, 558, 684), (36, 558, 774), (36, 540, 954), (18, 522, 882), (18, 486, 900), (-90, 468, 936), (18, 450, 900), (-36, 504, 936), (36, 486, 972), (72, 468, 936), (126, 486, 1008), (72, 504, 936), (36, 486, 900), (-36, 504, 954), (54, 540, 936), (-36, 540, 900), (-72, 522, 846), (0, 540, 864), (-36, 594, 792), (-54, 558, 846), (-90, 540, 990), (-126, 594, 828)]	(9534, 12930, 10571, 11778, 12687, 11307, 5017, 5838, 3951, 8297, 5573, 6009, 4391, 6194, 8823, 7723, 11364, 20188, 15180, 9312, 15955, 14834, 12364, 2062)
e	1935933	(586, 344)	[(0, 540, 864), (-36, 594, 792), (-54, 558, 846), (-90, 540, 990), (-126, 594, 828), (-72, 594, 864), (-36, 594, 828), (0, 594, 792), (0, 594, 864), (54, 558, 1008), (-36, 576, 900), (0, 576, 882), (-18, 576, 900), (-36, 576, 882), (-36, 576, 864), (-72, 558, 954), (-72, 576, 846), (-54, 576, 810), (-54, 576, 846), (-36, 576, 918), (-36, 558, 954), (0, 576, 900), (-36, 612, 828), (-90, 594, 810), (-72, 558, 918)]	(9527, 12794, 10586, 11817, 12852, 11538, 5033, 5912, 4034, 8529, 5659, 6080, 4413, 6225, 8982, 7771, 11396, 20193, 15178, 9292, 15928, 14800, 12358, 2065)
e	1936228	(593, 336)	[(0, 594, 864), (54, 558, 1008), (-36, 576, 900), (0, 576, 882), (-18, 576, 900), (-36, 576, 882), (-36, 576, 864), (-72, 558, 954), (-72, 576, 846), (-54, 576, 810), (-54, 576, 846), (-36, 576, 918), (-36, 558, 954), (0, 576, 900), (-36, 612, 828), (-90, 594, 810), (-72, 558, 918), (-72, 576, 900), (-18, 576, 846), (0, 594, 882), (36, 612, 882), (-54, 558, 936), (36, 612, 882), (36, 576, 774), (18, 576, 810)]	(9536, 12967, 10696, 11933, 12868, 11585, 5072, 5922, 4015, 8498, 5625, 6083, 4390, 6204, 8855, 7779, 11389, 20152, 15114, 9273, 15875, 14768, 12356, 2061)
k	1936939	(671, 87)	[(36, 450, 972), (36, 450, 990), (36, 450, 1008), (54, 450, 1008), (36, 468, 936), (36, 468, 900), (36, 486, 900), (54, 486, 918), (54, 468, 936), (18, 468, 936), (18, 468, 972), (36, 468, 936), (36, 468, 936), (54, 486, 900), (18, 486, 936), (36, 468, 972), (36, 468, 918), (36, 486, 900), (36, 486, 882), (18, 486, 954), (18, 468, 954), (18, 468, 936), (-18, 468, 954), (36, 468, 972), (36, 486, 864)]	(9517, 12713, 10172, 10487, 12830, 12018, 5202, 5889, 4019, 8591, 5669, 6078, 4330, 6202, 8259, 7622, 11565, 20281, 15346, 17109, 15766, 14780, 12379, 2060)
