Please hold the phone in your right hand and type with you right thumb
c	1894598	(742, 276)	[(72, 522, 918), (36, 504, 900), (36, 522, 936), (18, 504, 936), (54, 504, 900), (54, 540, 918), (18, 522, 936), (0, 504, 900), (0, 522, 900), (18, 522, 864), (18, 540, 864), (0, 522, 900), (18, 540, 918), (36, 522, 954), (18, 522, 864), (54, 558, 900), (18, 558, 936), (18, 522, 936), (0, 486, 864), (18, 540, 864), (18, 558, 900), (0, 540, 936), (0, 522, 918), (0, 540, 882), (-36, 540, 864)]	(9541, 12976, 10818, 10651, 11986, 10177, 4823, 6139, 4067, 8207, 5774, 6130, 4442, 6341, 10386, 7898, 11362, 20178, 14803, 9159, 15715, 14440, 12325, 2074)
a	1894956	(659, 410)	[(0, 522, 900), (18, 540, 918), (36, 522, 954), (18, 522, 864), (54, 558, 900), (18, 558, 936), (18, 522, 936), (0, 486, 864), (18, 540, 864), (18, 558, 900), (0, 540, 936), (0, 522, 918), (0, 540, 882), (-36, 540, 864), (-54, 522, 1008), (18, 540, 882), (18, 558, 828), (0, 594, 900), (-36, 576, 918), (-54, 558, 954), (-36, 576, 864), (-72, 630, 702), (-72, 612, 810), (-72, 594, 864), (-126, 594, 810)]	(9555, 13330, 11213, 11794, 12014, 10175, 4663, 6184, 4007, 8021, 5682, 6083, 4427, 6304, 10112, 7926, 11346, 20181, 14908, 9240, 15810, 14627, 12330, 2062)
l	1895457	(682, 11)	[(-36, 576, 918), (-54, 558, 954), (-36, 576, 864), (-72, 630, 702), (-72, 612, 810), (-72, 594, 864), (-126, 594, 810), (54, 540, 972), (108, 468, 900), (108, 504, 972), (90, 486, 990), (72, 468, 990), (90, 468, 972), (90, 486, 936), (72, 504, 864), (54, 504, 900), (72, 486, 936), (90, 486, 954), (72, 450, 936), (18, 486, 936), (18, 486, 918), (72, 504, 936), (108, 504, 918), (126, 522, 882), (126, 522, 918)]	(9490, 12445, 10166, 10203, 12139, 10859, 5275, 6027, 3996, 8486, 5705, 6138, 4380, 6235, 9066, 7898, 11332, 20068, 14814, 9181, 15735, 14518, 12329, 2061)
l	1895654	(669, 30)	[(-72, 594, 864), (-126, 594, 810), (54, 540, 972), (108, 468, 900), (108, 504, 972), (90, 486, 990), (72, 468, 990), (90, 468, 972), (90, 486, 936), (72, 504, 864), (54, 504, 900), (72, 486, 936), (90, 486, 954), (72, 450, 936), (18, 486, 936), (18, 486, 918), (72, 504, 936), (108, 504, 918), (126, 522, 882), (126, 522, 918), (90, 504, 954), (18, 522, 900), (108, 558, 900), (90, 522, 864), (108, 540, 864)]	(9494, 12469, 10222, 10229, 12143, 10770, 5242, 5984, 4060, 8533, 5735, 6122, 4359, 6241, 9185, 7832, 11330, 20079, 14817, 9180, 15731, 14523, 12335, 2059)
 	1896014	(804, 207)	[(90, 486, 954), (72, 450, 936), (18, 486, 936), (18, 486, 918), (72, 504, 936), (108, 504, 918), (126, 522, 882), (126, 522, 918), (90, 504, 954), (18, 522, 900), (108, 558, 900), (90, 522, 864), (108, 540, 864), (90, 522, 882), (18, 486, 954), (90, 522, 864), (108, 540, 900), (108, 540, 882), (90, 522, 918), (90, 504, 882), (108, 540, 882), (54, 468, 900), (18, 540, 936), (72, 522, 918), (54, 486, 954)]	(9513, 12828, 10381, 10267, 12142, 10558, 5096, 6093, 4027, 8491, 5690, 6132, 4378, 6242, 9421, 7765, 11351, 20118, 14836, 9187, 15746, 14585, 12346, 2066)
m	1896457	(729, 100)	[(108, 540, 900), (108, 540, 882), (90, 522, 918), (90, 504, 882), (108, 540, 882), (54, 468, 900), (18, 540, 936), (72, 522, 918), (54, 486, 954), (72, 504, 918), (90, 504, 954), (90, 504, 936), (90, 522, 954), (72, 504, 954), (54, 522, 864), (54, 522, 864), (90, 540, 864), (72, 540, 900), (72, 504, 936), (36, 486, 900), (36, 504, 936), (54, 540, 900), (72, 522, 900), (126, 486, 936), (126, 504, 936)]	(9521, 12777, 10422, 10312, 12169, 10667, 5178, 6054, 4022, 8478, 5678, 6085, 4381, 6242, 9314, 7810, 11354, 20129, 14870, 9210, 15765, 14613, 12342, 2061)
e	1896822	(582, 347)	[(90, 522, 954), (72, 504, 954), (54, 522, 864), (54, 522, 864), (90, 540, 864), (72, 540, 900), (72, 504, 936), (36, 486, 900), (36, 504, 936), (54, 540, 900), (72, 522, 900), (126, 486, 936), (126, 504, 936), (36, 504, 972), (0, 486, 990), (72, 558, 900), (108, 576, 864), (36, 594, 756), (36, 630, 792), (0, 612, 918), (-36, 612, 810), (-36, 630, 774), (0, 612, 810), (18, 630, 756), (36, 594, 846)]	(9527, 12867, 10801, 11638, 12102, 10376, 4863, 6011, 4008, 8082, 5659, 6100, 4371, 6218, 9207, 7914, 11338, 20121, 14860, 9231, 15783, 14665, 12338, 2060)
 	1897064	(790, 277)	[(72, 504, 936), (36, 486, 900), (36, 504, 936), (54, 540, 900), (72, 522, 900), (126, 486, 936), (126, 504, 936), (36, 504, 972), (0, 486, 990), (72, 558, 900), (108, 576, 864), (36, 594, 756), (36, 630, 792), (0, 612, 918), (-36, 612, 810), (-36, 630, 774), (0, 612, 810), (18, 630, 756), (36, 594, 846), (18, 540, 792), (18, 522, 936), (18, 504, 882), (54, 540, 882), (54, 558, 882), (54, 558, 936)]	(9533, 12973, 10554, 10390, 12128, 10246, 4852, 5992, 3973, 8342, 5669, 6076, 4355, 6231, 9399, 7557, 11338, 20138, 14860, 9234, 15794, 14733, 12340, 2065)
a	1897723	(650, 416)	[(54, 504, 972), (18, 522, 900), (18, 504, 900), (36, 504, 954), (54, 504, 972), (54, 522, 900), (18, 522, 864), (36, 540, 882), (18, 540, 900), (18, 522, 918), (18, 522, 954), (-36, 540, 936), (-36, 540, 918), (-54, 558, 900), (-54, 558, 864), (-54, 576, 864), (-36, 558, 882), (-54, 576, 936), (-36, 576, 900), (-72, 594, 828), (-72, 612, 792), (-54, 612, 810), (-36, 612, 864), (0, 612, 900), (-36, 594, 882)]	(9554, 13284, 11007, 11886, 12222, 10410, 4878, 6053, 3996, 8138, 5625, 6057, 4360, 6206, 9120, 7779, 11338, 20163, 15038, 9318, 15910, 14798, 12350, 2065)
t	1898217	(585, 299)	[(-36, 576, 900), (-72, 594, 828), (-72, 612, 792), (-54, 612, 810), (-36, 612, 864), (0, 612, 900), (-36, 594, 882), (-36, 576, 756), (18, 540, 1062), (-54, 540, 882), (-54, 558, 792), (-18, 594, 810), (0, 576, 846), (0, 576, 936), (-36, 558, 954), (-54, 558, 918), (-54, 576, 828), (0, 594, 792), (18, 612, 882), (-36, 594, 900), (-36, 594, 828), (-18, 630, 792), (-36, 630, 846), (-54, 612, 846), (-54, 576, 792)]	(9525, 12892, 10862, 11830, 12394, 10532, 4948, 6033, 4045, 8545, 5738, 6115, 4397, 6231, 9202, 7880, 11354, 20136, 14951, 9377, 15812, 14701, 12344, 2067)
 	1898525	(808, 221)	[(-54, 540, 882), (-54, 558, 792), (-18, 594, 810), (0, 576, 846), (0, 576, 936), (-36, 558, 954), (-54, 558, 918), (-54, 576, 828), (0, 594, 792), (18, 612, 882), (-36, 594, 900), (-36, 594, 828), (-18, 630, 792), (-36, 630, 846), (-54, 612, 846), (-54, 576, 792), (-18, 540, 864), (36, 540, 936), (54, 522, 918), (54, 522, 900), (18, 540, 864), (36, 540, 972), (36, 540, 954), (54, 558, 954), (36, 504, 900)]	(9537, 13060, 10665, 10580, 12253, 10371, 4889, 5992, 3993, 8433, 5661, 6059, 4358, 6215, 9112, 7635, 11361, 20139, 14944, 9564, 15812, 14742, 12354, 2065)
e	1899186	(578, 345)	[(0, 522, 828), (36, 558, 864), (36, 558, 918), (36, 522, 954), (18, 522, 954), (18, 540, 918), (-18, 558, 846), (0, 558, 846), (0, 576, 936), (-36, 540, 954), (-36, 540, 900), (-54, 558, 882), (-54, 576, 846), (-54, 576, 846), (-72, 594, 882), (-72, 576, 828), (-72, 594, 864), (-54, 594, 900), (-36, 612, 918), (-54, 594, 846), (-90, 648, 720), (-54, 630, 828), (-72, 612, 846), (-72, 612, 792), (-36, 630, 810)]	(9536, 13088, 10956, 11914, 12269, 10468, 4897, 6031, 4014, 8292, 5655, 6063, 4375, 6218, 9121, 7902, 11340, 20141, 14951, 9282, 15846, 14729, 12334, 2065)
i	1899728	(588, 117)	[(-90, 648, 720), (-54, 630, 828), (-72, 612, 846), (-72, 612, 792), (-36, 630, 810), (0, 522, 918), (-36, 558, 954), (-54, 576, 882), (-18, 558, 882), (0, 576, 846), (-36, 594, 828), (0, 576, 864), (0, 576, 918), (-54, 576, 900), (-36, 558, 900), (-36, 576, 846), (0, 558, 864), (0, 576, 810), (18, 558, 936), (-36, 558, 918), (-54, 558, 828), (-54, 576, 900), (0, 576, 900), (36, 594, 846), (72, 594, 882)]	(9504, 12595, 10556, 11471, 12903, 11360, 5128, 6084, 4142, 8925, 5787, 6184, 4381, 6234, 8834, 7856, 11369, 20113, 14995, 9196, 15812, 14592, 12353, 2072)
g	1900039	(654, 243)	[(0, 576, 846), (-36, 594, 828), (0, 576, 864), (0, 576, 918), (-54, 576, 900), (-36, 558, 900), (-36, 576, 846), (0, 558, 864), (0, 576, 810), (18, 558, 936), (-36, 558, 918), (-54, 558, 828), (-54, 576, 900), (0, 576, 900), (36, 594, 846), (72, 594, 882), (0, 576, 900), (18, 594, 900), (0, 576, 918), (0, 576, 882), (36, 576, 846), (0, 612, 810), (-18, 594, 864), (-18, 576, 936), (-18, 576, 900)]	(9526, 12752, 10653, 11540, 12776, 11108, 5088, 6057, 4061, 8686, 5716, 6121, 4372, 6215, 8779, 7895, 11357, 20107, 14960, 9203, 15809, 14620, 12343, 2055)
h	1900234	(650, 203)	[(-36, 558, 900), (-36, 576, 846), (0, 558, 864), (0, 576, 810), (18, 558, 936), (-36, 558, 918), (-54, 558, 828), (-54, 576, 900), (0, 576, 900), (36, 594, 846), (72, 594, 882), (0, 576, 900), (18, 594, 900), (0, 576, 918), (0, 576, 882), (36, 576, 846), (0, 612, 810), (-18, 594, 864), (-18, 576, 936), (-18, 576, 900), (36, 576, 882), (-126, 558, 810), (54, 594, 918), (90, 558, 990), (36, 594, 900)]	(9512, 12745, 10645, 11513, 12636, 10934, 5038, 6013, 4023, 8569, 5699, 6096, 4371, 6220, 8907, 7930, 11366, 20113, 14953, 9215, 15803, 14639, 12343, 2069)
t	1900427	(579, 261)	[(-36, 558, 918), (-54, 558, 828), (-54, 576, 900), (0, 576, 900), (36, 594, 846), (72, 594, 882), (0, 576, 900), (18, 594, 900), (0, 576, 918), (0, 576, 882), (36, 576, 846), (0, 612, 810), (-18, 594, 864), (-18, 576, 936), (-18, 576, 900), (36, 576, 882), (-126, 558, 810), (54, 594, 918), (90, 558, 990), (36, 594, 900), (-36, 594, 828), (-144, 594, 756), (18, 612, 918), (36, 612, 756), (72, 612, 900)]	(9523, 12796, 10716, 11609, 12484, 10737, 4975, 5993, 3980, 8345, 5669, 6066, 4379, 6210, 8838, 7979, 11355, 20102, 14929, 9221, 15791, 14632, 12342, 2061)
 	1900723	(799, 250)	[(36, 576, 846), (0, 612, 810), (-18, 594, 864), (-18, 576, 936), (-18, 576, 900), (36, 576, 882), (-126, 558, 810), (54, 594, 918), (90, 558, 990), (36, 594, 900), (-36, 594, 828), (-144, 594, 756), (18, 612, 918), (36, 612, 756), (72, 612, 900), (36, 576, 954), (-72, 540, 774), (0, 558, 864), (18, 504, 990), (36, 558, 990), (18, 540, 954), (36, 558, 864), (36, 558, 846), (36, 540, 936), (36, 540, 900)]	(9532, 12935, 10531, 10553, 12452, 10508, 4994, 5994, 4003, 8572, 5699, 6135, 4369, 6227, 9120, 7582, 11337, 20129, 14928, 9181, 15805, 14697, 12338, 2058)
t	1901435	(583, 263)	[(18, 540, 936), (0, 558, 918), (0, 558, 864), (0, 558, 846), (18, 558, 900), (18, 576, 882), (0, 576, 900), (-36, 540, 900), (-36, 576, 846), (-36, 594, 828), (-54, 576, 882), (-36, 594, 918), (-36, 612, 900), (-54, 576, 882), (-36, 576, 882), (-36, 594, 864), (-36, 594, 846), (-54, 594, 864), (-72, 594, 864), (-54, 576, 882), (-72, 594, 846), (-72, 612, 828), (-36, 612, 846), (-36, 612, 738), (-54, 594, 738)]	(9529, 12858, 10761, 11673, 12292, 10502, 4934, 6001, 3993, 8360, 5671, 6075, 4350, 6200, 8909, 7831, 11345, 20114, 14894, 9230, 15795, 14688, 12345, 2055)
h	1901677	(665, 211)	[(0, 576, 900), (-36, 540, 900), (-36, 576, 846), (-36, 594, 828), (-54, 576, 882), (-36, 594, 918), (-36, 612, 900), (-54, 576, 882), (-36, 576, 882), (-36, 594, 864), (-36, 594, 846), (-54, 594, 864), (-72, 594, 864), (-54, 576, 882), (-72, 594, 846), (-72, 612, 828), (-36, 612, 846), (-36, 612, 738), (-54, 594, 738), (-108, 540, 792), (36, 558, 954), (18, 558, 954), (18, 576, 918), (18, 594, 864), (0, 594, 846)]	(9531, 12830, 10708, 11590, 12446, 10610, 4972, 6027, 4047, 8536, 5754, 6072, 4388, 6232, 9102, 7880, 11368, 20136, 14932, 9243, 15816, 14709, 12348, 2063)
r	1901924	(591, 298)	[(-54, 576, 882), (-36, 576, 882), (-36, 594, 864), (-36, 594, 846), (-54, 594, 864), (-72, 594, 864), (-54, 576, 882), (-72, 594, 846), (-72, 612, 828), (-36, 612, 846), (-36, 612, 738), (-54, 594, 738), (-108, 540, 792), (36, 558, 954), (18, 558, 954), (18, 576, 918), (18, 594, 864), (0, 594, 846), (-54, 576, 810), (-54, 576, 918), (-72, 630, 810), (-54, 594, 864), (0, 630, 864), (0, 630, 864), (18, 612, 882)]	(9543, 13002, 10878, 11874, 12425, 10684, 4997, 6074, 4034, 8473, 5682, 6112, 4399, 6222, 9148, 7993, 11365, 20170, 14985, 9284, 15853, 14740, 12351, 2066)
e	1902134	(584, 353)	[(-72, 594, 864), (-54, 576, 882), (-72, 594, 846), (-72, 612, 828), (-36, 612, 846), (-36, 612, 738), (-54, 594, 738), (-108, 540, 792), (36, 558, 954), (18, 558, 954), (18, 576, 918), (18, 594, 864), (0, 594, 846), (-54, 576, 810), (-54, 576, 918), (-72, 630, 810), (-54, 594, 864), (0, 630, 864), (0, 630, 864), (18, 612, 882), (-36, 612, 810), (-72, 612, 792), (-72, 630, 810), (-54, 630, 846), (18, 630, 918)]	(9531, 13039, 10921, 11914, 12344, 10655, 4914, 6034, 4015, 8282, 5649, 6066, 4395, 6215, 9056, 7988, 11343, 20159, 15000, 9299, 15863, 14729, 12342, 2060)
e	1902327	(584, 350)	[(-36, 612, 846), (-36, 612, 738), (-54, 594, 738), (-108, 540, 792), (36, 558, 954), (18, 558, 954), (18, 576, 918), (18, 594, 864), (0, 594, 846), (-54, 576, 810), (-54, 576, 918), (-72, 630, 810), (-54, 594, 864), (0, 630, 864), (0, 630, 864), (18, 612, 882), (-36, 612, 810), (-72, 612, 792), (-72, 630, 810), (-54, 630, 846), (18, 630, 918), (-108, 612, 702), (-18, 648, 864), (18, 630, 846), (18, 648, 846)]	(9532, 13022, 10890, 11829, 12319, 10602, 4939, 6017, 3975, 8189, 5620, 6066, 4375, 6202, 8935, 7954, 11347, 20131, 14986, 9283, 15850, 14724, 12350, 2061)
 	1902721	(801, 235)	[(0, 630, 864), (0, 630, 864), (18, 612, 882), (-36, 612, 810), (-72, 612, 792), (-72, 630, 810), (-54, 630, 846), (18, 630, 918), (-108, 612, 702), (-18, 648, 864), (18, 630, 846), (18, 648, 846), (-54, 558, 882), (-72, 540, 900), (36, 540, 954), (54, 540, 864), (36, 558, 810), (36, 558, 936), (18, 504, 990), (-36, 504, 936), (-36, 522, 936), (0, 540, 918), (36, 540, 900), (54, 522, 864), (18, 522, 936)]	(9528, 12865, 10368, 10313, 12246, 10391, 4893, 5920, 3960, 8360, 5645, 6025, 4351, 6213, 9019, 7588, 11349, 20110, 14900, 9198, 15787, 14701, 12338, 2057)
t	1903385	(598, 267)	[(0, 540, 882), (18, 522, 972), (18, 540, 882), (18, 558, 810), (18, 576, 846), (-36, 558, 882), (-36, 594, 954), (-72, 558, 918), (-72, 558, 900), (-36, 576, 846), (-18, 612, 810), (0, 612, 810), (-36, 594, 864), (-36, 558, 900), (-54, 576, 900), (-54, 594, 828), (-54, 594, 828), (-18, 612, 828), (-18, 612, 900), (-54, 612, 882), (-36, 594, 900), (-18, 594, 846), (-54, 594, 792), (-72, 612, 828), (-54, 594, 918)]	(9537, 12914, 10816, 11765, 12329, 10593, 4984, 6015, 3995, 8340, 5688, 6063, 4325, 6224, 9111, 7928, 11353, 20148, 14946, 9272, 15834, 14738, 12341, 2065)
w	1903676	(580, 365)	[(-36, 576, 846), (-18, 612, 810), (0, 612, 810), (-36, 594, 864), (-36, 558, 900), (-54, 576, 900), (-54, 594, 828), (-54, 594, 828), (-18, 612, 828), (-18, 612, 900), (-54, 612, 882), (-36, 594, 900), (-18, 594, 846), (-54, 594, 792), (-72, 612, 828), (-54, 594, 918), (-36, 594, 918), (-36, 612, 900), (-54, 630, 792), (-90, 630, 720), (-54, 666, 684), (-54, 630, 936), (0, 612, 972), (-36, 630, 828), (-36, 648, 738)]	(9542, 13057, 10916, 11898, 12468, 10719, 4970, 6074, 4006, 8415, 5621, 6096, 4383, 6216, 9123, 7929, 11350, 20173, 15011, 9472, 15872, 14740, 12343, 2052)
o	1904136	(604, 92)	[(-36, 594, 918), (-36, 612, 900), (-54, 630, 792), (-90, 630, 720), (-54, 666, 684), (-54, 630, 936), (0, 612, 972), (-36, 630, 828), (-36, 648, 738), (0, 594, 936), (-18, 558, 882), (0, 558, 828), (18, 558, 846), (36, 558, 972), (-36, 522, 1008), (-36, 540, 864), (-36, 540, 810), (-36, 558, 828), (-36, 558, 828), (-54, 558, 918), (18, 522, 1062), (18, 540, 972), (54, 558, 846), (72, 558, 792), (36, 576, 846)]	(9521, 12764, 10588, 11243, 12623, 10945, 5098, 6027, 4012, 8604, 5718, 6087, 4356, 6210, 8688, 7849, 11366, 20082, 14920, 9201, 15772, 14592, 12347, 2072)
 	1904432	(793, 210)	[(0, 594, 936), (-18, 558, 882), (0, 558, 828), (18, 558, 846), (36, 558, 972), (-36, 522, 1008), (-36, 540, 864), (-36, 540, 810), (-36, 558, 828), (-36, 558, 828), (-54, 558, 918), (18, 522, 1062), (18, 540, 972), (54, 558, 846), (72, 558, 792), (36, 576, 846), (-72, 504, 936), (36, 558, 810), (54, 558, 864), (0, 540, 990), (36, 540, 918), (54, 558, 882), (36, 540, 882), (36, 558, 900), (0, 540, 918)]	(9528, 12893, 10521, 10684, 12551, 10730, 5027, 5960, 3999, 8548, 5654, 6069, 4361, 6200, 8808, 7760, 11368, 20096, 14931, 9202, 15783, 14663, 12347, 2059)
e	1905297	(579, 351)	[(36, 540, 900), (18, 558, 882), (0, 540, 936), (-36, 540, 936), (-36, 540, 882), (-36, 540, 900), (-18, 558, 900), (-36, 576, 882), (-36, 576, 882), (-36, 576, 900), (0, 576, 864), (-18, 594, 864), (-36, 576, 882), (-72, 594, 882), (-72, 612, 846), (-72, 594, 846), (-72, 612, 882), (-90, 594, 828), (-54, 612, 846), (-54, 612, 864), (-90, 612, 828), (-72, 630, 792), (-72, 612, 828), (-90, 612, 774), (-90, 594, 792)]	(9553, 13074, 10958, 11934, 12301, 10576, 4931, 6038, 4011, 8319, 5673, 6077, 4389, 6210, 9069, 7935, 11357, 20160, 15021, 9287, 15873, 14768, 12343, 2065)
i	1905761	(599, 139)	[(-90, 594, 828), (-54, 612, 846), (-54, 612, 864), (-90, 612, 828), (-72, 630, 792), (-72, 612, 828), (-90, 612, 774), (-90, 594, 792), (0, 594, 972), (0, 558, 936), (-72, 558, 864), (-18, 558, 918), (0, 576, 900), (-36, 558, 882), (-36, 540, 864), (-54, 540, 900), (-54, 558, 918), (-54, 558, 918), (-36, 558, 918), (-18, 558, 864), (-36, 594, 792), (0, 576, 828), (0, 576, 900), (18, 558, 936), (-54, 558, 918)]	(9505, 12668, 10595, 11496, 12550, 10917, 5057, 6018, 4017, 8551, 5729, 6075, 4403, 6238, 8884, 8173, 11402, 20091, 14909, 9211, 15747, 14526, 12345, 2055)
g	1906059	(661, 225)	[(-72, 558, 864), (-18, 558, 918), (0, 576, 900), (-36, 558, 882), (-36, 540, 864), (-54, 540, 900), (-54, 558, 918), (-54, 558, 918), (-36, 558, 918), (-18, 558, 864), (-36, 594, 792), (0, 576, 828), (0, 576, 900), (18, 558, 936), (-54, 558, 918), (-36, 558, 882), (-54, 558, 918), (18, 558, 936), (-54, 594, 846), (0, 594, 828), (-36, 576, 918), (-36, 576, 882), (-18, 576, 864), (36, 576, 864), (18, 558, 972)]	(9519, 12825, 10668, 11537, 12545, 10918, 5062, 6049, 4022, 8501, 5702, 6074, 4385, 6221, 8805, 8136, 11389, 20082, 14910, 9215, 15749, 14546, 12347, 2048)
h	1906256	(654, 202)	[(-36, 540, 864), (-54, 540, 900), (-54, 558, 918), (-54, 558, 918), (-36, 558, 918), (-18, 558, 864), (-36, 594, 792), (0, 576, 828), (0, 576, 900), (18, 558, 936), (-54, 558, 918), (-36, 558, 882), (-54, 558, 918), (18, 558, 936), (-54, 594, 846), (0, 594, 828), (-36, 576, 918), (-36, 576, 882), (-18, 576, 864), (36, 576, 864), (18, 558, 972), (-54, 576, 864), (18, 594, 918), (-36, 576, 846), (-72, 576, 846)]	(9516, 12710, 10630, 11568, 12545, 10909, 5051, 6008, 4030, 8534, 5725, 6090, 4412, 6230, 8963, 8188, 11382, 20108, 14940, 9222, 15770, 14586, 12339, 2062)
t	1906448	(581, 277)	[(-36, 558, 918), (-18, 558, 864), (-36, 594, 792), (0, 576, 828), (0, 576, 900), (18, 558, 936), (-54, 558, 918), (-36, 558, 882), (-54, 558, 918), (18, 558, 936), (-54, 594, 846), (0, 594, 828), (-36, 576, 918), (-36, 576, 882), (-18, 576, 864), (36, 576, 864), (18, 558, 972), (-54, 576, 864), (18, 594, 918), (-36, 576, 846), (-72, 576, 846), (-54, 558, 972), (72, 648, 720), (90, 594, 936), (-18, 576, 990)]	(9516, 12795, 10654, 11517, 12377, 10700, 4985, 5993, 3983, 8320, 5651, 6040, 4395, 6226, 8920, 8087, 11388, 20095, 14918, 9211, 15760, 14607, 12346, 2063)
 	1906707	(789, 235)	[(-36, 558, 882), (-54, 558, 918), (18, 558, 936), (-54, 594, 846), (0, 594, 828), (-36, 576, 918), (-36, 576, 882), (-18, 576, 864), (36, 576, 864), (18, 558, 972), (-54, 576, 864), (18, 594, 918), (-36, 576, 846), (-72, 576, 846), (-54, 558, 972), (72, 648, 720), (90, 594, 936), (-18, 576, 990), (-72, 558, 810), (18, 540, 846), (54, 558, 810), (54, 612, 846), (54, 558, 990), (54, 540, 990), (0, 540, 900)]	(9532, 12940, 10552, 10735, 12577, 10707, 4994, 5959, 4022, 8560, 5677, 6080, 4359, 6226, 9010, 7791, 11388, 20124, 14948, 9212, 15800, 14692, 12349, 2056)
s	1907523	(639, 373)	[(-36, 540, 882), (0, 558, 864), (0, 558, 882), (0, 558, 900), (18, 558, 936), (0, 558, 936), (0, 558, 864), (-18, 558, 882), (18, 540, 918), (-54, 558, 882), (-54, 576, 864), (-54, 576, 882), (-72, 576, 900), (-72, 576, 900), (-72, 558, 900), (-36, 576, 882), (-54, 576, 864), (-54, 594, 846), (-72, 594, 864), (-36, 612, 810), (-54, 594, 828), (-54, 612, 846), (-36, 630, 900), (-54, 576, 918), (18, 594, 882)]	(9510, 13001, 10735, 11552, 12449, 10607, 4936, 5978, 3970, 8403, 5640, 6041, 4388, 6217, 9142, 7803, 11367, 20139, 14953, 9214, 15814, 14711, 12345, 2058)
i	1908488	(588, 124)	[(-36, 558, 882), (-18, 558, 864), (18, 558, 918), (0, 540, 972), (-36, 540, 882), (-36, 558, 882), (18, 558, 900), (0, 558, 864), (-36, 558, 828), (-54, 540, 882), (-36, 558, 936), (-36, 540, 900), (-36, 558, 864), (0, 558, 900), (-18, 558, 900), (-36, 558, 900), (-36, 540, 882), (0, 558, 900), (0, 558, 882), (-36, 576, 882), (0, 558, 900), (-72, 558, 882), (-72, 540, 900), (18, 558, 900), (0, 558, 864)]	(9521, 12793, 10638, 11504, 12696, 10912, 5057, 6043, 4058, 8714, 5721, 6104, 4381, 6236, 8948, 7862, 11395, 20117, 14944, 9311, 15791, 14672, 12345, 2070)
x	1909990	(739, 334)	[(18, 576, 882), (-36, 576, 882), (-72, 558, 882), (-72, 558, 900), (-54, 558, 900), (-36, 576, 864), (0, 576, 864), (-36, 576, 882), (-54, 558, 864), (-54, 558, 864), (-36, 576, 936), (-54, 540, 954), (-54, 558, 900), (-54, 576, 810), (-54, 576, 882), (-54, 594, 864), (-36, 540, 936), (0, 558, 882), (-72, 576, 846), (-72, 558, 882), (-54, 576, 882), (-36, 576, 828), (-54, 576, 828), (-54, 576, 882), (18, 540, 936)]	(9532, 13011, 10567, 10717, 12471, 10559, 4914, 5884, 3938, 8349, 5591, 6019, 4334, 6193, 8791, 7650, 11364, 20102, 14918, 9232, 15793, 14714, 12345, 2059)
 	1910285	(808, 256)	[(-54, 558, 864), (-36, 576, 936), (-54, 540, 954), (-54, 558, 900), (-54, 576, 810), (-54, 576, 882), (-54, 594, 864), (-36, 540, 936), (0, 558, 882), (-72, 576, 846), (-72, 558, 882), (-54, 576, 882), (-36, 576, 828), (-54, 576, 828), (-54, 576, 882), (18, 540, 936), (-72, 540, 774), (0, 540, 1026), (-54, 540, 918), (-18, 558, 828), (18, 594, 810), (18, 576, 864), (0, 540, 918), (-36, 540, 954), (-36, 558, 846)]	(9536, 13017, 10488, 10517, 12581, 10616, 4962, 5922, 3988, 8556, 5658, 6064, 4339, 6215, 8905, 7625, 11370, 20109, 14917, 9296, 15789, 14701, 12340, 2062)
f	1910898	(669, 280)	[(-36, 540, 954), (-36, 558, 846), (0, 540, 936), (-36, 558, 882), (0, 558, 882), (0, 540, 918), (0, 558, 918), (-36, 540, 882), (-54, 558, 882), (-36, 558, 918), (-72, 558, 936), (-54, 540, 900), (0, 540, 882), (-18, 576, 846), (0, 558, 918), (-36, 558, 954), (-54, 540, 936), (-54, 558, 864), (-36, 576, 792), (-36, 558, 774), (-72, 594, 810), (-18, 558, 1008), (18, 558, 954), (18, 594, 774), (36, 594, 810)]	(9533, 13008, 10706, 11528, 12683, 10858, 5005, 5982, 4015, 8659, 5669, 6085, 4391, 6232, 9040, 7720, 11381, 20151, 14950, 9393, 15821, 14734, 12353, 2057)
i	1911191	(591, 146)	[(-36, 558, 918), (-72, 558, 936), (-54, 540, 900), (0, 540, 882), (-18, 576, 846), (0, 558, 918), (-36, 558, 954), (-54, 540, 936), (-54, 558, 864), (-36, 576, 792), (-36, 558, 774), (-72, 594, 810), (-18, 558, 1008), (18, 558, 954), (18, 594, 774), (36, 594, 810), (0, 576, 846), (18, 558, 774), (-54, 576, 864), (0, 558, 954), (0, 558, 954), (18, 558, 900), (18, 576, 828), (-36, 576, 828)]	(9511, 12704, 10613, 11548, 12745, 10977, 5033, 6009, 4054, 8762, 5727, 6132, 4373, 6250, 9145, 7774, 11391, 20139, 14934, 9323, 15806, 14677, 12344, 2054)
v	1911532	(727, 249)	[(-36, 558, 774), (-72, 594, 810), (-18, 558, 1008), (18, 558, 954), (18, 594, 774), (36, 594, 810), (0, 576, 846), (18, 558, 774), (-54, 576, 864), (0, 558, 954), (0, 558, 954), (18, 558, 900), (18, 576, 828), (-36, 576, 828), (-54, 558, 864), (18, 576, 900), (-18, 558, 882), (-36, 576, 882), (-36, 558, 846), (-72, 540, 882), (-72, 540, 954), (-54, 558, 936), (18, 576, 918), (36, 540, 900), (0, 594, 792)]	(9537, 12957, 10677, 11482, 12710, 10949, 5057, 5996, 4031, 8650, 5677, 6100, 4401, 6231, 9033, 7760, 11410, 20183, 14994, 10579, 15805, 14737, 12354, 2065)
e	1911846	(590, 342)	[(0, 558, 954), (0, 558, 954), (18, 558, 900), (18, 576, 828), (-36, 576, 828), (-54, 558, 864), (18, 576, 900), (-18, 558, 882), (-36, 576, 882), (-36, 558, 846), (-72, 540, 882), (-72, 540, 954), (-54, 558, 936), (18, 576, 918), (36, 540, 900), (0, 594, 792), (-90, 540, 1044), (-36, 630, 756), (-36, 612, 972), (-90, 576, 1044), (-54, 612, 900), (-36, 630, 756), (-54, 666, 684), (-90, 612, 846), (-72, 558, 1044)]	(9528, 12894, 10726, 11654, 12458, 10656, 4955, 5951, 3990, 8370, 5670, 6057, 4393, 6236, 9206, 7892, 11373, 20134, 14907, 9386, 15797, 14687, 12348, 2061)
 	1912189	(803, 217)	[(-72, 540, 954), (-54, 558, 936), (18, 576, 918), (36, 540, 900), (0, 594, 792), (-90, 540, 1044), (-36, 630, 756), (-36, 612, 972), (-90, 576, 1044), (-54, 612, 900), (-36, 630, 756), (-54, 666, 684), (-90, 612, 846), (-72, 558, 1044), (-18, 558, 846), (-54, 468, 972), (-36, 522, 828), (18, 576, 828), (0, 540, 954), (0, 522, 972), (-36, 522, 900), (-36, 522, 882), (-36, 540, 900), (-54, 540, 900), (-36, 522, 936)]	(9535, 12956, 10444, 10484, 12601, 10725, 5005, 5942, 3988, 8601, 5674, 6074, 4340, 6233, 9065, 7665, 11396, 20124, 14910, 9429, 15781, 14654, 12349, 2075)
t	1913204	(576, 268)	[(0, 540, 918), (-18, 558, 918), (-18, 558, 954), (-36, 540, 918), (0, 558, 882), (-36, 576, 810), (-54, 576, 810), (-54, 558, 918), (-72, 558, 936), (-72, 558, 864), (-54, 576, 882), (-54, 576, 864), (-36, 576, 864), (-36, 594, 882), (-36, 594, 864), (-54, 576, 918), (-36, 594, 882), (-54, 576, 846), (-54, 594, 828), (-54, 612, 846), (-72, 594, 882), (-72, 594, 846), (-36, 594, 846), (18, 612, 882), (-54, 612, 882)]	(9525, 12777, 10705, 11695, 12779, 11001, 5034, 6008, 4065, 8669, 5720, 6123, 4415, 6240, 9143, 7842, 11407, 20182, 15012, 10484, 15815, 14704, 12344, 2074)
w	1913565	(584, 386)	[(-36, 594, 882), (-36, 594, 864), (-54, 576, 918), (-36, 594, 882), (-54, 576, 846), (-54, 594, 828), (-54, 612, 846), (-72, 594, 882), (-72, 594, 846), (-36, 594, 846), (18, 612, 882), (-54, 612, 882), (-72, 594, 846), (-108, 594, 846), (-36, 612, 900), (-72, 612, 810), (-72, 612, 846), (-54, 612, 846), (-90, 630, 810), (-72, 630, 918), (-72, 630, 918), (-54, 612, 846), (-72, 630, 792), (-72, 630, 756), (-36, 612, 810)]	(9521, 12875, 10757, 11716, 12609, 10882, 4991, 5992, 4025, 8385, 5636, 6070, 4405, 6214, 8986, 7878, 11404, 20201, 15038, 11500, 15803, 14675, 12345, 2060)
o	1914378	(592, 71)	[(-54, 558, 846), (-36, 558, 846), (-36, 522, 900), (-36, 504, 1008), (0, 522, 990), (18, 540, 918), (18, 540, 846), (18, 558, 864), (18, 558, 882), (-36, 540, 900), (-36, 522, 918), (-54, 540, 900), (-36, 540, 882), (-36, 558, 864), (18, 540, 882), (0, 540, 918), (18, 540, 936), (0, 540, 918), (-36, 540, 864), (-54, 522, 864), (-54, 540, 900), (-36, 540, 936), (18, 558, 918), (18, 540, 864), (18, 540, 864)]	(9506, 12702, 10541, 11385, 12688, 10909, 5013, 5967, 4022, 8590, 5688, 6093, 4357, 6222, 8772, 7818, 11401, 20099, 14896, 9559, 15770, 14643, 12346, 2057)
 	1914722	(791, 211)	[(-36, 540, 882), (-36, 558, 864), (18, 540, 882), (0, 540, 918), (18, 540, 936), (0, 540, 918), (-36, 540, 864), (-54, 522, 864), (-54, 540, 900), (-36, 540, 936), (18, 558, 918), (18, 540, 864), (18, 540, 864), (18, 522, 954), (-54, 504, 972), (54, 558, 900), (54, 558, 918), (0, 540, 954), (0, 558, 864), (36, 558, 882), (0, 540, 918), (-36, 540, 936), (-54, 540, 882), (0, 540, 882), (-36, 540, 900)]	(9522, 12890, 10581, 11129, 12621, 10717, 4979, 5980, 4008, 8594, 5670, 6058, 4365, 6228, 8988, 7725, 11407, 20138, 14918, 9753, 15775, 14685, 12346, 2065)
f	1915555	(673, 280)	[(-36, 522, 936), (0, 540, 954), (0, 558, 900), (-18, 558, 882), (0, 540, 864), (0, 558, 828), (-36, 558, 882), (-36, 558, 918), (-54, 558, 936), (-18, 576, 882), (0, 576, 846), (-36, 576, 882), (-54, 558, 900), (-54, 558, 900), (-36, 558, 882), (-36, 576, 882), (-36, 576, 900), (0, 576, 882), (-36, 558, 864), (-36, 576, 846), (-90, 594, 864), (-72, 576, 900), (0, 576, 954), (36, 594, 792), (18, 612, 774)]	(9531, 12956, 10702, 11572, 12745, 10911, 5040, 6013, 4038, 8726, 5700, 6110, 4397, 6242, 9165, 7774, 11407, 20169, 14964, 10075, 15799, 14698, 12348, 2053)
o	1915898	(611, 117)	[(-36, 576, 882), (-54, 558, 900), (-54, 558, 900), (-36, 558, 882), (-36, 576, 882), (-36, 576, 900), (0, 576, 882), (-36, 558, 864), (-36, 576, 846), (-90, 594, 864), (-72, 576, 900), (0, 576, 954), (36, 594, 792), (18, 612, 774), (-18, 522, 954), (-36, 540, 918), (-36, 540, 900), (0, 540, 936), (-36, 540, 936), (-72, 522, 828), (-72, 558, 864), (-36, 558, 918), (36, 558, 918), (18, 558, 864), (-36, 558, 900)]	(9525, 12810, 10673, 11580, 12601, 10826, 5035, 6016, 4046, 8669, 5705, 6094, 4370, 6244, 9191, 7810, 11425, 20159, 14940, 9921, 15788, 14702, 12350, 2068)
u	1916140	(591, 165)	[(0, 576, 882), (-36, 558, 864), (-36, 576, 846), (-90, 594, 864), (-72, 576, 900), (0, 576, 954), (36, 594, 792), (18, 612, 774), (-18, 522, 954), (-36, 540, 918), (-36, 540, 900), (0, 540, 936), (-36, 540, 936), (-72, 522, 828), (-72, 558, 864), (-36, 558, 918), (36, 558, 918), (18, 558, 864), (-36, 558, 900), (-54, 540, 864), (-36, 558, 882), (-72, 540, 900), (-36, 558, 882), (-18, 594, 828), (18, 576, 882)]	(9516, 12815, 10681, 11617, 12591, 10843, 5061, 6006, 4040, 8645, 5700, 6101, 4404, 6257, 9292, 7820, 11413, 20180, 14960, 10235, 15790, 14708, 12348, 2067)
r	1916487	(566, 292)	[(0, 540, 936), (-36, 540, 936), (-72, 522, 828), (-72, 558, 864), (-36, 558, 918), (36, 558, 918), (18, 558, 864), (-36, 558, 900), (-54, 540, 864), (-36, 558, 882), (-72, 540, 900), (-36, 558, 882), (-18, 594, 828), (18, 576, 882), (-36, 540, 918), (-36, 576, 882), (-36, 576, 936), (-36, 558, 846), (0, 594, 846), (-54, 594, 810), (-108, 594, 828), (-36, 594, 864), (18, 594, 972), (18, 576, 810), (0, 594, 900)]	(9539, 13010, 10837, 11784, 12560, 10875, 5042, 6011, 4010, 8490, 5644, 6070, 4396, 6223, 9145, 7844, 11413, 20192, 14999, 10386, 15824, 14745, 12353, 2061)
 	1916748	(790, 242)	[(-36, 558, 900), (-54, 540, 864), (-36, 558, 882), (-72, 540, 900), (-36, 558, 882), (-18, 594, 828), (18, 576, 882), (-36, 540, 918), (-36, 576, 882), (-36, 576, 936), (-36, 558, 846), (0, 594, 846), (-54, 594, 810), (-108, 594, 828), (-36, 594, 864), (18, 594, 972), (18, 576, 810), (0, 594, 900), (0, 522, 936), (-72, 558, 810), (-36, 540, 900), (-36, 540, 918), (0, 558, 918), (18, 558, 864), (72, 594, 900)]	(9535, 12991, 10553, 10743, 12508, 10621, 4960, 5900, 3995, 8465, 5641, 6054, 4377, 6216, 8991, 7682, 11416, 20172, 14959, 10594, 15790, 14730, 12354, 2070)
f	1917247	(661, 288)	[(-72, 558, 810), (-36, 540, 900), (-36, 540, 918), (0, 558, 918), (18, 558, 864), (72, 594, 900), (54, 558, 936), (-72, 540, 846), (-18, 540, 936), (18, 540, 954), (36, 558, 882), (18, 558, 846), (0, 576, 864), (-36, 558, 936), (-54, 540, 918), (-36, 540, 882), (-72, 558, 828), (-54, 576, 828), (-54, 558, 882), (-54, 576, 864), (36, 576, 954), (54, 594, 918), (36, 594, 774), (36, 612, 738), (18, 558, 882)]	(9523, 12881, 10630, 11418, 12453, 10604, 4927, 5923, 3953, 8344, 5620, 6032, 4374, 6211, 8936, 7732, 11406, 20132, 14911, 9844, 15778, 14716, 12353, 2062)
o	1917558	(619, 120)	[(18, 540, 954), (36, 558, 882), (18, 558, 846), (0, 576, 864), (-36, 558, 936), (-54, 540, 918), (-36, 540, 882), (-72, 558, 828), (-54, 576, 828), (-54, 558, 882), (-54, 576, 864), (36, 576, 954), (54, 594, 918), (36, 594, 774), (36, 612, 738), (18, 558, 882), (-90, 522, 882), (-18, 540, 936), (0, 522, 990), (-36, 540, 882), (-18, 576, 828), (18, 594, 828), (0, 558, 936), (-36, 540, 936), (0, 540, 918)]	(9530, 12858, 10682, 11590, 12556, 10811, 5055, 6020, 4037, 8681, 5672, 6099, 4401, 6268, 9447, 7778, 11431, 20175, 14934, 9737, 15799, 14730, 12348, 2060)
u	1917850	(606, 187)	[(-54, 576, 828), (-54, 558, 882), (-54, 576, 864), (36, 576, 954), (54, 594, 918), (36, 594, 774), (36, 612, 738), (18, 558, 882), (-90, 522, 882), (-18, 540, 936), (0, 522, 990), (-36, 540, 882), (-18, 576, 828), (18, 594, 828), (0, 558, 936), (-36, 540, 936), (0, 540, 918), (-18, 558, 972), (0, 558, 900), (-54, 558, 810), (-36, 576, 864), (36, 558, 936), (18, 558, 918), (18, 558, 918), (-36, 558, 900)]	(9518, 12784, 10680, 11628, 12519, 10786, 5017, 5997, 4036, 8594, 5684, 6083, 4404, 6260, 9395, 7796, 11432, 20198, 14965, 10418, 15797, 14740, 12352, 2070)
r	1918143	(582, 295)	[(-90, 522, 882), (-18, 540, 936), (0, 522, 990), (-36, 540, 882), (-18, 576, 828), (18, 594, 828), (0, 558, 936), (-36, 540, 936), (0, 540, 918), (-18, 558, 972), (0, 558, 900), (-54, 558, 810), (-36, 576, 864), (36, 558, 936), (18, 558, 918), (18, 558, 918), (-36, 558, 900), (-36, 558, 900), (-36, 558, 864), (-36, 594, 846), (0, 594, 900), (36, 612, 918), (54, 612, 864), (18, 612, 864), (0, 594, 846)]	(9524, 12904, 10770, 11726, 12526, 10805, 4981, 5984, 4019, 8474, 5662, 6054, 4407, 6240, 9255, 7795, 11399, 20173, 14975, 9795, 15829, 14749, 12355, 2074)
 	1918436	(811, 221)	[(-18, 558, 972), (0, 558, 900), (-54, 558, 810), (-36, 576, 864), (36, 558, 936), (18, 558, 918), (18, 558, 918), (-36, 558, 900), (-36, 558, 900), (-36, 558, 864), (-36, 594, 846), (0, 594, 900), (36, 612, 918), (54, 612, 864), (18, 612, 864), (0, 594, 846), (-54, 594, 810), (36, 576, 810), (36, 558, 882), (18, 558, 936), (-18, 540, 954), (18, 522, 900), (-36, 540, 936), (-18, 540, 954), (-36, 540, 882)]	(9533, 13004, 10568, 10799, 12519, 10628, 4961, 5924, 3954, 8464, 5627, 6024, 4328, 6222, 9020, 7625, 11435, 20185, 15009, 11321, 15787, 14755, 12346, 2063)
f	1920388	(652, 286)	[(-36, 540, 918), (0, 558, 882), (-36, 558, 900), (-36, 558, 882), (-36, 558, 918), (0, 558, 882), (-36, 558, 882), (0, 558, 900), (-54, 558, 882), (0, 558, 900), (-36, 558, 900), (-36, 540, 900), (-36, 558, 900), (-36, 558, 900), (-36, 540, 882), (-36, 558, 900), (-36, 558, 882), (-36, 558, 900), (-36, 558, 936), (-36, 558, 864), (-54, 576, 792), (-54, 594, 828), (-36, 576, 936), (0, 594, 990), (18, 594, 828)]	(9540, 13047, 10779, 11685, 12613, 10812, 4977, 5959, 4007, 8570, 5655, 6070, 4388, 6234, 9146, 7683, 11425, 20198, 15030, 10519, 15822, 14783, 12360, 2070)
i	1920703	(592, 143)	[(-36, 558, 900), (-36, 540, 900), (-36, 558, 900), (-36, 558, 900), (-36, 540, 882), (-36, 558, 900), (-36, 558, 882), (-36, 558, 900), (-36, 558, 936), (-36, 558, 864), (-54, 576, 792), (-54, 594, 828), (-36, 576, 936), (0, 594, 990), (18, 594, 828), (36, 612, 774), (-90, 522, 954), (-72, 576, 828), (0, 558, 882), (-54, 558, 918), (-54, 558, 918), (-36, 594, 846), (18, 594, 846), (18, 576, 864), (-36, 558, 918)]	(9522, 12880, 10730, 11658, 12649, 10875, 5061, 5983, 4037, 8672, 5713, 6098, 4383, 6240, 9143, 7731, 11445, 20195, 15026, 10841, 15805, 14772, 12350, 2060)
v	1921048	(739, 259)	[(-54, 594, 828), (-36, 576, 936), (0, 594, 990), (18, 594, 828), (36, 612, 774), (-90, 522, 954), (-72, 576, 828), (0, 558, 882), (-54, 558, 918), (-54, 558, 918), (-36, 594, 846), (18, 594, 846), (18, 576, 864), (-36, 558, 918), (-54, 540, 936), (36, 576, 846), (36, 576, 918), (18, 576, 918), (-36, 576, 900), (-72, 540, 918), (-72, 594, 792), (-54, 558, 900), (-36, 540, 936), (-72, 558, 918), (-18, 576, 918)]	(9533, 12974, 10666, 11480, 12621, 10747, 5002, 5961, 4004, 8568, 5631, 6085, 4369, 6239, 9179, 7644, 11436, 20190, 15014, 10615, 15812, 14771, 12357, 2072)
e	1921344	(616, 354)	[(-54, 558, 918), (-54, 558, 918), (-36, 594, 846), (18, 594, 846), (18, 576, 864), (-36, 558, 918), (-54, 540, 936), (36, 576, 846), (36, 576, 918), (18, 576, 918), (-36, 576, 900), (-72, 540, 918), (-72, 594, 792), (-54, 558, 900), (-36, 540, 936), (-72, 558, 918), (-18, 576, 918), (-72, 558, 936), (-36, 612, 792), (-36, 612, 756), (-72, 612, 936), (-126, 612, 954), (-90, 612, 882), (-36, 630, 756), (-54, 630, 738)]	(9542, 13108, 10868, 11850, 12692, 10912, 5011, 6029, 4041, 8544, 5627, 6081, 4394, 6222, 9048, 7738, 11366, 20181, 15084, 9270, 15910, 14815, 12367, 2073)
w	1923356	(576, 392)	[(-54, 594, 882), (-54, 558, 900), (-36, 576, 882), (-54, 576, 882), (-36, 576, 900), (-36, 576, 882), (-54, 576, 882), (-72, 576, 882), (-72, 594, 882), (-72, 594, 846), (-54, 630, 846), (-72, 612, 846), (-90, 594, 846), (-72, 612, 882), (-72, 612, 882), (-72, 630, 792), (-72, 630, 828), (-90, 630, 864), (-108, 630, 864), (-126, 648, 828), (-108, 648, 792), (-54, 666, 738), (-54, 684, 738), (-54, 648, 864), (18, 630, 900)]	(9540, 13027, 10891, 11893, 12604, 10733, 4923, 5978, 4028, 8430, 5638, 6068, 4412, 6228, 9223, 7762, 11365, 20160, 15064, 9255, 15880, 14734, 12346, 2065)
e	1923546	(584, 348)	[(-36, 576, 900), (-36, 576, 882), (-54, 576, 882), (-72, 576, 882), (-72, 594, 882), (-72, 594, 846), (-54, 630, 846), (-72, 612, 846), (-90, 594, 846), (-72, 612, 882), (-72, 612, 882), (-72, 630, 792), (-72, 630, 828), (-90, 630, 864), (-108, 630, 864), (-126, 648, 828), (-108, 648, 792), (-54, 666, 738), (-54, 684, 738), (-54, 648, 864), (18, 630, 900), (-162, 630, 684), (0, 666, 720), (-36, 612, 756), (-36, 576, 846)]	(9533, 12987, 10822, 11765, 12548, 10644, 4893, 5924, 3973, 8335, 5615, 6039, 4355, 6200, 8861, 7734, 11368, 20117, 14970, 9298, 15833, 14720, 12347, 2061)
 	1923787	(783, 260)	[(-54, 630, 846), (-72, 612, 846), (-90, 594, 846), (-72, 612, 882), (-72, 612, 882), (-72, 630, 792), (-72, 630, 828), (-90, 630, 864), (-108, 630, 864), (-126, 648, 828), (-108, 648, 792), (-54, 666, 738), (-54, 684, 738), (-54, 648, 864), (18, 630, 900), (-162, 630, 684), (0, 666, 720), (-36, 612, 756), (-36, 576, 846), (36, 522, 900), (-90, 486, 1062), (-90, 486, 1008), (-54, 504, 864), (18, 540, 792), (54, 540, 846)]	(9549, 13205, 10497, 10439, 12378, 10425, 4913, 5908, 3961, 8472, 5623, 6046, 4361, 6225, 9193, 7499, 11395, 20157, 14973, 9248, 15840, 14815, 12362, 2075)
c	1924345	(732, 300)	[(-90, 486, 1008), (-54, 504, 864), (18, 540, 792), (54, 540, 846), (-54, 486, 900), (0, 504, 918), (18, 504, 936), (-18, 486, 954), (18, 486, 954), (18, 522, 918), (0, 504, 936), (0, 522, 900), (-36, 504, 900), (0, 504, 936), (-36, 522, 936), (18, 522, 900), (0, 522, 954), (-54, 522, 918), (-54, 522, 846), (0, 576, 828), (-54, 576, 828), (-36, 558, 918), (18, 540, 936), (-36, 522, 936), (-18, 540, 918)]	(9536, 13150, 10604, 10976, 12555, 10594, 4979, 5941, 3999, 8621, 5648, 6064, 4377, 6230, 9196, 7531, 11404, 20172, 14991, 9354, 15846, 14835, 12359, 2070)
a	1924586	(655, 392)	[(18, 504, 936), (-18, 486, 954), (18, 486, 954), (18, 522, 918), (0, 504, 936), (0, 522, 900), (-36, 504, 900), (0, 504, 936), (-36, 522, 936), (18, 522, 900), (0, 522, 954), (-54, 522, 918), (-54, 522, 846), (0, 576, 828), (-54, 576, 828), (-36, 558, 918), (18, 540, 936), (-36, 522, 936), (-18, 540, 918), (-54, 522, 936), (-108, 612, 774), (-18, 594, 918), (18, 630, 810), (36, 594, 684), (54, 594, 900)]	(9520, 13040, 10612, 11307, 12338, 10483, 4848, 5825, 3891, 8181, 5553, 5977, 4333, 6195, 8742, 7572, 11388, 20100, 14914, 9233, 15807, 14799, 12351, 2052)
n	1925147	(756, 163)	[(18, 630, 810), (36, 594, 684), (54, 594, 900), (90, 522, 1008), (-144, 486, 900), (0, 504, 900), (18, 504, 936), (36, 504, 954), (18, 504, 918), (36, 504, 918), (36, 504, 918), (0, 504, 918), (0, 504, 918), (18, 522, 936), (18, 504, 918), (18, 504, 900), (0, 486, 918), (18, 504, 954), (18, 486, 936), (-36, 486, 918), (-36, 540, 864), (36, 504, 918), (54, 504, 918), (54, 504, 954), (36, 504, 936)]	(9522, 12914, 10345, 10342, 12438, 10581, 4953, 5862, 3939, 8445, 5623, 6050, 4332, 6205, 8851, 7516, 11398, 20098, 14878, 9208, 15779, 14771, 12361, 2050)
 	1925337	(808, 190)	[(-144, 486, 900), (0, 504, 900), (18, 504, 936), (36, 504, 954), (18, 504, 918), (36, 504, 918), (36, 504, 918), (0, 504, 918), (0, 504, 918), (18, 522, 936), (18, 504, 918), (18, 504, 900), (0, 486, 918), (18, 504, 954), (18, 486, 936), (-36, 486, 918), (-36, 540, 864), (36, 504, 918), (54, 504, 918), (54, 504, 954), (36, 504, 936), (-18, 468, 882), (36, 468, 1062), (54, 486, 954), (90, 486, 900)]	(9537, 13109, 10398, 10338, 12467, 10608, 4976, 5901, 3949, 8521, 5616, 6023, 4311, 6210, 8909, 7481, 11398, 20123, 14903, 9200, 15800, 14823, 12368, 2060)
d	1925700	(669, 306)	[(18, 504, 900), (0, 486, 918), (18, 504, 954), (18, 486, 936), (-36, 486, 918), (-36, 540, 864), (36, 504, 918), (54, 504, 918), (54, 504, 954), (36, 504, 936), (-18, 468, 882), (36, 468, 1062), (54, 486, 954), (90, 486, 900), (-54, 450, 1044), (18, 558, 828), (0, 522, 936), (0, 504, 990), (-18, 522, 918), (-54, 522, 846), (0, 576, 810), (-54, 558, 846), (-18, 558, 954), (0, 558, 882), (18, 576, 738)]	(9541, 13110, 10674, 11600, 12665, 10890, 5017, 5953, 3980, 8576, 5633, 6100, 4371, 6221, 9043, 7566, 11395, 20156, 14968, 9235, 15851, 14840, 12361, 2052)
i	1926093	(599, 125)	[(90, 486, 900), (-54, 450, 1044), (18, 558, 828), (0, 522, 936), (0, 504, 990), (-18, 522, 918), (-54, 522, 846), (0, 576, 810), (-54, 558, 846), (-18, 558, 954), (0, 558, 882), (18, 576, 738), (-72, 522, 900), (-126, 504, 936), (-36, 486, 972), (36, 540, 936), (36, 558, 864), (36, 558, 792), (-36, 540, 828), (-54, 540, 918), (-72, 540, 936), (-54, 540, 918), (-18, 540, 900), (-18, 540, 864), (-36, 540, 846)]	(9524, 12767, 10554, 11600, 12763, 10999, 5062, 6017, 4099, 8899, 5764, 6152, 4400, 6260, 9265, 7664, 11418, 20149, 14940, 9283, 15830, 14820, 12361, 2069)
s	1926435	(635, 354)	[(18, 576, 738), (-72, 522, 900), (-126, 504, 936), (-36, 486, 972), (36, 540, 936), (36, 558, 864), (36, 558, 792), (-36, 540, 828), (-54, 540, 918), (-72, 540, 936), (-54, 540, 918), (-18, 540, 900), (-18, 540, 864), (-36, 540, 846), (-36, 540, 918), (18, 576, 972), (-72, 540, 846), (-18, 576, 882), (-90, 576, 954), (-72, 558, 882), (-90, 594, 756), (-72, 594, 738), (-54, 594, 918), (-36, 612, 954), (-72, 594, 792)]	(9546, 13164, 10722, 11800, 12699, 11090, 5048, 5959, 3990, 8530, 5624, 6072, 4365, 6218, 9069, 7659, 11380, 20163, 15021, 9368, 15873, 14796, 12358, 2067)
c	1926743	(732, 278)	[(-72, 540, 936), (-54, 540, 918), (-18, 540, 900), (-18, 540, 864), (-36, 540, 846), (-36, 540, 918), (18, 576, 972), (-72, 540, 846), (-18, 576, 882), (-90, 576, 954), (-72, 558, 882), (-90, 594, 756), (-72, 594, 738), (-54, 594, 918), (-36, 612, 954), (-72, 594, 792), (-72, 450, 1188), (-36, 558, 774), (-54, 540, 918), (-54, 540, 900), (18, 540, 972), (18, 540, 918), (18, 576, 882), (-36, 558, 828), (0, 540, 864)]	(9525, 12957, 10440, 10680, 12575, 10706, 4966, 5871, 3969, 8539, 5653, 6048, 4369, 6227, 9064, 7526, 11401, 20136, 14928, 9270, 15802, 14774, 12352, 2067)
u	1927136	(616, 178)	[(-54, 594, 918), (-36, 612, 954), (-72, 594, 792), (-72, 450, 1188), (-36, 558, 774), (-54, 540, 918), (-54, 540, 900), (18, 540, 972), (18, 540, 918), (18, 576, 882), (-36, 558, 828), (0, 540, 864), (-36, 522, 954), (-54, 504, 936), (-54, 522, 900), (-36, 540, 900), (-36, 522, 882), (-54, 540, 918), (-36, 522, 900), (0, 540, 936), (-54, 522, 900), (-90, 540, 846), (-54, 540, 864), (-18, 558, 918), (36, 522, 936)]	(9527, 12933, 10618, 11584, 12789, 11087, 5085, 5992, 4035, 8769, 5682, 6111, 4391, 6244, 9161, 7652, 11421, 20177, 15007, 9318, 15870, 14861, 12368, 2075)
s	1928049	(658, 361)	[(18, 540, 900), (0, 540, 918), (0, 522, 972), (-18, 522, 918), (-36, 522, 882), (-36, 540, 864), (-36, 540, 900), (-54, 540, 936), (-72, 540, 918), (-36, 540, 864), (18, 540, 954), (-72, 540, 864), (0, 558, 936), (-18, 558, 918), (-36, 558, 846), (-54, 558, 864), (-72, 558, 954), (-72, 540, 1008), (-126, 594, 774), (-108, 576, 774), (-54, 576, 882), (18, 594, 882), (0, 576, 900), (-36, 540, 918), (-54, 540, 1026)]	(9532, 13090, 10630, 11549, 12569, 10827, 4946, 5851, 3911, 8333, 5561, 5996, 4346, 6201, 8941, 7585, 11386, 20151, 15023, 9240, 15859, 14818, 12347, 2064)
s	1928256	(664, 356)	[(-36, 540, 864), (-36, 540, 900), (-54, 540, 936), (-72, 540, 918), (-36, 540, 864), (18, 540, 954), (-72, 540, 864), (0, 558, 936), (-18, 558, 918), (-36, 558, 846), (-54, 558, 864), (-72, 558, 954), (-72, 540, 1008), (-126, 594, 774), (-108, 576, 774), (-54, 576, 882), (18, 594, 882), (0, 576, 900), (-36, 540, 918), (-54, 540, 1026), (-90, 576, 792), (54, 594, 918), (-18, 558, 864), (-72, 558, 864), (-72, 558, 864)]	(9522, 13072, 10615, 11463, 12624, 10845, 4936, 5850, 3937, 8367, 5561, 5998, 4337, 6196, 8843, 7535, 11368, 20143, 15026, 9220, 15864, 14812, 12360, 2035)
 	1928798	(812, 203)	[(-90, 576, 792), (54, 594, 918), (-18, 558, 864), (-72, 558, 864), (-72, 558, 864), (-54, 504, 918), (-36, 540, 900), (0, 522, 882), (-36, 504, 954), (-54, 486, 1026), (-36, 504, 900), (-36, 540, 864), (18, 522, 864), (18, 522, 936), (18, 504, 918), (18, 486, 972), (0, 504, 954), (18, 504, 900), (0, 522, 882), (18, 504, 918), (-36, 504, 918), (-36, 522, 918), (18, 504, 954), (36, 486, 936), (54, 540, 864)]	(9536, 12876, 10189, 10270, 12602, 10730, 4982, 5880, 3983, 8605, 5660, 6064, 4339, 6210, 8926, 7435, 11391, 20105, 14901, 9174, 15783, 14756, 12347, 2071)
o	1929410	(590, 75)	[(36, 486, 936), (54, 540, 864), (54, 540, 828), (-36, 504, 900), (0, 504, 882), (18, 486, 918), (36, 486, 972), (36, 486, 990), (0, 486, 918), (0, 504, 882), (0, 504, 918), (-36, 486, 936), (-54, 486, 918), (-18, 504, 900), (-36, 486, 918), (18, 504, 936), (18, 504, 936), (0, 504, 882), (18, 504, 936), (-18, 504, 918), (-36, 504, 918), (0, 504, 882), (36, 540, 900), (72, 522, 918), (72, 522, 900)]	(9517, 12865, 10490, 11021, 12579, 10880, 5031, 5921, 3990, 8549, 5654, 6048, 4340, 6211, 9007, 7568, 11418, 20128, 14909, 9208, 15794, 14788, 12350, 2066)
p	1929653	(583, 22)	[(36, 486, 972), (36, 486, 990), (0, 486, 918), (0, 504, 882), (0, 504, 918), (-36, 486, 936), (-54, 486, 918), (-18, 504, 900), (-36, 486, 918), (18, 504, 936), (18, 504, 936), (0, 504, 882), (18, 504, 936), (-18, 504, 918), (-36, 504, 918), (0, 504, 882), (36, 540, 900), (72, 522, 918), (72, 522, 900), (-72, 468, 900), (36, 540, 900), (108, 522, 936), (36, 522, 918), (18, 504, 954), (-36, 486, 954)]	(9516, 12825, 10493, 10941, 12520, 10819, 5006, 5888, 3953, 8456, 5605, 6039, 4351, 6222, 8963, 7578, 11419, 20117, 14905, 9208, 15791, 14787, 12354, 2063)
t	1930113	(586, 274)	[(72, 522, 918), (72, 522, 900), (-72, 468, 900), (36, 540, 900), (108, 522, 936), (36, 522, 918), (18, 504, 954), (-36, 486, 954), (-72, 504, 864), (36, 504, 1026), (36, 576, 864), (72, 558, 918), (36, 540, 918), (-72, 558, 900), (-90, 522, 882), (-36, 522, 882), (-36, 540, 900), (-54, 540, 882), (-54, 558, 828), (-36, 558, 864), (-36, 558, 882), (0, 576, 954), (18, 576, 900), (-36, 576, 828), (36, 558, 900)]	(9543, 13008, 10705, 11686, 12677, 11139, 5053, 5930, 3980, 8466, 5610, 6055, 4371, 6215, 8951, 7658, 11396, 20144, 14963, 9255, 15844, 14825, 12353, 2062)
i	1930504	(591, 119)	[(-72, 558, 900), (-90, 522, 882), (-36, 522, 882), (-36, 540, 900), (-54, 540, 882), (-54, 558, 828), (-36, 558, 864), (-36, 558, 882), (0, 576, 954), (18, 576, 900), (-36, 576, 828), (36, 558, 900), (-36, 522, 918), (-36, 540, 882), (36, 558, 900), (0, 558, 918), (-18, 558, 918), (-18, 540, 936), (-54, 540, 864), (-72, 540, 792), (-54, 540, 864), (0, 558, 954), (18, 558, 900), (54, 540, 846), (18, 558, 882)]	(9520, 12726, 10534, 11497, 12773, 11161, 5060, 5935, 4031, 8658, 5688, 6094, 4380, 6224, 8948, 7659, 11409, 20130, 14942, 9228, 15822, 14785, 12364, 2065)
o	1930698	(581, 69)	[(-54, 540, 882), (-54, 558, 828), (-36, 558, 864), (-36, 558, 882), (0, 576, 954), (18, 576, 900), (-36, 576, 828), (36, 558, 900), (-36, 522, 918), (-36, 540, 882), (36, 558, 900), (0, 558, 918), (-18, 558, 918), (-18, 540, 936), (-54, 540, 864), (-72, 540, 792), (-54, 540, 864), (0, 558, 954), (18, 558, 900), (54, 540, 846), (18, 558, 882), (-90, 522, 936), (54, 576, 864), (18, 540, 936), (-90, 504, 936)]	(9513, 12716, 10520, 11473, 12722, 11075, 5029, 5879, 4000, 8575, 5649, 6065, 4380, 6220, 8901, 7662, 11422, 20125, 14932, 9231, 15810, 14783, 12360, 2058)
n	1930959	(721, 145)	[(36, 558, 900), (-36, 522, 918), (-36, 540, 882), (36, 558, 900), (0, 558, 918), (-18, 558, 918), (-18, 540, 936), (-54, 540, 864), (-72, 540, 792), (-54, 540, 864), (0, 558, 954), (18, 558, 900), (54, 540, 846), (18, 558, 882), (-90, 522, 936), (54, 576, 864), (18, 540, 936), (-90, 504, 936), (72, 576, 810), (-18, 522, 1008), (-36, 540, 936), (36, 540, 900), (0, 522, 882), (-54, 522, 900), (-54, 504, 936)]	(9521, 12880, 10538, 11272, 12612, 10922, 5050, 5898, 3947, 8429, 5598, 6030, 4324, 6216, 8755, 7660, 11417, 20114, 14925, 9236, 15809, 14799, 12355, 2058)
s	1931352	(653, 381)	[(18, 558, 882), (-90, 522, 936), (54, 576, 864), (18, 540, 936), (-90, 504, 936), (72, 576, 810), (-18, 522, 1008), (-36, 540, 936), (36, 540, 900), (0, 522, 882), (-54, 522, 900), (-54, 504, 936), (-36, 540, 864), (18, 540, 990), (-18, 504, 900), (-36, 558, 828), (18, 558, 846), (-54, 558, 882), (-90, 558, 918), (-72, 540, 936), (-54, 576, 792), (-90, 576, 792), (-72, 576, 900), (-54, 594, 882), (-72, 558, 792)]	(9558, 13327, 10758, 11665, 12647, 10957, 4987, 5905, 3950, 8390, 5565, 6017, 4371, 6199, 8805, 7608, 11387, 20156, 15040, 9472, 15871, 14787, 12368, 2055)
 	1931694	(802, 260)	[(-54, 504, 936), (-36, 540, 864), (18, 540, 990), (-18, 504, 900), (-36, 558, 828), (18, 558, 846), (-54, 558, 882), (-90, 558, 918), (-72, 540, 936), (-54, 576, 792), (-90, 576, 792), (-72, 576, 900), (-54, 594, 882), (-72, 558, 792), (36, 558, 846), (72, 540, 810), (-36, 540, 936), (0, 432, 972), (-54, 522, 900), (-36, 504, 864), (18, 504, 918), (54, 504, 972), (72, 504, 990), (36, 486, 936), (36, 504, 918)]	(9527, 12933, 10205, 10290, 12714, 10849, 5045, 5916, 4008, 8750, 5655, 6095, 4372, 6233, 9123, 7379, 11523, 20315, 15262, 17089, 15755, 14774, 12357, 2069)
e	1932408	(593, 356)	[(18, 522, 954), (36, 486, 1008), (-18, 540, 882), (-54, 540, 792), (36, 558, 810), (54, 576, 846), (18, 576, 936), (0, 540, 954), (-36, 540, 972), (18, 540, 900), (18, 558, 846), (18, 576, 846), (0, 576, 882), (-36, 558, 918), (0, 558, 864), (0, 576, 846), (-54, 576, 828), (18, 594, 846), (0, 594, 882), (-54, 594, 882), (-36, 594, 846), (-18, 612, 810), (-18, 612, 774), (18, 612, 756), (-54, 576, 1008)]	(9538, 12953, 10732, 11791, 12638, 10836, 4956, 5912, 4027, 8483, 5630, 6076, 4383, 6204, 9059, 7668, 11373, 20153, 15025, 9249, 15855, 14755, 12345, 2067)
a	1932600	(664, 416)	[(36, 558, 810), (54, 576, 846), (18, 576, 936), (0, 540, 954), (-36, 540, 972), (18, 540, 900), (18, 558, 846), (18, 576, 846), (0, 576, 882), (-36, 558, 918), (0, 558, 864), (0, 576, 846), (-54, 576, 828), (18, 594, 846), (0, 594, 882), (-54, 594, 882), (-36, 594, 846), (-18, 612, 810), (-18, 612, 774), (18, 612, 756), (-54, 576, 1008), (-72, 594, 756), (72, 594, 936), (18, 594, 864), (54, 576, 774)]	(9536, 13318, 10807, 11722, 12705, 10951, 4940, 5875, 3928, 8370, 5561, 6012, 4354, 6189, 8714, 7585, 11369, 20149, 15093, 9223, 15887, 14770, 12350, 2058)
r	1932809	(586, 309)	[(18, 540, 900), (18, 558, 846), (18, 576, 846), (0, 576, 882), (-36, 558, 918), (0, 558, 864), (0, 576, 846), (-54, 576, 828), (18, 594, 846), (0, 594, 882), (-54, 594, 882), (-36, 594, 846), (-18, 612, 810), (-18, 612, 774), (18, 612, 756), (-54, 576, 1008), (-72, 594, 756), (72, 594, 936), (18, 594, 864), (54, 576, 774), (-108, 504, 954), (-72, 576, 738), (36, 594, 936), (90, 594, 882)]	(9546, 13101, 10814, 11834, 12963, 11173, 5002, 5956, 4003, 8636, 5652, 6067, 4380, 6206, 8830, 7652, 11383, 20139, 15056, 9227, 15860, 14759, 12357, 2052)
l	1933202	(676, 37)	[(-18, 612, 774), (18, 612, 756), (-54, 576, 1008), (-72, 594, 756), (72, 594, 936), (18, 594, 864), (54, 576, 774), (-108, 504, 954), (-72, 576, 738), (36, 594, 936), (90, 594, 882), (72, 594, 792), (108, 486, 936), (0, 396, 972), (72, 432, 954), (72, 468, 936), (90, 468, 918), (126, 450, 1026), (72, 432, 1026), (0, 414, 954), (18, 468, 864), (18, 504, 882), (108, 468, 936), (90, 450, 1008), (72, 450, 990)]	(9530, 12884, 10336, 10379, 12479, 10775, 5029, 5857, 3926, 8343, 5564, 6013, 4329, 6199, 8580, 7597, 11439, 20082, 14881, 9214, 15771, 14766, 12362, 2052)
y	1933491	(589, 197)	[(36, 594, 936), (90, 594, 882), (72, 594, 792), (108, 486, 936), (0, 396, 972), (72, 432, 954), (72, 468, 936), (90, 468, 918), (126, 450, 1026), (72, 432, 1026), (0, 414, 954), (18, 468, 864), (18, 504, 882), (108, 468, 936), (90, 450, 1008), (72, 450, 990), (72, 450, 882), (54, 486, 900), (18, 486, 882), (-54, 504, 882), (18, 504, 864), (90, 504, 954), (90, 504, 918), (90, 504, 882)]	(9527, 12941, 10541, 11374, 12147, 10520, 4934, 5856, 3881, 8030, 5545, 5979, 4321, 6189, 8641, 7695, 11414, 20078, 14832, 9236, 15748, 14763, 12361, 2050)
 	1933732	(800, 186)	[(72, 432, 954), (72, 468, 936), (90, 468, 918), (126, 450, 1026), (72, 432, 1026), (0, 414, 954), (18, 468, 864), (18, 504, 882), (108, 468, 936), (90, 450, 1008), (72, 450, 990), (72, 450, 882), (54, 486, 900), (18, 486, 882), (-54, 504, 882), (18, 504, 864), (90, 504, 954), (90, 504, 918), (90, 504, 882), (72, 486, 990), (18, 486, 990), (18, 450, 1026), (54, 468, 954), (126, 468, 972), (108, 486, 918)]	(9530, 13050, 10365, 10396, 12333, 10803, 5054, 5854, 3939, 8311, 5587, 6004, 4344, 6206, 8749, 7605, 11434, 20102, 14873, 9226, 15764, 14771, 12366, 2055)
n	1933940	(734, 147)	[(0, 414, 954), (18, 468, 864), (18, 504, 882), (108, 468, 936), (90, 450, 1008), (72, 450, 990), (72, 450, 882), (54, 486, 900), (18, 486, 882), (-54, 504, 882), (18, 504, 864), (90, 504, 954), (90, 504, 918), (90, 504, 882), (72, 486, 990), (18, 486, 990), (18, 450, 1026), (54, 468, 954), (126, 468, 972), (108, 486, 918), (72, 504, 882), (36, 504, 882), (36, 504, 882), (108, 486, 972), (72, 468, 936)]	(9522, 12866, 10391, 10624, 12482, 11063, 5088, 5868, 3968, 8457, 5631, 6018, 4356, 6237, 8980, 7557, 11560, 20295, 15255, 16937, 15735, 14800, 12368, 2059)
e	1934336	(607, 345)	[(90, 504, 882), (72, 486, 990), (18, 486, 990), (18, 450, 1026), (54, 468, 954), (126, 468, 972), (108, 486, 918), (72, 504, 882), (36, 504, 882), (36, 504, 882), (108, 486, 972), (72, 468, 936), (-54, 468, 1026), (0, 522, 900), (72, 540, 846), (54, 576, 900), (36, 576, 828), (18, 576, 810), (-18, 558, 864), (-72, 540, 918), (-126, 576, 810), (-108, 558, 846), (-36, 576, 828), (36, 594, 756), (18, 558, 792)]	(9534, 12825, 10526, 11815, 12827, 11874, 5120, 5936, 4056, 8577, 5670, 6114, 4390, 6206, 8876, 7800, 11398, 20151, 14981, 9261, 15830, 14750, 12350, 2068)
x	1934528	(734, 319)	[(54, 468, 954), (126, 468, 972), (108, 486, 918), (72, 504, 882), (36, 504, 882), (36, 504, 882), (108, 486, 972), (72, 468, 936), (-54, 468, 1026), (0, 522, 900), (72, 540, 846), (54, 576, 900), (36, 576, 828), (18, 576, 810), (-18, 558, 864), (-72, 540, 918), (-126, 576, 810), (-108, 558, 846), (-36, 576, 828), (36, 594, 756), (18, 558, 792), (-36, 486, 828), (36, 522, 1044), (72, 540, 918), (54, 504, 918)]	(9542, 13069, 10409, 10848, 12740, 11209, 5066, 5844, 3983, 8529, 5613, 6059, 4374, 6206, 8910, 7573, 11396, 20140, 14960, 9236, 15820, 14791, 12357, 2060)
t	1934772	(590, 269)	[(108, 486, 972), (72, 468, 936), (-54, 468, 1026), (0, 522, 900), (72, 540, 846), (54, 576, 900), (36, 576, 828), (18, 576, 810), (-18, 558, 864), (-72, 540, 918), (-126, 576, 810), (-108, 558, 846), (-36, 576, 828), (36, 594, 756), (18, 558, 792), (-36, 486, 828), (36, 522, 1044), (72, 540, 918), (54, 504, 918), (-54, 486, 972), (-72, 486, 936), (-36, 558, 684), (36, 558, 774), (36, 540, 954), (18, 522, 882)]	(9535, 12939, 10589, 11680, 12813, 11625, 5090, 5936, 3996, 8520, 5650, 6105, 4350, 6216, 8851, 7662, 11407, 20136, 14968, 9263, 15819, 14805, 12363, 2067)
 	1935079	(807, 233)	[(-72, 540, 918), (-126, 576, 810), (-108, 558, 846), (-36, 576, 828), (36, 594, 756), (18, 558, 792), (-36, 486, 828), (36, 522, 1044), (72, 540, 918), (54, 504, 918), (-54, 486, 972), (-72, 486, 936), (-36, 558, 684), (36, 558, 774), (36, 540, 954), (18, 522, 882), (18, 486, 900), (-90, 468, 936), (18, 450, 900), (-36, 504, 936), (36, 486, 972), (72, 468, 936), (126, 486, 1008), (72, 504, 936), (36, 486, 900)]	(9530, 13004, 10300, 10404, 12707, 11060, 5036, 5828, 3932, 8490, 5588, 6013, 4323, 6194, 8627, 7489, 11397, 20110, 14960, 9219, 15812, 14815, 12365, 2055)
w	1935473	(594, 378)	[(36, 558, 774), (36, 540, 954), (18, 522, 882), (18, 486, 900), (-90, 468, 936), (18, 450, 900), (-36, 504, 936), (36, 486, 972), (72, 468, 936), (126, 486, 1008), (72, 504, 936), (36, 486, 900), (-36, 504, 954), (54, 540, 936), (-36, 540, 900), (-72, 522, 846), (0, 540, 864), (-36, 594, 792), (-54, 558, 846), (-90, 540, 990), (-126, 594, 828), (-72, 594, 864), (-36, 594, 828), (0, 594, 792), (0, 594, 864)]	(9544, 13075, 10709, 11950, 12820, 11587, 5088, 5970, 4023, 8495, 5596, 6066, 4378, 6185, 8799, 7724, 11362, 20175, 15147, 9294, 15916, 14789, 12363, 2058)
e	1936034	(586, 344)	[(-126, 594, 828), (-72, 594, 864), (-36, 594, 828), (0, 594, 792), (0, 594, 864), (54, 558, 1008), (-36, 576, 900), (0, 576, 882), (-18, 576, 900), (-36, 576, 882), (-36, 576, 864), (-72, 558, 954), (-72, 576, 846), (-54, 576, 810), (-54, 576, 846), (-36, 576, 918), (-36, 558, 954), (0, 576, 900), (-36, 612, 828), (-90, 594, 810), (-72, 558, 918), (-72, 576, 900), (-18, 576, 846), (0, 594, 882), (36, 612, 882)]	(9545, 12963, 10690, 11936, 12860, 11569, 5095, 5953, 4023, 8524, 5636, 6091, 4397, 6219, 8970, 7771, 11391, 20176, 15130, 9283, 15890, 14773, 12363, 2066)
e	1936228	(593, 336)	[(0, 594, 864), (54, 558, 1008), (-36, 576, 900), (0, 576, 882), (-18, 576, 900), (-36, 576, 882), (-36, 576, 864), (-72, 558, 954), (-72, 576, 846), (-54, 576, 810), (-54, 576, 846), (-36, 576, 918), (-36, 558, 954), (0, 576, 900), (-36, 612, 828), (-90, 594, 810), (-72, 558, 918), (-72, 576, 900), (-18, 576, 846), (0, 594, 882), (36, 612, 882), (-54, 558, 936), (36, 612, 882), (36, 576, 774), (18, 576, 810)]	(9536, 12967, 10696, 11933, 12868, 11585, 5072, 5922, 4015, 8498, 5625, 6083, 4390, 6204, 8855, 7779, 11389, 20152, 15114, 9273, 15875, 14768, 12356, 2061)
k	1937042	(667, 93)	[(36, 468, 936), (36, 468, 900), (36, 486, 900), (54, 486, 918), (54, 468, 936), (18, 468, 936), (18, 468, 972), (36, 468, 936), (36, 468, 936), (54, 486, 900), (18, 486, 936), (36, 468, 972), (36, 468, 918), (36, 486, 900), (36, 486, 882), (18, 486, 954), (18, 468, 954), (18, 468, 936), (-18, 468, 954), (36, 468, 972), (36, 486, 864), (36, 504, 900), (72, 522, 918), (90, 504, 954), (72, 486, 972)]	(9504, 12665, 10160, 10466, 12733, 11795, 5147, 5841, 3991, 8472, 5622, 6060, 4323, 6191, 8238, 7616, 11557, 20262, 15310, 17017, 15737, 14747, 12378, 2056)
