Please hold the phone in your right hand and type with you right thumb
z	732815	(727, 394)	[(18, 540, 882), (18, 558, 846), (36, 558, 882), (36, 558, 918), (0, 522, 936), (-36, 522, 954), (-54, 522, 864), (-54, 558, 810), (-36, 540, 900), (36, 540, 1008), (0, 522, 936), (-54, 558, 828), (-36, 576, 846), (18, 558, 882), (-36, 540, 882), (-72, 576, 828), (-72, 558, 882), (-90, 576, 882), (-72, 558, 864), (-72, 594, 810), (-36, 576, 918), (-72, 576, 864), (-72, 594, 810), (-72, 594, 882), (-72, 576, 864)]	(9515, 13154, 10472, 10949, 11744, 10453, 6145, 6090, 3969, 7235, 5694, 6190, 4579, 7162, 8998, 7308, 11670, 21160, 16868, 16080, 16176, 13431, 12051, 2013)
n	734180	(741, 164)	[(18, 540, 900), (36, 558, 846), (18, 558, 864), (18, 540, 900), (18, 504, 936), (18, 522, 936), (0, 540, 936), (-36, 522, 882), (-54, 540, 864), (-54, 540, 846), (-18, 540, 936), (-36, 504, 990), (0, 522, 936), (-36, 540, 864), (-36, 558, 846), (-54, 558, 864), (-36, 558, 936), (-36, 522, 972), (-36, 522, 900), (-54, 558, 846), (-36, 576, 828), (-36, 576, 846), (-36, 558, 882), (0, 558, 900), (-36, 522, 918)]	(9488, 12736, 9992, 10234, 11708, 10482, 6405, 6105, 4034, 7295, 5833, 6295, 4623, 7446, 9094, 7409, 11649, 21035, 16287, 15990, 15960, 13408, 12023, 2010)
v	735360	(749, 234)	[(18, 540, 936), (-18, 540, 900), (-18, 558, 846), (-36, 522, 882), (18, 540, 972), (-18, 540, 936), (-54, 540, 864), (-36, 540, 900), (-54, 540, 936), (-54, 540, 882), (-90, 540, 846), (-72, 540, 882), (-54, 540, 918), (-72, 540, 900), (-90, 540, 882), (-90, 558, 882), (-72, 558, 882), (-54, 558, 918), (-72, 558, 882), (-72, 540, 900), (-54, 522, 918), (-72, 558, 882), (-90, 540, 864), (-72, 558, 882), (-54, 558, 918)]	(9495, 12851, 10178, 10436, 11710, 10447, 6307, 6102, 4008, 7249, 5815, 6318, 4644, 7434, 9135, 7456, 11679, 21218, 16305, 16009, 15979, 13404, 12045, 2021)
a	736524	(650, 423)	[(-72, 540, 882), (-36, 558, 936), (-54, 576, 936), (-72, 540, 882), (-72, 558, 864), (-72, 558, 882), (-90, 540, 900), (-90, 558, 900), (-72, 576, 918), (-54, 558, 846), (-108, 594, 846), (-108, 594, 810), (-108, 594, 828), (-90, 612, 936), (-90, 576, 900), (-126, 594, 846), (-108, 612, 756), (-126, 648, 828), (-126, 648, 846), (-144, 612, 846), (-144, 630, 882), (-162, 630, 810), (-144, 648, 792), (-126, 630, 810), (-108, 648, 756)]	(9507, 13075, 10680, 11792, 11745, 10634, 6201, 6215, 3937, 7220, 5762, 6249, 4554, 7319, 8835, 7304, 11734, 21039, 16760, 16025, 16330, 13398, 12052, 2013)
l	737754	(682, 59)	[(-54, 576, 846), (-72, 576, 846), (-54, 576, 864), (-72, 558, 900), (-90, 558, 882), (-90, 576, 900), (-90, 558, 864), (-72, 558, 864), (-54, 558, 810), (18, 576, 864), (18, 558, 918), (18, 540, 936), (36, 558, 954), (18, 540, 936), (0, 540, 882), (-36, 558, 810), (-54, 558, 864), (-36, 558, 918), (-36, 540, 972), (-18, 522, 936), (-54, 540, 828), (-36, 612, 828), (36, 576, 918), (18, 558, 972), (-18, 540, 900)]	(9475, 12598, 9900, 10232, 11700, 10931, 6584, 6156, 4088, 7350, 5825, 6319, 4668, 7482, 9160, 7479, 11561, 21016, 16220, 16026, 15979, 13403, 12014, 2010)
b	738917	(743, 216)	[(-36, 558, 900), (-54, 558, 882), (-36, 558, 900), (-36, 558, 918), (-54, 576, 828), (-54, 576, 900), (-36, 540, 918), (18, 576, 900), (-36, 558, 864), (-54, 576, 828), (-90, 558, 864), (-72, 558, 846), (-54, 576, 900), (-36, 558, 918), (-72, 576, 900), (-54, 594, 882), (-54, 558, 864), (-54, 594, 864), (-72, 576, 846), (-54, 576, 882), (-72, 576, 900), (-90, 576, 864), (-72, 612, 846), (-72, 594, 846), (-54, 576, 846)]	(9489, 12758, 10052, 10328, 11712, 10435, 6314, 6036, 4020, 7284, 5802, 6231, 4608, 7327, 9019, 7401, 11620, 21124, 16131, 15952, 15943, 13392, 12026, 2013)
h	740300	(658, 196)	[(-54, 594, 864), (-54, 576, 882), (-72, 558, 882), (-54, 576, 918), (-54, 558, 918), (-72, 576, 882), (-72, 594, 846), (-54, 576, 900), (-54, 576, 900), (-72, 576, 846), (-90, 594, 846), (-72, 594, 882), (-72, 612, 846), (-72, 612, 828), (-54, 612, 900), (-36, 630, 828), (-90, 630, 774), (-108, 612, 810), (-108, 594, 846), (-108, 612, 810), (-90, 630, 846), (-36, 630, 882), (18, 612, 918), (-18, 612, 864), (-54, 630, 864)]	(9486, 12750, 10174, 10703, 11713, 10482, 6370, 6083, 4050, 7268, 5878, 6303, 4573, 7535, 9106, 7410, 11709, 21257, 16119, 15935, 15940, 13410, 12018, 2021)
b	741683	(745, 200)	[(-72, 594, 864), (-54, 612, 882), (-54, 576, 864), (-72, 576, 882), (-90, 594, 846), (-108, 594, 864), (-72, 594, 864), (-72, 594, 828), (-90, 612, 846), (-54, 612, 864), (-54, 630, 846), (-54, 630, 846), (-90, 612, 846), (-90, 594, 882), (-54, 594, 882), (-90, 612, 846), (-72, 612, 846), (-72, 612, 846), (-54, 594, 918), (-90, 594, 864), (-90, 594, 810), (-108, 612, 864), (-90, 612, 846), (-72, 594, 954), (-36, 594, 900)]	(9492, 12731, 10066, 10360, 11705, 10471, 6237, 6086, 4040, 7260, 5806, 6294, 4581, 7460, 9101, 7353, 11633, 21198, 16089, 15938, 15948, 13397, 12020, 2023)
o	743110	(580, 94)	[(-36, 594, 864), (-54, 612, 792), (-90, 594, 828), (-90, 576, 882), (-54, 576, 864), (-36, 576, 918), (-36, 558, 936), (-54, 576, 900), (-36, 576, 900), (-54, 594, 882), (-72, 612, 828), (-90, 594, 846), (-90, 594, 828), (-72, 612, 864), (-36, 594, 900), (-72, 612, 810), (-54, 612, 882), (-72, 612, 846), (-90, 612, 810), (-72, 612, 864), (-54, 630, 918), (0, 612, 918), (-36, 594, 846), (-54, 612, 810), (-108, 630, 846)]	(9478, 12572, 10160, 10772, 11704, 10571, 6283, 6123, 4187, 7344, 5899, 6308, 4655, 7597, 9260, 7409, 11625, 21156, 16115, 15926, 15915, 13375, 12009, 2027)
r	744371	(579, 304)	[(-54, 576, 900), (-54, 576, 864), (-90, 594, 864), (-72, 558, 918), (-72, 576, 936), (-72, 576, 900), (-54, 594, 828), (-54, 612, 810), (-72, 630, 846), (-90, 612, 954), (-90, 612, 846), (-108, 648, 774), (-108, 630, 828), (-72, 648, 846), (-90, 648, 810), (-90, 630, 828), (-72, 648, 810), (-90, 630, 882), (-108, 630, 846), (-108, 648, 774), (-90, 666, 810), (-108, 666, 756), (-126, 684, 774), (-108, 648, 864), (-90, 630, 864)]	(9488, 12765, 10450, 11675, 11738, 10732, 6294, 6202, 4108, 7299, 5800, 6296, 4584, 7552, 9157, 7471, 11744, 21256, 16336, 15997, 16041, 13391, 12055, 2032)
c	745652	(743, 287)	[(-72, 594, 864), (-54, 576, 936), (-72, 576, 900), (-72, 576, 882), (-90, 576, 864), (-72, 576, 828), (-72, 612, 918), (-72, 540, 936), (-90, 594, 864), (-90, 612, 828), (-108, 594, 792), (-90, 594, 792), (-90, 612, 846), (-72, 594, 936), (-90, 594, 900), (-90, 594, 846), (-108, 594, 828), (-90, 612, 774), (-108, 630, 882), (-108, 594, 954), (-90, 594, 864), (-108, 612, 792), (-108, 630, 792), (-72, 594, 846), (-54, 594, 936)]	(9495, 12771, 10105, 10410, 11699, 10456, 6190, 6010, 4014, 7271, 5723, 6163, 4623, 7390, 9203, 7364, 11621, 21310, 16232, 15962, 15966, 13394, 12031, 2024)
e	751407	(584, 349)	[(-126, 594, 864), (-36, 576, 882), (18, 594, 900), (18, 612, 882), (-54, 630, 900), (-108, 648, 846), (-162, 630, 792), (-162, 630, 774), (-126, 630, 882), (-108, 612, 882), (-90, 630, 882), (-108, 648, 864), (-126, 648, 792), (-108, 648, 810), (-108, 648, 828), (-108, 666, 846), (-126, 666, 792), (-162, 666, 774), (-162, 648, 792), (-162, 666, 828), (-126, 684, 810), (-108, 702, 756), (-108, 684, 774), (-108, 684, 792), (-126, 684, 828)]	(9493, 13006, 10751, 11948, 11766, 10640, 6127, 6144, 3984, 7247, 5704, 6134, 4573, 7272, 8973, 7314, 11621, 21204, 16822, 16109, 16549, 13433, 12041, 2019)
y	752753	(590, 214)	[(-72, 594, 864), (-54, 576, 846), (-54, 576, 864), (-36, 594, 864), (0, 594, 900), (-54, 558, 918), (-72, 576, 846), (-90, 576, 846), (-72, 576, 936), (-72, 558, 954), (-72, 558, 900), (-72, 594, 828), (-72, 612, 792), (-72, 612, 900), (-72, 576, 900), (-54, 612, 846), (-54, 612, 864), (-54, 612, 828), (-36, 612, 846), (-72, 612, 900), (-108, 612, 810), (-126, 612, 774), (-108, 630, 864), (-72, 630, 918), (-72, 612, 864)]	(9488, 12894, 10572, 11700, 11743, 10570, 6272, 6126, 4030, 7310, 5743, 6237, 4636, 7499, 9132, 7433, 11705, 21270, 16508, 16110, 16205, 13454, 12044, 2020)
d	754484	(653, 327)	[(-36, 612, 810), (-54, 612, 882), (-54, 594, 918), (-72, 612, 846), (-72, 594, 864), (-72, 594, 864), (-54, 612, 882), (-54, 612, 882), (-54, 594, 828), (-36, 612, 864), (-54, 612, 846), (-72, 594, 882), (-54, 612, 828), (-54, 630, 846), (-72, 630, 864), (-90, 612, 864), (-72, 612, 828), (-72, 630, 828), (-72, 630, 828), (-90, 630, 828), (-144, 666, 792), (-90, 612, 900), (-54, 630, 900), (-54, 630, 828), (-72, 648, 810)]	(9505, 12938, 10431, 11482, 11743, 10531, 6075, 6030, 3942, 7247, 5667, 6131, 4507, 7166, 9002, 7316, 11600, 21160, 16584, 16100, 16261, 13430, 12031, 2017)
e	755717	(585, 343)	[(-54, 594, 882), (-72, 576, 900), (-90, 594, 900), (-72, 594, 846), (-54, 612, 900), (-36, 630, 882), (-54, 612, 864), (-90, 630, 792), (-108, 648, 810), (-72, 648, 846), (-108, 648, 810), (-90, 666, 810), (-108, 666, 792), (-108, 666, 774), (-108, 666, 810), (-126, 648, 846), (-90, 666, 810), (-126, 684, 756), (-144, 684, 756), (-126, 684, 864), (-108, 666, 828), (-90, 684, 792), (-90, 702, 756), (-108, 684, 774), (-90, 666, 828)]	(9489, 12773, 10557, 11772, 11770, 10848, 6106, 6075, 4014, 7332, 5735, 6232, 4580, 7232, 9109, 7290, 11574, 21147, 16602, 15999, 16339, 13391, 12028, 2016)
n	756982	(746, 142)	[(-36, 558, 936), (-36, 576, 954), (-54, 576, 864), (-54, 576, 828), (-54, 576, 828), (-72, 558, 864), (-54, 558, 882), (-54, 558, 954), (-36, 540, 972), (0, 540, 918), (-36, 558, 864), (-72, 558, 864), (-54, 558, 846), (-72, 576, 900), (-72, 558, 882), (-72, 558, 882), (-72, 576, 882), (-72, 558, 900), (-72, 558, 900), (-54, 540, 900), (-90, 612, 900), (-72, 594, 846), (-54, 594, 828), (0, 594, 828), (-54, 576, 900)]	(9496, 12797, 10006, 10264, 11723, 10558, 6247, 6030, 4035, 7338, 5804, 6235, 4603, 7395, 9189, 7393, 11584, 21106, 16205, 16018, 16004, 13410, 12029, 2010)
m	758113	(747, 114)	[(-54, 540, 900), (-54, 558, 882), (-54, 558, 882), (-36, 540, 900), (-36, 558, 900), (-54, 540, 900), (-72, 540, 900), (-72, 558, 900), (-72, 540, 882), (-54, 540, 882), (-54, 558, 882), (-36, 558, 918), (0, 540, 900), (0, 576, 864), (-36, 558, 900), (-72, 558, 882), (-72, 558, 900), (-72, 540, 900), (-54, 558, 882), (-54, 558, 864), (-54, 558, 918), (-90, 576, 900), (-36, 540, 972), (-54, 558, 900), (-54, 558, 810)]	(9494, 12775, 10046, 10275, 11707, 10407, 6146, 6037, 3950, 7218, 5754, 6169, 4524, 7350, 8965, 7425, 11574, 20994, 16165, 15994, 15976, 13415, 12011, 2015)
f	759375	(662, 296)	[(-54, 558, 882), (-72, 558, 864), (-72, 540, 918), (-54, 540, 954), (-54, 540, 918), (-72, 576, 864), (-54, 558, 900), (-36, 576, 864), (-36, 594, 900), (-54, 576, 882), (-90, 594, 828), (-90, 594, 828), (-72, 594, 864), (-72, 612, 846), (-90, 612, 846), (-90, 594, 846), (-72, 612, 828), (-72, 612, 882), (-72, 612, 846), (-108, 594, 810), (-126, 612, 900), (-90, 612, 864), (-90, 612, 828), (-72, 612, 774), (-90, 648, 774)]	(9501, 12921, 10354, 11426, 11737, 10529, 6188, 6108, 3960, 7232, 5651, 6104, 4578, 7355, 9011, 7353, 11626, 21139, 16396, 16075, 16152, 13402, 12037, 2010)
u	760660	(569, 177)	[(-36, 576, 900), (-54, 594, 864), (-54, 594, 882), (-54, 594, 864), (-54, 594, 864), (-54, 576, 864), (-54, 576, 936), (-72, 576, 918), (-90, 612, 792), (-90, 630, 810), (-36, 612, 882), (-72, 594, 882), (-72, 612, 864), (-72, 612, 828), (-72, 612, 846), (-72, 612, 864), (-90, 630, 846), (-108, 630, 828), (-72, 666, 792), (-54, 666, 774), (-54, 684, 720), (-90, 648, 846), (-90, 648, 882), (-90, 648, 828), (-108, 648, 792)]	(9462, 12560, 10420, 11540, 11761, 10932, 6269, 6207, 4195, 7486, 5946, 6383, 4710, 7535, 9565, 7462, 11647, 21308, 16369, 15969, 16058, 13393, 12038, 2038)
p	761772	(590, 14)	[(-72, 612, 828), (-54, 612, 882), (-54, 612, 900), (-72, 594, 846), (-54, 594, 846), (-54, 594, 864), (-54, 594, 864), (-54, 594, 846), (-36, 612, 882), (-36, 612, 846), (-72, 594, 846), (-72, 594, 864), (-72, 576, 900), (-54, 576, 900), (-36, 576, 918), (-36, 576, 900), (-36, 594, 828), (-36, 594, 882), (-54, 594, 900), (-90, 558, 882), (-126, 558, 900), (-108, 594, 864), (0, 612, 882), (36, 612, 846), (0, 612, 810)]	(9468, 12612, 10246, 10695, 11705, 10552, 6183, 6049, 4020, 7347, 5768, 6240, 4568, 7280, 9067, 7408, 11510, 20940, 16187, 16009, 15973, 13395, 12011, 2010)
o	763035	(583, 90)	[(-36, 612, 900), (-54, 576, 882), (-90, 576, 810), (-72, 576, 882), (-90, 558, 882), (-54, 594, 864), (18, 576, 882), (-36, 594, 882), (-36, 594, 882), (-54, 594, 882), (-72, 576, 864), (-72, 558, 882), (-54, 576, 918), (-54, 594, 864), (-54, 594, 846), (-36, 594, 846), (-54, 576, 846), (-90, 576, 864), (-90, 558, 882), (-72, 576, 882), (-54, 576, 846), (-72, 576, 900), (-54, 576, 936), (-54, 594, 864), (-72, 594, 828)]	(9481, 12711, 10367, 11269, 11732, 10672, 6276, 6109, 4040, 7347, 5800, 6213, 4579, 7349, 9101, 7476, 11545, 20972, 16300, 16067, 16036, 13420, 12020, 2014)
z	764196	(732, 384)	[(-36, 576, 882), (-54, 576, 882), (-72, 576, 864), (-54, 576, 882), (-54, 576, 900), (-54, 576, 936), (-90, 558, 900), (-90, 576, 810), (-72, 612, 774), (-54, 630, 828), (-72, 576, 900), (-54, 576, 918), (-54, 594, 810), (-126, 612, 792), (-126, 612, 882), (-126, 576, 882), (-126, 576, 918), (-126, 594, 882), (-126, 594, 810), (-144, 630, 738), (-90, 612, 918), (-72, 594, 936), (-90, 612, 828), (-90, 630, 792), (-90, 612, 828)]	(9501, 13150, 10236, 10864, 11751, 10768, 6125, 5880, 3855, 7232, 5602, 6138, 4435, 6817, 8807, 7319, 11501, 20734, 16665, 16064, 16209, 13404, 12021, 2001)
s	765378	(660, 377)	[(-72, 558, 900), (-72, 576, 864), (-72, 558, 918), (-72, 558, 918), (-90, 576, 864), (-36, 594, 918), (-72, 576, 882), (-108, 576, 882), (-108, 576, 882), (-108, 594, 846), (-108, 612, 864), (-108, 612, 846), (-108, 612, 828), (-90, 630, 810), (-108, 648, 810), (-126, 612, 864), (-108, 648, 810), (-126, 630, 846), (-144, 648, 774), (-144, 666, 792), (-126, 630, 846), (-126, 648, 810), (-108, 648, 756), (-90, 630, 882), (-108, 630, 900)]	(9483, 12807, 10285, 11340, 11757, 10837, 6110, 5972, 3922, 7357, 5666, 6128, 4561, 7016, 9098, 7332, 11552, 21017, 16498, 16007, 16259, 13379, 12024, 1988)
q	766545	(571, 456)	[(-54, 594, 846), (-54, 594, 828), (-36, 594, 900), (-54, 576, 900), (-72, 576, 864), (-90, 558, 900), (-108, 558, 918), (-90, 576, 846), (-72, 612, 846), (-36, 612, 900), (0, 612, 900), (-108, 612, 846), (-90, 648, 810), (-54, 666, 810), (-54, 666, 792), (-72, 684, 774), (-126, 666, 738), (-144, 648, 828), (-108, 666, 972), (-144, 684, 864), (-180, 738, 504), (-90, 720, 792), (-90, 720, 828), (-90, 738, 792), (-72, 720, 720)]	(9499, 12978, 10837, 12096, 11742, 10603, 5843, 6231, 3913, 7001, 5569, 6149, 4415, 6391, 7516, 7095, 11446, 20246, 17174, 16103, 16788, 13377, 12019, 1990)
y	767774	(580, 211)	[(-72, 576, 864), (-54, 594, 882), (-54, 594, 882), (-72, 594, 846), (-72, 594, 846), (-36, 594, 954), (-54, 576, 900), (-72, 594, 792), (-54, 630, 864), (-36, 630, 864), (-54, 612, 900), (-54, 612, 864), (-72, 630, 792), (-90, 648, 774), (-108, 630, 810), (-90, 630, 846), (-90, 630, 846), (-72, 630, 882), (-90, 630, 882), (-108, 630, 810), (-108, 630, 792), (-90, 630, 828), (-72, 648, 810), (-72, 648, 792), (-36, 630, 936)]	(9485, 12643, 10243, 11346, 11779, 11352, 6405, 6194, 4230, 7486, 5870, 6377, 4634, 7678, 9140, 7380, 11657, 21042, 16369, 15969, 16116, 13363, 12037, 2025)
s	768886	(667, 383)	[(-54, 648, 774), (-72, 648, 828), (-54, 630, 918), (-72, 612, 864), (-72, 630, 810), (-36, 648, 846), (-54, 630, 882), (-90, 612, 810), (-72, 630, 810), (-54, 648, 864), (-72, 648, 846), (-90, 648, 828), (-72, 648, 864), (-90, 630, 864), (-90, 648, 810), (-126, 648, 828), (-126, 630, 810), (-108, 648, 882), (-126, 630, 864), (-162, 666, 702), (-126, 666, 738), (-126, 666, 792), (-108, 684, 846), (-108, 648, 864), (-144, 648, 792)]	(9500, 12941, 10347, 11370, 11780, 11046, 6252, 6038, 4006, 7299, 5670, 6181, 4553, 7387, 8895, 7240, 11629, 21052, 16621, 15995, 16367, 13366, 12034, 2020)
q	770053	(580, 450)	[(-72, 612, 864), (-72, 594, 846), (-72, 612, 864), (-54, 612, 900), (-72, 612, 918), (-108, 594, 900), (-108, 594, 846), (-90, 612, 828), (-36, 630, 864), (-72, 612, 810), (-144, 648, 810), (-108, 648, 846), (-90, 648, 918), (-90, 666, 738), (-108, 702, 774), (-144, 666, 864), (-180, 684, 738), (-144, 684, 720), (-180, 720, 774), (-162, 702, 810), (-162, 720, 828), (-144, 720, 738), (-108, 720, 738), (-108, 738, 684), (-90, 738, 774)]	(9494, 12969, 10813, 12063, 11790, 11371, 6175, 6170, 3995, 7195, 5541, 6169, 4503, 7017, 8213, 7134, 11662, 20462, 17171, 16112, 16940, 13395, 12052, 1983)
g	771393	(670, 256)	[(-72, 612, 828), (-72, 612, 882), (-90, 594, 882), (-72, 594, 864), (-72, 594, 846), (-54, 612, 864), (-72, 612, 864), (-72, 594, 846), (-36, 594, 864), (-54, 612, 864), (-72, 594, 864), (-90, 612, 846), (-72, 594, 882), (-72, 612, 864), (-90, 612, 864), (-72, 612, 864), (-72, 630, 846), (-72, 630, 828), (-54, 630, 828), (-90, 612, 864), (-162, 612, 792), (-162, 612, 828), (-126, 630, 828), (-90, 648, 792), (-54, 648, 792)]	(9489, 12788, 10215, 10800, 11773, 11033, 6360, 6157, 4160, 7375, 5874, 6326, 4636, 7760, 9075, 7375, 11742, 21087, 16368, 15980, 16209, 13381, 12031, 2020)
f	772623	(669, 293)	[(-54, 612, 918), (-72, 612, 882), (-54, 630, 846), (-72, 630, 792), (-90, 612, 864), (-108, 612, 900), (-90, 594, 864), (-90, 612, 846), (-90, 594, 864), (-90, 612, 846), (-90, 594, 846), (-90, 612, 864), (-72, 612, 882), (-72, 630, 918), (-90, 612, 846), (-108, 612, 810), (-90, 630, 810), (-72, 648, 828), (-90, 630, 864), (-108, 612, 846), (-126, 630, 810), (-108, 630, 864), (-108, 630, 846), (-90, 630, 828), (-72, 630, 882)]	(9485, 12785, 10235, 11248, 11757, 10863, 6247, 6020, 4020, 7352, 5802, 6214, 4615, 7658, 8948, 7331, 11696, 21067, 16388, 15982, 16232, 13368, 12033, 2030)
t	773936	(588, 267)	[(-90, 630, 846), (-90, 594, 864), (-90, 612, 864), (-108, 612, 864), (-108, 612, 864), (-90, 612, 828), (-90, 630, 882), (-90, 630, 882), (-90, 630, 828), (-90, 630, 846), (-90, 648, 846), (-90, 630, 846), (-108, 648, 810), (-108, 648, 810), (-108, 648, 828), (-108, 648, 810), (-108, 666, 810), (-72, 666, 792), (-90, 648, 828), (-126, 648, 828), (-144, 630, 792), (-144, 648, 810), (-108, 648, 810), (-90, 666, 792), (-72, 684, 810)]	(9495, 12805, 10459, 11658, 11773, 11002, 6293, 6146, 4091, 7362, 5796, 6276, 4596, 7774, 8923, 7310, 11792, 21079, 16487, 16003, 16307, 13387, 12042, 2021)
k	775268	(641, 101)	[(-108, 630, 810), (-72, 612, 882), (-54, 594, 900), (-72, 612, 828), (-90, 612, 810), (-108, 576, 828), (-72, 576, 864), (-54, 594, 918), (-72, 558, 918), (-54, 576, 954), (-72, 594, 882), (-90, 612, 810), (-108, 594, 792), (-108, 594, 846), (-90, 576, 900), (-90, 594, 882), (-90, 576, 900), (-90, 594, 864), (-108, 594, 828), (-126, 612, 756), (-108, 576, 846), (-126, 612, 900), (-90, 594, 936), (-36, 558, 936), (-36, 612, 810)]	(9475, 12657, 10139, 10531, 11729, 10725, 6212, 6020, 4019, 7323, 5781, 6203, 4548, 7576, 8790, 7323, 11598, 20822, 16240, 15943, 16108, 13350, 12019, 2018)
c	776552	(734, 297)	[(-72, 594, 900), (-72, 594, 918), (-90, 594, 846), (-126, 594, 792), (-90, 594, 846), (-90, 594, 882), (-72, 594, 882), (-72, 594, 900), (-108, 594, 882), (-108, 594, 810), (-90, 612, 828), (-126, 612, 846), (-90, 594, 864), (-72, 612, 918), (-126, 594, 864), (-108, 612, 828), (-108, 612, 828), (-126, 612, 846), (-126, 612, 864), (-126, 612, 882), (-126, 630, 828), (-108, 630, 810), (-108, 630, 846), (-108, 594, 864), (-126, 612, 864)]	(9485, 12862, 10149, 10639, 11740, 10772, 6227, 5953, 3949, 7317, 5739, 6192, 4546, 7573, 8931, 7268, 11690, 21054, 16382, 15952, 16244, 13367, 12030, 2021)
u	778801	(580, 164)	[(-108, 630, 918), (-90, 630, 864), (-90, 630, 828), (-108, 630, 828), (-108, 630, 810), (-108, 630, 828), (-90, 630, 882), (-90, 630, 864), (-108, 630, 846), (-126, 630, 828), (-108, 630, 828), (-108, 630, 846), (-108, 630, 828), (-108, 630, 810), (-108, 630, 846), (-108, 630, 864), (-108, 630, 846), (-90, 630, 846), (-108, 648, 792), (-108, 648, 810), (-126, 630, 846), (-108, 630, 864), (-126, 630, 810), (-90, 666, 810), (-90, 648, 846)]	(9470, 12574, 10321, 11400, 11759, 11106, 6299, 6205, 4152, 7447, 5857, 6364, 4626, 7849, 9189, 7282, 11737, 21130, 16360, 15932, 16216, 13356, 12035, 2032)
p	779972	(570, 16)	[(-126, 630, 810), (-126, 630, 828), (-126, 630, 810), (-108, 630, 882), (-72, 612, 882), (-90, 630, 846), (-72, 612, 828), (-108, 630, 828), (-90, 630, 828), (-90, 630, 810), (-90, 612, 864), (-108, 594, 918), (-108, 594, 864), (-90, 612, 864), (-72, 594, 846), (-72, 630, 864), (-72, 612, 846), (-90, 612, 828), (-126, 594, 828), (-162, 594, 828), (-126, 612, 936), (-36, 612, 918), (-36, 630, 792), (-72, 630, 774), (-90, 630, 828)]	(9475, 12572, 10271, 11070, 11717, 10698, 6255, 6100, 4005, 7333, 5853, 6240, 4587, 7726, 8868, 7319, 11652, 20873, 16259, 15931, 16135, 13345, 12029, 2020)
k	781206	(651, 91)	[(-90, 612, 846), (-72, 594, 846), (-54, 612, 828), (-36, 612, 882), (-90, 594, 900), (-108, 576, 864), (-90, 594, 846), (-72, 594, 864), (-90, 594, 846), (-72, 612, 846), (-72, 576, 936), (-72, 594, 900), (-72, 612, 864), (-72, 612, 810), (-72, 612, 882), (-72, 576, 882), (-108, 594, 846), (-90, 594, 864), (-108, 594, 828), (-90, 594, 828), (-90, 612, 882), (-72, 594, 900), (-54, 612, 864), (-54, 612, 828), (-54, 612, 828)]	(9474, 12698, 10302, 11205, 11726, 10746, 6245, 6045, 4011, 7278, 5799, 6175, 4589, 7693, 8790, 7322, 11690, 20868, 16306, 15999, 16196, 13368, 12029, 2017)
m	782416	(748, 93)	[(-54, 594, 846), (-90, 594, 846), (-108, 576, 864), (-90, 576, 882), (-72, 594, 882), (-72, 594, 828), (-72, 576, 900), (-72, 594, 864), (-90, 594, 882), (-72, 594, 900), (-90, 594, 864), (-90, 594, 864), (-72, 594, 846), (-72, 612, 828), (-90, 594, 864), (-90, 576, 882), (-90, 594, 900), (-54, 594, 864), (-90, 594, 846), (-108, 594, 846), (-108, 594, 846), (-126, 594, 846), (-54, 576, 918), (-36, 594, 882), (-90, 612, 810)]	(9477, 12747, 10313, 11156, 11727, 10734, 6265, 6029, 3974, 7259, 5700, 6171, 4540, 7639, 8687, 7318, 11665, 20779, 16340, 16025, 16199, 13384, 12021, 2020)
x	783695	(746, 341)	[(-90, 612, 864), (-90, 594, 882), (-54, 594, 918), (-90, 594, 864), (-144, 594, 792), (-144, 594, 792), (-90, 594, 918), (-90, 612, 936), (-108, 594, 846), (-144, 594, 828), (-126, 558, 900), (-126, 558, 900), (-126, 594, 846), (-144, 594, 864), (-108, 558, 882), (-126, 594, 882), (-108, 576, 864), (-126, 576, 900), (-126, 558, 882), (-126, 594, 864), (-144, 612, 810), (-144, 594, 900), (-126, 594, 864), (-126, 594, 792), (-90, 612, 828)]	(9498, 13070, 10250, 10676, 11734, 10635, 6189, 5897, 3849, 7188, 5540, 6035, 4465, 7128, 8530, 7286, 11549, 20758, 16567, 16030, 16270, 13380, 12017, 2006)
r	785085	(579, 299)	[(-90, 576, 882), (-72, 594, 900), (-108, 576, 882), (-126, 576, 882), (-108, 558, 900), (-108, 576, 846), (-90, 594, 846), (-90, 594, 882), (-108, 612, 882), (-90, 612, 864), (-108, 612, 828), (-126, 612, 828), (-126, 612, 828), (-108, 630, 882), (-108, 630, 810), (-126, 648, 774), (-108, 630, 882), (-126, 648, 828), (-144, 648, 810), (-162, 666, 720), (-162, 666, 792), (-144, 630, 864), (-126, 666, 882), (-108, 666, 828), (-90, 666, 774)]	(9479, 12738, 10399, 11657, 11789, 11376, 6287, 6054, 4086, 7422, 5820, 6344, 4620, 7679, 9091, 7322, 11707, 21100, 16624, 15970, 16379, 13369, 12040, 2020)
j	786475	(665, 116)	[(-108, 558, 936), (-108, 558, 882), (-108, 558, 864), (-90, 558, 882), (-90, 576, 900), (-126, 558, 882), (-108, 540, 900), (-108, 558, 900), (-108, 558, 882), (-126, 576, 900), (-126, 558, 882), (-72, 576, 882), (-90, 558, 900), (-108, 558, 882), (-126, 576, 864), (-126, 558, 900), (-126, 558, 900), (-126, 558, 864), (-126, 558, 882), (-108, 576, 846), (-108, 558, 918), (-108, 558, 882), (-126, 558, 846), (-108, 576, 882), (-108, 576, 864)]	(9484, 12759, 10243, 10927, 11746, 10933, 6331, 6085, 4049, 7354, 5765, 6175, 4564, 7615, 8930, 7392, 11636, 20929, 16390, 16008, 16191, 13390, 12045, 2015)
g	787739	(669, 257)	[(-72, 576, 900), (-90, 558, 900), (-144, 558, 882), (-108, 558, 882), (-144, 576, 846), (-126, 576, 882), (-90, 576, 882), (-90, 594, 864), (-72, 576, 882), (-108, 576, 936), (-144, 576, 864), (-162, 576, 828), (-144, 576, 882), (-90, 576, 900), (-90, 576, 882), (-108, 594, 846), (-126, 612, 864), (-126, 576, 846), (-144, 594, 828), (-126, 576, 846), (-126, 594, 882), (-108, 594, 882), (-108, 612, 846), (-108, 612, 828), (-90, 612, 846)]	(9474, 12810, 10309, 11347, 11760, 10909, 6314, 6061, 3965, 7334, 5713, 6220, 4586, 7579, 8921, 7326, 11655, 21022, 16478, 16007, 16242, 13385, 12035, 2005)
l	789022	(659, 23)	[(-126, 576, 846), (-126, 576, 846), (-126, 576, 882), (-90, 594, 864), (-72, 594, 864), (-108, 576, 882), (-108, 576, 882), (-108, 576, 846), (-108, 576, 864), (-108, 576, 864), (-90, 576, 882), (-36, 576, 936), (-108, 558, 864), (-108, 558, 864), (-108, 558, 882), (-72, 558, 882), (-90, 576, 846), (-90, 558, 864), (-90, 576, 846), (-72, 558, 882), (-108, 558, 900), (-72, 576, 882), (-36, 558, 918), (-72, 594, 828), (-72, 576, 882)]	(9476, 12680, 10265, 11001, 11720, 10650, 6192, 5998, 4032, 7227, 5738, 6151, 4538, 7550, 8740, 7329, 11579, 20813, 16307, 15964, 16148, 13371, 12015, 2013)
i	790251	(583, 152)	[(-54, 576, 900), (-72, 558, 882), (-90, 558, 864), (-108, 558, 882), (-90, 576, 864), (-54, 558, 900), (-90, 576, 864), (-108, 558, 864), (-108, 558, 900), (-72, 540, 918), (-108, 576, 918), (-72, 576, 864), (0, 594, 864), (-54, 594, 882), (-72, 612, 846), (-90, 576, 864), (-108, 594, 864), (-90, 576, 828), (-126, 612, 828), (-90, 576, 882), (-72, 594, 882), (-90, 612, 828), (-90, 612, 828), (-90, 594, 864), (-90, 594, 882)]	(9486, 12738, 10474, 11615, 11728, 10628, 6251, 6154, 4163, 7278, 5815, 6237, 4604, 8121, 8920, 7365, 11830, 21011, 16416, 15985, 16210, 13381, 12029, 2017)
d	791520	(664, 335)	[(-72, 594, 936), (-72, 576, 918), (-90, 612, 828), (-72, 594, 864), (-90, 594, 900), (-126, 594, 828), (-72, 612, 864), (-54, 612, 882), (-90, 612, 882), (-108, 594, 864), (-108, 630, 846), (-126, 612, 828), (-108, 612, 846), (-108, 612, 846), (-108, 612, 882), (-144, 612, 864), (-126, 612, 846), (-108, 612, 846), (-126, 630, 810), (-144, 612, 846), (-108, 612, 882), (-126, 612, 846), (-126, 648, 846), (-126, 612, 846), (-126, 612, 846)]	(9487, 12885, 10320, 11329, 11732, 10636, 6060, 5935, 3979, 7213, 5636, 6137, 4521, 7587, 8700, 7288, 11672, 20902, 16576, 15996, 16326, 13382, 12014, 2012)
w	792649	(583, 403)	[(-108, 594, 846), (-108, 594, 828), (-90, 612, 864), (-90, 612, 882), (-108, 594, 882), (-108, 594, 846), (-90, 594, 882), (-90, 612, 846), (-108, 612, 846), (-126, 594, 864), (-126, 576, 936), (-126, 612, 828), (-90, 648, 810), (-108, 648, 810), (-108, 666, 792), (-126, 648, 846), (-144, 648, 864), (-162, 648, 792), (-144, 648, 810), (-162, 666, 792), (-162, 684, 720), (-144, 702, 792), (-126, 684, 810), (-144, 684, 792), (-126, 684, 756)]	(9498, 12985, 10653, 11874, 11768, 10961, 6098, 6067, 3944, 7234, 5612, 6135, 4523, 7241, 8473, 7211, 11651, 20590, 16979, 16061, 16702, 13358, 12040, 1998)
x	793864	(740, 344)	[(-108, 612, 864), (-108, 612, 846), (-126, 612, 828), (-126, 612, 846), (-144, 594, 828), (-126, 612, 864), (-126, 594, 864), (-126, 594, 882), (-126, 612, 864), (-126, 630, 864), (-108, 612, 828), (-144, 612, 810), (-144, 630, 846), (-162, 594, 846), (-126, 612, 882), (-162, 594, 864), (-144, 594, 846), (-144, 612, 846), (-180, 648, 756), (-198, 630, 792), (-144, 630, 846), (-162, 630, 792), (-126, 630, 828), (-126, 630, 882), (-180, 612, 828)]	(9509, 13138, 10267, 10652, 11749, 10607, 6079, 5860, 3906, 7216, 5666, 6054, 4538, 7363, 8612, 7256, 11638, 20797, 16606, 16046, 16374, 13396, 12026, 2020)
i	795115	(572, 123)	[(-90, 558, 900), (-126, 558, 864), (-126, 558, 936), (-126, 540, 1062), (-108, 558, 990), (-108, 612, 810), (-126, 648, 684), (-108, 684, 702), (-54, 666, 756), (-126, 648, 864), (-162, 648, 810), (-144, 612, 792), (-144, 612, 810), (-180, 630, 900), (-126, 612, 918), (-90, 630, 864), (-72, 666, 810), (-72, 648, 810), (-144, 630, 846), (-144, 630, 828), (-126, 630, 792), (-126, 684, 756), (-72, 666, 828), (-54, 648, 846), (-36, 666, 846)]	(9456, 12435, 10142, 11315, 11809, 12460, 6415, 6178, 4238, 7563, 5911, 6401, 4550, 7195, 9125, 7336, 11505, 20705, 16548, 15972, 16255, 13370, 12016, 2021)
a	796330	(656, 433)	[(-72, 612, 846), (-90, 594, 882), (-90, 594, 882), (-90, 594, 864), (-108, 594, 864), (-72, 576, 900), (-72, 594, 954), (-90, 594, 828), (-72, 612, 810), (-90, 612, 846), (-90, 612, 846), (-90, 612, 900), (-162, 594, 972), (-180, 594, 864), (-108, 666, 720), (-108, 684, 810), (-126, 666, 702), (-108, 684, 810), (-162, 648, 882), (-162, 630, 936), (-198, 666, 756), (-162, 648, 720), (-162, 684, 756), (-108, 702, 792), (-108, 684, 864)]	(9487, 13009, 10477, 11586, 11812, 11800, 6215, 5871, 3881, 7327, 5540, 6053, 4430, 6775, 8546, 7153, 11474, 20574, 17241, 16061, 16644, 13384, 12008, 1980)
h	797591	(666, 195)	[(-72, 576, 918), (-54, 558, 882), (-54, 576, 864), (-36, 576, 882), (-36, 594, 900), (-54, 558, 882), (-90, 558, 846), (-90, 558, 828), (-90, 576, 864), (-36, 576, 864), (0, 558, 900), (-36, 558, 882), (-54, 558, 882), (-54, 558, 900), (-54, 558, 882), (-54, 558, 918), (-72, 558, 828), (-108, 576, 828), (-36, 540, 972), (-18, 540, 900), (18, 576, 828), (-36, 576, 864), (0, 558, 900), (-36, 558, 900), (-90, 540, 918)]	(9492, 12743, 10020, 10357, 11730, 10823, 6254, 5795, 3961, 7243, 5658, 6188, 4534, 7203, 8931, 7368, 11553, 20903, 16432, 16016, 16226, 13400, 12014, 2006)
w	798853	(573, 405)	[(-36, 540, 954), (-36, 558, 882), (-72, 558, 864), (-36, 576, 828), (-54, 594, 864), (18, 558, 882), (-72, 558, 972), (-72, 540, 954), (-108, 558, 900), (-72, 594, 810), (-36, 648, 828), (-72, 666, 846), (-108, 612, 900), (-90, 612, 864), (-108, 648, 774), (-108, 666, 738), (-108, 666, 792), (-144, 648, 792), (-180, 666, 846), (-108, 684, 810), (-90, 684, 756), (-36, 720, 738), (-36, 702, 810), (-36, 684, 828), (-90, 666, 774)]	(9520, 13173, 10812, 12057, 11769, 10480, 6052, 6066, 3932, 7029, 5531, 6114, 4507, 7722, 7959, 7199, 11970, 20430, 16876, 16082, 16890, 13374, 12014, 2004)
t	800135	(583, 263)	[(-54, 540, 936), (-72, 558, 864), (-36, 576, 846), (0, 576, 828), (-18, 576, 864), (-36, 558, 936), (-54, 540, 936), (-54, 540, 972), (-90, 558, 918), (-90, 540, 882), (-90, 558, 882), (-36, 594, 774), (-54, 612, 864), (-72, 576, 900), (-72, 594, 882), (-72, 612, 900), (-54, 612, 846), (-72, 612, 810), (-72, 648, 846), (-90, 630, 792), (-90, 630, 792), (-90, 630, 810), (-108, 648, 828), (-72, 630, 882), (-54, 612, 882)]	(9502, 12975, 10534, 11651, 11769, 10598, 6130, 6050, 4010, 7219, 5825, 6213, 4613, 8273, 8560, 7328, 11970, 20716, 16484, 15989, 16360, 13373, 12023, 2018)
v	801565	(731, 247)	[(-54, 576, 828), (-72, 576, 864), (-54, 594, 918), (-72, 576, 882), (-72, 576, 846), (-72, 576, 828), (-72, 594, 864), (-54, 576, 882), (-36, 558, 900), (-54, 576, 882), (-72, 576, 918), (-72, 576, 882), (-54, 594, 846), (-54, 594, 810), (-54, 594, 846), (-72, 576, 882), (-72, 594, 810), (-72, 594, 864), (-72, 576, 882), (-72, 558, 936), (-90, 576, 846), (-54, 612, 810), (-36, 630, 846), (-36, 612, 864), (-36, 576, 900)]	(9511, 13013, 10173, 10386, 11746, 10444, 6069, 5941, 3940, 7165, 5671, 6121, 4544, 8070, 8496, 7359, 11790, 20685, 16467, 15996, 16244, 13386, 12011, 1981)
j	802827	(666, 145)	[(-72, 576, 864), (-72, 576, 864), (-54, 576, 882), (-54, 576, 882), (-54, 576, 864), (-72, 594, 882), (-54, 558, 882), (-72, 558, 918), (-90, 558, 918), (-90, 576, 864), (-54, 576, 864), (-36, 594, 846), (-36, 594, 864), (-36, 576, 900), (-54, 558, 882), (-90, 558, 882), (-108, 558, 864), (-108, 594, 864), (-108, 594, 846), (-36, 594, 846), (-18, 594, 918), (-36, 576, 954), (-36, 576, 882), (-36, 594, 828), (-54, 594, 810)]	(9486, 12823, 10279, 10639, 11731, 10470, 6215, 5956, 4056, 7241, 5848, 6315, 4631, 8323, 8645, 7375, 11820, 20685, 16285, 15926, 16191, 13364, 12014, 2019)
