Please hold the phone in both hands. At each letter you will be instructed which thumb to use
left	t	886145	(580, 255)	[(18, 576, 828), (0, 594, 846), (0, 594, 846), (-72, 594, 918), (-36, 594, 972), (-18, 612, 864), (0, 612, 846), (0, 612, 792), (-36, 612, 792), (-36, 630, 864), (-36, 630, 846), (-54, 612, 846), (-54, 648, 828), (0, 612, 846), (18, 648, 864), (0, 630, 882), (-18, 648, 828), (-36, 648, 810), (0, 648, 810), (18, 666, 882), (-36, 666, 792), (-36, 666, 792), (0, 666, 828), (0, 666, 792), (18, 684, 774)]	(9479, 13366, 11544, 10377, 11722, 11923, 6392, 7330, 4823, 7124, 9013, 7093, 6555, 6956, 7555, 7282, 13170, 20738, 15770, 9184, 18364, 15211, 13108, 2023)
right	d	887638	(647, 350)	[(18, 612, 864), (-18, 612, 864), (0, 612, 882), (18, 612, 882), (18, 630, 846), (0, 612, 828), (0, 612, 864), (0, 630, 882), (18, 612, 864), (18, 612, 846), (0, 630, 828), (0, 630, 792), (0, 630, 792), (0, 630, 828), (0, 630, 864), (0, 630, 900), (0, 630, 882), (0, 612, 828), (0, 630, 882), (-36, 648, 846), (-36, 648, 810), (-18, 666, 828), (-36, 648, 810), (-54, 684, 756), (-36, 648, 756)]	(9490, 14161, 12419, 11631, 11765, 12014, 6460, 7230, 4844, 7164, 9898, 7001, 7220, 8217, 7775, 7343, 13732, 20962, 15630, 19057, 18851, 15367, 13036, 2021)
right	s	889186	(649, 390)	[(0, 612, 864), (-18, 630, 846), (0, 612, 864), (0, 612, 864), (0, 630, 846), (0, 630, 864), (0, 630, 846), (0, 612, 846), (0, 630, 846), (0, 612, 864), (0, 612, 846), (0, 630, 864), (0, 630, 864), (0, 630, 864), (0, 630, 810), (18, 630, 810), (-36, 630, 846), (-18, 630, 918), (-36, 630, 864), (-36, 648, 846), (-36, 648, 774), (-36, 666, 864), (-54, 648, 882), (-36, 666, 810), (0, 666, 792)]	(9470, 13830, 12176, 11400, 11744, 12058, 6346, 7352, 4823, 7184, 10693, 7009, 7011, 8378, 7783, 7294, 13535, 20688, 15359, 11366, 18660, 15183, 12966, 2022)
left	f	890572	(666, 294)	[(18, 612, 864), (0, 612, 864), (0, 612, 828), (0, 612, 846), (0, 612, 882), (0, 612, 882), (18, 612, 846), (0, 612, 846), (18, 612, 846), (18, 630, 882), (18, 612, 882), (0, 612, 846), (0, 630, 846), (18, 630, 864), (18, 630, 846), (18, 630, 828), (18, 630, 846), (18, 630, 846), (18, 648, 792), (36, 648, 846), (36, 648, 882), (18, 648, 882), (18, 666, 792), (36, 684, 738), (18, 684, 738)]	(9500, 14640, 13004, 10627, 11767, 12245, 5774, 6704, 4436, 7030, 7436, 6505, 6367, 6879, 7527, 7150, 13467, 21023, 15858, 19875, 19275, 15478, 13124, 2013)
right	a	891959	(668, 420)	[(36, 648, 846), (18, 630, 828), (18, 630, 846), (18, 630, 828), (18, 630, 846), (18, 630, 828), (18, 630, 828), (36, 648, 828), (18, 648, 864), (18, 648, 846), (18, 630, 828), (18, 630, 846), (18, 648, 846), (18, 648, 864), (18, 648, 792), (36, 666, 774), (36, 648, 792), (0, 648, 828), (-18, 648, 882), (0, 666, 846), (-36, 648, 810), (-36, 648, 846), (-18, 666, 828), (-36, 666, 846), (-54, 666, 810)]	(9467, 14279, 12591, 11313, 11730, 11966, 5986, 6702, 4557, 7010, 8431, 6790, 6521, 8158, 7723, 7282, 13530, 20708, 15377, 9498, 18709, 15183, 12977, 2020)
left	p	893502	(581, 26)	[(18, 612, 846), (0, 630, 864), (0, 612, 846), (0, 612, 846), (0, 612, 846), (18, 612, 882), (0, 612, 864), (0, 630, 900), (18, 630, 864), (18, 648, 810), (0, 630, 846), (18, 666, 792), (18, 648, 882), (36, 666, 864), (18, 648, 792), (0, 648, 792), (18, 666, 828), (36, 702, 828), (36, 702, 756), (36, 702, 756), (144, 792, 828), (126, 720, 612), (72, 756, 684), (54, 756, 756), (54, 738, 738)]	(9496, 14366, 12125, 10333, 11826, 12300, 6040, 6405, 4544, 7019, 7527, 6546, 5120, 6465, 7320, 7251, 12810, 20835, 16469, 20656, 19582, 15716, 13267, 2019)
left	t	894994	(581, 266)	[(0, 612, 882), (18, 630, 846), (36, 612, 846), (36, 612, 828), (18, 612, 864), (0, 612, 864), (18, 630, 882), (18, 612, 864), (18, 612, 846), (18, 612, 864), (36, 630, 864), (0, 630, 864), (18, 612, 846), (0, 612, 864), (0, 630, 864), (18, 630, 846), (18, 630, 864), (18, 630, 882), (18, 648, 828), (18, 666, 792), (18, 666, 810), (18, 666, 792), (18, 666, 774), (0, 684, 774), (18, 684, 810)]	(9479, 14511, 12615, 10538, 11728, 11872, 6177, 6756, 4607, 7051, 8176, 6713, 6197, 6984, 7515, 7239, 13473, 20925, 15845, 19581, 18995, 15421, 13168, 2018)
right	b	896440	(746, 219)	[(18, 630, 846), (18, 630, 846), (18, 630, 846), (18, 630, 846), (18, 630, 846), (18, 630, 864), (18, 630, 828), (18, 630, 846), (18, 630, 828), (18, 630, 828), (18, 630, 864), (18, 630, 828), (18, 630, 828), (18, 630, 864), (18, 630, 828), (18, 630, 846), (18, 648, 846), (0, 630, 864), (18, 630, 864), (18, 612, 846), (18, 648, 828), (18, 648, 810), (18, 648, 828), (18, 648, 846), (18, 630, 828)]	(9473, 14508, 12885, 10739, 11761, 11953, 6645, 7260, 4888, 7083, 9298, 7083, 6256, 7232, 7479, 7267, 13512, 20832, 15741, 19735, 19257, 15380, 12993, 2013)
left	o	898009	(580, 71)	[(18, 612, 846), (0, 630, 828), (18, 630, 846), (0, 630, 846), (18, 630, 846), (0, 630, 846), (18, 630, 846), (0, 630, 846), (18, 630, 828), (0, 630, 900), (0, 630, 864), (18, 630, 864), (0, 630, 882), (0, 648, 864), (36, 666, 846), (36, 684, 792), (36, 684, 720), (18, 702, 684), (18, 684, 810), (54, 702, 846), (36, 702, 846), (36, 702, 738), (-36, 684, 774), (18, 738, 738), (36, 720, 774)]	(9486, 14338, 12209, 10354, 11773, 11924, 6518, 6936, 4933, 7045, 8815, 6935, 5305, 6532, 7358, 7292, 13131, 20894, 16460, 11170, 19486, 15681, 13315, 2019)
left	r	899450	(587, 299)	[(18, 630, 846), (18, 648, 828), (18, 630, 864), (18, 648, 864), (18, 648, 846), (0, 648, 828), (18, 630, 810), (18, 648, 810), (18, 648, 828), (0, 648, 828), (18, 648, 864), (0, 630, 900), (18, 648, 810), (18, 648, 846), (0, 648, 900), (-18, 666, 828), (18, 666, 738), (18, 666, 738), (18, 684, 846), (18, 666, 882), (36, 666, 882), (18, 684, 774), (18, 684, 756), (18, 702, 756), (18, 666, 828)]	(9487, 14770, 12832, 10562, 11783, 11941, 6544, 6891, 4805, 7071, 9356, 6818, 6087, 7215, 7441, 7265, 13821, 20964, 16041, 20003, 19328, 15566, 13194, 2013)
left	d	900791	(667, 335)	[(18, 666, 828), (18, 666, 828), (0, 666, 810), (18, 666, 810), (0, 666, 828), (0, 648, 846), (18, 666, 828), (18, 666, 828), (0, 666, 828), (0, 648, 828), (18, 666, 828), (18, 648, 810), (18, 666, 810), (0, 666, 846), (0, 666, 846), (18, 666, 828), (18, 666, 828), (0, 666, 810), (0, 666, 810), (18, 666, 810), (0, 648, 828), (0, 648, 846), (18, 666, 828), (18, 666, 792), (36, 666, 810)]	(9487, 14747, 12982, 10613, 11734, 11728, 6307, 7009, 4719, 6998, 9210, 6717, 6232, 7656, 7521, 7319, 13896, 20928, 15903, 19934, 19279, 15475, 13099, 2019)
right	r	902276	(563, 310)	[(18, 666, 810), (0, 648, 828), (18, 666, 846), (0, 648, 828), (0, 666, 828), (18, 648, 846), (18, 648, 882), (18, 666, 846), (18, 666, 810), (36, 666, 792), (18, 666, 810), (0, 684, 810), (18, 666, 792), (18, 666, 828), (0, 666, 864), (18, 666, 828), (18, 684, 846), (0, 684, 846), (-36, 684, 774), (-36, 702, 774), (-18, 702, 756), (0, 702, 756), (-54, 720, 684), (-54, 738, 792), (-36, 720, 810)]	(9491, 14455, 12454, 11861, 11775, 11807, 6513, 6819, 4608, 7061, 9343, 6697, 5887, 9470, 7587, 7276, 14050, 20648, 15553, 9364, 19026, 15418, 13152, 2017)
left	z	903691	(734, 389)	[(0, 666, 828), (0, 666, 792), (0, 648, 828), (0, 666, 810), (0, 666, 810), (18, 666, 828), (0, 648, 828), (0, 666, 810), (0, 648, 828), (-36, 666, 810), (0, 684, 828), (0, 666, 846), (0, 666, 846), (0, 648, 810), (18, 648, 774), (0, 666, 828), (0, 648, 846), (-36, 648, 864), (-36, 648, 810), (0, 666, 828), (-36, 648, 864), (0, 666, 810), (18, 648, 792), (18, 666, 810), (18, 666, 810)]	(9466, 14462, 12907, 10684, 11703, 11610, 6113, 7031, 4716, 7135, 11906, 6960, 5980, 8509, 7557, 7261, 14134, 20869, 15798, 19684, 19230, 15490, 13120, 2033)
right	f	905398	(646, 279)	[(18, 648, 846), (0, 648, 846), (0, 666, 828), (18, 666, 792), (0, 666, 774), (0, 684, 792), (0, 684, 864), (18, 684, 792), (0, 684, 774), (0, 666, 792), (18, 684, 792), (0, 684, 810), (0, 684, 792), (0, 684, 810), (0, 666, 846), (18, 666, 846), (18, 684, 774), (18, 684, 756), (18, 666, 846), (18, 684, 792), (-36, 684, 774), (0, 702, 792), (18, 684, 810), (18, 684, 810), (-18, 702, 756)]	(9467, 14666, 12954, 11297, 11751, 11893, 6345, 6755, 4708, 7039, 11243, 6889, 6110, 8514, 7511, 7186, 14149, 20897, 15775, 19698, 19276, 15505, 13133, 2023)
right	m	906783	(751, 108)	[(0, 666, 792), (0, 666, 828), (18, 666, 828), (0, 666, 792), (0, 648, 846), (18, 666, 846), (18, 666, 828), (18, 684, 810), (0, 648, 792), (0, 666, 846), (18, 666, 828), (18, 666, 828), (18, 648, 828), (0, 648, 810), (18, 666, 828), (18, 666, 846), (0, 648, 846), (0, 648, 810), (0, 648, 810), (0, 648, 846), (36, 666, 810), (18, 666, 828), (0, 666, 810), (0, 648, 828), (0, 666, 828)]	(9462, 14712, 13067, 10824, 11733, 11789, 6140, 6699, 4517, 7000, 10194, 6664, 6138, 8288, 7516, 7183, 14058, 20851, 15775, 19787, 19271, 15466, 13097, 2022)
left	u	908473	(584, 159)	[(0, 666, 810), (0, 666, 828), (18, 666, 792), (18, 684, 828), (18, 666, 810), (0, 666, 828), (0, 684, 828), (0, 666, 810), (0, 666, 828), (18, 666, 756), (18, 666, 882), (36, 666, 864), (18, 666, 846), (0, 684, 792), (-18, 684, 774), (18, 702, 774), (18, 720, 720), (18, 702, 756), (18, 684, 918), (18, 702, 864), (54, 702, 756), (36, 738, 648), (36, 738, 666), (72, 702, 774), (18, 756, 936)]	(9488, 14225, 12150, 10470, 11802, 12071, 6737, 7229, 5189, 7073, 9165, 6930, 6113, 7247, 7422, 7240, 13939, 20821, 16145, 19737, 18914, 15543, 13288, 2024)
right	u	909870	(579, 169)	[(18, 666, 828), (18, 666, 810), (18, 666, 810), (18, 666, 810), (18, 666, 828), (18, 666, 810), (18, 684, 792), (18, 684, 810), (18, 666, 792), (0, 684, 846), (18, 684, 828), (18, 666, 810), (18, 666, 828), (18, 666, 810), (18, 684, 792), (18, 684, 756), (18, 684, 792), (-18, 684, 810), (0, 684, 828), (18, 702, 792), (18, 702, 810), (0, 684, 756), (18, 702, 738), (0, 702, 756), (-36, 702, 810)]	(9479, 14416, 12536, 10965, 11745, 11764, 6801, 7179, 5296, 7078, 9942, 7005, 6364, 8580, 7549, 7241, 14214, 20755, 15660, 19150, 18738, 15341, 13130, 2021)
right	d	911361	(672, 336)	[(18, 684, 774), (0, 684, 792), (18, 684, 828), (0, 684, 810), (18, 684, 792), (0, 684, 792), (0, 684, 828), (0, 684, 792), (18, 684, 774), (18, 684, 792), (18, 666, 828), (18, 684, 828), (0, 684, 792), (18, 684, 792), (18, 684, 810), (0, 666, 792), (0, 684, 810), (18, 684, 810), (18, 684, 792), (0, 684, 810), (18, 684, 828), (18, 684, 792), (18, 684, 792), (18, 684, 810)]	(9475, 14668, 12828, 10615, 11706, 11493, 6116, 6743, 4510, 7044, 9747, 6753, 6345, 8587, 7489, 7259, 14070, 20514, 15567, 9815, 18876, 15288, 13127, 2011)
left	v	914904	(745, 248)	[(18, 684, 828), (0, 684, 810), (0, 666, 828), (0, 666, 828), (18, 666, 792), (18, 684, 810), (18, 666, 828), (18, 666, 810), (18, 666, 792), (18, 684, 756), (0, 666, 792), (18, 684, 828), (18, 684, 846), (18, 666, 864), (18, 684, 738), (0, 666, 810), (0, 666, 846), (36, 666, 828), (18, 684, 810), (18, 684, 828), (18, 684, 810), (18, 684, 828), (18, 666, 810), (18, 666, 774), (0, 666, 810)]	(9474, 14694, 12981, 10644, 11720, 11432, 6474, 7140, 4787, 7108, 10877, 7087, 6469, 8523, 7534, 7266, 14290, 20794, 15745, 19519, 18948, 15365, 13119, 2026)
left	l	918009	(665, 69)	[(18, 684, 756), (18, 684, 774), (18, 702, 738), (18, 684, 756), (0, 684, 828), (36, 666, 846), (18, 684, 828), (36, 684, 756), (18, 684, 828), (18, 666, 846), (18, 684, 810), (36, 684, 774), (18, 684, 810), (18, 666, 810), (18, 666, 846), (18, 666, 810), (36, 684, 810), (36, 684, 774), (18, 684, 792), (18, 684, 810), (36, 684, 846), (36, 684, 828), (18, 702, 738), (54, 702, 738), (18, 684, 792)]	(9471, 14512, 12562, 10466, 11737, 11662, 6587, 7246, 5240, 7160, 11331, 7172, 6012, 6857, 7400, 7282, 13801, 20851, 16037, 19863, 19218, 15640, 13300, 2021)
right	y	919399	(587, 209)	[(18, 648, 810), (18, 648, 828), (18, 648, 810), (18, 648, 846), (36, 666, 864), (36, 648, 846), (18, 648, 828), (36, 666, 846), (0, 666, 774), (18, 648, 792), (18, 666, 846), (36, 666, 864), (18, 666, 774), (18, 666, 828), (18, 666, 810), (0, 684, 810), (18, 684, 810), (36, 684, 774), (18, 684, 774), (18, 684, 810), (0, 702, 792), (0, 702, 756), (18, 684, 738), (0, 684, 720), (0, 702, 846)]	(9478, 14489, 12700, 11560, 11765, 11689, 6971, 7333, 5311, 7200, 11893, 7013, 6625, 9489, 7606, 7291, 14368, 20832, 15726, 19461, 19010, 15375, 13148, 2023)
right	l	921905	(668, 48)	[(18, 648, 846), (18, 630, 828), (18, 648, 828), (18, 648, 828), (18, 648, 846), (18, 648, 828), (18, 648, 810), (36, 630, 846), (36, 648, 846), (18, 648, 828), (18, 630, 828), (18, 630, 846), (18, 648, 846), (18, 630, 846), (36, 648, 828), (36, 630, 846), (18, 648, 828), (18, 630, 828), (18, 648, 846), (36, 648, 846), (18, 630, 846), (36, 648, 810), (18, 648, 828), (18, 630, 846), (36, 630, 864)]	(9472, 14744, 13215, 10960, 11778, 11810, 6607, 7431, 4980, 7165, 12636, 7080, 6567, 9224, 7510, 7235, 14359, 20727, 15811, 19914, 19273, 15432, 13053, 2019)
left	w	923442	(596, 414)	[(36, 648, 846), (36, 630, 828), (18, 648, 828), (18, 630, 828), (0, 630, 846), (36, 630, 828), (36, 630, 828), (18, 630, 846), (18, 630, 864), (18, 648, 846), (18, 630, 828), (18, 630, 846), (36, 630, 828), (18, 630, 846), (36, 630, 828), (18, 648, 846), (18, 648, 846), (18, 648, 846), (18, 630, 864), (36, 630, 846), (18, 648, 846), (18, 648, 864), (18, 648, 810), (18, 648, 810), (18, 648, 846)]	(9470, 14694, 13153, 10810, 11720, 11601, 6313, 7055, 4939, 7063, 12855, 6929, 6506, 9161, 7567, 7269, 14461, 20766, 15834, 19833, 19143, 15422, 13121, 2032)
left	g	925976	(663, 232)	[(18, 648, 846), (18, 648, 828), (0, 648, 846), (18, 630, 846), (18, 648, 828), (18, 648, 810), (18, 630, 846), (0, 648, 828), (18, 648, 846), (18, 630, 828), (0, 648, 810), (18, 648, 846), (36, 648, 828), (18, 648, 828), (0, 666, 810), (18, 648, 846), (18, 666, 828), (18, 648, 810), (0, 648, 828), (18, 666, 846), (18, 648, 810), (18, 666, 828), (0, 666, 810), (18, 666, 810), (0, 648, 846)]	(9473, 14774, 13222, 10778, 11734, 11566, 6268, 6890, 4746, 7110, 12763, 6977, 6530, 8840, 7535, 7225, 14511, 20865, 15916, 19960, 19306, 15519, 13183, 2040)
right	m	927368	(759, 112)	[(18, 666, 846), (18, 648, 828), (36, 648, 828), (18, 648, 828), (18, 666, 810), (18, 648, 828), (18, 648, 828), (18, 648, 846), (36, 648, 828), (18, 666, 828), (18, 630, 846), (36, 648, 846), (18, 648, 810), (18, 648, 846), (18, 666, 828), (18, 648, 828), (18, 648, 828), (0, 648, 846), (18, 630, 846), (36, 648, 828), (18, 648, 846), (18, 648, 828), (18, 648, 828), (18, 648, 810), (36, 666, 810)]	(9465, 14665, 13231, 10820, 11717, 11603, 6575, 7235, 5210, 7130, 13120, 7117, 6535, 8941, 7520, 7205, 14400, 20757, 15815, 19815, 19155, 15407, 13106, 2022)
right	t	928904	(587, 270)	[(18, 648, 846), (18, 648, 846), (18, 648, 846), (18, 630, 846), (18, 648, 846), (18, 648, 846), (18, 648, 828), (18, 648, 846), (18, 630, 846), (18, 648, 846), (18, 648, 828), (18, 666, 864), (18, 666, 810), (18, 648, 810), (18, 648, 792), (36, 702, 846), (18, 684, 882), (36, 666, 756), (18, 684, 846), (-36, 666, 828), (-36, 702, 828), (18, 684, 792), (18, 684, 756), (0, 666, 702), (-36, 702, 846)]	(9487, 14542, 12723, 11724, 11824, 11731, 7205, 7190, 5041, 7186, 11889, 6939, 7468, 10039, 7571, 7240, 14414, 20760, 15682, 19375, 18960, 15362, 13079, 2028)
left	m	930395	(734, 119)	[(18, 666, 810), (18, 648, 828), (18, 666, 882), (0, 648, 828), (18, 648, 810), (18, 666, 828), (18, 666, 828), (18, 648, 810), (18, 648, 846), (18, 648, 846), (36, 648, 828), (18, 648, 846), (18, 648, 828), (18, 648, 846), (18, 648, 864), (36, 666, 828), (36, 666, 792), (36, 666, 810), (36, 666, 810), (36, 666, 810), (54, 666, 828), (36, 666, 828), (36, 666, 810), (54, 666, 792), (72, 666, 792)]	(9468, 14711, 13170, 10615, 11774, 11757, 6575, 7280, 5170, 7159, 12461, 7037, 6991, 7221, 7411, 7248, 14136, 20838, 15944, 20157, 19543, 15594, 13186, 2036)
right	h	931784	(635, 194)	[(36, 648, 828), (36, 648, 828), (36, 648, 846), (36, 648, 864), (36, 648, 828), (36, 648, 810), (36, 648, 828), (36, 648, 864), (36, 648, 846), (36, 630, 846), (18, 648, 846), (36, 648, 864), (18, 648, 846), (36, 666, 846), (54, 648, 828), (36, 666, 810), (36, 684, 828), (36, 666, 846), (36, 648, 810), (18, 648, 756), (36, 666, 846), (18, 666, 828), (36, 666, 756), (36, 666, 792), (36, 666, 792)]	(9456, 14531, 13163, 11322, 11770, 11759, 6910, 7558, 5414, 7180, 13813, 7138, 7360, 8301, 7508, 7252, 14277, 20763, 15825, 19865, 19243, 15451, 13135, 2018)
left	m	933524	(752, 99)	[(18, 630, 828), (36, 648, 828), (18, 648, 828), (36, 666, 792), (36, 648, 864), (18, 666, 900), (36, 648, 810), (36, 648, 792), (36, 648, 846), (36, 648, 828), (36, 666, 828), (36, 648, 828), (54, 666, 810), (36, 648, 828), (54, 648, 900), (54, 648, 864), (36, 648, 792), (36, 648, 792), (36, 648, 846), (36, 648, 864), (36, 648, 846), (54, 648, 828), (36, 648, 792), (18, 702, 846), (18, 666, 864)]	(9477, 14750, 13429, 10645, 11797, 11921, 6704, 7485, 5238, 7202, 12977, 7047, 7100, 7466, 7450, 7280, 14217, 20803, 15935, 20145, 19363, 15555, 13192, 2035)
left	b	935025	(730, 192)	[(36, 648, 828), (36, 648, 882), (36, 630, 828), (36, 648, 810), (36, 648, 846), (36, 630, 828), (36, 648, 828), (36, 630, 828), (18, 630, 846), (36, 648, 846), (36, 648, 828), (36, 630, 810), (36, 648, 828), (36, 648, 828), (36, 648, 828), (36, 648, 828), (36, 648, 828), (18, 630, 846), (18, 648, 828), (36, 648, 864), (36, 648, 828), (18, 648, 828), (36, 648, 810), (18, 648, 828), (54, 648, 882)]	(9458, 14341, 13064, 10618, 11724, 11531, 6276, 7245, 5018, 7161, 12801, 7079, 7165, 8316, 7483, 7288, 14238, 20662, 15786, 19757, 18956, 15290, 13014, 2023)
right	a	936464	(658, 418)	[(36, 648, 846), (36, 648, 828), (36, 648, 828), (18, 648, 828), (18, 648, 828), (36, 648, 828), (18, 648, 846), (18, 648, 828), (36, 648, 828), (18, 648, 864), (36, 666, 828), (18, 648, 738), (36, 648, 828), (18, 666, 846), (18, 648, 828), (18, 666, 810), (0, 666, 774), (0, 666, 846), (0, 666, 918), (18, 684, 900), (18, 666, 774), (0, 684, 720), (-36, 684, 774), (-54, 720, 738), (-36, 702, 810)]	(9519, 15064, 13147, 11859, 11771, 11777, 6072, 6539, 4530, 6937, 7919, 6329, 6490, 10161, 7571, 7203, 14493, 20749, 15742, 19656, 19029, 15384, 13064, 2028)
right	p	937949	(577, 12)	[(36, 630, 846), (18, 630, 864), (36, 630, 900), (36, 612, 864), (36, 630, 828), (36, 648, 846), (36, 630, 864), (36, 630, 828), (36, 630, 846), (36, 648, 810), (36, 648, 828), (54, 648, 846), (36, 630, 828), (54, 630, 864), (54, 648, 846), (36, 630, 828), (36, 648, 828), (36, 630, 828), (36, 648, 864), (54, 630, 846), (54, 648, 828), (36, 630, 846), (18, 648, 828), (36, 630, 774), (36, 630, 864)]	(9482, 14792, 13096, 11587, 11829, 12224, 6493, 7042, 4592, 7075, 9107, 6621, 7307, 7605, 7439, 7170, 14006, 20714, 15770, 19961, 19242, 15389, 13009, 2012)
left	c	939436	(745, 287)	[(36, 630, 828), (36, 630, 846), (36, 630, 846), (54, 648, 846), (36, 630, 846), (36, 630, 846), (36, 630, 846), (36, 630, 864), (36, 648, 864), (36, 630, 828), (54, 630, 810), (36, 630, 828), (36, 648, 846), (36, 648, 828), (18, 630, 882), (36, 630, 828), (36, 648, 810), (54, 648, 828), (18, 648, 846), (36, 666, 846), (36, 648, 828), (36, 648, 792), (18, 648, 810), (54, 666, 828), (36, 648, 882)]	(9480, 14699, 13071, 10830, 11778, 11840, 6460, 6986, 4912, 7048, 10967, 6751, 7145, 8216, 7511, 7322, 14164, 20781, 15786, 19898, 19225, 15411, 13069, 2028)
right	r	940876	(574, 295)	[(18, 648, 828), (36, 648, 828), (36, 648, 846), (18, 648, 846), (36, 648, 846), (36, 648, 846), (36, 648, 828), (36, 648, 828), (36, 648, 864), (36, 648, 828), (36, 648, 846), (36, 666, 828), (54, 666, 864), (36, 648, 774), (54, 666, 756), (36, 666, 972), (18, 666, 864), (36, 666, 756), (18, 684, 702), (18, 702, 864), (36, 684, 828), (18, 684, 774), (18, 684, 774), (18, 702, 774), (36, 702, 756)]	(9486, 14545, 12708, 11860, 11871, 12175, 7009, 7071, 5133, 7141, 10402, 6850, 7239, 8761, 7471, 7155, 14118, 20697, 15680, 19692, 19132, 15347, 13038, 2028)
right	y	942422	(583, 212)	[(36, 666, 810), (54, 666, 810), (18, 666, 828), (36, 666, 810), (36, 684, 792), (36, 684, 810), (18, 666, 828), (36, 684, 810), (36, 684, 792), (36, 666, 792), (36, 684, 810), (36, 666, 828), (36, 666, 792), (36, 684, 792), (36, 684, 828), (36, 684, 810), (36, 684, 810), (36, 666, 810), (36, 684, 828), (54, 684, 810), (18, 684, 792), (36, 684, 810), (18, 684, 792), (0, 702, 738), (36, 702, 828)]	(9470, 14452, 12710, 11782, 11837, 12073, 7127, 7334, 5397, 7234, 12185, 6964, 7531, 8849, 7511, 7295, 14279, 20735, 15759, 19835, 19255, 15429, 13069, 2026)
right	n	943757	(753, 164)	[(18, 666, 810), (36, 666, 810), (36, 666, 810), (36, 666, 828), (54, 666, 828), (36, 666, 810), (18, 666, 792), (36, 666, 828), (36, 666, 846), (18, 666, 810), (36, 648, 810), (36, 666, 810), (54, 666, 828), (36, 648, 846), (36, 666, 828), (36, 666, 792), (36, 666, 828), (36, 648, 810), (36, 666, 810), (36, 648, 810), (36, 666, 846), (18, 666, 828), (36, 666, 810), (36, 666, 792), (36, 666, 810)]	(9472, 14516, 12914, 11180, 11779, 11887, 6817, 7453, 5138, 7108, 12427, 7018, 7496, 9008, 7532, 7319, 14314, 20687, 15725, 19696, 19077, 15346, 13052, 2022)
left	x	945226	(739, 343)	[(18, 666, 810), (36, 666, 810), (36, 666, 828), (36, 666, 846), (18, 648, 828), (36, 666, 810), (36, 648, 792), (18, 648, 828), (18, 666, 828), (36, 666, 792), (36, 666, 810), (36, 648, 828), (36, 666, 828), (36, 666, 810), (18, 648, 828), (54, 648, 828), (36, 648, 846), (18, 666, 846), (36, 666, 810), (36, 666, 828), (36, 666, 828), (36, 666, 828), (36, 666, 846), (36, 666, 810), (36, 666, 828)]	(9463, 14479, 12888, 10829, 11745, 11651, 6593, 7417, 5111, 7141, 12714, 7168, 7350, 9123, 7563, 7296, 14357, 20635, 15685, 19520, 18900, 15253, 13048, 2020)
right	j	946680	(669, 158)	[(36, 648, 846), (36, 666, 810), (36, 648, 810), (36, 648, 828), (36, 666, 810), (18, 666, 810), (36, 666, 828), (36, 666, 828), (36, 666, 828), (36, 648, 846), (36, 666, 828), (36, 666, 828), (36, 666, 810), (36, 648, 846), (18, 666, 828), (36, 666, 846), (36, 666, 846), (18, 648, 810), (36, 648, 810), (18, 666, 810), (36, 666, 810), (18, 648, 828), (18, 666, 792), (36, 666, 774), (18, 666, 864)]	(9464, 14424, 12881, 11553, 11800, 11882, 6958, 7597, 5275, 7234, 13548, 7032, 7626, 9008, 7550, 7323, 14359, 20721, 15746, 19756, 19136, 15369, 13080, 2010)
right	v	948219	(754, 250)	[(18, 648, 792), (36, 666, 828), (18, 648, 828), (18, 648, 828), (36, 648, 828), (18, 648, 846), (36, 648, 846), (36, 666, 810), (18, 666, 828), (18, 648, 810), (18, 648, 828), (18, 648, 828), (36, 648, 828), (36, 648, 810), (36, 648, 828), (18, 648, 828), (36, 648, 828), (18, 648, 846), (36, 648, 846), (18, 666, 828), (36, 648, 846), (18, 666, 774), (36, 666, 846), (54, 684, 828), (18, 666, 792)]	(9472, 14578, 13158, 11084, 11784, 11796, 6906, 7595, 5444, 7138, 13563, 7207, 7380, 9145, 7574, 7336, 14326, 20708, 15743, 19723, 19152, 15365, 13065, 2035)
left	d	949640	(663, 334)	[(36, 648, 846), (36, 666, 846), (18, 648, 828), (36, 666, 810), (36, 666, 828), (36, 666, 828), (36, 666, 828), (18, 666, 810), (36, 666, 810), (18, 684, 810), (36, 648, 828), (36, 648, 828), (36, 666, 846), (36, 666, 828), (36, 648, 810), (36, 666, 828), (18, 648, 828), (18, 666, 846), (36, 666, 828), (18, 648, 810), (36, 666, 810), (36, 648, 828), (36, 666, 846), (36, 666, 810), (18, 666, 792)]	(9461, 14635, 13205, 10870, 11755, 11601, 6567, 7254, 5007, 7159, 13329, 7157, 7164, 9148, 7554, 7347, 14352, 20684, 15753, 19674, 19043, 15326, 13058, 2026)
right	s	951401	(665, 381)	[(36, 666, 828), (18, 630, 792), (36, 666, 810), (36, 666, 828), (36, 648, 864), (54, 648, 810), (18, 648, 828), (36, 648, 828), (36, 666, 828), (36, 648, 828), (36, 666, 846), (36, 648, 792), (18, 666, 828), (18, 684, 918), (36, 666, 846), (0, 666, 846), (36, 648, 846), (18, 666, 846), (18, 666, 810), (18, 666, 828), (18, 666, 810), (18, 666, 828), (0, 666, 810), (18, 666, 792), (0, 684, 792)]	(9477, 14620, 12879, 11633, 11751, 11735, 6660, 7025, 4814, 7105, 12186, 6858, 7276, 10143, 7598, 7307, 14420, 20687, 15712, 19625, 19035, 15320, 13029, 2030)
left	p	953022	(567, 38)	[(18, 648, 828), (18, 648, 828), (36, 666, 828), (18, 648, 828), (36, 648, 846), (18, 648, 828), (18, 648, 828), (18, 648, 846), (18, 648, 846), (18, 648, 864), (18, 648, 810), (18, 648, 810), (36, 666, 828), (18, 630, 882), (18, 666, 828), (36, 666, 828), (36, 684, 810), (54, 720, 720), (36, 720, 684), (72, 702, 738), (72, 702, 846), (54, 720, 792), (54, 720, 738), (36, 774, 594), (72, 738, 720)]	(9490, 13973, 11750, 10365, 11820, 12125, 6362, 6594, 4602, 7066, 8240, 6662, 5626, 6537, 7348, 7331, 13239, 20772, 16454, 20412, 19152, 15590, 13188, 2037)
right	o	954978	(579, 87)	[(18, 612, 864), (36, 630, 846), (36, 612, 828), (18, 612, 864), (36, 630, 846), (36, 630, 846), (18, 630, 846), (18, 612, 828), (18, 630, 846), (18, 630, 846), (18, 630, 882), (18, 612, 864), (18, 630, 846), (18, 612, 846), (18, 630, 864), (36, 630, 846), (36, 630, 828), (18, 630, 846), (36, 630, 846), (18, 630, 846), (18, 630, 846), (36, 630, 846), (36, 630, 828), (36, 630, 810), (18, 630, 828)]	(9474, 14410, 12912, 11573, 11792, 11880, 7142, 7716, 5260, 7232, 11976, 6968, 6808, 7957, 7527, 7386, 14056, 20829, 15822, 19988, 19370, 15478, 13025, 2029)
left	k	956380	(639, 97)	[(36, 630, 846), (18, 630, 828), (18, 630, 828), (18, 630, 846), (18, 630, 846), (36, 612, 846), (18, 630, 846), (36, 612, 918), (36, 630, 918), (0, 648, 846), (18, 630, 882), (-36, 630, 828), (36, 630, 864), (54, 648, 846), (36, 702, 684), (54, 684, 738), (36, 702, 774), (36, 702, 756), (54, 720, 774), (54, 702, 774), (36, 684, 792), (18, 702, 810), (-36, 720, 756), (54, 702, 774), (36, 702, 720)]	(9489, 14739, 12781, 10499, 11764, 11752, 6592, 6779, 4875, 7121, 10754, 6838, 5741, 6919, 7395, 7290, 14015, 20936, 16192, 20486, 19568, 15707, 13270, 2032)
left	j	958748	(652, 131)	[(36, 630, 846), (36, 630, 828), (18, 630, 846), (36, 630, 846), (18, 612, 846), (36, 630, 828), (18, 630, 846), (18, 630, 846), (18, 612, 846), (36, 612, 864), (36, 630, 846), (18, 630, 864), (18, 612, 846), (18, 630, 864), (18, 630, 846), (36, 648, 864), (36, 648, 810), (18, 648, 846), (18, 648, 846), (18, 648, 792), (36, 666, 774), (36, 684, 792), (36, 684, 810), (54, 684, 828), (36, 684, 738)]	(9478, 14455, 12658, 10543, 11757, 11790, 6766, 5135, 7095, 11632, 6873, 0, 6194, 7365, 7456, 7341, 14221, 20872, 16126, 20146, 19403, 15543, 13174, 2028)
right	t	960135	(581, 263)	[(18, 630, 828), (18, 630, 828), (18, 648, 846), (18, 630, 864), (36, 630, 846), (36, 648, 828), (36, 630, 828), (18, 648, 846), (36, 648, 828), (36, 648, 810), (54, 648, 900), (36, 630, 828), (18, 648, 846), (0, 666, 792), (0, 648, 792), (18, 648, 882), (18, 630, 828), (0, 648, 774), (18, 666, 792), (18, 648, 846), (0, 648, 864), (0, 648, 846), (18, 666, 828), (18, 684, 792), (-36, 648, 810)]	(9476, 14237, 12683, 11740, 11756, 11640, 6979, 7423, 5188, 7194, 13017, 7124, 7420, 10425, 7665, 7372, 14492, 20720, 15677, 19314, 18654, 15198, 13002, 2031)
left	i	961777	(571, 130)	[(18, 612, 828), (18, 630, 846), (0, 612, 864), (18, 630, 846), (18, 612, 846), (18, 630, 846), (18, 630, 828), (18, 630, 864), (18, 630, 846), (18, 630, 864), (18, 630, 828), (18, 612, 954), (0, 612, 792), (18, 630, 810), (36, 612, 864), (18, 648, 882), (36, 630, 900), (54, 648, 810), (36, 648, 756), (54, 666, 792), (54, 702, 774), (54, 684, 792), (36, 666, 846), (54, 666, 846), (72, 720, 684)]	(9473, 13597, 11648, 10351, 11761, 11790, 6818, 7141, 5036, 7112, 11740, 6814, 6056, 6942, 7416, 7295, 13840, 20742, 16137, 15224, 18790, 15338, 13091, 2030)
left	s	963224	(673, 382)	[(54, 612, 882), (36, 594, 864), (36, 594, 864), (36, 594, 882), (54, 594, 882), (54, 612, 900), (18, 612, 828), (36, 612, 828), (36, 612, 864), (18, 612, 864), (54, 612, 900), (18, 594, 900), (36, 612, 828), (18, 630, 792), (18, 630, 900), (18, 612, 882), (18, 612, 864), (36, 612, 864), (36, 612, 828), (36, 630, 828), (18, 630, 864), (36, 630, 882), (18, 630, 828), (36, 630, 846), (36, 630, 864)]	(9456, 14017, 12545, 10657, 11735, 11623, 6918, 7409, 5157, 7170, 13876, 7250, 6629, 8905, 7514, 7383, 14198, 20662, 15703, 19451, 18853, 15213, 12928, 2033)
left	n	964812	(747, 151)	[(36, 612, 864), (18, 612, 846), (18, 612, 846), (18, 612, 864), (18, 612, 864), (18, 612, 846), (36, 612, 846), (36, 612, 882), (18, 612, 864), (36, 594, 846), (36, 630, 846), (36, 630, 864), (18, 612, 882), (36, 612, 846), (36, 612, 864), (36, 612, 900), (36, 612, 846), (36, 630, 810), (36, 630, 792), (36, 630, 846), (36, 630, 882), (36, 630, 864), (18, 612, 810), (36, 630, 846), (36, 648, 882)]	(9460, 14256, 12845, 10606, 11745, 11671, 6864, 7410, 5225, 7182, 13807, 7119, 6770, 7859, 7504, 7399, 14271, 20823, 15910, 19924, 19221, 15405, 13020, 2042)
right	c	966410	(747, 308)	[(18, 612, 864), (36, 612, 864), (36, 612, 846), (36, 612, 846), (18, 612, 864), (18, 612, 846), (36, 612, 846), (36, 612, 882), (36, 612, 864), (18, 612, 864), (18, 612, 864), (54, 630, 828), (36, 612, 828), (18, 612, 846), (36, 630, 846), (36, 630, 864), (36, 630, 864), (36, 630, 828), (36, 648, 828), (36, 630, 828), (36, 630, 828), (54, 630, 828), (54, 648, 810), (36, 630, 810), (36, 648, 828)]	(9456, 14123, 12722, 11026, 11805, 12010, 7135, 7518, 5435, 7257, 13760, 7162, 7440, 8270, 7482, 7415, 14063, 20675, 15742, 19739, 19140, 15320, 12934, 2034)
right	h	968934	(665, 191)	[(36, 648, 846), (36, 630, 846), (36, 648, 828), (36, 648, 828), (36, 648, 864), (36, 630, 828), (36, 630, 828), (36, 648, 846), (36, 630, 828), (54, 648, 846), (36, 648, 828), (54, 648, 828), (36, 648, 828), (36, 648, 828), (54, 648, 828), (36, 648, 828), (36, 648, 828), (54, 648, 846), (36, 648, 828), (36, 648, 828), (36, 648, 828), (36, 648, 828), (36, 648, 846), (54, 648, 828), (36, 648, 828)]	(9464, 14206, 12729, 11478, 11843, 12103, 7215, 7480, 5342, 7164, 13679, 7163, 7110, 8060, 7426, 7364, 14027, 20685, 15771, 19872, 19237, 15357, 12958, 2032)
right	n	970312	(734, 163)	[(36, 648, 846), (54, 648, 828), (36, 648, 828), (54, 648, 828), (36, 648, 828), (36, 648, 828), (36, 648, 846), (36, 648, 828), (54, 648, 828), (54, 630, 846), (54, 630, 846), (36, 648, 828), (36, 648, 828), (54, 648, 828), (36, 648, 828), (18, 648, 864), (36, 630, 846), (36, 630, 846), (36, 648, 828), (36, 630, 846), (18, 630, 846), (36, 648, 828), (36, 648, 828), (36, 630, 828), (54, 648, 846)]	(9463, 14166, 12702, 11023, 11818, 11985, 7176, 7305, 5428, 7174, 13460, 7071, 6913, 8148, 7473, 7349, 14112, 20681, 15773, 19832, 19176, 15333, 12943, 2036)
right	g	971687	(664, 255)	[(36, 648, 846), (36, 666, 846), (36, 630, 828), (36, 648, 864), (36, 648, 828), (36, 648, 828), (36, 648, 846), (36, 648, 846), (36, 648, 828), (36, 648, 828), (36, 648, 792), (36, 648, 810), (18, 630, 864), (36, 648, 864), (54, 648, 828), (36, 648, 828), (36, 630, 828), (36, 630, 810), (18, 648, 846), (36, 666, 828), (36, 648, 810), (36, 648, 828), (36, 648, 828), (36, 648, 828), (18, 648, 792)]	(9466, 14176, 12711, 11453, 11841, 12115, 7168, 7544, 5240, 7219, 14000, 7122, 7440, 7939, 7453, 7326, 13942, 20643, 15754, 19798, 19167, 15347, 12919, 2030)
right	w	973025	(573, 394)	[(54, 648, 828), (36, 648, 846), (36, 648, 810), (36, 648, 828), (36, 648, 810), (18, 648, 846), (36, 666, 846), (36, 648, 810), (36, 666, 828), (36, 648, 810), (36, 648, 828), (-18, 666, 828), (36, 630, 864), (36, 666, 774), (0, 648, 846), (18, 648, 846), (18, 666, 846), (18, 666, 828), (0, 666, 792), (0, 666, 810), (-18, 666, 864), (-36, 684, 792), (-18, 684, 792), (-36, 684, 828), (-54, 684, 792)]	(9490, 14356, 12538, 12188, 11800, 11860, 6533, 6579, 4511, 7073, 8037, 6439, 6179, 10632, 7570, 7207, 14456, 20652, 15730, 19697, 19039, 15284, 12908, 2030)
left	f	974611	(656, 291)	[(36, 630, 846), (18, 648, 828), (36, 648, 828), (36, 648, 864), (18, 648, 846), (36, 648, 828), (36, 648, 828), (54, 648, 828), (18, 630, 828), (36, 648, 882), (18, 648, 810), (36, 630, 846), (18, 630, 882), (36, 648, 810), (36, 630, 774), (36, 648, 810), (36, 648, 864), (18, 648, 846), (36, 666, 828), (36, 648, 810), (36, 666, 810), (36, 666, 792), (36, 666, 846), (36, 666, 774), (54, 684, 756)]	(9483, 14639, 13086, 10849, 11817, 11946, 6690, 6958, 4858, 7162, 12005, 6840, 7115, 8015, 7458, 7276, 14411, 20753, 15835, 19895, 19225, 15439, 13098, 2024)
left	n	976039	(732, 161)	[(36, 648, 846), (54, 648, 828), (36, 648, 810), (36, 666, 846), (36, 648, 828), (36, 648, 828), (36, 648, 828), (36, 648, 828), (36, 648, 828), (36, 648, 846), (36, 648, 810), (36, 666, 810), (36, 666, 846), (36, 648, 828), (54, 648, 846), (36, 648, 810), (36, 648, 828), (36, 648, 828), (36, 648, 810), (54, 648, 828), (36, 648, 810), (36, 648, 828), (36, 648, 828), (36, 648, 828), (36, 648, 846)]	(9469, 14579, 13115, 10759, 11793, 11938, 6769, 7199, 5115, 7191, 12814, 6919, 7214, 7933, 7480, 7285, 14405, 20776, 15872, 20012, 19343, 15477, 13102, 2030)
right	q	977580	(576, 425)	[(54, 630, 846), (36, 648, 864), (36, 630, 846), (54, 648, 828), (36, 630, 846), (36, 648, 828), (54, 630, 846), (36, 648, 846), (36, 648, 846), (54, 648, 864), (54, 630, 864), (36, 630, 810), (54, 648, 792), (54, 648, 810), (36, 648, 720), (36, 666, 882), (18, 666, 828), (-54, 648, 810), (18, 666, 864), (-36, 666, 864), (18, 684, 810), (-36, 684, 828), (-54, 684, 846), (-72, 702, 810), (-54, 684, 684)]	(9505, 14487, 12746, 12162, 11777, 11624, 6014, 6279, 4438, 7008, 7791, 6466, 6352, 9527, 7553, 7111, 14429, 20772, 15688, 19431, 18955, 15398, 13074, 2032)
right	x	979251	(727, 338)	[(18, 594, 864), (36, 612, 864), (36, 594, 846), (54, 594, 828), (36, 594, 864), (36, 612, 864), (36, 612, 846), (36, 594, 846), (36, 612, 900), (18, 612, 900), (36, 594, 828), (54, 612, 828), (18, 612, 864), (54, 612, 846), (36, 612, 846), (36, 630, 882), (18, 630, 882), (36, 612, 828), (36, 630, 828), (36, 648, 828), (36, 630, 828), (54, 630, 846), (36, 648, 774), (36, 648, 810), (36, 630, 846)]	(9492, 14702, 13394, 11622, 11851, 12433, 6299, 6873, 4626, 7081, 7878, 6609, 7797, 7573, 7471, 7153, 13851, 20672, 15710, 19805, 19187, 15354, 12943, 2030)
right	l	980517	(669, 45)	[(36, 612, 864), (36, 612, 882), (18, 612, 846), (36, 612, 846), (36, 612, 846), (36, 612, 846), (36, 612, 882), (36, 612, 864), (36, 612, 864), (36, 612, 828), (36, 612, 882), (36, 594, 864), (36, 612, 864), (36, 594, 864), (36, 594, 864), (36, 612, 864), (36, 612, 846), (36, 594, 864), (36, 594, 846), (36, 612, 882), (36, 612, 864), (36, 594, 846), (36, 612, 828), (0, 630, 828), (36, 576, 864)]	(9487, 14398, 13189, 11394, 11809, 12101, 6035, 6937, 4523, 7035, 8186, 6492, 7499, 7401, 7435, 7176, 13918, 20710, 15752, 19853, 19157, 15352, 12933, 2030)
right	v	981904	(736, 255)	[(18, 594, 864), (36, 594, 864), (36, 612, 864), (18, 576, 864), (36, 594, 864), (18, 612, 900), (54, 594, 846), (36, 594, 846), (36, 612, 846), (36, 612, 882), (18, 594, 864), (36, 594, 864), (54, 594, 864), (54, 612, 846), (36, 612, 846), (36, 612, 864), (36, 612, 864), (18, 612, 864), (54, 612, 882), (36, 612, 864), (54, 612, 810), (36, 594, 846), (36, 612, 846), (54, 612, 864), (36, 612, 846)]	(9475, 14330, 13201, 11515, 11832, 12188, 6503, 7566, 5053, 7083, 9558, 6909, 7845, 7140, 7455, 7181, 13823, 20727, 15791, 20001, 19350, 15416, 12965, 2016)
left	b	983496	(730, 190)	[(36, 612, 864), (18, 594, 846), (36, 630, 846), (36, 612, 828), (36, 612, 882), (36, 612, 846), (36, 594, 846), (36, 612, 846), (36, 612, 864), (36, 594, 864), (36, 594, 900), (36, 612, 864), (36, 612, 828), (54, 612, 846), (36, 612, 900), (54, 612, 900), (54, 612, 828), (36, 630, 792), (36, 630, 882), (36, 612, 900), (36, 612, 846), (36, 630, 828), (36, 630, 864), (54, 630, 864), (-18, 630, 828)]	(9473, 14590, 13515, 10764, 11790, 11901, 6023, 6915, 4676, 6969, 9269, 6768, 7203, 7190, 7470, 7156, 13964, 20793, 15890, 20115, 19374, 15478, 13035, 2026)
right	k	985134	(661, 104)	[(36, 630, 882), (36, 594, 846), (36, 630, 846), (36, 630, 846), (18, 630, 846), (18, 630, 774), (0, 648, 792), (72, 648, 864), (54, 648, 828), (18, 630, 828), (36, 630, 828), (36, 648, 828), (18, 648, 864), (36, 630, 864), (54, 630, 864), (36, 630, 846), (36, 630, 864), (36, 648, 846), (36, 648, 846), (36, 630, 846), (36, 630, 810), (36, 648, 846), (36, 648, 828), (36, 630, 828), (18, 648, 846)]	(9468, 14486, 13355, 10933, 11809, 12135, 6525, 7334, 5141, 7048, 9640, 6856, 7485, 7588, 7500, 7171, 13968, 20750, 15837, 20010, 19289, 15404, 12985, 2024)
left	q	986624	(595, 439)	[(36, 630, 846), (36, 630, 810), (36, 630, 828), (36, 648, 792), (54, 630, 900), (36, 630, 882), (36, 648, 864), (18, 630, 810), (0, 648, 810), (18, 648, 810), (0, 666, 882), (18, 648, 882), (0, 648, 846), (0, 648, 810), (0, 666, 828), (18, 666, 846), (-18, 666, 828), (18, 666, 810), (0, 666, 810), (0, 666, 864), (18, 666, 846), (18, 666, 792), (36, 684, 738), (18, 666, 774), (18, 666, 810)]	(9495, 14808, 13059, 11000, 11826, 12237, 6299, 6698, 4515, 7049, 8956, 6498, 6560, 8036, 7469, 7179, 14209, 20760, 15764, 19684, 19152, 15457, 13087, 2032)
right	p	988330	(571, 15)	[(18, 630, 846), (18, 630, 864), (36, 630, 828), (36, 630, 846), (18, 630, 864), (36, 630, 864), (36, 648, 828), (18, 630, 846), (18, 630, 846), (36, 630, 846), (18, 630, 828), (18, 630, 846), (36, 630, 864), (36, 630, 846), (36, 648, 828), (18, 630, 828), (18, 630, 828), (36, 648, 846), (18, 630, 810), (18, 648, 846), (36, 630, 864), (36, 648, 828), (36, 630, 810), (18, 666, 810), (36, 630, 810)]	(9461, 14419, 12892, 11266, 11820, 12108, 6654, 7230, 5143, 7148, 11432, 6992, 7005, 7928, 7470, 7234, 14092, 20705, 15750, 19787, 19323, 15440, 13020, 2021)
right	z	989760	(728, 397)	[(36, 630, 810), (18, 648, 846), (36, 630, 846), (36, 648, 828), (36, 648, 828), (18, 630, 846), (18, 630, 828), (18, 630, 846), (18, 630, 864), (18, 630, 846), (18, 630, 810), (18, 648, 792), (18, 648, 864), (36, 630, 864), (18, 612, 882), (36, 630, 828), (36, 648, 810), (36, 648, 828), (18, 648, 882), (54, 630, 882), (18, 630, 810), (18, 648, 774), (18, 648, 810), (18, 648, 756), (18, 648, 828)]	(9483, 14796, 13303, 11447, 11845, 12335, 6707, 6896, 4719, 7120, 10141, 6575, 7660, 8525, 7492, 7194, 14099, 20700, 15743, 19820, 19271, 15415, 12986, 2017)
left	x	991296	(725, 345)	[(18, 612, 846), (36, 630, 846), (54, 612, 864), (36, 630, 846), (18, 630, 828), (36, 630, 828), (18, 612, 864), (18, 630, 864), (18, 630, 828), (18, 612, 846), (18, 630, 846), (0, 630, 882), (36, 612, 864), (0, 612, 810), (36, 630, 846), (36, 630, 846), (18, 630, 882), (18, 612, 846), (18, 612, 864), (36, 630, 846), (18, 630, 846), (36, 630, 846), (18, 612, 864), (18, 612, 792), (18, 630, 900)]	(9477, 14600, 13430, 10939, 11800, 11775, 6585, 7133, 5005, 7137, 12094, 6949, 7192, 8637, 7531, 7266, 14296, 20749, 15780, 19789, 19228, 15428, 13065, 2012)
right	x	992807	(751, 350)	[(18, 612, 864), (18, 630, 828), (18, 630, 846), (18, 612, 864), (18, 630, 846), (18, 612, 846), (18, 630, 846), (18, 630, 882), (18, 612, 846), (36, 630, 846), (18, 630, 846), (36, 630, 846), (18, 612, 882), (36, 630, 846), (36, 630, 828), (0, 630, 882), (18, 630, 846), (18, 630, 846), (18, 648, 846), (36, 630, 846), (36, 630, 810), (18, 648, 846), (18, 648, 810), (18, 648, 864), (18, 630, 846)]	(9480, 14570, 13440, 11330, 11852, 12150, 6747, 7405, 5190, 7117, 11989, 7005, 7687, 8513, 7492, 7229, 14158, 20726, 15743, 19796, 19239, 15405, 12988, 2022)
left	a	994124	(655, 433)	[(18, 612, 828), (18, 630, 828), (18, 630, 864), (36, 612, 846), (18, 630, 846), (18, 630, 828), (18, 630, 846), (18, 630, 846), (18, 612, 864), (36, 612, 846), (18, 612, 864), (18, 630, 864), (18, 630, 846), (18, 630, 846), (36, 630, 864), (36, 630, 846), (18, 612, 846), (18, 630, 864), (36, 630, 828), (36, 612, 846), (36, 630, 828), (18, 630, 846), (18, 630, 828), (18, 630, 864), (0, 630, 864)]	(9475, 14477, 13472, 10910, 11808, 11864, 6581, 7410, 5310, 7181, 11959, 6890, 7366, 8545, 7547, 7248, 14267, 20759, 15775, 19806, 19198, 15410, 13033, 2027)
left	h	995457	(658, 210)	[(18, 630, 846), (18, 630, 846), (18, 612, 864), (18, 612, 828), (18, 630, 864), (36, 630, 846), (18, 630, 828), (36, 630, 846), (18, 630, 846), (18, 612, 846), (18, 630, 846), (18, 630, 846), (36, 630, 864), (18, 630, 828), (18, 630, 828), (18, 630, 864), (18, 630, 846), (36, 630, 864), (18, 630, 828), (18, 630, 828), (36, 630, 846), (36, 630, 846), (18, 630, 864), (0, 630, 846), (36, 630, 828)]	(9474, 14499, 13365, 11580, 11845, 12153, 6832, 7421, 5180, 7218, 12270, 6965, 7559, 8326, 7509, 7249, 14152, 20741, 15781, 19868, 19302, 15441, 13009, 2029)
left	j	998600	(669, 156)	[(36, 648, 846), (36, 648, 846), (18, 630, 846), (36, 630, 846), (36, 630, 846), (36, 630, 864), (36, 630, 828), (36, 630, 846), (36, 630, 846), (18, 630, 828), (36, 630, 846), (54, 630, 864), (36, 630, 864), (18, 630, 828), (18, 612, 774), (54, 630, 864), (36, 630, 936), (36, 648, 864), (36, 648, 792), (36, 648, 810), (36, 666, 810), (54, 648, 864), (54, 648, 828), (36, 684, 810), (18, 648, 756)]	(9471, 14595, 13261, 10677, 11806, 11981, 6599, 7084, 5232, 7174, 12464, 7022, 6710, 7092, 7420, 7200, 14122, 20902, 16071, 20248, 19676, 15720, 13260, 2033)
left	r	1000917	(590, 334)	[(54, 648, 828), (54, 630, 846), (36, 630, 846), (36, 648, 828), (36, 648, 828), (36, 648, 846), (36, 648, 828), (36, 648, 864), (36, 630, 882), (72, 648, 846), (36, 630, 828), (36, 630, 810), (18, 648, 846), (54, 648, 828), (36, 630, 828), (18, 648, 936), (36, 648, 864), (36, 648, 846), (36, 648, 810), (36, 648, 846), (36, 648, 792), (36, 648, 810), (36, 666, 864), (36, 666, 828), (54, 666, 792)]	(9463, 14561, 13139, 10758, 11789, 12038, 6846, 7333, 5151, 7097, 12387, 6875, 6968, 7808, 7483, 7204, 14304, 20799, 15940, 19959, 19314, 15524, 13161, 2027)
right	e	1002455	(584, 358)	[(54, 648, 846), (36, 648, 828), (36, 648, 828), (54, 648, 828), (54, 648, 846), (36, 648, 828), (54, 648, 828), (36, 648, 828), (36, 630, 846), (36, 630, 846), (36, 648, 828), (36, 648, 882), (36, 648, 792), (36, 648, 792), (36, 666, 756), (36, 648, 882), (36, 648, 882), (18, 666, 846), (0, 666, 810), (-18, 666, 756), (18, 684, 810), (-36, 684, 810), (0, 666, 882), (0, 684, 810), (-54, 702, 720)]	(9497, 14805, 13006, 12175, 11781, 11860, 5993, 6421, 4520, 6983, 7149, 6344, 6361, 10200, 7566, 7163, 14522, 20715, 15766, 19788, 19137, 15414, 13034, 2027)
right	o	1003894	(594, 79)	[(36, 630, 846), (36, 630, 846), (36, 630, 846), (36, 630, 846), (36, 630, 864), (18, 630, 846), (18, 648, 828), (36, 648, 846), (18, 630, 846), (36, 630, 846), (36, 630, 846), (36, 648, 828), (36, 630, 828), (18, 648, 828), (18, 648, 846), (36, 648, 846), (36, 630, 828), (36, 630, 864), (36, 648, 846), (36, 630, 846), (36, 648, 828), (36, 630, 828), (18, 630, 864), (36, 648, 828), (36, 648, 792)]	(9483, 14700, 13570, 11645, 11845, 12249, 6564, 7082, 4954, 7114, 10213, 6754, 7347, 8029, 7466, 7143, 14222, 20698, 15810, 20091, 19325, 15410, 12990, 2028)
right	f	1005338	(667, 301)	[(18, 630, 864), (36, 648, 828), (36, 648, 828), (36, 648, 846), (36, 630, 846), (36, 630, 846), (36, 630, 828), (36, 630, 846), (36, 648, 828), (18, 648, 846), (36, 630, 810), (36, 630, 828), (36, 648, 864), (36, 630, 900), (36, 648, 846), (36, 648, 810), (36, 630, 846), (18, 648, 828), (36, 630, 828), (36, 630, 882), (36, 648, 810), (36, 648, 828), (18, 648, 846), (36, 666, 846), (36, 648, 828)]	(9478, 14719, 13587, 11759, 11877, 12394, 6885, 7285, 5006, 7079, 11277, 6766, 7661, 7744, 7444, 7144, 14105, 20673, 15811, 20114, 19362, 15413, 12963, 2034)
left	g	1006865	(651, 265)	[(36, 630, 846), (36, 630, 828), (36, 630, 828), (36, 630, 846), (36, 648, 828), (18, 630, 846), (36, 648, 846), (36, 648, 828), (36, 648, 864), (36, 630, 864), (36, 648, 846), (54, 630, 828), (18, 630, 810), (18, 648, 846), (36, 630, 882), (36, 648, 828), (36, 648, 828), (54, 648, 810), (36, 648, 828), (36, 648, 756), (36, 648, 846), (72, 666, 846), (54, 666, 846), (54, 666, 846), (54, 666, 846)]	(9462, 14722, 13498, 10896, 11818, 12186, 6724, 7183, 5103, 7106, 11962, 7054, 7393, 7565, 7481, 7203, 14284, 20774, 15878, 20067, 19414, 15536, 13175, 2023)
right	k	1008453	(652, 89)	[(54, 648, 828), (54, 648, 828), (54, 648, 828), (36, 648, 810), (36, 648, 828), (36, 648, 882), (54, 648, 846), (36, 648, 828), (54, 648, 828), (54, 648, 810), (36, 648, 828), (36, 648, 828), (36, 648, 828), (36, 648, 810), (54, 648, 846), (54, 648, 828), (36, 648, 828), (36, 648, 810), (54, 648, 828), (54, 648, 846), (54, 648, 846), (36, 648, 810), (36, 648, 810), (36, 648, 828), (36, 648, 918)]	(9466, 14679, 13589, 11295, 11848, 12205, 6857, 7486, 5151, 7132, 12216, 7063, 7518, 7420, 7436, 7209, 14192, 20766, 15835, 20101, 19440, 15522, 13125, 2045)
left	e	1009896	(585, 354)	[(54, 648, 810), (54, 648, 846), (54, 648, 828), (54, 648, 846), (36, 648, 828), (36, 648, 846), (36, 630, 828), (54, 648, 828), (54, 666, 846), (36, 648, 846), (54, 648, 828), (36, 630, 810), (54, 648, 846), (54, 648, 846), (54, 648, 864), (54, 648, 810), (36, 648, 810), (36, 648, 864), (36, 666, 846), (36, 648, 792), (36, 648, 846), (36, 666, 846), (54, 648, 828), (54, 648, 828), (36, 648, 828)]	(9475, 14785, 13637, 11151, 11835, 12155, 6838, 7265, 5321, 7232, 12400, 7030, 7427, 7585, 7439, 7226, 14318, 20774, 15931, 20158, 19437, 15564, 13166, 2021)
left	a	1011123	(667, 447)	[(54, 666, 828), (36, 648, 828), (54, 648, 828), (54, 648, 828), (36, 648, 828), (36, 648, 828), (36, 648, 846), (54, 648, 846), (36, 648, 846), (54, 648, 828), (54, 648, 846), (36, 648, 810), (54, 648, 828), (54, 648, 846), (36, 648, 828), (36, 648, 810), (54, 648, 828), (54, 666, 828), (54, 648, 828), (36, 648, 810), (36, 666, 828), (36, 648, 828), (36, 648, 846), (36, 648, 828), (54, 648, 846)]	(9459, 14525, 13485, 11097, 11817, 12107, 6664, 7377, 5286, 7185, 12140, 6869, 7360, 7557, 7469, 7145, 14230, 20729, 15816, 20043, 19319, 15476, 13086, 2028)
left	z	1012763	(744, 391)	[(36, 648, 828), (36, 648, 846), (54, 630, 846), (36, 648, 828), (36, 648, 810), (36, 648, 846), (36, 648, 828), (36, 648, 846), (36, 648, 846), (36, 648, 828), (36, 630, 828), (36, 648, 810), (36, 648, 846), (54, 648, 864), (36, 648, 810), (36, 648, 810), (36, 648, 864), (36, 630, 828), (36, 630, 828), (54, 648, 828), (36, 648, 810), (36, 648, 828), (36, 648, 846), (36, 648, 846), (36, 630, 846)]	(9470, 14609, 13541, 11061, 11811, 12001, 6691, 7383, 5115, 7179, 12315, 6933, 7348, 7849, 7483, 7182, 14290, 20720, 15802, 19997, 19278, 15444, 13082, 2030)
right	g	1015667	(663, 247)	[(54, 648, 828), (36, 648, 828), (36, 648, 846), (36, 648, 828), (54, 648, 828), (36, 648, 846), (54, 648, 846), (36, 630, 846), (36, 630, 846), (36, 630, 846), (36, 648, 828), (36, 630, 864), (54, 648, 828), (54, 648, 828), (36, 648, 846), (18, 648, 846), (18, 648, 810), (36, 648, 846), (36, 666, 810), (36, 648, 828), (36, 648, 882), (54, 648, 846), (0, 666, 828), (54, 666, 918), (54, 648, 810)]	(9473, 14665, 13529, 11585, 11866, 12207, 6969, 7572, 5350, 7240, 13750, 7144, 7863, 7834, 7475, 7210, 14268, 20738, 15836, 20130, 19448, 15517, 13093, 2037)
right	i	1017089	(597, 119)	[(36, 648, 828), (36, 666, 828), (36, 648, 828), (54, 648, 846), (36, 648, 828), (54, 648, 828), (54, 648, 828), (36, 630, 846), (36, 648, 846), (54, 648, 828), (54, 648, 828), (54, 666, 846), (54, 648, 828), (36, 648, 828), (54, 648, 828), (36, 630, 828), (36, 648, 828), (54, 648, 828), (36, 666, 846), (36, 648, 846), (36, 648, 846), (36, 648, 810), (36, 666, 828), (54, 648, 828), (36, 648, 828)]	(9474, 14666, 13613, 11735, 11850, 12202, 7070, 7479, 5235, 7242, 13353, 6957, 7743, 7739, 7473, 7193, 14239, 20755, 15860, 20170, 19424, 15511, 13074, 2030)
right	u	1018426	(591, 180)	[(36, 630, 828), (54, 648, 828), (36, 648, 828), (36, 648, 828), (36, 648, 828), (54, 648, 846), (36, 648, 828), (54, 648, 846), (54, 648, 828), (36, 648, 828), (54, 648, 828), (36, 648, 864), (54, 648, 810), (36, 630, 828), (36, 630, 846), (36, 630, 864), (54, 666, 810), (54, 648, 828), (36, 648, 900), (36, 648, 864), (54, 666, 792), (36, 666, 774), (54, 666, 810), (36, 684, 810), (36, 666, 792)]	(9465, 14455, 13210, 11771, 11873, 12340, 7064, 7369, 5327, 7234, 13408, 6866, 7790, 7495, 7437, 7186, 14072, 20726, 15852, 20126, 19392, 15485, 13051, 2029)
right	c	1019760	(736, 305)	[(54, 648, 828), (36, 648, 810), (36, 666, 864), (36, 648, 846), (36, 648, 810), (54, 648, 810), (36, 648, 828), (54, 648, 846), (54, 648, 828), (36, 648, 846), (54, 666, 828), (36, 630, 810), (54, 648, 828), (54, 666, 828), (36, 648, 828), (54, 648, 846), (54, 648, 828), (54, 648, 846), (54, 648, 828), (36, 648, 846), (54, 648, 846), (36, 666, 810), (54, 648, 792), (18, 666, 828), (54, 666, 846)]	(9464, 14591, 13498, 11368, 11872, 12336, 7122, 7370, 5184, 7217, 13438, 7007, 7883, 7538, 7433, 7215, 14177, 20750, 15864, 20200, 19469, 15523, 13091, 2037)
right	q	1021252	(572, 432)	[(36, 648, 846), (54, 648, 828), (54, 648, 828), (36, 648, 846), (36, 648, 828), (54, 648, 828), (36, 648, 828), (36, 648, 846), (54, 666, 810), (36, 648, 828), (36, 648, 792), (36, 666, 756), (54, 648, 810), (36, 666, 756), (-36, 648, 918), (18, 648, 1026), (18, 666, 846), (0, 684, 810), (0, 666, 702), (-18, 666, 810), (0, 684, 882), (-36, 684, 900), (-36, 684, 864), (-36, 684, 792), (-36, 702, 738)]	(9497, 14463, 12700, 12249, 11818, 11872, 6531, 6808, 4904, 7093, 8686, 6580, 7000, 10840, 7642, 7193, 14596, 20686, 15695, 19527, 18955, 15325, 13011, 2029)
left	u	1023159	(587, 164)	[(36, 666, 810), (36, 666, 810), (36, 666, 810), (36, 648, 828), (36, 648, 864), (36, 666, 828), (36, 666, 810), (36, 666, 828), (36, 648, 846), (54, 648, 864), (18, 648, 846), (36, 648, 828), (36, 684, 738), (36, 648, 882), (72, 648, 918), (72, 684, 918), (72, 666, 810), (36, 648, 774), (72, 702, 792), (54, 684, 756), (54, 684, 774), (72, 702, 810), (36, 720, 738), (72, 738, 774)]	(9501, 14612, 12577, 10600, 11902, 12494, 6705, 6769, 4719, 7133, 9720, 6818, 6501, 6649, 7348, 7180, 13616, 20764, 16027, 20191, 19389, 15637, 13271, 2019)
left	o	1024489	(583, 95)	[(36, 630, 846), (54, 630, 864), (36, 630, 846), (54, 630, 846), (54, 630, 846), (36, 630, 846), (36, 630, 846), (36, 630, 882), (36, 612, 882), (36, 612, 936), (36, 630, 900), (18, 648, 774), (54, 648, 774), (54, 648, 828), (54, 648, 918), (36, 648, 918), (18, 648, 828), (54, 666, 774), (72, 702, 756), (36, 702, 684), (54, 702, 774), (54, 684, 864), (54, 684, 900), (36, 684, 792), (72, 720, 648)]	(9468, 14072, 12149, 10421, 11820, 12261, 6644, 7095, 5041, 7201, 10911, 6768, 5488, 6538, 7355, 7245, 13226, 20821, 16345, 20476, 19405, 15635, 13204, 2031)
left	c	1025935	(748, 305)	[(54, 648, 828), (36, 648, 828), (54, 648, 828), (54, 630, 864), (54, 630, 828), (36, 630, 810), (54, 648, 846), (54, 630, 846), (54, 648, 846), (54, 648, 810), (36, 630, 882), (54, 630, 846), (36, 630, 828), (36, 648, 810), (36, 630, 810), (72, 630, 864), (54, 630, 846), (54, 630, 864), (36, 630, 828), (36, 630, 846), (36, 648, 810), (54, 630, 846), (54, 648, 828), (36, 630, 846), (54, 666, 864)]	(9473, 14236, 12703, 10510, 11770, 11879, 6523, 7077, 5062, 7141, 11822, 6976, 6260, 7164, 7422, 7293, 14057, 20753, 16007, 20242, 19279, 15454, 13032, 2050)
left	k	1027324	(671, 94)	[(54, 630, 846), (54, 648, 846), (54, 630, 846), (54, 630, 846), (54, 630, 828), (54, 648, 846), (36, 648, 846), (54, 630, 846), (54, 630, 846), (36, 648, 828), (36, 630, 828), (54, 648, 864), (54, 630, 864), (72, 648, 846), (36, 648, 792), (54, 666, 828), (54, 630, 864), (54, 648, 846), (54, 648, 810), (54, 666, 810), (54, 648, 828), (54, 648, 828), (54, 648, 846), (54, 666, 810), (36, 666, 810)]	(9488, 14482, 12740, 10519, 11786, 11971, 6490, 7195, 4947, 7140, 12025, 7042, 6304, 6964, 7405, 7327, 14092, 20831, 16123, 20312, 19443, 15621, 13213, 2040)
left	h	1028709	(657, 188)	[(36, 630, 846), (36, 630, 846), (36, 630, 846), (54, 630, 846), (36, 612, 846), (36, 630, 828), (54, 648, 846), (36, 630, 846), (36, 630, 900), (54, 648, 810), (36, 648, 792), (54, 648, 828), (54, 648, 846), (36, 630, 828), (36, 648, 828), (36, 648, 864), (36, 630, 810), (36, 630, 846), (36, 648, 846), (36, 630, 864), (36, 630, 828), (54, 648, 828), (36, 648, 792), (54, 630, 864), (54, 648, 864)]	(9473, 14456, 12834, 10552, 11770, 11831, 6400, 7130, 4889, 7042, 12119, 7029, 6450, 7433, 7454, 7332, 14242, 20750, 16005, 20097, 19232, 15458, 13118, 2035)
right	e	1030145	(581, 356)	[(54, 630, 846), (36, 630, 846), (36, 630, 846), (54, 648, 846), (54, 630, 846), (54, 648, 792), (36, 630, 846), (36, 648, 882), (54, 630, 810), (54, 648, 792), (36, 648, 846), (18, 630, 828), (54, 648, 864), (36, 648, 846), (54, 666, 810), (18, 648, 810), (0, 648, 882), (0, 648, 846), (0, 684, 792), (-36, 666, 792), (-36, 666, 828), (-36, 684, 792), (-36, 684, 864), (-36, 684, 792), (-36, 684, 720)]	(9504, 15005, 13017, 12185, 11822, 11852, 6400, 6280, 4510, 7049, 7983, 6281, 6032, 9593, 7552, 7138, 14509, 20820, 15792, 19885, 19295, 15523, 13114, 2032)
right	i	1031528	(585, 133)	[(18, 666, 846), (36, 666, 846), (0, 666, 810), (18, 684, 810), (18, 684, 774), (18, 666, 864), (36, 666, 864), (18, 648, 828), (18, 666, 810), (0, 666, 828), (18, 666, 810), (18, 666, 792), (18, 666, 846), (18, 666, 846), (18, 666, 846), (18, 666, 810), (18, 666, 810), (18, 666, 810), (18, 666, 810), (18, 648, 846), (18, 666, 828), (18, 648, 792), (18, 666, 792), (18, 666, 792), (0, 666, 810)]	(9483, 14787, 12989, 11915, 11840, 12083, 6652, 6666, 4448, 7016, 8749, 6389, 6451, 7841, 7439, 7080, 14226, 20735, 15774, 19956, 19355, 15461, 13068, 2023)
left	i	1033432	(579, 131)	[(18, 666, 810), (18, 666, 828), (18, 666, 810), (18, 666, 828), (18, 666, 810), (18, 648, 846), (18, 666, 900), (36, 666, 846), (18, 666, 702), (36, 666, 900), (72, 666, 810), (54, 702, 684), (54, 702, 648), (72, 702, 828), (54, 684, 864), (54, 702, 792), (90, 720, 756), (72, 720, 720), (72, 720, 738), (36, 720, 792), (36, 720, 828), (54, 720, 774), (72, 720, 684), (72, 738, 630), (90, 738, 720)]	(9490, 14492, 12320, 10520, 11892, 12580, 6435, 6503, 4540, 7075, 8747, 6411, 5387, 6409, 7300, 7188, 13025, 20813, 16295, 20706, 19817, 15865, 13340, 2034)
right	z	1034774	(743, 398)	[(54, 648, 810), (54, 648, 846), (54, 648, 864), (54, 630, 846), (54, 648, 810), (54, 630, 846), (36, 630, 810), (36, 630, 882), (72, 630, 882), (54, 630, 828), (18, 612, 810), (18, 630, 846), (36, 630, 846), (36, 630, 864), (36, 612, 864), (18, 594, 846), (18, 612, 900), (36, 612, 882), (36, 612, 846), (36, 612, 828), (36, 612, 846), (36, 612, 882), (36, 612, 864), (36, 630, 846), (36, 612, 846)]	(9470, 14384, 13020, 10687, 11780, 11871, 6285, 6788, 4819, 6999, 10416, 6855, 6570, 7503, 7440, 7204, 14176, 20675, 15826, 19959, 19207, 15390, 12956, 2009)
left	v	1037243	(738, 230)	[(36, 630, 864), (36, 612, 882), (36, 612, 864), (36, 612, 846), (18, 612, 846), (36, 612, 864), (36, 612, 846), (36, 612, 846), (36, 612, 846), (36, 612, 828), (36, 612, 864), (36, 612, 846), (36, 612, 846), (36, 612, 846), (36, 612, 864), (36, 612, 846), (36, 612, 846), (36, 612, 864), (36, 612, 882), (36, 612, 846), (54, 612, 846), (36, 612, 846), (36, 612, 828), (54, 630, 864), (36, 612, 846)]	(9467, 14550, 13321, 10723, 11793, 11880, 6435, 7166, 5126, 7188, 11654, 7051, 6647, 7541, 7454, 7252, 14304, 20753, 15931, 20197, 19475, 15534, 13063, 2028)
left	l	1038822	(663, 58)	[(54, 612, 846), (36, 612, 846), (36, 612, 864), (36, 612, 846), (36, 612, 846), (36, 612, 864), (36, 612, 846), (54, 612, 864), (36, 612, 882), (36, 612, 846), (36, 612, 918), (36, 612, 882), (54, 630, 864), (54, 630, 846), (54, 630, 864), (54, 648, 846), (54, 648, 792), (54, 666, 810), (54, 666, 828), (72, 666, 792), (54, 684, 774), (54, 666, 774), (126, 666, 774), (72, 684, 846), (54, 684, 810)]	(9476, 15263, 13660, 10529, 11838, 12088, 6848, 7113, 5032, 7123, 12067, 6858, 5833, 6517, 7349, 7243, 13396, 20850, 16364, 20973, 20215, 15943, 13314, 2042)
left	w	1040199	(589, 391)	[(54, 630, 846), (54, 630, 846), (54, 630, 828), (72, 648, 828), (72, 630, 864), (54, 630, 864), (54, 648, 810), (72, 648, 828), (54, 630, 846), (72, 648, 828), (54, 648, 828), (72, 648, 846), (54, 630, 846), (54, 630, 846), (54, 648, 810), (72, 648, 828), (54, 630, 828), (54, 630, 864), (54, 630, 846), (54, 648, 810), (54, 648, 846), (54, 630, 864), (54, 648, 828), (36, 648, 810), (36, 648, 846)]	(9470, 14655, 13446, 10594, 11778, 11816, 6501, 6923, 4859, 7196, 12191, 7000, 6443, 7058, 7401, 7293, 14189, 20747, 16106, 20501, 19588, 15595, 13106, 2030)
left	y	1041588	(591, 193)	[(54, 630, 846), (36, 630, 828), (72, 630, 846), (54, 630, 828), (54, 630, 864), (54, 648, 864), (54, 648, 810), (54, 630, 792), (54, 630, 900), (36, 630, 882), (54, 630, 828), (54, 648, 828), (54, 630, 882), (54, 648, 864), (54, 630, 864), (54, 630, 846), (54, 630, 774), (54, 648, 846), (36, 666, 846), (54, 648, 846), (54, 666, 810), (36, 666, 792), (36, 648, 810), (72, 666, 828), (54, 666, 756)]	(9464, 14782, 13265, 10561, 11785, 11914, 6703, 7013, 5096, 7136, 12213, 7078, 6101, 6880, 7389, 7263, 14087, 20757, 16155, 20465, 19645, 15650, 13180, 2033)
left	y	1042928	(586, 215)	[(54, 648, 864), (36, 648, 828), (54, 648, 828), (54, 648, 846), (54, 666, 828), (36, 648, 828), (54, 648, 828), (54, 648, 828), (54, 648, 828), (54, 648, 846), (54, 666, 846), (54, 648, 846), (54, 648, 864), (54, 648, 810), (54, 648, 828), (54, 666, 846), (36, 648, 828), (54, 666, 846), (54, 648, 864), (36, 666, 792), (36, 666, 774), (72, 684, 792), (54, 684, 756), (72, 666, 846), (54, 666, 918)]	(9484, 14891, 13069, 10592, 11809, 12088, 6920, 7139, 4922, 7119, 12272, 6950, 6242, 7005, 7411, 7287, 14315, 20863, 16282, 20570, 19705, 15724, 13241, 2018)
right	b	1044360	(764, 217)	[(36, 648, 810), (54, 648, 846), (54, 666, 846), (54, 666, 810), (54, 648, 864), (54, 666, 810), (36, 648, 810), (54, 666, 828), (54, 648, 828), (54, 648, 810), (54, 666, 864), (54, 666, 828), (54, 648, 828), (36, 666, 828), (54, 648, 810), (54, 648, 846), (54, 648, 846), (36, 648, 846), (36, 648, 846), (54, 666, 810), (54, 648, 828), (36, 648, 828), (54, 648, 810), (36, 666, 774), (36, 702, 864)]	(9474, 14450, 12927, 10630, 11808, 11975, 6864, 7321, 5120, 7223, 12628, 7061, 7063, 7380, 7435, 7331, 14236, 20725, 15925, 20204, 19408, 15508, 13069, 2028)
right	w	1046104	(589, 395)	[(36, 648, 810), (54, 648, 828), (54, 666, 828), (54, 648, 846), (36, 648, 828), (54, 630, 828), (54, 666, 846), (36, 648, 846), (54, 666, 828), (36, 666, 738), (90, 648, 810), (54, 666, 882), (36, 666, 864), (36, 666, 702), (54, 648, 846), (18, 666, 936), (0, 648, 864), (18, 666, 810), (18, 666, 720), (0, 684, 846), (18, 684, 846), (-36, 666, 846), (-36, 684, 774), (-36, 684, 720), (-18, 720, 684)]	(9495, 14645, 12764, 12001, 11828, 11747, 6892, 6769, 5013, 7071, 9843, 6671, 6109, 10535, 7566, 7179, 14692, 20733, 15793, 19852, 19202, 15402, 13061, 2028)
left	s	1047493	(659, 384)	[(36, 630, 828), (18, 648, 828), (36, 648, 828), (36, 630, 828), (36, 612, 792), (36, 630, 846), (18, 612, 900), (18, 612, 936), (18, 612, 864), (36, 612, 828), (18, 612, 864), (18, 612, 882), (36, 612, 882), (18, 612, 846), (18, 612, 864), (36, 612, 846), (18, 612, 864), (18, 630, 864), (18, 612, 846), (36, 630, 846), (18, 612, 864), (0, 630, 846), (18, 630, 810), (18, 630, 864), (18, 630, 846)]	(9497, 14764, 13166, 11121, 11808, 12200, 6005, 6433, 4405, 7002, 7360, 6399, 6444, 6840, 7406, 7082, 13751, 20822, 15804, 19620, 19430, 15611, 13162, 2019)
left	q	1048822	(586, 451)	[(0, 612, 846), (0, 612, 846), (0, 630, 882), (0, 630, 882), (18, 630, 828), (18, 630, 828), (0, 630, 864), (0, 630, 882), (18, 630, 864), (18, 612, 846), (0, 630, 828), (18, 648, 846), (-36, 630, 864), (18, 630, 846), (18, 648, 810), (18, 630, 846), (18, 648, 846), (0, 630, 864), (0, 630, 864), (18, 630, 846), (18, 648, 846), (18, 630, 846), (18, 648, 846), (-36, 648, 828), (18, 630, 810)]	(9495, 14219, 12351, 11076, 11777, 12027, 6295, 6721, 4626, 7008, 9303, 6567, 6348, 8110, 7482, 7242, 14203, 20749, 15727, 19425, 19099, 15505, 13115, 2028)
left	e	1050141	(591, 342)	[(18, 648, 846), (36, 648, 810), (18, 648, 846), (18, 648, 846), (18, 648, 846), (18, 648, 828), (18, 648, 810), (18, 648, 828), (18, 648, 846), (18, 666, 828), (0, 648, 828), (18, 648, 828), (18, 648, 864), (0, 666, 846), (18, 648, 864), (18, 666, 828), (18, 666, 792), (18, 684, 828), (18, 666, 846), (18, 684, 792), (36, 684, 792), (36, 684, 810), (18, 720, 774), (54, 702, 756), (18, 702, 756)]	(9489, 14034, 12097, 10701, 11853, 12160, 6741, 6915, 4943, 7035, 9450, 6589, 6079, 7249, 7368, 7146, 14061, 20701, 15800, 19582, 19105, 15557, 13185, 2031)
right	j	1051740	(653, 149)	[(18, 666, 828), (18, 666, 810), (18, 684, 810), (18, 666, 810), (36, 666, 828), (18, 666, 828), (36, 666, 810), (18, 648, 810), (36, 666, 810), (36, 666, 846), (36, 666, 828), (18, 666, 810), (18, 666, 828), (36, 666, 828), (18, 666, 810), (36, 666, 792), (36, 666, 810), (36, 666, 828), (36, 666, 864), (18, 684, 792), (36, 666, 774), (36, 684, 810), (36, 666, 846), (36, 666, 828), (18, 666, 792)]	(9480, 14116, 12335, 10959, 11818, 12083, 7073, 7172, 5401, 7104, 11136, 6829, 6713, 7826, 7455, 7277, 14272, 20707, 15781, 19730, 19280, 15527, 13127, 2032)
