Please hold the phone in both hands. At each letter you will be instructed which thumb to use
left	t	886247	(580, 255)	[(-18, 612, 864), (0, 612, 846), (0, 612, 792), (-36, 612, 792), (-36, 630, 864), (-36, 630, 846), (-54, 612, 846), (-54, 648, 828), (0, 612, 846), (18, 648, 864), (0, 630, 882), (-18, 648, 828), (-36, 648, 810), (0, 648, 810), (18, 666, 882), (-36, 666, 792), (-36, 666, 792), (0, 666, 828), (0, 666, 792), (18, 684, 774), (0, 666, 792), (18, 666, 774), (0, 666, 828), (18, 666, 864), (18, 666, 792)]	(9495, 13460, 11596, 10365, 11752, 11955, 6326, 7335, 5080, 7116, 9205, 6977, 6696, 7064, 7549, 7213, 13236, 20633, 15608, 9146, 18160, 15125, 13100, 1995)
right	d	887740	(647, 350)	[(18, 630, 846), (0, 612, 828), (0, 612, 864), (0, 630, 882), (18, 612, 864), (18, 612, 846), (0, 630, 828), (0, 630, 792), (0, 630, 792), (0, 630, 828), (0, 630, 864), (0, 630, 900), (0, 630, 882), (0, 612, 828), (0, 630, 882), (-36, 648, 846), (-36, 648, 810), (-18, 666, 828), (-36, 648, 810), (-54, 684, 756), (-36, 648, 756), (-36, 666, 828), (-36, 666, 846), (-36, 684, 792), (-18, 666, 720)]	(9497, 14098, 12339, 11615, 11782, 12062, 6619, 7496, 4932, 7151, 10226, 7159, 6899, 8121, 7727, 7263, 13580, 20850, 15514, 17711, 18627, 15238, 12983, 2021)
right	s	889288	(649, 390)	[(0, 630, 864), (0, 630, 846), (0, 612, 846), (0, 630, 846), (0, 612, 864), (0, 612, 846), (0, 630, 864), (0, 630, 864), (0, 630, 864), (0, 630, 810), (18, 630, 810), (-36, 630, 846), (-18, 630, 918), (-36, 630, 864), (-36, 648, 846), (-36, 648, 774), (-36, 666, 864), (-54, 648, 882), (-36, 666, 810), (0, 666, 792), (-36, 684, 684), (-54, 666, 918), (-54, 666, 846), (-36, 684, 774), (-36, 666, 666)]	(9494, 14105, 12351, 11689, 11797, 12288, 6690, 7274, 5023, 7194, 10440, 7028, 7097, 8468, 7789, 7282, 13609, 20815, 15438, 11669, 18770, 15272, 13027, 2025)
left	f	890674	(666, 294)	[(0, 612, 882), (0, 612, 882), (18, 612, 846), (0, 612, 846), (18, 612, 846), (18, 630, 882), (18, 612, 882), (0, 612, 846), (0, 630, 846), (18, 630, 864), (18, 630, 846), (18, 630, 828), (18, 630, 846), (18, 630, 846), (18, 648, 792), (36, 648, 846), (36, 648, 882), (18, 648, 882), (18, 666, 792), (36, 684, 738), (18, 684, 738), (18, 684, 738), (18, 666, 828), (36, 666, 864), (36, 648, 774)]	(9495, 14679, 12971, 10620, 11772, 12139, 5911, 6794, 4389, 7045, 7639, 6749, 6383, 6832, 7475, 7190, 13369, 20931, 15769, 19747, 19180, 15388, 13104, 2003)
right	a	892111	(668, 420)	[(18, 630, 828), (36, 648, 828), (18, 648, 864), (18, 648, 846), (18, 630, 828), (18, 630, 846), (18, 648, 846), (18, 648, 864), (18, 648, 792), (36, 666, 774), (36, 648, 792), (0, 648, 828), (-18, 648, 882), (0, 666, 846), (-36, 648, 810), (-36, 648, 846), (-18, 666, 828), (-36, 666, 846), (-54, 666, 810), (-36, 684, 792), (-36, 684, 756), (-36, 684, 756), (-36, 702, 792), (-54, 684, 810), (-36, 666, 828)]	(9489, 14286, 12425, 11631, 11730, 11935, 6037, 6695, 4373, 7080, 8591, 6733, 6552, 8396, 7710, 7289, 13512, 20702, 15346, 9320, 18671, 15183, 12985, 2023)
left	p	893655	(589, 32)	[(0, 630, 900), (18, 630, 864), (18, 648, 810), (0, 630, 846), (18, 666, 792), (18, 648, 882), (36, 666, 864), (18, 648, 792), (0, 648, 792), (18, 666, 828), (36, 702, 828), (36, 702, 756), (36, 702, 756), (144, 792, 828), (126, 720, 612), (72, 756, 684), (54, 756, 756), (54, 738, 738), (18, 738, 702), (54, 756, 756), (36, 756, 738), (54, 738, 756), (36, 756, 702), (54, 720, 774), (54, 720, 774)]	(9502, 14298, 12083, 10325, 11767, 12103, 5810, 6396, 4492, 7030, 7254, 6494, 5197, 6512, 7313, 7219, 12873, 20797, 16288, 20345, 19273, 15588, 13250, 2023)
left	t	895103	(581, 266)	[(0, 612, 864), (18, 630, 882), (18, 612, 864), (18, 612, 846), (18, 612, 864), (36, 630, 864), (0, 630, 864), (18, 612, 846), (0, 612, 864), (0, 630, 864), (18, 630, 846), (18, 630, 864), (18, 630, 882), (18, 648, 828), (18, 666, 792), (18, 666, 810), (18, 666, 792), (18, 666, 774), (0, 684, 774), (18, 684, 810), (18, 702, 774), (18, 702, 828), (18, 684, 828), (18, 684, 810), (18, 702, 774)]	(9504, 14771, 12748, 10607, 11755, 11849, 6219, 6805, 4462, 6960, 8571, 6849, 6260, 7080, 7488, 7274, 13633, 20987, 15896, 19620, 19037, 15481, 13225, 2016)
right	b	896542	(746, 219)	[(18, 630, 864), (18, 630, 828), (18, 630, 846), (18, 630, 828), (18, 630, 828), (18, 630, 864), (18, 630, 828), (18, 630, 828), (18, 630, 864), (18, 630, 828), (18, 630, 846), (18, 648, 846), (0, 630, 864), (18, 630, 864), (18, 612, 846), (18, 648, 828), (18, 648, 810), (18, 648, 828), (18, 648, 846), (18, 630, 828), (18, 648, 828), (0, 648, 846), (18, 630, 828), (18, 648, 846), (18, 630, 864)]	(9477, 14597, 12921, 10816, 11781, 11973, 6600, 7266, 5007, 7055, 9496, 7135, 6364, 7259, 7508, 7281, 13568, 20858, 15771, 19779, 19300, 15436, 13020, 2013)
left	o	898111	(580, 71)	[(0, 630, 846), (18, 630, 846), (0, 630, 846), (18, 630, 828), (0, 630, 900), (0, 630, 864), (18, 630, 864), (0, 630, 882), (0, 648, 864), (36, 666, 846), (36, 684, 792), (36, 684, 720), (18, 702, 684), (18, 684, 810), (54, 702, 846), (36, 702, 846), (36, 702, 738), (-36, 684, 774), (18, 738, 738), (36, 720, 774), (36, 756, 738), (18, 720, 756), (18, 720, 774), (36, 738, 774), (36, 720, 792)]	(9499, 14422, 12256, 10390, 11778, 11964, 6644, 6843, 4914, 7061, 9056, 6749, 5428, 6544, 7347, 7300, 13185, 20818, 16344, 17651, 19271, 15650, 13284, 2022)
left	r	899551	(587, 299)	[(0, 648, 828), (18, 630, 810), (18, 648, 810), (18, 648, 828), (0, 648, 828), (18, 648, 864), (0, 630, 900), (18, 648, 810), (18, 648, 846), (0, 648, 900), (-18, 666, 828), (18, 666, 738), (18, 666, 738), (18, 684, 846), (18, 666, 882), (36, 666, 882), (18, 684, 774), (18, 684, 756), (18, 702, 756), (18, 666, 828), (18, 684, 810), (18, 684, 792), (18, 684, 810), (18, 684, 792), (18, 684, 810)]	(9488, 14639, 12756, 10534, 11761, 11905, 6448, 6731, 4785, 7031, 9285, 6862, 6046, 7252, 7480, 7199, 13736, 20880, 15894, 19807, 19132, 15428, 13116, 2017)
left	d	900893	(667, 335)	[(0, 648, 846), (18, 666, 828), (18, 666, 828), (0, 666, 828), (0, 648, 828), (18, 666, 828), (18, 648, 810), (18, 666, 810), (0, 666, 846), (0, 666, 846), (18, 666, 828), (18, 666, 828), (0, 666, 810), (0, 666, 810), (18, 666, 810), (0, 648, 828), (0, 648, 846), (18, 666, 828), (18, 666, 792), (36, 666, 810), (-36, 648, 882), (0, 648, 828), (18, 648, 774), (0, 666, 828), (0, 648, 846)]	(9485, 14767, 13051, 10607, 11743, 11774, 6306, 6799, 4685, 7051, 9264, 6825, 6162, 7512, 7491, 7286, 13850, 20865, 15841, 19854, 19211, 15416, 13085, 2025)
right	r	902327	(563, 310)	[(0, 648, 828), (0, 666, 828), (18, 648, 846), (18, 648, 882), (18, 666, 846), (18, 666, 810), (36, 666, 792), (18, 666, 810), (0, 684, 810), (18, 666, 792), (18, 666, 828), (0, 666, 864), (18, 666, 828), (18, 684, 846), (0, 684, 846), (-36, 684, 774), (-36, 702, 774), (-18, 702, 756), (0, 702, 756), (-54, 720, 684), (-54, 738, 792), (-36, 720, 810), (0, 720, 756), (-18, 720, 738), (-18, 738, 738)]	(9489, 14342, 12359, 11703, 11756, 11778, 6258, 6565, 4482, 7097, 9154, 6649, 5685, 9310, 7562, 7179, 13951, 20565, 15494, 9352, 18878, 15340, 13082, 2026)
left	z	903811	(734, 389)	[(18, 666, 828), (0, 648, 828), (0, 666, 810), (0, 648, 828), (-36, 666, 810), (0, 684, 828), (0, 666, 846), (0, 666, 846), (0, 648, 810), (18, 648, 774), (0, 666, 828), (0, 648, 846), (-36, 648, 864), (-36, 648, 810), (0, 666, 828), (-36, 648, 864), (0, 666, 810), (18, 648, 792), (18, 666, 810), (18, 666, 810), (-36, 648, 828), (0, 666, 810), (18, 666, 828), (-36, 648, 810), (18, 648, 810)]	(9469, 14487, 12962, 10739, 11716, 11550, 6209, 6975, 4940, 7142, 12052, 7055, 5975, 8554, 7546, 7253, 14100, 20810, 15731, 19524, 19096, 15431, 13065, 2012)
right	f	905499	(646, 279)	[(0, 684, 792), (0, 684, 864), (18, 684, 792), (0, 684, 774), (0, 666, 792), (18, 684, 792), (0, 684, 810), (0, 684, 792), (0, 684, 810), (0, 666, 846), (18, 666, 846), (18, 684, 774), (18, 684, 756), (18, 666, 846), (18, 684, 792), (-36, 684, 774), (0, 702, 792), (18, 684, 810), (18, 684, 810), (-18, 702, 756), (0, 684, 810), (18, 702, 864), (18, 702, 756), (0, 684, 738), (0, 702, 774)]	(9480, 14785, 12994, 11435, 11789, 11923, 6612, 6803, 4768, 7091, 11396, 6895, 6142, 8457, 7535, 7190, 14083, 20882, 15755, 19668, 19230, 15477, 13144, 2030)
right	m	906885	(751, 108)	[(0, 648, 846), (18, 666, 846), (18, 666, 828), (18, 684, 810), (0, 648, 792), (0, 666, 846), (18, 666, 828), (18, 666, 828), (18, 648, 828), (0, 648, 810), (18, 666, 828), (18, 666, 846), (0, 648, 846), (0, 648, 810), (0, 648, 810), (0, 648, 846), (36, 666, 810), (18, 666, 828), (0, 666, 810), (0, 648, 828), (0, 666, 828), (18, 666, 810), (18, 648, 882), (18, 666, 810), (0, 666, 792)]	(9475, 14765, 13058, 10883, 11749, 11819, 6174, 6802, 4625, 6995, 10605, 6723, 6194, 8226, 7498, 7250, 14021, 20807, 15758, 19693, 19177, 15424, 13074, 2030)
left	u	908575	(584, 159)	[(0, 666, 828), (0, 684, 828), (0, 666, 810), (0, 666, 828), (18, 666, 756), (18, 666, 882), (36, 666, 864), (18, 666, 846), (0, 684, 792), (-18, 684, 774), (18, 702, 774), (18, 720, 720), (18, 702, 756), (18, 684, 918), (18, 702, 864), (54, 702, 756), (36, 738, 648), (36, 738, 666), (72, 702, 774), (18, 756, 936), (0, 720, 720), (18, 738, 666), (18, 720, 720), (18, 720, 702), (36, 720, 828)]	(9500, 14325, 12204, 10445, 11785, 11836, 6869, 7075, 5220, 7134, 9479, 6936, 6039, 7283, 7431, 7282, 13910, 20741, 16016, 19538, 18703, 15422, 13227, 2015)
right	u	909972	(579, 169)	[(18, 666, 810), (18, 684, 792), (18, 684, 810), (18, 666, 792), (0, 684, 846), (18, 684, 828), (18, 666, 810), (18, 666, 828), (18, 666, 810), (18, 684, 792), (18, 684, 756), (18, 684, 792), (-18, 684, 810), (0, 684, 828), (18, 702, 792), (18, 702, 810), (0, 684, 756), (18, 702, 738), (0, 702, 756), (-36, 702, 810), (18, 720, 792), (0, 702, 774), (0, 702, 792), (0, 702, 756), (0, 702, 756)]	(9484, 14567, 12644, 11427, 11772, 11777, 6962, 7190, 5271, 7070, 10267, 7131, 6392, 8762, 7545, 7277, 14184, 20749, 15644, 19133, 18680, 15305, 13126, 2015)
right	d	911514	(672, 336)	[(0, 684, 792), (18, 684, 774), (18, 684, 792), (18, 666, 828), (18, 684, 828), (0, 684, 792), (18, 684, 792), (18, 684, 810), (0, 666, 792), (0, 684, 810), (18, 684, 810), (18, 684, 792), (0, 684, 810), (18, 684, 828), (18, 684, 792), (18, 684, 792), (18, 684, 810), (0, 702, 810), (0, 684, 810), (18, 684, 810), (18, 684, 774), (0, 684, 828), (18, 684, 810), (18, 684, 810), (0, 666, 810)]	(9482, 14735, 12856, 10657, 11716, 11538, 6265, 6887, 4685, 7004, 9977, 6728, 6364, 8605, 7528, 7319, 14105, 20558, 15579, 11316, 18870, 15306, 13130, 2016)
left	v	915056	(745, 248)	[(18, 666, 810), (18, 666, 792), (18, 684, 756), (0, 666, 792), (18, 684, 828), (18, 684, 846), (18, 666, 864), (18, 684, 738), (0, 666, 810), (0, 666, 846), (36, 666, 828), (18, 684, 810), (18, 684, 828), (18, 684, 810), (18, 684, 828), (18, 666, 810), (18, 666, 774), (0, 666, 810), (0, 684, 828), (18, 702, 810), (18, 684, 792), (18, 684, 792), (18, 666, 792), (18, 684, 810), (36, 666, 810)]	(9482, 14652, 12975, 10632, 11709, 11427, 6234, 7263, 4862, 7042, 11004, 6975, 6507, 8434, 7531, 7305, 14198, 20737, 15704, 19463, 18904, 15321, 13102, 2020)
left	l	918060	(665, 69)	[(18, 702, 738), (18, 684, 756), (0, 684, 828), (36, 666, 846), (18, 684, 828), (36, 684, 756), (18, 684, 828), (18, 666, 846), (18, 684, 810), (36, 684, 774), (18, 684, 810), (18, 666, 810), (18, 666, 846), (18, 666, 810), (36, 684, 810), (36, 684, 774), (18, 684, 792), (18, 684, 810), (36, 684, 846), (36, 684, 828), (18, 702, 738), (54, 702, 738), (18, 684, 792), (36, 684, 774), (18, 684, 756)]	(9485, 14587, 12585, 10526, 11754, 11645, 6588, 7199, 5256, 7150, 11522, 7197, 6060, 6844, 7396, 7291, 13826, 20845, 16026, 19809, 19162, 15612, 13314, 2025)
right	y	919501	(587, 214)	[(36, 648, 846), (18, 648, 828), (36, 666, 846), (0, 666, 774), (18, 648, 792), (18, 666, 846), (36, 666, 864), (18, 666, 774), (18, 666, 828), (18, 666, 810), (0, 684, 810), (18, 684, 810), (36, 684, 774), (18, 684, 774), (18, 684, 810), (0, 702, 792), (0, 702, 756), (18, 684, 738), (0, 684, 720), (0, 702, 846), (18, 702, 864), (18, 684, 828), (18, 684, 774), (0, 702, 756), (0, 702, 774)]	(9495, 14691, 12797, 11654, 11768, 11637, 6751, 6873, 4790, 7131, 11207, 6970, 6350, 9525, 7576, 7276, 14364, 20768, 15684, 19350, 18853, 15350, 13098, 2028)
right	l	922024	(668, 48)	[(18, 648, 828), (18, 648, 810), (36, 630, 846), (36, 648, 846), (18, 648, 828), (18, 630, 828), (18, 630, 846), (18, 648, 846), (18, 630, 846), (36, 648, 828), (36, 630, 846), (18, 648, 828), (18, 630, 828), (18, 648, 846), (36, 648, 846), (18, 630, 846), (36, 648, 810), (18, 648, 828), (18, 630, 846), (36, 630, 864), (36, 630, 864), (18, 648, 828), (18, 630, 828), (18, 630, 846), (18, 648, 846)]	(9460, 14640, 13140, 10929, 11763, 11793, 6589, 7465, 5268, 7126, 12571, 7161, 6509, 9171, 7519, 7269, 14284, 20678, 15780, 19823, 19175, 15381, 13026, 2020)
left	w	923611	(590, 405)	[(18, 630, 846), (18, 630, 864), (18, 648, 846), (18, 630, 828), (18, 630, 846), (36, 630, 828), (18, 630, 846), (36, 630, 828), (18, 648, 846), (18, 648, 846), (18, 648, 846), (18, 630, 864), (36, 630, 846), (18, 648, 846), (18, 648, 864), (18, 648, 810), (18, 648, 810), (18, 648, 846), (18, 648, 846), (18, 648, 810), (0, 666, 792), (0, 666, 810), (18, 648, 828), (36, 666, 810), (18, 648, 828)]	(9473, 14789, 13202, 10824, 11735, 11534, 6415, 7177, 4777, 7121, 12840, 7025, 6462, 9161, 7538, 7219, 14423, 20767, 15839, 19795, 19096, 15386, 13127, 2028)
left	g	926077	(663, 232)	[(18, 648, 828), (18, 648, 810), (18, 630, 846), (0, 648, 828), (18, 648, 846), (18, 630, 828), (0, 648, 810), (18, 648, 846), (36, 648, 828), (18, 648, 828), (0, 666, 810), (18, 648, 846), (18, 666, 828), (18, 648, 810), (0, 648, 828), (18, 666, 846), (18, 648, 810), (18, 666, 828), (0, 666, 810), (18, 666, 810), (0, 648, 846), (36, 648, 828), (18, 666, 810), (18, 666, 828), (18, 666, 810)]	(9469, 14646, 13098, 10735, 11711, 11539, 6390, 7067, 4842, 7102, 12815, 6865, 6455, 8809, 7511, 7249, 14429, 20751, 15815, 19771, 19123, 15408, 13141, 2036)
right	m	927520	(754, 110)	[(18, 648, 846), (36, 648, 828), (18, 666, 828), (18, 630, 846), (36, 648, 846), (18, 648, 810), (18, 648, 846), (18, 666, 828), (18, 648, 828), (18, 648, 828), (0, 648, 846), (18, 630, 846), (36, 648, 828), (18, 648, 846), (18, 648, 828), (18, 648, 828), (18, 648, 810), (36, 666, 810), (18, 648, 828), (36, 630, 864), (36, 648, 864), (0, 648, 828), (18, 648, 792), (36, 648, 828), (18, 648, 828)]	(9470, 14668, 13215, 10852, 11735, 11472, 6610, 7304, 5205, 7095, 13157, 6935, 6516, 9030, 7537, 7275, 14413, 20733, 15796, 19803, 19127, 15395, 13110, 2023)
right	t	929005	(587, 270)	[(18, 648, 846), (18, 648, 846), (18, 648, 828), (18, 648, 846), (18, 630, 846), (18, 648, 846), (18, 648, 828), (18, 666, 864), (18, 666, 810), (18, 648, 810), (18, 648, 792), (36, 702, 846), (18, 684, 882), (36, 666, 756), (18, 684, 846), (-36, 666, 828), (-36, 702, 828), (18, 684, 792), (18, 684, 756), (0, 666, 702), (-36, 702, 846), (0, 702, 810), (0, 684, 756), (18, 684, 756), (0, 702, 846)]	(9485, 14658, 12782, 11787, 11843, 11711, 7310, 7328, 5159, 7225, 13086, 6983, 7483, 9950, 7589, 7199, 14312, 20735, 15639, 19306, 18883, 15335, 13085, 2028)
left	m	930497	(745, 114)	[(18, 666, 828), (18, 666, 828), (18, 648, 810), (18, 648, 846), (18, 648, 846), (36, 648, 828), (18, 648, 846), (18, 648, 828), (18, 648, 846), (18, 648, 864), (36, 666, 828), (36, 666, 792), (36, 666, 810), (36, 666, 810), (36, 666, 810), (54, 666, 828), (36, 666, 828), (36, 666, 810), (54, 666, 792), (72, 666, 792), (0, 702, 792), (36, 648, 900), (54, 666, 810), (36, 684, 756), (54, 684, 792)]	(9475, 14957, 13383, 10708, 11784, 11882, 6810, 7393, 5259, 7125, 12976, 7160, 6950, 7174, 7395, 7289, 14096, 20800, 15894, 20075, 19479, 15581, 13213, 2033)
right	h	931886	(635, 194)	[(36, 648, 810), (36, 648, 828), (36, 648, 864), (36, 648, 846), (36, 630, 846), (18, 648, 846), (36, 648, 864), (18, 648, 846), (36, 666, 846), (54, 648, 828), (36, 666, 810), (36, 684, 828), (36, 666, 846), (36, 648, 810), (18, 648, 756), (36, 666, 846), (18, 666, 828), (36, 666, 756), (36, 666, 792), (36, 666, 792), (-36, 666, 846), (54, 666, 864), (36, 666, 756), (36, 684, 774), (18, 666, 738)]	(9467, 14716, 13277, 11549, 11778, 11844, 6950, 7443, 5195, 7173, 13795, 7115, 7310, 8228, 7457, 7233, 14216, 20739, 15790, 19836, 19174, 15437, 13122, 2021)
left	m	933576	(752, 99)	[(36, 666, 792), (36, 648, 864), (18, 666, 900), (36, 648, 810), (36, 648, 792), (36, 648, 846), (36, 648, 828), (36, 666, 828), (36, 648, 828), (54, 666, 810), (36, 648, 828), (54, 648, 900), (54, 648, 864), (36, 648, 792), (36, 648, 792), (36, 648, 846), (36, 648, 864), (36, 648, 846), (54, 648, 828), (36, 648, 792), (18, 702, 846), (18, 666, 864), (36, 648, 918), (54, 666, 756), (54, 684, 756)]	(9482, 14691, 13280, 10645, 11786, 11791, 6650, 7380, 5324, 7157, 13089, 7264, 6979, 7539, 7490, 7314, 14188, 20776, 15898, 20014, 19233, 15470, 13157, 2022)
left	b	935076	(730, 192)	[(36, 648, 810), (36, 648, 846), (36, 630, 828), (36, 648, 828), (36, 630, 828), (18, 630, 846), (36, 648, 846), (36, 648, 828), (36, 630, 810), (36, 648, 828), (36, 648, 828), (36, 648, 828), (36, 648, 828), (36, 648, 828), (18, 630, 846), (18, 648, 828), (36, 648, 864), (36, 648, 828), (18, 648, 828), (36, 648, 810), (18, 648, 828), (54, 648, 882), (18, 648, 828), (36, 648, 810), (18, 648, 828)]	(9472, 14442, 13150, 10642, 11735, 11625, 6378, 7285, 5005, 7110, 13029, 7131, 7183, 8288, 7509, 7328, 14223, 20683, 15814, 19810, 19000, 15331, 13046, 2023)
right	a	936565	(658, 418)	[(36, 648, 828), (18, 648, 846), (18, 648, 828), (36, 648, 828), (18, 648, 864), (36, 666, 828), (18, 648, 738), (36, 648, 828), (18, 666, 846), (18, 648, 828), (18, 666, 810), (0, 666, 774), (0, 666, 846), (0, 666, 918), (18, 684, 900), (18, 666, 774), (0, 684, 720), (-36, 684, 774), (-54, 720, 738), (-36, 702, 810), (-54, 684, 882), (18, 720, 774), (0, 702, 720), (-18, 702, 684), (-36, 702, 810)]	(9505, 14951, 12992, 11842, 11765, 11803, 6086, 6465, 4457, 6995, 7884, 6311, 6265, 9925, 7583, 7130, 14328, 20684, 15649, 19411, 18784, 15247, 12994, 2018)
right	p	938051	(575, 20)	[(36, 630, 828), (36, 648, 846), (36, 630, 864), (36, 630, 828), (36, 630, 846), (36, 648, 810), (36, 648, 828), (54, 648, 846), (36, 630, 828), (54, 630, 864), (54, 648, 846), (36, 630, 828), (36, 648, 828), (36, 630, 828), (36, 648, 864), (54, 630, 846), (54, 648, 828), (36, 630, 846), (18, 648, 828), (36, 630, 774), (36, 630, 864), (36, 630, 900), (36, 648, 846), (36, 630, 810), (36, 648, 810)]	(9482, 14718, 13061, 11631, 11818, 12095, 6412, 7056, 4664, 7101, 9260, 6743, 7137, 7543, 7417, 7178, 13906, 20680, 15719, 19836, 19115, 15318, 12987, 2011)
left	c	939538	(745, 287)	[(36, 630, 846), (36, 630, 846), (36, 630, 864), (36, 648, 864), (36, 630, 828), (54, 630, 810), (36, 630, 828), (36, 648, 846), (36, 648, 828), (18, 630, 882), (36, 630, 828), (36, 648, 810), (54, 648, 828), (18, 648, 846), (36, 666, 846), (36, 648, 828), (36, 648, 792), (18, 648, 810), (54, 666, 828), (36, 648, 882), (36, 648, 810), (36, 648, 810), (18, 648, 828), (36, 648, 828), (36, 648, 810)]	(9471, 14700, 13092, 10835, 11768, 11817, 6345, 7183, 4747, 7111, 10878, 6945, 7131, 8298, 7486, 7280, 14105, 20667, 15720, 19757, 19054, 15316, 13027, 2027)
right	r	940978	(574, 290)	[(36, 648, 846), (36, 648, 846), (36, 648, 828), (36, 648, 828), (36, 648, 864), (36, 648, 828), (36, 648, 846), (36, 666, 828), (54, 666, 864), (36, 648, 774), (54, 666, 756), (36, 666, 972), (18, 666, 864), (36, 666, 756), (18, 684, 702), (18, 702, 864), (36, 684, 828), (18, 684, 774), (18, 684, 774), (18, 702, 774), (36, 702, 756), (36, 702, 846), (36, 720, 774), (36, 702, 738), (36, 720, 738)]	(9496, 14684, 12754, 12020, 11943, 12385, 7185, 7289, 5216, 7223, 10702, 6833, 7240, 8697, 7472, 7229, 14128, 20716, 15760, 19887, 19297, 15433, 13072, 2018)
right	y	942524	(583, 212)	[(36, 684, 792), (36, 684, 810), (18, 666, 828), (36, 684, 810), (36, 684, 792), (36, 666, 792), (36, 684, 810), (36, 666, 828), (36, 666, 792), (36, 684, 792), (36, 684, 828), (36, 684, 810), (36, 684, 810), (36, 666, 810), (36, 684, 828), (54, 684, 810), (18, 684, 792), (36, 684, 810), (18, 684, 792), (0, 702, 738), (36, 702, 828), (36, 684, 846), (36, 684, 738), (36, 684, 738), (18, 684, 774)]	(9483, 14557, 12777, 11881, 11854, 12053, 7150, 7622, 5369, 7185, 12400, 7111, 7570, 8842, 7511, 7297, 14194, 20672, 15717, 19654, 19077, 15342, 13042, 2016)
right	n	943909	(758, 167)	[(36, 666, 828), (36, 666, 846), (18, 666, 810), (36, 648, 810), (36, 666, 810), (54, 666, 828), (36, 648, 846), (36, 666, 828), (36, 666, 792), (36, 666, 828), (36, 648, 810), (36, 666, 810), (36, 648, 810), (36, 666, 846), (18, 666, 828), (36, 666, 810), (36, 666, 792), (36, 666, 810), (18, 648, 828), (36, 666, 846), (36, 666, 846), (36, 666, 792), (36, 666, 810), (18, 666, 828), (18, 648, 828)]	(9478, 14511, 12930, 11276, 11779, 11844, 6765, 7561, 5429, 7125, 12685, 7095, 7422, 9015, 7531, 7307, 14269, 20666, 15683, 19601, 19000, 15296, 13036, 2024)
left	x	945378	(739, 343)	[(18, 648, 828), (18, 666, 828), (36, 666, 792), (36, 666, 810), (36, 648, 828), (36, 666, 828), (36, 666, 810), (18, 648, 828), (54, 648, 828), (36, 648, 846), (18, 666, 846), (36, 666, 810), (36, 666, 828), (36, 666, 828), (36, 666, 828), (36, 666, 846), (36, 666, 810), (36, 666, 828), (0, 666, 810), (36, 666, 828), (36, 648, 792), (36, 648, 792), (36, 666, 846), (18, 666, 846), (36, 648, 810)]	(9469, 14494, 12928, 10890, 11743, 11669, 6609, 7311, 5100, 7183, 12829, 6995, 7381, 9066, 7550, 7347, 14335, 20633, 15682, 19517, 18904, 15237, 13029, 2023)
right	j	946782	(662, 158)	[(36, 666, 810), (18, 666, 810), (36, 666, 828), (36, 666, 828), (36, 666, 828), (36, 648, 846), (36, 666, 828), (36, 666, 828), (36, 666, 810), (36, 648, 846), (18, 666, 828), (36, 666, 846), (36, 666, 846), (18, 648, 810), (36, 648, 810), (18, 666, 810), (36, 666, 810), (18, 648, 828), (18, 666, 792), (36, 666, 774), (18, 666, 864), (36, 666, 882), (36, 666, 774), (18, 684, 792), (36, 666, 828)]	(9480, 14430, 12893, 11622, 11797, 11917, 7008, 7538, 5551, 7183, 13784, 7244, 7493, 8952, 7532, 7333, 14300, 20700, 15702, 19653, 19079, 15355, 13042, 2030)
right	v	948320	(754, 250)	[(18, 648, 846), (36, 648, 846), (36, 666, 810), (18, 666, 828), (18, 648, 810), (18, 648, 828), (18, 648, 828), (36, 648, 828), (36, 648, 810), (36, 648, 828), (18, 648, 828), (36, 648, 828), (18, 648, 846), (36, 648, 846), (18, 666, 828), (36, 648, 846), (18, 666, 774), (36, 666, 846), (54, 684, 828), (18, 666, 792), (18, 666, 828), (36, 666, 828), (36, 666, 792), (36, 666, 828), (36, 666, 846)]	(9472, 14671, 13176, 11315, 11807, 11897, 7091, 7478, 5469, 7266, 13895, 7239, 7385, 9169, 7565, 7354, 14369, 20739, 15744, 19758, 19192, 15363, 13075, 2023)
left	d	949759	(663, 334)	[(36, 666, 828), (36, 666, 828), (18, 666, 810), (36, 666, 810), (18, 684, 810), (36, 648, 828), (36, 648, 828), (36, 666, 846), (36, 666, 828), (36, 648, 810), (36, 666, 828), (18, 648, 828), (18, 666, 846), (36, 666, 828), (18, 648, 810), (36, 666, 810), (36, 648, 828), (36, 666, 846), (36, 666, 810), (18, 666, 792), (18, 666, 846), (36, 648, 864), (18, 648, 792), (18, 684, 810), (18, 666, 846)]	(9478, 14829, 13322, 10904, 11765, 11710, 6784, 7308, 5065, 7088, 13770, 7050, 7299, 9119, 7556, 7354, 14416, 20729, 15772, 19726, 19113, 15401, 13110, 2023)
right	s	951452	(665, 381)	[(36, 666, 810), (36, 666, 828), (36, 648, 864), (54, 648, 810), (18, 648, 828), (36, 648, 828), (36, 666, 828), (36, 648, 828), (36, 666, 846), (36, 648, 792), (18, 666, 828), (18, 684, 918), (36, 666, 846), (0, 666, 846), (36, 648, 846), (18, 666, 846), (18, 666, 810), (18, 666, 828), (18, 666, 810), (18, 666, 828), (0, 666, 810), (18, 666, 792), (0, 684, 792), (0, 666, 792), (0, 666, 846)]	(9482, 14681, 12953, 11644, 11760, 11759, 6579, 7124, 4924, 7097, 12085, 6780, 7242, 10119, 7592, 7278, 14385, 20677, 15678, 19551, 18959, 15285, 13010, 2024)
left	p	953125	(578, 36)	[(18, 648, 828), (18, 648, 828), (18, 648, 846), (18, 648, 846), (18, 648, 864), (18, 648, 810), (18, 648, 810), (36, 666, 828), (18, 630, 882), (18, 666, 828), (36, 666, 828), (36, 684, 810), (54, 720, 720), (36, 720, 684), (72, 702, 738), (72, 702, 846), (54, 720, 792), (54, 720, 738), (36, 774, 594), (72, 738, 720), (72, 756, 738), (54, 756, 756), (36, 756, 720), (54, 720, 702), (54, 720, 702)]	(9509, 14128, 11868, 10368, 11812, 12022, 6383, 6537, 4646, 7009, 8075, 6600, 5593, 6589, 7323, 7390, 13294, 20768, 16334, 20210, 18971, 15481, 13218, 2036)
right	o	955030	(579, 87)	[(18, 612, 864), (36, 630, 846), (36, 630, 846), (18, 630, 846), (18, 612, 828), (18, 630, 846), (18, 630, 846), (18, 630, 882), (18, 612, 864), (18, 630, 846), (18, 612, 846), (18, 630, 864), (36, 630, 846), (36, 630, 828), (18, 630, 846), (36, 630, 846), (18, 630, 846), (18, 630, 846), (36, 630, 846), (36, 630, 828), (36, 630, 810), (18, 630, 828), (18, 630, 864), (36, 648, 828), (36, 630, 828)]	(9466, 14388, 12884, 11624, 11797, 11870, 6905, 7714, 5209, 7226, 11929, 7166, 6823, 7966, 7544, 7333, 14060, 20815, 15812, 19956, 19320, 15440, 13049, 2020)
left	k	956431	(639, 97)	[(18, 630, 828), (18, 630, 846), (18, 630, 846), (36, 612, 846), (18, 630, 846), (36, 612, 918), (36, 630, 918), (0, 648, 846), (18, 630, 882), (-36, 630, 828), (36, 630, 864), (54, 648, 846), (36, 702, 684), (54, 684, 738), (36, 702, 774), (36, 702, 756), (54, 720, 774), (54, 702, 774), (36, 684, 792), (18, 702, 810), (-36, 720, 756), (54, 702, 774), (36, 702, 720), (54, 702, 774), (36, 684, 864)]	(9480, 14669, 12737, 10484, 11758, 11706, 6664, 6977, 4807, 7089, 10686, 6970, 5826, 6915, 7403, 7303, 13946, 20877, 16123, 20340, 19425, 15655, 13239, 2023)
left	j	958850	(652, 131)	[(36, 630, 828), (18, 630, 846), (18, 630, 846), (18, 612, 846), (36, 612, 864), (36, 630, 846), (18, 630, 864), (18, 612, 846), (18, 630, 864), (18, 630, 846), (36, 648, 864), (36, 648, 810), (18, 648, 846), (18, 648, 846), (18, 648, 792), (36, 666, 774), (36, 684, 792), (36, 684, 810), (54, 684, 828), (36, 684, 738), (18, 684, 738), (18, 684, 774), (18, 684, 828), (36, 666, 810), (36, 666, 828)]	(9488, 14679, 12837, 10593, 11771, 11755, 6824, 7218, 5053, 7058, 11490, 6888, 6259, 7457, 7458, 7311, 14224, 20796, 16010, 20042, 19239, 15524, 13170, 2030)
right	t	960287	(581, 263)	[(18, 648, 846), (36, 648, 828), (36, 648, 810), (54, 648, 900), (36, 630, 828), (18, 648, 846), (0, 666, 792), (0, 648, 792), (18, 648, 882), (18, 630, 828), (0, 648, 774), (18, 666, 792), (18, 648, 846), (0, 648, 864), (0, 648, 846), (18, 666, 828), (18, 684, 792), (-36, 648, 810), (0, 666, 792), (0, 666, 792), (18, 666, 846), (0, 666, 810), (0, 684, 774), (0, 666, 828), (18, 666, 882)]	(9468, 14260, 12662, 11787, 11732, 11555, 6873, 7443, 5394, 7228, 13288, 7150, 7267, 10431, 7646, 7386, 14462, 20701, 15650, 19260, 18629, 15189, 12974, 2036)
left	i	961879	(571, 130)	[(18, 612, 846), (18, 630, 846), (18, 630, 828), (18, 630, 864), (18, 630, 846), (18, 630, 864), (18, 630, 828), (18, 612, 954), (0, 612, 792), (18, 630, 810), (36, 612, 864), (18, 648, 882), (36, 630, 900), (54, 648, 810), (36, 648, 756), (54, 666, 792), (54, 702, 774), (54, 684, 792), (36, 666, 846), (54, 666, 846), (72, 720, 684), (0, 702, 720), (54, 702, 828), (36, 720, 792), (72, 666, 828)]	(9484, 13706, 11704, 10330, 11760, 11637, 6821, 7290, 5039, 7170, 12141, 6957, 6097, 6954, 7403, 7287, 13889, 20741, 16051, 19847, 18749, 15357, 13110, 2034)
left	s	963376	(673, 382)	[(36, 612, 828), (36, 612, 864), (18, 612, 864), (54, 612, 900), (18, 594, 900), (36, 612, 828), (18, 630, 792), (18, 630, 900), (18, 612, 882), (18, 612, 864), (36, 612, 864), (36, 612, 828), (36, 630, 828), (18, 630, 864), (36, 630, 882), (18, 630, 828), (36, 630, 846), (36, 630, 864), (18, 630, 846), (36, 630, 828), (36, 630, 864), (36, 630, 828), (36, 630, 846), (36, 648, 864), (36, 630, 828)]	(9464, 14177, 12662, 10703, 11749, 11696, 6726, 7571, 5411, 7130, 14008, 7148, 6785, 8875, 7542, 7487, 14133, 20463, 15617, 9548, 18940, 15210, 12954, 2017)
left	n	964914	(747, 151)	[(18, 612, 846), (36, 612, 846), (36, 612, 882), (18, 612, 864), (36, 594, 846), (36, 630, 846), (36, 630, 864), (18, 612, 882), (36, 612, 846), (36, 612, 864), (36, 612, 900), (36, 612, 846), (36, 630, 810), (36, 630, 792), (36, 630, 846), (36, 630, 882), (36, 630, 864), (18, 612, 810), (36, 630, 846), (36, 648, 882), (0, 648, 828), (18, 648, 864), (54, 630, 864), (36, 630, 864), (36, 630, 828)]	(9471, 14412, 12949, 10667, 11760, 11692, 6895, 7619, 5233, 7224, 14178, 7051, 6716, 7891, 7482, 7397, 14165, 20743, 15829, 19879, 19153, 15352, 12985, 2028)
right	c	966512	(747, 308)	[(18, 612, 846), (36, 612, 846), (36, 612, 882), (36, 612, 864), (18, 612, 864), (18, 612, 864), (54, 630, 828), (36, 612, 828), (18, 612, 846), (36, 630, 846), (36, 630, 864), (36, 630, 864), (36, 630, 828), (36, 648, 828), (36, 630, 828), (36, 630, 828), (54, 630, 828), (54, 648, 810), (36, 630, 810), (36, 648, 828), (36, 648, 810), (18, 648, 846), (18, 648, 792), (36, 630, 882), (54, 648, 810)]	(9463, 14254, 12801, 11200, 11830, 11980, 7138, 7713, 5507, 7178, 13977, 7276, 7403, 8274, 7482, 7322, 14056, 20620, 15719, 19651, 19066, 15281, 12917, 2016)
right	h	969036	(665, 191)	[(36, 630, 828), (36, 630, 828), (36, 648, 846), (36, 630, 828), (54, 648, 846), (36, 648, 828), (54, 648, 828), (36, 648, 828), (36, 648, 828), (54, 648, 828), (36, 648, 828), (36, 648, 828), (54, 648, 846), (36, 648, 828), (36, 648, 828), (36, 648, 828), (36, 648, 828), (36, 648, 846), (54, 648, 828), (36, 648, 828), (18, 648, 864), (36, 648, 828), (36, 648, 828), (36, 648, 828), (36, 630, 792)]	(9461, 14183, 12731, 11515, 11830, 11975, 7011, 7298, 5169, 7141, 13741, 7184, 7035, 8089, 7435, 7328, 14048, 20662, 15755, 19776, 19146, 15308, 12945, 2022)
right	n	970413	(734, 163)	[(36, 648, 828), (36, 648, 846), (36, 648, 828), (54, 648, 828), (54, 630, 846), (54, 630, 846), (36, 648, 828), (36, 648, 828), (54, 648, 828), (36, 648, 828), (18, 648, 864), (36, 630, 846), (36, 630, 846), (36, 648, 828), (36, 630, 846), (18, 630, 846), (36, 648, 828), (36, 648, 828), (36, 630, 828), (54, 648, 846), (36, 648, 792), (36, 648, 828), (18, 648, 846), (54, 648, 846), (54, 648, 864)]	(9461, 14215, 12770, 11181, 11832, 12058, 7132, 7350, 5380, 7292, 13794, 7212, 6912, 8150, 7463, 7361, 14101, 20670, 15749, 19774, 19145, 15321, 12944, 2020)
right	g	971806	(664, 255)	[(36, 648, 828), (36, 648, 846), (36, 648, 846), (36, 648, 828), (36, 648, 828), (36, 648, 792), (36, 648, 810), (18, 630, 864), (36, 648, 864), (54, 648, 828), (36, 648, 828), (36, 630, 828), (36, 630, 810), (18, 648, 846), (36, 666, 828), (36, 648, 810), (36, 648, 828), (36, 648, 828), (36, 648, 828), (18, 648, 792), (36, 666, 828), (36, 666, 810), (36, 648, 810), (36, 648, 792), (36, 648, 864)]	(9462, 14191, 12711, 11522, 11852, 12146, 7109, 7464, 5461, 7177, 13969, 7267, 7446, 7960, 7424, 7288, 13932, 20599, 15736, 19742, 19139, 15319, 12935, 2025)
right	w	973126	(573, 394)	[(18, 648, 846), (36, 666, 846), (36, 648, 810), (36, 666, 828), (36, 648, 810), (36, 648, 828), (-18, 666, 828), (36, 630, 864), (36, 666, 774), (0, 648, 846), (18, 648, 846), (18, 666, 846), (18, 666, 828), (0, 666, 792), (0, 666, 810), (-18, 666, 864), (-36, 684, 792), (-18, 684, 792), (-36, 684, 828), (-54, 684, 792), (-36, 684, 792), (0, 702, 792), (-36, 702, 792), (-54, 684, 792), (-36, 684, 792)]	(9511, 14542, 12643, 12368, 11831, 11985, 6355, 6423, 4508, 6971, 7896, 6544, 6164, 10625, 7555, 7155, 14413, 20630, 15704, 19643, 18973, 15294, 12889, 2027)
left	f	974731	(659, 282)	[(36, 648, 828), (54, 648, 828), (18, 630, 828), (36, 648, 882), (18, 648, 810), (36, 630, 846), (18, 630, 882), (36, 648, 810), (36, 630, 774), (36, 648, 810), (36, 648, 864), (18, 648, 846), (36, 666, 828), (36, 648, 810), (36, 666, 810), (36, 666, 792), (36, 666, 846), (36, 666, 774), (54, 684, 756), (36, 666, 810), (36, 666, 828), (36, 684, 810), (36, 666, 828), (36, 666, 828), (36, 666, 792)]	(9482, 14721, 13147, 10894, 11821, 12094, 6782, 7116, 4992, 7148, 12419, 7011, 7247, 7959, 7481, 7265, 14352, 20718, 15849, 19903, 19263, 15464, 13096, 2030)
left	n	976141	(737, 161)	[(36, 648, 828), (36, 648, 828), (36, 648, 828), (36, 648, 828), (36, 648, 846), (36, 648, 810), (36, 666, 810), (36, 666, 846), (36, 648, 828), (54, 648, 846), (36, 648, 810), (36, 648, 828), (36, 648, 828), (36, 648, 810), (54, 648, 828), (36, 648, 810), (36, 648, 828), (36, 648, 828), (36, 648, 828), (36, 648, 846), (18, 648, 792), (54, 630, 882), (36, 648, 828), (36, 648, 810), (36, 648, 810)]	(9480, 14627, 13140, 10812, 11809, 11929, 6998, 7478, 5310, 7240, 13136, 6969, 7197, 7828, 7469, 7298, 14318, 20703, 15806, 19872, 19198, 15401, 13061, 2030)
right	q	977681	(576, 425)	[(36, 648, 828), (54, 630, 846), (36, 648, 846), (36, 648, 846), (54, 648, 864), (54, 630, 864), (36, 630, 810), (54, 648, 792), (54, 648, 810), (36, 648, 720), (36, 666, 882), (18, 666, 828), (-54, 648, 810), (18, 666, 864), (-36, 666, 864), (18, 684, 810), (-36, 684, 828), (-54, 684, 846), (-72, 702, 810), (-54, 684, 684), (-36, 720, 738), (-54, 702, 792), (-36, 702, 846), (-36, 702, 720), (-54, 684, 756)]	(9519, 14463, 12633, 12232, 11796, 11809, 6203, 6450, 4505, 7020, 7519, 6261, 6206, 9442, 7531, 7083, 14325, 20688, 15629, 19262, 18776, 15363, 13047, 2034)
right	x	979302	(727, 338)	[(36, 594, 846), (54, 594, 828), (36, 594, 864), (36, 612, 864), (36, 612, 846), (36, 594, 846), (36, 612, 900), (18, 612, 900), (36, 594, 828), (54, 612, 828), (18, 612, 864), (54, 612, 846), (36, 612, 846), (36, 630, 882), (18, 630, 882), (36, 612, 828), (36, 630, 828), (36, 648, 828), (36, 630, 828), (54, 630, 846), (36, 648, 774), (36, 648, 810), (36, 630, 846), (36, 630, 810), (36, 630, 846)]	(9488, 14638, 13320, 11557, 11824, 12262, 6225, 6970, 4521, 6956, 7608, 6557, 7623, 7641, 7456, 7129, 13823, 20615, 15658, 19636, 19038, 15263, 12908, 2016)
right	l	980619	(669, 45)	[(36, 612, 846), (36, 612, 846), (36, 612, 882), (36, 612, 864), (36, 612, 864), (36, 612, 828), (36, 612, 882), (36, 594, 864), (36, 612, 864), (36, 594, 864), (36, 594, 864), (36, 612, 864), (36, 612, 846), (36, 594, 864), (36, 594, 846), (36, 612, 882), (36, 612, 864), (36, 594, 846), (36, 612, 828), (0, 630, 828), (36, 576, 864), (36, 612, 954), (18, 594, 882), (36, 612, 828), (18, 612, 846)]	(9485, 14407, 13169, 11504, 11796, 11997, 5944, 7008, 4659, 7070, 8058, 6497, 7417, 7411, 7454, 7154, 13888, 20673, 15707, 19735, 19069, 15320, 12931, 2023)
right	v	982006	(736, 255)	[(18, 612, 900), (54, 594, 846), (36, 594, 846), (36, 612, 846), (36, 612, 882), (18, 594, 864), (36, 594, 864), (54, 594, 864), (54, 612, 846), (36, 612, 846), (36, 612, 864), (36, 612, 864), (18, 612, 864), (54, 612, 882), (36, 612, 864), (54, 612, 810), (36, 594, 846), (36, 612, 846), (54, 612, 864), (36, 612, 846), (18, 612, 810), (54, 612, 936), (54, 594, 900), (36, 612, 774), (36, 630, 792)]	(9480, 14352, 13206, 11526, 11824, 12203, 6401, 7266, 5017, 7147, 9254, 6908, 7711, 7146, 7472, 7199, 13804, 20707, 15746, 19849, 19192, 15355, 12945, 2009)
left	b	983597	(730, 190)	[(36, 612, 846), (36, 594, 846), (36, 612, 846), (36, 612, 864), (36, 594, 864), (36, 594, 900), (36, 612, 864), (36, 612, 828), (54, 612, 846), (36, 612, 900), (54, 612, 900), (54, 612, 828), (36, 630, 792), (36, 630, 882), (36, 612, 900), (36, 612, 846), (36, 630, 828), (36, 630, 864), (54, 630, 864), (-18, 630, 828), (36, 612, 828), (18, 630, 828), (18, 612, 864), (36, 612, 846), (18, 612, 846)]	(9488, 14572, 13497, 10739, 11788, 11943, 6074, 6957, 4541, 7045, 9226, 6721, 7157, 7204, 7454, 7158, 13870, 20706, 15799, 19931, 19213, 15365, 12967, 2020)
right	k	985202	(661, 104)	[(36, 630, 846), (18, 630, 846), (18, 630, 774), (0, 648, 792), (72, 648, 864), (54, 648, 828), (18, 630, 828), (36, 630, 828), (36, 648, 828), (18, 648, 864), (36, 630, 864), (54, 630, 864), (36, 630, 846), (36, 630, 864), (36, 648, 846), (36, 648, 846), (36, 630, 846), (36, 630, 810), (36, 648, 846), (36, 648, 828), (36, 630, 828), (18, 648, 846), (18, 648, 846), (54, 648, 846), (36, 630, 864)]	(9482, 14553, 13372, 11002, 11826, 12116, 6667, 7475, 5073, 7174, 9939, 7070, 7530, 7594, 7503, 7191, 14005, 20746, 15830, 20014, 19282, 15422, 13012, 2016)
left	q	986692	(595, 439)	[(36, 648, 792), (54, 630, 900), (36, 630, 882), (36, 648, 864), (18, 630, 810), (0, 648, 810), (18, 648, 810), (0, 666, 882), (18, 648, 882), (0, 648, 846), (0, 648, 810), (0, 666, 828), (18, 666, 846), (-18, 666, 828), (18, 666, 810), (0, 666, 810), (0, 666, 864), (18, 666, 846), (18, 666, 792), (36, 684, 738), (18, 666, 774), (18, 666, 810), (18, 666, 810), (18, 666, 810), (36, 666, 810)]	(9496, 14771, 13038, 10953, 11816, 12181, 6459, 6570, 4679, 7060, 9114, 6594, 6601, 7940, 7471, 7168, 14125, 20757, 15739, 19655, 19122, 15439, 13096, 2029)
right	p	988432	(567, 23)	[(36, 630, 864), (36, 648, 828), (18, 630, 846), (18, 630, 846), (36, 630, 846), (18, 630, 828), (18, 630, 846), (36, 630, 864), (36, 630, 846), (36, 648, 828), (18, 630, 828), (18, 630, 828), (36, 648, 846), (18, 630, 810), (18, 648, 846), (36, 630, 864), (36, 648, 828), (36, 630, 810), (18, 666, 810), (36, 630, 810), (18, 648, 900), (36, 630, 900), (36, 648, 828), (36, 648, 792), (18, 630, 828)]	(9475, 14431, 12906, 11460, 11829, 12098, 6852, 7416, 5163, 7127, 11490, 7026, 7053, 7928, 7462, 7198, 14095, 20705, 15728, 19763, 19252, 15416, 13034, 2020)
right	z	989862	(734, 397)	[(36, 648, 828), (18, 630, 846), (18, 630, 828), (18, 630, 846), (18, 630, 864), (18, 630, 846), (18, 630, 810), (18, 648, 792), (18, 648, 864), (36, 630, 864), (18, 612, 882), (36, 630, 828), (36, 648, 810), (36, 648, 828), (18, 648, 882), (54, 630, 882), (18, 630, 810), (18, 648, 774), (18, 648, 810), (18, 648, 756), (18, 648, 828), (18, 666, 792), (18, 648, 792), (18, 630, 810), (18, 648, 846)]	(9483, 14595, 13149, 11329, 11817, 12210, 6570, 6965, 4665, 7109, 9707, 6639, 7359, 8520, 7478, 7184, 14058, 20636, 15597, 17238, 19023, 15308, 12955, 2019)
left	x	991347	(725, 345)	[(36, 630, 846), (18, 630, 828), (36, 630, 828), (18, 612, 864), (18, 630, 864), (18, 630, 828), (18, 612, 846), (18, 630, 846), (0, 630, 882), (36, 612, 864), (0, 612, 810), (36, 630, 846), (36, 630, 846), (18, 630, 882), (18, 612, 846), (18, 612, 864), (36, 630, 846), (18, 630, 846), (36, 630, 846), (18, 612, 864), (18, 612, 792), (18, 630, 900), (18, 612, 810), (36, 630, 810), (0, 612, 846)]	(9477, 14508, 13372, 10931, 11790, 11755, 6560, 7329, 5165, 7142, 11987, 6974, 7149, 8530, 7533, 7261, 14248, 20702, 15728, 19681, 19133, 15396, 13025, 2029)
right	x	992858	(751, 350)	[(18, 630, 846), (18, 612, 864), (18, 630, 846), (18, 612, 846), (18, 630, 846), (18, 630, 882), (18, 612, 846), (36, 630, 846), (18, 630, 846), (36, 630, 846), (18, 612, 882), (36, 630, 846), (36, 630, 828), (0, 630, 882), (18, 630, 846), (18, 630, 846), (18, 648, 846), (36, 630, 846), (36, 630, 810), (18, 648, 846), (18, 648, 810), (18, 648, 864), (18, 630, 846), (18, 630, 846), (36, 648, 810)]	(9476, 14559, 13426, 11353, 11855, 12300, 6901, 7430, 5056, 7098, 11808, 6959, 7553, 8508, 7490, 7207, 14103, 20672, 15694, 19663, 19127, 15341, 12967, 2018)
left	a	994226	(655, 433)	[(18, 630, 828), (18, 630, 846), (18, 630, 846), (18, 612, 864), (36, 612, 846), (18, 612, 864), (18, 630, 864), (18, 630, 846), (18, 630, 846), (36, 630, 864), (36, 630, 846), (18, 612, 846), (18, 630, 864), (36, 630, 828), (36, 612, 846), (36, 630, 828), (18, 630, 846), (18, 630, 828), (18, 630, 864), (0, 630, 864), (36, 630, 828), (36, 630, 828), (18, 630, 864), (18, 630, 846), (18, 630, 828)]	(9478, 14516, 13477, 10925, 11810, 12011, 6800, 7537, 5267, 7168, 12075, 7071, 7269, 8485, 7537, 7245, 14220, 20705, 15740, 19735, 19111, 15346, 13002, 2018)
left	h	995560	(658, 210)	[(36, 630, 846), (18, 630, 828), (36, 630, 846), (18, 630, 846), (18, 612, 846), (18, 630, 846), (18, 630, 846), (36, 630, 864), (18, 630, 828), (18, 630, 828), (18, 630, 864), (18, 630, 846), (36, 630, 864), (18, 630, 828), (18, 630, 828), (36, 630, 846), (36, 630, 846), (18, 630, 864), (0, 630, 846), (36, 630, 828), (36, 630, 846), (18, 630, 864), (18, 630, 846), (36, 630, 810), (36, 630, 882)]	(9468, 14415, 13317, 11569, 11837, 12160, 6890, 7518, 5330, 7159, 12385, 7212, 7496, 8288, 7497, 7237, 14130, 20690, 15737, 19764, 19205, 15375, 12988, 2025)
left	j	998702	(669, 156)	[(36, 630, 864), (36, 630, 828), (36, 630, 846), (36, 630, 846), (18, 630, 828), (36, 630, 846), (54, 630, 864), (36, 630, 864), (18, 630, 828), (18, 612, 774), (54, 630, 864), (36, 630, 936), (36, 648, 864), (36, 648, 792), (36, 648, 810), (36, 666, 810), (54, 648, 864), (54, 648, 828), (36, 684, 810), (18, 648, 756), (54, 666, 864), (36, 648, 864), (36, 666, 810), (18, 648, 792), (18, 648, 756)]	(9462, 14787, 13359, 10688, 11824, 12079, 6726, 7401, 5261, 7210, 12640, 6932, 6713, 7245, 7425, 7190, 14149, 20791, 15941, 20032, 19440, 15617, 13202, 2042)
left	r	1001019	(590, 334)	[(36, 648, 846), (36, 648, 828), (36, 648, 864), (36, 630, 882), (72, 648, 846), (36, 630, 828), (36, 630, 810), (18, 648, 846), (54, 648, 828), (36, 630, 828), (18, 648, 936), (36, 648, 864), (36, 648, 846), (36, 648, 810), (36, 648, 846), (36, 648, 792), (36, 648, 810), (36, 666, 864), (36, 666, 828), (54, 666, 792), (36, 666, 756), (18, 666, 828), (36, 648, 846), (36, 666, 828), (36, 648, 828)]	(9477, 14698, 13250, 10739, 11823, 11997, 6819, 7250, 5288, 7182, 12584, 6909, 6966, 7658, 7482, 7227, 14250, 20784, 15891, 19944, 19316, 15517, 13151, 2028)
right	e	1002557	(584, 358)	[(54, 648, 846), (36, 648, 828), (54, 648, 828), (36, 648, 828), (36, 630, 846), (36, 630, 846), (36, 648, 828), (36, 648, 882), (36, 648, 792), (36, 648, 792), (36, 666, 756), (36, 648, 882), (36, 648, 882), (18, 666, 846), (0, 666, 810), (-18, 666, 756), (18, 684, 810), (-36, 684, 810), (0, 666, 882), (0, 684, 810), (-54, 702, 720), (0, 720, 756), (-36, 684, 792), (-18, 702, 756), (0, 666, 810)]	(9512, 14836, 12994, 12209, 11794, 11943, 5978, 6553, 4540, 7058, 7178, 6260, 6258, 10015, 7518, 7135, 14413, 20646, 15684, 19556, 18947, 15308, 13004, 2020)
right	o	1003996	(594, 79)	[(18, 630, 846), (18, 648, 828), (36, 648, 846), (18, 630, 846), (36, 630, 846), (36, 630, 846), (36, 648, 828), (36, 630, 828), (18, 648, 828), (18, 648, 846), (36, 648, 846), (36, 630, 828), (36, 630, 864), (36, 648, 846), (36, 630, 846), (36, 648, 828), (36, 630, 828), (18, 630, 864), (36, 648, 828), (36, 648, 792), (36, 630, 864), (36, 630, 864), (36, 630, 810), (18, 648, 810), (18, 630, 846)]	(9477, 14702, 13504, 11678, 11843, 12210, 6427, 6965, 4969, 7050, 10772, 6795, 7240, 8020, 7467, 7149, 14208, 20667, 15774, 19988, 19232, 15365, 12984, 2020)
right	f	1005389	(667, 301)	[(36, 648, 846), (36, 630, 846), (36, 630, 846), (36, 630, 828), (36, 630, 846), (36, 648, 828), (18, 648, 846), (36, 630, 810), (36, 630, 828), (36, 648, 864), (36, 630, 900), (36, 648, 846), (36, 648, 810), (36, 630, 846), (18, 648, 828), (36, 630, 828), (36, 630, 882), (36, 648, 810), (36, 648, 828), (18, 648, 846), (36, 666, 846), (36, 648, 828), (36, 666, 828), (36, 648, 882), (36, 648, 828)]	(9473, 14675, 13546, 11759, 11881, 12342, 6695, 7380, 5085, 7169, 11630, 6874, 7648, 7723, 7445, 7104, 14084, 20675, 15785, 20067, 19318, 15407, 12966, 2020)
left	g	1007018	(651, 265)	[(36, 648, 828), (36, 648, 864), (36, 630, 864), (36, 648, 846), (54, 630, 828), (18, 630, 810), (18, 648, 846), (36, 630, 882), (36, 648, 828), (36, 648, 828), (54, 648, 810), (36, 648, 828), (36, 648, 756), (36, 648, 846), (72, 666, 846), (54, 666, 846), (54, 666, 846), (54, 666, 846), (36, 666, 828), (36, 666, 774), (54, 666, 792), (36, 666, 792), (54, 666, 756), (54, 684, 810), (54, 666, 882)]	(9465, 14898, 13655, 10975, 11846, 12137, 6700, 7150, 5109, 7200, 12101, 6970, 7360, 7449, 7455, 7152, 14191, 20747, 15833, 19971, 19325, 15519, 13165, 2031)
right	k	1008555	(652, 89)	[(36, 648, 882), (54, 648, 846), (36, 648, 828), (54, 648, 828), (54, 648, 810), (36, 648, 828), (36, 648, 828), (36, 648, 828), (36, 648, 810), (54, 648, 846), (54, 648, 828), (36, 648, 828), (36, 648, 810), (54, 648, 828), (54, 648, 846), (54, 648, 846), (36, 648, 810), (36, 648, 810), (36, 648, 828), (36, 648, 918), (36, 648, 810), (54, 648, 792), (36, 648, 828), (36, 648, 846), (72, 666, 828)]	(9466, 14671, 13570, 11425, 11848, 12160, 6651, 7415, 5082, 7183, 12380, 6918, 7496, 7396, 7441, 7206, 14154, 20735, 15831, 20055, 19345, 15493, 13103, 2033)
left	e	1009949	(585, 354)	[(54, 648, 828), (54, 648, 846), (36, 648, 828), (36, 648, 846), (36, 630, 828), (54, 648, 828), (54, 666, 846), (36, 648, 846), (54, 648, 828), (36, 630, 810), (54, 648, 846), (54, 648, 846), (54, 648, 864), (54, 648, 810), (36, 648, 810), (36, 648, 864), (36, 666, 846), (36, 648, 792), (36, 648, 846), (36, 666, 846), (54, 648, 828), (54, 648, 828), (36, 648, 828), (54, 666, 846), (54, 666, 810)]	(9480, 14788, 13653, 11164, 11843, 12181, 6745, 7340, 5374, 7126, 12475, 7076, 7369, 7542, 7469, 7197, 14289, 20777, 15920, 20137, 19421, 15550, 13159, 2034)
left	a	1011276	(667, 442)	[(54, 648, 846), (36, 648, 846), (54, 648, 828), (54, 648, 846), (36, 648, 810), (54, 648, 828), (54, 648, 846), (36, 648, 828), (36, 648, 810), (54, 648, 828), (54, 666, 828), (54, 648, 828), (36, 648, 810), (36, 666, 828), (36, 648, 828), (36, 648, 846), (36, 648, 828), (54, 648, 846), (54, 648, 810), (54, 648, 828), (36, 648, 846), (36, 630, 864), (36, 648, 792), (36, 666, 810), (54, 648, 864)]	(9470, 14636, 13582, 11122, 11842, 12067, 6687, 7405, 5396, 7159, 12506, 7121, 7400, 7578, 7447, 7168, 14211, 20728, 15815, 20033, 19274, 15454, 13087, 2026)
left	z	1012885	(744, 391)	[(36, 648, 828), (36, 648, 846), (36, 648, 846), (36, 648, 828), (36, 630, 828), (36, 648, 810), (36, 648, 846), (54, 648, 864), (36, 648, 810), (36, 648, 810), (36, 648, 864), (36, 630, 828), (36, 630, 828), (54, 648, 828), (36, 648, 810), (36, 648, 828), (36, 648, 846), (36, 648, 846), (36, 630, 846), (36, 648, 828), (36, 648, 846), (36, 648, 828), (36, 648, 828), (36, 648, 828), (36, 648, 828)]	(9471, 14645, 13590, 11031, 11821, 12085, 6616, 7400, 5351, 7216, 12338, 6995, 7376, 7796, 7480, 7210, 14276, 20724, 15805, 20003, 19279, 15438, 13078, 2037)
right	g	1015769	(663, 247)	[(36, 648, 846), (54, 648, 846), (36, 630, 846), (36, 630, 846), (36, 630, 846), (36, 648, 828), (36, 630, 864), (54, 648, 828), (54, 648, 828), (36, 648, 846), (18, 648, 846), (18, 648, 810), (36, 648, 846), (36, 666, 810), (36, 648, 828), (36, 648, 882), (54, 648, 846), (0, 666, 828), (54, 666, 918), (54, 648, 810), (36, 648, 774), (36, 684, 846), (36, 666, 828), (36, 648, 810), (36, 648, 846)]	(9460, 14581, 13424, 11562, 11845, 12144, 6913, 7425, 5388, 7225, 13647, 6981, 7827, 7732, 7458, 7208, 14160, 20721, 15803, 20005, 19321, 15451, 13069, 2033)
right	i	1017208	(597, 119)	[(54, 648, 828), (54, 648, 828), (36, 630, 846), (36, 648, 846), (54, 648, 828), (54, 648, 828), (54, 666, 846), (54, 648, 828), (36, 648, 828), (54, 648, 828), (36, 630, 828), (36, 648, 828), (54, 648, 828), (36, 666, 846), (36, 648, 846), (36, 648, 846), (36, 648, 810), (36, 666, 828), (54, 648, 828), (36, 648, 828), (36, 648, 846), (36, 648, 864), (36, 648, 810), (36, 648, 810), (36, 648, 828)]	(9475, 14550, 13439, 11733, 11835, 12126, 6749, 7347, 5309, 7175, 13153, 7135, 7655, 7776, 7454, 7179, 14210, 20703, 15809, 20031, 19301, 15441, 13055, 2023)
right	u	1018528	(591, 180)	[(54, 648, 846), (36, 648, 828), (54, 648, 846), (54, 648, 828), (36, 648, 828), (54, 648, 828), (36, 648, 864), (54, 648, 810), (36, 630, 828), (36, 630, 846), (36, 630, 864), (54, 666, 810), (54, 648, 828), (36, 648, 900), (36, 648, 864), (54, 666, 792), (36, 666, 774), (54, 666, 810), (36, 684, 810), (36, 666, 792), (36, 666, 846), (36, 648, 864), (36, 666, 792), (18, 666, 792), (36, 648, 846)]	(9468, 14573, 13228, 11928, 11904, 12416, 7142, 7283, 5149, 7142, 13638, 7039, 7876, 7542, 7445, 7189, 14106, 20748, 15850, 20148, 19432, 15507, 13063, 2021)
right	c	1019862	(736, 305)	[(54, 648, 810), (36, 648, 828), (54, 648, 846), (54, 648, 828), (36, 648, 846), (54, 666, 828), (36, 630, 810), (54, 648, 828), (54, 666, 828), (36, 648, 828), (54, 648, 846), (54, 648, 828), (54, 648, 846), (54, 648, 828), (36, 648, 846), (54, 648, 846), (36, 666, 810), (54, 648, 792), (18, 666, 828), (54, 666, 846), (54, 630, 900), (36, 648, 792), (36, 666, 828), (36, 666, 792), (36, 666, 810)]	(9463, 14501, 13369, 11332, 11864, 12270, 7101, 7321, 5285, 7215, 13386, 7012, 7751, 7452, 7440, 7186, 14081, 20694, 15796, 19983, 19301, 15443, 13063, 2035)
right	q	1021354	(580, 434)	[(54, 648, 828), (36, 648, 828), (36, 648, 846), (54, 666, 810), (36, 648, 828), (36, 648, 792), (36, 666, 756), (54, 648, 810), (36, 666, 756), (-36, 648, 918), (18, 648, 1026), (18, 666, 846), (0, 684, 810), (0, 666, 702), (-18, 666, 810), (0, 684, 882), (-36, 684, 900), (-36, 684, 864), (-36, 684, 792), (-36, 702, 738), (-54, 702, 792), (-36, 702, 792), (-36, 702, 810), (-72, 684, 792), (-36, 684, 738)]	(9518, 14510, 12695, 12340, 11837, 11913, 6319, 6640, 4576, 7111, 8200, 6528, 6934, 10715, 7598, 7211, 14528, 20630, 15661, 19443, 18853, 15292, 12982, 2030)
left	u	1023268	(589, 164)	[(36, 648, 864), (36, 666, 828), (36, 666, 810), (36, 666, 828), (36, 648, 846), (54, 648, 864), (18, 648, 846), (36, 648, 828), (36, 684, 738), (36, 648, 882), (72, 648, 918), (72, 684, 918), (72, 666, 810), (36, 648, 774), (72, 702, 792), (54, 684, 756), (54, 684, 774), (72, 702, 810), (36, 720, 738), (72, 738, 774), (72, 702, 738), (36, 702, 756), (72, 756, 774), (72, 738, 738), (72, 720, 756)]	(9507, 14646, 12570, 10605, 11900, 12529, 6665, 6607, 4728, 7093, 9725, 6705, 6297, 6622, 7346, 7179, 13610, 20745, 16025, 20201, 19356, 15668, 13296, 2037)
left	o	1024591	(583, 95)	[(36, 630, 846), (36, 630, 846), (36, 630, 882), (36, 612, 882), (36, 612, 936), (36, 630, 900), (18, 648, 774), (54, 648, 774), (54, 648, 828), (54, 648, 918), (36, 648, 918), (18, 648, 828), (54, 666, 774), (72, 702, 756), (36, 702, 684), (54, 702, 774), (54, 684, 864), (54, 684, 900), (36, 684, 792), (72, 720, 648), (18, 738, 702), (90, 684, 810), (54, 684, 810), (54, 702, 756), (54, 702, 738)]	(9472, 13976, 11982, 10395, 11807, 12137, 6628, 7111, 5180, 7142, 11182, 6997, 5454, 6478, 7321, 7235, 13098, 20761, 16247, 20388, 19264, 15602, 13204, 2027)
left	c	1026037	(748, 305)	[(54, 630, 828), (36, 630, 810), (54, 648, 846), (54, 630, 846), (54, 648, 846), (54, 648, 810), (36, 630, 882), (54, 630, 846), (36, 630, 828), (36, 648, 810), (36, 630, 810), (72, 630, 864), (54, 630, 846), (54, 630, 864), (36, 630, 828), (36, 630, 846), (36, 648, 810), (54, 630, 846), (54, 648, 828), (36, 630, 846), (54, 666, 864), (36, 630, 810), (54, 648, 846), (36, 630, 846), (36, 648, 828)]	(9477, 14345, 12748, 10490, 11777, 11867, 6490, 7144, 5067, 7153, 11927, 6933, 6259, 7121, 7406, 7276, 14006, 20718, 15966, 20170, 19192, 15395, 13011, 2032)
left	k	1027426	(671, 94)	[(54, 630, 828), (54, 648, 846), (36, 648, 846), (54, 630, 846), (54, 630, 846), (36, 648, 828), (36, 630, 828), (54, 648, 864), (54, 630, 864), (72, 648, 846), (36, 648, 792), (54, 666, 828), (54, 630, 864), (54, 648, 846), (54, 648, 810), (54, 666, 810), (54, 648, 828), (54, 648, 828), (54, 648, 846), (54, 666, 810), (36, 666, 810), (54, 666, 846), (36, 630, 828), (54, 648, 828), (54, 648, 846)]	(9475, 14295, 12552, 10463, 11755, 11874, 6664, 7107, 4892, 7066, 12057, 6910, 6226, 6913, 7403, 7312, 14006, 20746, 16022, 20173, 19287, 15500, 13142, 2034)
left	h	1028760	(657, 188)	[(54, 630, 846), (36, 612, 846), (36, 630, 828), (54, 648, 846), (36, 630, 846), (36, 630, 900), (54, 648, 810), (36, 648, 792), (54, 648, 828), (54, 648, 846), (36, 630, 828), (36, 648, 828), (36, 648, 864), (36, 630, 810), (36, 630, 846), (36, 648, 846), (36, 630, 864), (36, 630, 828), (54, 648, 828), (36, 648, 792), (54, 630, 864), (54, 648, 864), (36, 648, 810), (36, 648, 828), (36, 630, 828)]	(9468, 14359, 12753, 10493, 11755, 11842, 6427, 6887, 4908, 7133, 11967, 6857, 6473, 7421, 7439, 7331, 14166, 20721, 15960, 20030, 19147, 15410, 13065, 2035)
right	e	1030298	(581, 356)	[(36, 648, 882), (54, 630, 810), (54, 648, 792), (36, 648, 846), (18, 630, 828), (54, 648, 864), (36, 648, 846), (54, 666, 810), (18, 648, 810), (0, 648, 882), (0, 648, 846), (0, 684, 792), (-36, 666, 792), (-36, 666, 828), (-36, 684, 792), (-36, 684, 864), (-36, 684, 792), (-36, 684, 720), (-36, 702, 720), (-36, 702, 792), (-36, 702, 828), (-36, 702, 846), (0, 684, 792), (0, 702, 738), (-54, 684, 810)]	(9500, 14896, 12927, 12169, 11816, 11944, 6371, 6388, 4510, 7023, 7620, 6234, 5980, 9233, 7514, 7070, 14366, 20719, 15715, 19713, 19127, 15412, 13068, 2025)
right	i	1031647	(585, 133)	[(18, 666, 864), (36, 666, 864), (18, 648, 828), (18, 666, 810), (0, 666, 828), (18, 666, 810), (18, 666, 792), (18, 666, 846), (18, 666, 846), (18, 666, 846), (18, 666, 810), (18, 666, 810), (18, 666, 810), (18, 666, 810), (18, 648, 846), (18, 666, 828), (18, 648, 792), (18, 666, 792), (18, 666, 792), (0, 666, 810), (36, 666, 900), (18, 666, 774), (18, 684, 774), (18, 666, 828), (18, 666, 864)]	(9488, 14733, 12938, 11924, 11843, 12108, 6769, 6570, 4619, 7010, 9223, 6638, 6563, 7773, 7411, 7081, 14165, 20712, 15747, 19864, 19272, 15452, 13066, 2023)
left	i	1033534	(579, 131)	[(18, 648, 846), (18, 666, 900), (36, 666, 846), (18, 666, 702), (36, 666, 900), (72, 666, 810), (54, 702, 684), (54, 702, 648), (72, 702, 828), (54, 684, 864), (54, 702, 792), (90, 720, 756), (72, 720, 720), (72, 720, 738), (36, 720, 792), (36, 720, 828), (54, 720, 774), (72, 720, 684), (72, 738, 630), (90, 738, 720), (72, 720, 846), (72, 720, 846), (54, 738, 738), (54, 738, 684), (72, 738, 738)]	(9492, 14501, 12335, 10488, 11889, 12424, 6526, 6462, 4516, 7133, 8858, 6560, 5310, 6386, 7298, 7168, 12947, 20740, 16222, 20536, 19608, 15763, 13264, 2029)
right	z	1034927	(741, 393)	[(36, 630, 882), (72, 630, 882), (54, 630, 828), (18, 612, 810), (18, 630, 846), (36, 630, 846), (36, 630, 864), (36, 612, 864), (18, 594, 846), (18, 612, 900), (36, 612, 882), (36, 612, 846), (36, 612, 828), (36, 612, 846), (36, 612, 882), (36, 612, 864), (36, 630, 846), (36, 612, 846), (36, 612, 864), (36, 612, 846), (18, 612, 828), (54, 630, 828), (18, 612, 864), (36, 612, 882), (18, 594, 864)]	(9486, 14512, 13133, 10710, 11780, 11880, 6342, 6771, 4828, 7143, 10984, 6944, 6741, 7507, 7469, 7195, 14206, 20692, 15827, 19960, 19193, 15392, 12989, 2020)
left	v	1037312	(738, 230)	[(36, 612, 846), (18, 612, 846), (36, 612, 864), (36, 612, 846), (36, 612, 846), (36, 612, 846), (36, 612, 828), (36, 612, 864), (36, 612, 846), (36, 612, 846), (36, 612, 846), (36, 612, 864), (36, 612, 846), (36, 612, 846), (36, 612, 864), (36, 612, 882), (36, 612, 846), (54, 612, 846), (36, 612, 846), (36, 612, 828), (54, 630, 864), (36, 612, 846), (54, 630, 846), (36, 630, 846), (36, 630, 846)]	(9479, 14603, 13377, 10706, 11805, 11837, 6506, 7255, 4974, 7163, 11623, 6968, 6611, 7455, 7457, 7254, 14210, 20701, 15874, 20121, 19382, 15471, 13020, 2029)
left	l	1038873	(663, 58)	[(36, 612, 864), (36, 612, 846), (36, 612, 846), (36, 612, 864), (36, 612, 846), (54, 612, 864), (36, 612, 882), (36, 612, 846), (36, 612, 918), (36, 612, 882), (54, 630, 864), (54, 630, 846), (54, 630, 864), (54, 648, 846), (54, 648, 792), (54, 666, 810), (54, 666, 828), (72, 666, 792), (54, 684, 774), (54, 666, 774), (126, 666, 774), (72, 684, 846), (54, 684, 810), (54, 666, 774), (54, 684, 756)]	(9473, 15101, 13555, 10534, 11812, 12005, 6688, 6906, 5039, 7169, 12104, 6911, 5870, 6519, 7326, 7262, 13360, 20792, 16249, 20764, 19990, 15824, 13279, 2039)
left	w	1040250	(589, 391)	[(54, 630, 828), (72, 648, 828), (72, 630, 864), (54, 630, 864), (54, 648, 810), (72, 648, 828), (54, 630, 846), (72, 648, 828), (54, 648, 828), (72, 648, 846), (54, 630, 846), (54, 630, 846), (54, 648, 810), (72, 648, 828), (54, 630, 828), (54, 630, 864), (54, 630, 846), (54, 648, 810), (54, 648, 846), (54, 630, 864), (54, 648, 828), (36, 648, 810), (36, 648, 846), (72, 648, 846), (54, 648, 828)]	(9479, 14809, 13603, 10605, 11792, 11819, 6372, 7031, 5086, 7130, 12265, 6838, 6442, 7085, 7416, 7320, 14235, 20755, 16103, 20501, 19583, 15606, 13108, 2034)
left	y	1041690	(588, 206)	[(54, 648, 864), (54, 648, 810), (54, 630, 792), (54, 630, 900), (36, 630, 882), (54, 630, 828), (54, 648, 828), (54, 630, 882), (54, 648, 864), (54, 630, 864), (54, 630, 846), (54, 630, 774), (54, 648, 846), (36, 666, 846), (54, 648, 846), (54, 666, 810), (36, 666, 792), (36, 648, 810), (72, 666, 828), (54, 666, 756), (54, 648, 792), (54, 684, 900), (54, 666, 792), (54, 684, 756), (54, 684, 810)]	(9470, 14831, 13178, 10550, 11789, 11933, 6775, 7043, 5118, 7138, 12052, 6805, 6159, 6904, 7384, 7275, 14149, 20783, 16212, 20438, 19603, 15652, 13211, 2030)
left	y	1042980	(586, 215)	[(54, 648, 828), (54, 648, 846), (54, 666, 828), (36, 648, 828), (54, 648, 828), (54, 648, 828), (54, 648, 828), (54, 648, 846), (54, 666, 846), (54, 648, 846), (54, 648, 864), (54, 648, 810), (54, 648, 828), (54, 666, 846), (36, 648, 828), (54, 666, 846), (54, 648, 864), (36, 666, 792), (36, 666, 774), (72, 684, 792), (54, 684, 756), (72, 666, 846), (54, 666, 918), (36, 666, 756), (36, 684, 774)]	(9484, 14820, 13042, 10567, 11799, 12015, 6677, 7001, 5034, 7083, 12290, 6886, 6149, 6998, 7408, 7284, 14248, 20800, 16170, 20394, 19540, 15648, 13203, 2028)
right	b	1044513	(756, 219)	[(54, 666, 828), (54, 648, 828), (54, 648, 810), (54, 666, 864), (54, 666, 828), (54, 648, 828), (36, 666, 828), (54, 648, 810), (54, 648, 846), (54, 648, 846), (36, 648, 846), (36, 648, 846), (54, 666, 810), (54, 648, 828), (36, 648, 828), (54, 648, 810), (36, 666, 774), (36, 702, 864), (54, 630, 846), (54, 648, 846), (54, 648, 846), (54, 666, 810), (36, 666, 810), (54, 648, 864), (54, 648, 828)]	(9469, 14555, 13015, 10697, 11823, 11971, 6908, 7374, 5171, 7169, 12844, 6959, 7185, 7360, 7427, 7305, 14168, 20660, 15858, 20105, 19305, 15438, 13040, 2027)
right	w	1046206	(589, 395)	[(36, 648, 828), (54, 630, 828), (54, 666, 846), (36, 648, 846), (54, 666, 828), (36, 666, 738), (90, 648, 810), (54, 666, 882), (36, 666, 864), (36, 666, 702), (54, 648, 846), (18, 666, 936), (0, 648, 864), (18, 666, 810), (18, 666, 720), (0, 684, 846), (18, 684, 846), (-36, 666, 846), (-36, 684, 774), (-36, 684, 720), (-18, 720, 684), (-54, 702, 918), (-18, 684, 792), (18, 702, 774), (-36, 702, 774)]	(9505, 14911, 12950, 12233, 11855, 11851, 6953, 6701, 4836, 7005, 8985, 6717, 6101, 10512, 7565, 7156, 14652, 20700, 15778, 19833, 19154, 15432, 13056, 2030)
left	s	1047595	(659, 384)	[(36, 630, 846), (18, 612, 900), (18, 612, 936), (18, 612, 864), (36, 612, 828), (18, 612, 864), (18, 612, 882), (36, 612, 882), (18, 612, 846), (18, 612, 864), (36, 612, 846), (18, 612, 864), (18, 630, 864), (18, 612, 846), (36, 630, 846), (18, 612, 864), (0, 630, 846), (18, 630, 810), (18, 630, 864), (18, 630, 846), (18, 630, 828), (18, 630, 864), (0, 630, 864), (18, 630, 792), (18, 612, 828)]	(9490, 14701, 13085, 11085, 11784, 12082, 6004, 6595, 4248, 7016, 7455, 6462, 6344, 6893, 7395, 7093, 13631, 20577, 15668, 15076, 19353, 15529, 13100, 2027)
left	q	1048924	(583, 448)	[(18, 630, 828), (18, 630, 828), (0, 630, 864), (0, 630, 882), (18, 630, 864), (18, 612, 846), (0, 630, 828), (18, 648, 846), (-36, 630, 864), (18, 630, 846), (18, 648, 810), (18, 630, 846), (18, 648, 846), (0, 630, 864), (0, 630, 864), (18, 630, 846), (18, 648, 846), (18, 630, 846), (18, 648, 846), (-36, 648, 828), (18, 630, 810), (0, 666, 846), (0, 648, 828), (18, 684, 810), (18, 666, 792)]	(9494, 14218, 12327, 11054, 11780, 12045, 6435, 6743, 4579, 7091, 9394, 6691, 6237, 8103, 7469, 7216, 14136, 20712, 15672, 19282, 18978, 15436, 13089, 2017)
left	e	1050242	(591, 342)	[(18, 648, 828), (18, 648, 810), (18, 648, 828), (18, 648, 846), (18, 666, 828), (0, 648, 828), (18, 648, 828), (18, 648, 864), (0, 666, 846), (18, 648, 864), (18, 666, 828), (18, 666, 792), (18, 684, 828), (18, 666, 846), (18, 684, 792), (36, 684, 792), (36, 684, 810), (18, 720, 774), (54, 702, 756), (18, 702, 756), (18, 702, 774), (18, 702, 774), (18, 702, 792), (18, 702, 792), (18, 702, 810)]	(9491, 14102, 12108, 10690, 11860, 12237, 6908, 6918, 4949, 7071, 9991, 6851, 6108, 7227, 7364, 7182, 14063, 20664, 15768, 19502, 19066, 15525, 13183, 2026)
right	j	1051859	(648, 151)	[(18, 666, 828), (36, 666, 810), (18, 648, 810), (36, 666, 810), (36, 666, 846), (36, 666, 828), (18, 666, 810), (18, 666, 828), (36, 666, 828), (18, 666, 810), (36, 666, 792), (36, 666, 810), (36, 666, 828), (36, 666, 864), (18, 684, 792), (36, 666, 774), (36, 684, 810), (36, 666, 846), (36, 666, 828), (18, 666, 792), (0, 666, 774), (18, 666, 846), (36, 666, 828), (36, 702, 792), (18, 648, 792)]	(9491, 14200, 12407, 11265, 11859, 12213, 7353, 7404, 5487, 7260, 12272, 7127, 6755, 7755, 7441, 7273, 14264, 20701, 15770, 19700, 19250, 15527, 13137, 2036)
