Please hold the phone in your right hand and type with your left index finger
w	2680142	(570, 412)	[(-36, 864, 576), (-36, 864, 612), (-36, 864, 612), (-36, 864, 594), (-54, 864, 594), (0, 882, 558), (0, 864, 576), (-36, 864, 594), (-18, 882, 612), (-54, 846, 648), (-54, 864, 648), (-18, 864, 630), (0, 882, 612), (-18, 882, 630), (-36, 864, 648), (-36, 864, 630), (0, 882, 612), (18, 882, 630), (54, 936, 450), (18, 846, 594), (-36, 864, 594), (-54, 864, 648), (-36, 864, 684), (18, 882, 720), (18, 846, 702)]	(9510, 11653, 10029, 10192, 11800, 12899, 5108, 7193, 4770, 7100, 6253, 7615, 4967, 10682, 7488, 7551, 11823, 19817, 15534, 8849, 15780, 13179, 11997, 2112)
o	2680974	(579, 92)	[(18, 882, 594), (36, 864, 612), (54, 882, 612), (54, 864, 612), (54, 882, 630), (72, 882, 612), (54, 864, 630), (36, 882, 630), (54, 882, 648), (54, 864, 648), (36, 864, 630), (36, 864, 630), (36, 864, 630), (18, 864, 630), (18, 864, 612), (18, 846, 648), (18, 864, 612), (36, 864, 612), (54, 864, 630), (144, 882, 612), (36, 864, 630), (18, 882, 630), (36, 864, 666), (72, 882, 648), (18, 846, 648)]	(9524, 11610, 9973, 10175, 11802, 12945, 5108, 7100, 4755, 7119, 6261, 7530, 4959, 10688, 7490, 7534, 11825, 19810, 15490, 8823, 15759, 13179, 11993, 2109)
n	2681567	(770, 163)	[(72, 882, 648), (18, 846, 648), (36, 846, 630), (18, 864, 684), (18, 864, 648), (18, 846, 648), (18, 828, 684), (-36, 828, 666), (-72, 828, 666), (-72, 810, 648), (-72, 810, 630), (-54, 828, 630), (-54, 828, 648), (-36, 828, 648), (-36, 828, 666), (0, 846, 648), (0, 846, 648), (18, 864, 630), (0, 864, 648), (36, 846, 612), (-36, 864, 540), (-54, 882, 558), (0, 828, 702), (-54, 846, 720), (0, 846, 612)]	(9537, 11695, 10035, 10198, 11812, 13069, 5127, 7102, 4787, 7126, 6281, 7584, 4958, 10733, 7492, 7533, 11829, 19816, 15498, 8823, 15769, 13177, 11997, 2100)
d	2682128	(663, 356)	[(-54, 882, 558), (0, 828, 702), (-54, 846, 720), (0, 846, 612), (0, 846, 630), (-36, 846, 648), (-36, 846, 648), (-36, 846, 648), (-36, 846, 630), (-72, 828, 648), (-36, 846, 630), (-36, 846, 630), (-36, 846, 612), (0, 864, 612), (-36, 864, 630), (0, 864, 612), (0, 864, 630), (-36, 864, 630), (0, 864, 648), (-18, 864, 648), (0, 846, 612), (0, 846, 576), (-36, 846, 630), (-18, 864, 666), (0, 864, 684)]	(9527, 11707, 10053, 10208, 11816, 13054, 5116, 7129, 4782, 7112, 6270, 7611, 4945, 10760, 7480, 7524, 11826, 19824, 15504, 8827, 15787, 13181, 12000, 2112)
e	2682637	(588, 371)	[(-18, 864, 648), (0, 846, 612), (0, 846, 576), (-36, 846, 630), (-18, 864, 666), (0, 864, 684), (-18, 846, 630), (-54, 846, 648), (-36, 846, 648), (-36, 846, 648), (0, 864, 630), (18, 882, 630), (36, 864, 648), (36, 882, 612), (18, 864, 612), (18, 882, 630), (18, 864, 612), (0, 864, 630), (0, 828, 648), (-36, 846, 612), (0, 846, 612), (-36, 846, 630), (-36, 846, 648), (0, 846, 666), (18, 846, 630)]	(9525, 11701, 10050, 10205, 11817, 13059, 5126, 7112, 4792, 7118, 6271, 7592, 4960, 10755, 7486, 7519, 11820, 19825, 15493, 8829, 15780, 13181, 11998, 2115)
r	2683081	(594, 313)	[(18, 864, 612), (0, 864, 630), (0, 828, 648), (-36, 846, 612), (0, 846, 612), (-36, 846, 630), (-36, 846, 648), (0, 846, 666), (18, 846, 630), (0, 846, 648), (18, 882, 648), (0, 846, 648), (-18, 864, 630), (18, 864, 630), (-36, 864, 612), (0, 846, 612), (18, 864, 630), (-18, 846, 648), (0, 864, 648), (18, 846, 576), (36, 846, 612), (0, 846, 630), (18, 864, 648), (36, 864, 684), (18, 864, 666)]	(9535, 11698, 10058, 10207, 11812, 13082, 5125, 7105, 4784, 7127, 6268, 7599, 4952, 10764, 7485, 7509, 11812, 19824, 15494, 8826, 15785, 13169, 12001, 2119)
 	2683842	(853, 180)	[(0, 846, 630), (-18, 864, 630), (0, 846, 612), (18, 864, 612), (0, 846, 630), (18, 864, 612), (18, 846, 630), (0, 864, 648), (18, 864, 630), (18, 864, 648), (18, 864, 648), (18, 846, 666), (0, 846, 630), (-36, 846, 666), (0, 828, 684), (-54, 846, 666), (-54, 828, 666), (-36, 828, 666), (-54, 828, 648), (-54, 828, 630), (-54, 846, 540), (-72, 828, 594), (-90, 828, 684), (-54, 828, 720), (-54, 846, 648)]	(9527, 11668, 10030, 10194, 11820, 13065, 5096, 7050, 4776, 7119, 6242, 7495, 4938, 10742, 7490, 7501, 11811, 19816, 15461, 8817, 15765, 13173, 12001, 2103)
w	2685127	(588, 401)	[(-36, 864, 576), (-36, 864, 612), (0, 864, 648), (0, 864, 612), (-36, 864, 612), (-36, 864, 630), (-36, 864, 648), (-18, 864, 648), (-18, 864, 648), (-18, 864, 630), (-18, 864, 630), (-36, 846, 612), (0, 864, 630), (0, 882, 630), (0, 864, 612), (0, 846, 612), (-36, 846, 612), (0, 846, 630), (0, 864, 630), (-18, 864, 648), (-18, 864, 630), (18, 882, 594), (18, 846, 630), (0, 864, 594), (0, 864, 630)]	(9537, 11694, 10074, 10204, 11823, 13152, 5131, 7122, 4784, 7111, 6275, 7609, 4948, 10782, 7479, 7488, 11805, 19841, 15500, 8818, 15785, 13177, 2124, 65535)
h	2685688	(671, 197)	[(18, 882, 594), (18, 846, 630), (0, 864, 594), (0, 864, 630), (18, 864, 630), (-36, 846, 648), (-36, 846, 648), (-36, 846, 648), (-36, 846, 648), (-36, 846, 630), (0, 846, 630), (0, 864, 594), (36, 882, 612), (18, 864, 630), (18, 864, 630), (18, 864, 630), (0, 846, 630), (18, 864, 630), (18, 864, 648), (18, 846, 666), (36, 864, 630), (18, 864, 630), (54, 882, 594), (18, 882, 612), (36, 864, 666)]	(9538, 11702, 10081, 10213, 11833, 13203, 5122, 7129, 4813, 7127, 6262, 7577, 4962, 10829, 7485, 7495, 11789, 19830, 15532, 8831, 15789, 13186, 11998, 2116)
a	2686296	(652, 461)	[(18, 882, 612), (36, 864, 666), (36, 864, 648), (18, 846, 648), (-36, 846, 648), (0, 846, 648), (-36, 846, 648), (-36, 828, 666), (-54, 828, 648), (-36, 828, 630), (-54, 828, 648), (-54, 828, 648), (-54, 828, 648), (0, 828, 630), (-36, 828, 648), (-36, 846, 666), (-18, 864, 648), (-36, 864, 648), (-36, 846, 666), (-36, 846, 666), (-36, 846, 648), (0, 864, 540), (-36, 828, 594), (-54, 846, 630), (-36, 846, 702)]	(9541, 11689, 10064, 10210, 11816, 13189, 5108, 7060, 4791, 7141, 6272, 7568, 4944, 10844, 7486, 7485, 11803, 19818, 15496, 8827, 15787, 13174, 12001, 2105)
t	2686957	(568, 261)	[(-72, 810, 648), (-54, 828, 666), (-18, 846, 648), (0, 864, 648), (18, 882, 630), (36, 864, 648), (36, 864, 648), (18, 846, 630), (18, 864, 612), (36, 864, 648), (18, 846, 666), (-36, 828, 666), (-18, 828, 666), (18, 846, 648), (36, 846, 648), (18, 846, 666), (18, 846, 648), (36, 846, 630), (54, 864, 648), (72, 882, 522), (36, 882, 558), (18, 864, 648), (18, 864, 648), (54, 864, 684), (36, 846, 702)]	(9529, 11680, 10055, 10219, 11828, 13223, 5115, 7068, 4790, 7131, 6273, 7539, 4948, 10811, 7484, 7475, 11795, 19822, 15489, 8820, 15775, 13170, 12000, 2118)
 	2687820	(822, 245)	[(-36, 828, 630), (-36, 846, 648), (-36, 846, 648), (-36, 846, 648), (-36, 828, 666), (-36, 828, 666), (-36, 846, 648), (-54, 828, 648), (-54, 828, 666), (-36, 846, 648), (-54, 828, 648), (-72, 828, 648), (-54, 828, 666), (-54, 828, 666), (-54, 846, 648), (-54, 828, 666), (-54, 828, 666), (-36, 846, 666), (-36, 846, 648), (-36, 846, 648), (-36, 846, 666), (0, 864, 540), (-36, 864, 612), (-54, 828, 720), (-36, 828, 684)]	(9521, 11681, 10055, 10206, 11824, 13219, 5116, 7034, 4794, 7122, 6258, 7484, 4935, 10813, 7479, 7458, 11788, 19823, 15479, 8824, 15770, 13174, 11992, 2112)
n	2689052	(752, 163)	[(0, 846, 648), (-18, 864, 630), (-36, 846, 666), (-36, 846, 648), (0, 846, 648), (0, 846, 648), (-18, 846, 630), (-36, 846, 648), (-36, 846, 648), (18, 864, 630), (18, 864, 612), (-18, 846, 648), (0, 864, 630), (18, 846, 648), (18, 864, 666), (18, 864, 648), (18, 864, 648), (18, 846, 648), (18, 846, 648), (0, 864, 630), (36, 846, 630), (0, 864, 594), (18, 864, 594), (18, 846, 666), (18, 882, 648)]	(9515, 11666, 10059, 10200, 11819, 13125, 5093, 7060, 4785, 7119, 6248, 7535, 4944, 10780, 7485, 7473, 11779, 19815, 15484, 8821, 15781, 13172, 11986, 2102)
e	2689617	(574, 369)	[(18, 864, 594), (18, 846, 666), (18, 882, 648), (18, 846, 630), (0, 828, 666), (0, 864, 630), (0, 846, 648), (0, 828, 630), (0, 864, 612), (0, 846, 630), (-18, 846, 630), (-36, 846, 648), (-18, 864, 648), (0, 846, 648), (0, 846, 648), (-36, 846, 648), (-36, 846, 666), (36, 864, 648), (36, 864, 630), (18, 864, 630), (36, 882, 576), (18, 864, 612), (18, 864, 630), (36, 882, 648), (36, 846, 648)]	(9525, 11674, 10058, 10201, 11818, 13157, 5096, 7066, 4787, 7131, 6257, 7535, 4942, 10787, 7479, 7471, 11775, 19811, 15469, 8817, 15770, 13174, 12005, 2108)
x	2690227	(752, 339)	[(36, 882, 648), (36, 846, 648), (18, 846, 684), (0, 846, 648), (0, 864, 648), (18, 846, 648), (0, 846, 648), (18, 846, 630), (0, 846, 666), (18, 864, 630), (0, 846, 648), (-36, 828, 630), (-54, 828, 684), (-36, 828, 648), (-54, 828, 666), (-54, 828, 666), (-54, 828, 648), (-54, 828, 630), (-54, 828, 666), (-72, 828, 684), (-36, 828, 684), (-36, 846, 594), (-54, 846, 630), (-36, 846, 702), (-36, 828, 648)]	(9535, 11690, 10072, 10209, 11821, 13196, 5100, 7065, 4783, 7136, 6270, 7532, 4941, 10812, 7489, 7471, 11794, 19831, 15482, 8823, 15783, 13177, 12010, 2110)
t	2690771	(593, 266)	[(-36, 828, 684), (-36, 846, 594), (-54, 846, 630), (-36, 846, 702), (-36, 828, 648), (-36, 846, 630), (-54, 828, 648), (-54, 828, 648), (-36, 828, 666), (0, 846, 630), (0, 846, 630), (18, 864, 648), (54, 882, 630), (72, 882, 630), (72, 882, 648), (36, 864, 648), (54, 864, 630), (36, 846, 648), (18, 846, 666), (18, 846, 648), (18, 864, 648), (36, 846, 612), (72, 864, 594), (36, 864, 630), (36, 864, 648)]	(9533, 11689, 10064, 10203, 11835, 13238, 5123, 7095, 4815, 7128, 6257, 7583, 4957, 10856, 7496, 7485, 11803, 19822, 15510, 8822, 15791, 13180, 11994, 2105)
 	2691331	(853, 231)	[(18, 864, 648), (36, 846, 612), (72, 864, 594), (36, 864, 630), (36, 864, 648), (54, 882, 648), (18, 846, 648), (18, 846, 648), (18, 846, 648), (-18, 846, 648), (18, 846, 666), (-36, 846, 684), (-54, 828, 684), (-54, 828, 666), (-36, 828, 630), (-36, 828, 630), (-54, 828, 648), (-54, 828, 648), (-72, 828, 648), (-54, 828, 648), (-36, 828, 648), (-54, 828, 666), (-54, 828, 684), (-54, 846, 594), (0, 864, 558)]	(9532, 11676, 10060, 10207, 11827, 13208, 5099, 7042, 4783, 7128, 6256, 7497, 4957, 10834, 7487, 7483, 11793, 19830, 15501, 8805, 15785, 13184, 11998, 2113)
w	2692045	(591, 412)	[(-36, 846, 666), (-36, 846, 648), (-36, 846, 666), (-18, 846, 648), (0, 846, 648), (-36, 846, 630), (0, 846, 612), (0, 846, 648), (0, 846, 630), (-18, 864, 630), (0, 846, 666), (0, 846, 666), (0, 828, 666), (0, 846, 648), (0, 846, 666), (0, 828, 648), (0, 846, 648), (-36, 846, 648), (-36, 846, 630), (0, 846, 612), (36, 846, 612), (18, 864, 612), (-36, 828, 594), (18, 864, 684), (36, 846, 684)]	(9534, 11670, 10061, 10208, 11830, 13226, 5120, 7045, 4775, 7138, 6266, 7529, 4947, 10839, 7487, 7473, 11789, 19820, 15487, 8822, 15773, 13176, 12002, 2108)
e	2692607	(573, 370)	[(18, 864, 612), (-36, 828, 594), (18, 864, 684), (36, 846, 684), (0, 828, 684), (-36, 828, 666), (0, 846, 666), (-36, 846, 648), (0, 846, 648), (18, 846, 648), (36, 846, 666), (18, 846, 630), (0, 846, 648), (0, 846, 648), (18, 846, 648), (0, 846, 630), (0, 846, 648), (18, 846, 630), (36, 846, 594), (18, 846, 612), (0, 846, 630), (18, 846, 648), (18, 846, 684), (0, 846, 648), (18, 846, 666)]	(9530, 11678, 10052, 10213, 11825, 13240, 5096, 7043, 4794, 7136, 6262, 7516, 4946, 10836, 7497, 7467, 11804, 19816, 15478, 8819, 15767, 13170, 11993, 2113)
e	2693049	(571, 364)	[(0, 846, 648), (18, 846, 630), (36, 846, 594), (18, 846, 612), (0, 846, 630), (18, 846, 648), (18, 846, 684), (0, 846, 648), (18, 846, 666), (0, 828, 666), (18, 846, 684), (36, 846, 666), (18, 828, 666), (0, 828, 666), (0, 828, 648), (18, 846, 630), (36, 864, 648), (0, 846, 648), (18, 846, 666), (36, 846, 612), (54, 846, 576), (-18, 828, 612), (0, 846, 648), (36, 846, 720), (18, 846, 702)]	(9527, 11684, 10063, 10215, 11837, 13269, 5120, 7045, 4805, 7132, 6260, 7538, 4881, 10852, 7490, 7473, 11802, 19817, 15477, 8825, 15776, 13174, 11985, 2108)
k	2693819	(664, 110)	[(-36, 828, 666), (0, 828, 648), (18, 846, 666), (54, 864, 630), (54, 846, 630), (18, 828, 666), (18, 828, 648), (36, 828, 648), (54, 864, 648), (54, 846, 666), (36, 846, 666), (36, 828, 684), (36, 846, 648), (36, 846, 648), (18, 828, 630), (18, 828, 684), (36, 846, 666), (54, 846, 666), (36, 828, 666), (18, 828, 684), (72, 846, 648), (36, 864, 576), (54, 864, 612), (72, 828, 702), (54, 846, 702)]	(9538, 11678, 10065, 10216, 11831, 13281, 5135, 7086, 4818, 7122, 6277, 7561, 4965, 10872, 7491, 7477, 11811, 19826, 15531, 8826, 15793, 13180, 12000, 2112)
 	2694580	(825, 250)	[(36, 846, 666), (18, 828, 666), (18, 846, 648), (36, 846, 648), (18, 846, 630), (18, 846, 666), (0, 846, 648), (0, 828, 648), (0, 828, 666), (-36, 828, 648), (-36, 828, 648), (-54, 810, 684), (-54, 828, 648), (-54, 810, 648), (-72, 828, 648), (-72, 810, 648), (-54, 828, 684), (-54, 810, 666), (-54, 828, 666), (-54, 828, 648), (-36, 828, 684), (18, 864, 594), (0, 864, 522), (-54, 828, 684), (-54, 828, 756)]	(9530, 11680, 10047, 10207, 11831, 13256, 5111, 7024, 4776, 7128, 6246, 7469, 4937, 10820, 7485, 7459, 11778, 19819, 15486, 8820, 15764, 13175, 11996, 2099)
w	2695290	(591, 411)	[(-54, 828, 666), (-36, 846, 630), (-36, 810, 666), (-54, 828, 648), (-36, 828, 648), (-54, 828, 666), (0, 828, 648), (0, 828, 666), (18, 828, 666), (0, 846, 648), (36, 846, 666), (18, 864, 648), (36, 846, 666), (36, 846, 684), (18, 846, 666), (18, 846, 648), (18, 846, 648), (0, 846, 648), (-36, 828, 666), (-36, 828, 684), (0, 828, 558), (36, 828, 630), (-36, 846, 612), (-54, 828, 630), (-18, 846, 720)]	(9529, 11668, 10039, 10207, 11827, 13255, 5103, 7027, 4781, 7141, 6269, 7495, 4905, 10822, 7482, 7457, 11780, 19806, 15475, 8819, 15752, 13171, 11990, 2108)
i	2695952	(576, 138)	[(0, 828, 666), (0, 828, 666), (18, 846, 666), (36, 846, 666), (18, 846, 648), (18, 828, 648), (18, 828, 666), (36, 828, 666), (18, 828, 630), (18, 828, 648), (18, 828, 702), (54, 846, 666), (36, 846, 684), (54, 846, 684), (54, 846, 666), (72, 846, 666), (72, 864, 666), (54, 846, 684), (36, 828, 684), (36, 828, 666), (54, 846, 648), (54, 846, 630), (36, 864, 648), (18, 828, 648), (36, 810, 648)]	(9534, 11677, 10055, 10222, 11840, 13357, 5132, 7054, 4820, 7140, 6280, 7498, 4963, 10908, 7492, 7486, 11795, 19833, 15540, 8819, 15782, 13169, 12005, 2107)
l	2696568	(661, 44)	[(18, 828, 648), (36, 810, 648), (36, 828, 666), (18, 810, 684), (36, 828, 684), (54, 828, 684), (36, 828, 684), (36, 828, 648), (36, 828, 648), (54, 828, 648), (36, 828, 648), (36, 828, 684), (36, 828, 684), (36, 810, 684), (36, 828, 666), (36, 828, 684), (36, 828, 666), (54, 846, 684), (36, 828, 648), (36, 828, 666), (54, 828, 648), (54, 846, 630), (36, 846, 630), (54, 810, 702), (36, 846, 720)]	(9527, 11676, 10044, 10218, 11852, 13377, 5130, 7035, 4819, 7150, 6293, 7476, 4957, 10905, 7500, 7479, 11797, 19832, 15524, 8823, 15764, 13175, 11993, 2114)
l	2696980	(664, 55)	[(36, 828, 666), (36, 828, 684), (36, 828, 666), (54, 846, 684), (36, 828, 648), (36, 828, 666), (54, 828, 648), (54, 846, 630), (36, 846, 630), (54, 810, 702), (36, 846, 720), (36, 810, 666), (36, 810, 684), (36, 810, 684), (36, 828, 684), (36, 828, 684), (36, 828, 666), (54, 828, 666), (36, 828, 648), (54, 828, 684), (54, 828, 666), (36, 846, 630), (36, 828, 666), (54, 810, 738), (36, 828, 720)]	(9532, 11686, 10052, 10219, 11852, 13432, 5149, 7037, 4836, 7156, 6290, 7501, 4967, 10913, 7495, 7482, 11803, 19827, 15522, 8824, 15774, 13173, 12000, 2121)
 	2697644	(846, 254)	[(72, 846, 648), (54, 846, 684), (72, 864, 684), (72, 864, 684), (54, 828, 702), (36, 846, 684), (18, 828, 648), (18, 828, 630), (0, 828, 648), (-18, 810, 666), (-36, 810, 666), (-54, 810, 684), (-54, 810, 666), (-72, 810, 666), (-90, 792, 684), (-54, 810, 666), (-36, 810, 648), (-54, 792, 648), (-54, 810, 666), (-36, 810, 684), (-54, 810, 666), (-54, 828, 684), (-18, 828, 558), (-18, 846, 630), (-36, 828, 720)]	(9534, 11670, 10046, 10205, 11860, 13382, 5123, 6955, 4817, 7151, 6267, 7405, 4936, 10902, 7495, 7453, 11782, 19818, 15486, 8813, 15736, 13177, 12001, 2111)
b	2698190	(770, 206)	[(-54, 810, 666), (-54, 828, 684), (-18, 828, 558), (-18, 846, 630), (-36, 828, 720), (-36, 828, 684), (-72, 810, 684), (-54, 810, 666), (-36, 828, 666), (-54, 810, 684), (-36, 810, 666), (18, 828, 684), (18, 846, 666), (0, 846, 666), (18, 846, 648), (18, 846, 648), (54, 846, 666), (18, 846, 666), (18, 828, 684), (18, 828, 684), (0, 846, 576), (0, 828, 630), (-36, 828, 720), (0, 846, 720), (0, 828, 648)]	(9529, 11670, 10050, 10210, 11854, 13406, 5125, 6988, 4810, 7140, 6280, 7421, 4945, 10908, 7480, 7457, 11790, 19822, 15499, 8811, 15735, 13160, 11992, 2112)
r	2698802	(588, 323)	[(0, 828, 648), (18, 846, 666), (0, 828, 666), (0, 828, 684), (0, 828, 684), (18, 828, 648), (18, 828, 684), (36, 828, 666), (54, 864, 666), (36, 846, 666), (36, 828, 666), (36, 846, 666), (36, 828, 666), (18, 828, 666), (18, 828, 684), (0, 828, 684), (0, 810, 684), (-18, 828, 630), (-36, 828, 648), (18, 846, 594), (36, 828, 612), (18, 846, 666), (0, 828, 684), (36, 828, 720), (54, 828, 684)]	(9539, 11655, 10053, 10211, 11846, 13386, 5126, 6983, 4805, 7145, 6286, 7434, 4942, 10893, 7495, 7463, 11797, 19815, 15488, 8822, 15746, 13170, 11996, 2102)
i	2699464	(580, 113)	[(0, 810, 648), (-36, 810, 666), (-36, 828, 648), (-18, 810, 702), (0, 810, 666), (18, 828, 666), (36, 828, 684), (36, 828, 648), (36, 828, 648), (36, 828, 666), (36, 810, 666), (36, 828, 666), (36, 828, 702), (54, 828, 684), (54, 846, 684), (90, 846, 684), (54, 828, 702), (54, 828, 684), (72, 828, 684), (72, 810, 684), (54, 846, 666), (54, 828, 702), (90, 828, 684), (54, 828, 684), (36, 810, 720)]	(9527, 11627, 10023, 10197, 11838, 13320, 5115, 6952, 4798, 7134, 6276, 7424, 4941, 10889, 7496, 7464, 11795, 19820, 15486, 8820, 15742, 13168, 11998, 2115)
n	2700329	(759, 160)	[(36, 828, 684), (18, 810, 684), (36, 828, 684), (18, 828, 702), (0, 810, 666), (-36, 792, 702), (-18, 810, 684), (-36, 810, 666), (-36, 810, 684), (-54, 810, 684), (-36, 828, 648), (18, 810, 666), (18, 810, 684), (0, 828, 684), (18, 828, 684), (36, 846, 666), (54, 846, 684), (36, 846, 666), (54, 846, 666), (18, 846, 630), (36, 846, 630), (18, 828, 702), (18, 828, 702), (0, 810, 684), (0, 828, 666)]	(9528, 11641, 10032, 10195, 11848, 13354, 5117, 6957, 4800, 7142, 6273, 7423, 4944, 10888, 7493, 7460, 11795, 19818, 15497, 8816, 15734, 13167, 11994, 2111)
g	2700843	(680, 250)	[(36, 846, 666), (54, 846, 666), (18, 846, 630), (36, 846, 630), (18, 828, 702), (18, 828, 702), (0, 810, 684), (0, 828, 666), (18, 828, 684), (0, 828, 666), (0, 828, 648), (18, 828, 666), (18, 846, 666), (0, 828, 702), (18, 828, 666), (18, 828, 666), (0, 810, 684), (18, 828, 684), (0, 828, 666), (36, 828, 648), (18, 828, 612), (0, 828, 684), (18, 828, 684), (54, 828, 702), (18, 828, 648)]	(9532, 11643, 10040, 10208, 11852, 13374, 5120, 6965, 4794, 7136, 6282, 7432, 4947, 10883, 7497, 7463, 11785, 19816, 15505, 8815, 15743, 13168, 11989, 2108)
i	2703053	(600, 127)	[(18, 810, 666), (0, 810, 684), (0, 810, 702), (18, 828, 684), (18, 828, 684), (18, 810, 666), (18, 828, 666), (36, 828, 648), (54, 846, 648), (36, 846, 666), (36, 846, 648), (36, 828, 684), (54, 846, 666), (54, 846, 666), (54, 828, 666), (18, 828, 684), (18, 828, 684), (36, 828, 666), (18, 810, 666), (72, 810, 612), (54, 810, 648), (18, 846, 702), (36, 828, 702), (36, 828, 684), (36, 828, 684)]	(9520, 11648, 10042, 10210, 11855, 13362, 5115, 6991, 4794, 7134, 6280, 7485, 4939, 10875, 7493, 7465, 11791, 19815, 15501, 8811, 15746, 13168, 11997, 2107)
 	2703714	(853, 230)	[(72, 846, 630), (36, 828, 702), (18, 828, 666), (36, 828, 666), (36, 846, 648), (18, 828, 684), (18, 828, 702), (0, 810, 684), (-18, 828, 684), (-36, 828, 666), (-18, 828, 684), (0, 828, 666), (-18, 828, 648), (-54, 828, 648), (-54, 828, 666), (-36, 828, 684), (-36, 828, 666), (-36, 828, 666), (-72, 810, 666), (0, 828, 720), (-36, 846, 558), (-54, 828, 594), (-90, 810, 684), (-54, 828, 720), (-36, 810, 720)]	(9538, 11676, 10063, 10213, 11853, 13388, 5133, 6995, 4800, 7130, 6265, 7478, 4934, 10929, 7497, 7467, 11797, 19826, 15530, 8817, 15765, 13177, 11993, 2108)
w	2704479	(599, 403)	[(18, 846, 666), (18, 846, 648), (0, 846, 648), (0, 846, 666), (18, 846, 666), (18, 846, 648), (0, 846, 648), (18, 846, 648), (18, 828, 648), (18, 828, 648), (-18, 828, 666), (0, 828, 648), (-18, 828, 684), (-18, 828, 702), (-36, 828, 666), (0, 828, 666), (0, 828, 684), (0, 828, 648), (0, 846, 630), (18, 846, 612), (54, 864, 594), (0, 828, 630), (-36, 828, 666), (18, 846, 702), (36, 846, 702)]	(9526, 11616, 10024, 10201, 11834, 13302, 5098, 6952, 4782, 7137, 6271, 7415, 4935, 10866, 7489, 7454, 11786, 19817, 15470, 8810, 15726, 13162, 12002, 2112)
i	2705291	(571, 131)	[(18, 846, 666), (36, 846, 666), (72, 846, 666), (72, 846, 648), (18, 846, 684), (18, 828, 684), (54, 846, 684), (36, 846, 666), (36, 828, 684), (36, 828, 684), (36, 828, 648), (36, 828, 666), (36, 828, 666), (36, 828, 666), (54, 828, 666), (18, 810, 684), (18, 828, 684), (36, 828, 666), (36, 828, 702), (36, 828, 702), (54, 828, 684), (72, 828, 666), (36, 828, 666), (54, 828, 666), (36, 828, 684)]	(9535, 11657, 10044, 10212, 11852, 13377, 5125, 7004, 4810, 7137, 6276, 7493, 4959, 10919, 7500, 7484, 11799, 19826, 15529, 8818, 15754, 13174, 12000, 2109)
l	2705854	(667, 52)	[(72, 828, 666), (36, 828, 666), (54, 828, 666), (36, 828, 684), (18, 810, 666), (18, 810, 684), (0, 828, 684), (18, 828, 684), (36, 828, 666), (36, 828, 666), (36, 828, 666), (36, 828, 684), (36, 828, 684), (36, 828, 684), (36, 828, 666), (54, 828, 666), (36, 828, 666), (36, 828, 684), (36, 828, 666), (36, 828, 684), (36, 810, 684), (36, 828, 648), (36, 828, 648), (54, 828, 666), (54, 828, 684)]	(9521, 11650, 10028, 10206, 11846, 13366, 5122, 6981, 4793, 7139, 6274, 7466, 4945, 10920, 7497, 7474, 11790, 19822, 15532, 8824, 15754, 13171, 12000, 2111)
l	2706368	(670, 55)	[(36, 810, 684), (36, 828, 648), (36, 828, 648), (54, 828, 666), (54, 828, 684), (36, 810, 684), (36, 828, 684), (18, 810, 684), (18, 828, 666), (54, 846, 666), (54, 828, 666), (36, 828, 666), (36, 828, 666), (18, 810, 702), (54, 828, 666), (54, 828, 666), (36, 828, 666), (18, 810, 666), (18, 828, 666), (72, 828, 666), (54, 846, 666), (18, 828, 684), (54, 828, 702), (54, 828, 702), (72, 846, 666)]	(9533, 11641, 10026, 10202, 11843, 13357, 5110, 6986, 4802, 7140, 6272, 7463, 4950, 10881, 7489, 7462, 11790, 19816, 15493, 8813, 15732, 13164, 11994, 2109)
 	2706961	(853, 210)	[(54, 828, 702), (72, 846, 666), (54, 846, 684), (54, 828, 684), (36, 828, 684), (36, 828, 684), (18, 828, 648), (18, 828, 648), (0, 828, 630), (0, 828, 666), (0, 828, 630), (-36, 828, 648), (0, 810, 666), (-54, 810, 666), (-54, 810, 666), (-54, 810, 666), (-54, 810, 684), (-54, 828, 684), (-54, 810, 684), (-54, 810, 666), (-36, 810, 666), (-54, 828, 540), (-54, 828, 612), (-36, 846, 702), (0, 846, 666)]	(9537, 11639, 10046, 10211, 11846, 13360, 5109, 6953, 4800, 7134, 6270, 7424, 4949, 10923, 7496, 7462, 11785, 19827, 15505, 8820, 15741, 13165, 11998, 2109)
c	2707537	(763, 290)	[(-54, 828, 540), (-54, 828, 612), (-36, 846, 702), (0, 846, 666), (0, 828, 666), (18, 846, 684), (18, 846, 684), (-18, 828, 666), (0, 828, 666), (0, 828, 666), (0, 846, 666), (-36, 846, 648), (-36, 846, 648), (18, 828, 630), (0, 846, 630), (0, 828, 666), (-18, 828, 666), (-18, 846, 666), (0, 828, 684), (0, 828, 666), (18, 846, 630), (0, 828, 594), (0, 846, 684), (18, 846, 720), (18, 846, 666)]	(9528, 11636, 10041, 10206, 11850, 13385, 5101, 6963, 4804, 7137, 6277, 7432, 4944, 10911, 7497, 7453, 11789, 19823, 15497, 8812, 15735, 13167, 11996, 2107)
a	2708148	(664, 473)	[(18, 846, 720), (18, 846, 666), (0, 828, 666), (18, 846, 630), (-36, 828, 666), (-36, 828, 666), (0, 846, 648), (0, 828, 666), (0, 846, 666), (0, 828, 648), (0, 828, 648), (0, 846, 630), (0, 828, 648), (-18, 828, 648), (-36, 846, 666), (-36, 846, 630), (-36, 828, 684), (-36, 828, 684), (0, 828, 666), (0, 846, 630), (18, 828, 630), (-36, 828, 630), (-36, 846, 684), (18, 846, 702), (-36, 828, 648)]	(9531, 11641, 10035, 10205, 11843, 13362, 5114, 6951, 4803, 7132, 6270, 7437, 4937, 10896, 7495, 7457, 11792, 19818, 15472, 8810, 15729, 13154, 11990, 2109)
l	2708811	(670, 35)	[(-72, 810, 666), (-90, 792, 630), (-72, 792, 720), (-36, 828, 648), (18, 828, 630), (18, 846, 630), (54, 846, 666), (72, 846, 702), (90, 864, 684), (72, 846, 684), (72, 846, 702), (72, 846, 720), (72, 846, 702), (54, 846, 684), (54, 828, 684), (72, 846, 666), (72, 846, 648), (36, 828, 684), (36, 810, 684), (36, 828, 666), (72, 846, 666), (90, 828, 666), (36, 846, 648), (72, 828, 684), (54, 828, 720)]	(9530, 11623, 9985, 10192, 11843, 13337, 5117, 6955, 4807, 7129, 6288, 7446, 4925, 10878, 7497, 7473, 11801, 19815, 15478, 8813, 15730, 13157, 11992, 2112)
l	2709202	(655, 48)	[(54, 846, 684), (54, 828, 684), (72, 846, 666), (72, 846, 648), (36, 828, 684), (36, 810, 684), (36, 828, 666), (72, 846, 666), (90, 828, 666), (36, 846, 648), (72, 828, 684), (54, 828, 720), (54, 828, 684), (36, 810, 666), (36, 810, 684), (18, 792, 684), (18, 828, 702), (54, 828, 666), (54, 828, 666), (54, 828, 666), (54, 828, 648), (72, 846, 630), (90, 846, 666), (54, 828, 630), (54, 846, 702)]	(9520, 11652, 10023, 10215, 11843, 13410, 5133, 7000, 4826, 7166, 6290, 7456, 4946, 10934, 7504, 7485, 11799, 19825, 15518, 8820, 15753, 13170, 11993, 2113)
 	2709864	(852, 231)	[(72, 846, 684), (54, 828, 684), (54, 828, 684), (54, 828, 684), (18, 828, 684), (36, 828, 702), (36, 828, 648), (18, 828, 666), (18, 828, 648), (0, 810, 666), (18, 828, 684), (18, 828, 684), (0, 828, 684), (-36, 810, 648), (-36, 828, 666), (-54, 810, 666), (-54, 792, 648), (-72, 774, 666), (-90, 792, 684), (-90, 792, 666), (-54, 810, 648), (-72, 810, 666), (-36, 828, 594), (-72, 810, 666), (-54, 810, 720)]	(9523, 11616, 10008, 10197, 11843, 13340, 5110, 6937, 4801, 7127, 6265, 7405, 4894, 10890, 7499, 7458, 11799, 19820, 15462, 8814, 15715, 13160, 11999, 2111)
y	2710476	(588, 217)	[(-72, 810, 666), (-54, 810, 720), (0, 828, 648), (-36, 810, 684), (-36, 810, 684), (-36, 810, 684), (18, 828, 666), (0, 828, 684), (18, 828, 666), (18, 828, 666), (36, 828, 666), (54, 846, 666), (54, 864, 648), (54, 846, 666), (54, 846, 648), (54, 846, 648), (36, 846, 666), (36, 846, 684), (54, 846, 666), (36, 846, 720), (36, 828, 684), (54, 828, 594), (54, 846, 612), (36, 828, 684), (18, 828, 684)]	(9539, 11644, 10042, 10206, 11854, 13407, 5125, 6983, 4808, 7150, 6300, 7467, 4947, 10920, 7491, 7462, 11800, 19822, 15502, 8822, 15739, 13165, 11992, 2110)
o	2711712	(598, 72)	[(18, 810, 684), (36, 828, 684), (36, 828, 666), (36, 828, 684), (36, 828, 666), (36, 828, 648), (18, 810, 648), (18, 810, 666), (18, 828, 648), (0, 810, 666), (18, 810, 684), (18, 828, 684), (36, 810, 684), (0, 810, 684), (18, 828, 666), (72, 846, 666), (72, 846, 666), (54, 828, 666), (54, 828, 648), (90, 846, 666), (90, 846, 648), (90, 846, 666), (54, 846, 684), (72, 828, 702), (72, 828, 702)]	(9532, 11639, 10022, 10210, 11853, 13419, 5131, 6992, 4829, 7145, 6290, 7483, 4949, 10939, 7499, 7479, 11792, 19828, 15523, 8816, 15752, 13172, 11996, 2114)
u	2712221	(578, 168)	[(90, 846, 666), (90, 846, 648), (90, 846, 666), (54, 846, 684), (72, 828, 702), (72, 828, 702), (54, 828, 684), (36, 810, 684), (18, 810, 666), (18, 810, 648), (18, 810, 666), (18, 810, 666), (18, 810, 684), (18, 810, 684), (36, 810, 702), (36, 828, 666), (36, 828, 684), (54, 846, 666), (54, 846, 666), (72, 846, 648), (72, 846, 630), (36, 846, 666), (54, 828, 684), (18, 828, 720), (36, 828, 702)]	(9532, 11637, 10029, 10206, 11851, 13402, 5127, 6987, 4808, 7140, 6290, 7467, 4948, 10912, 7500, 7465, 11796, 19817, 15502, 8812, 15738, 13161, 11992, 2101)
 	2712864	(853, 211)	[(54, 828, 648), (36, 828, 666), (36, 828, 630), (36, 846, 666), (18, 828, 684), (18, 828, 702), (18, 846, 666), (36, 828, 666), (18, 828, 666), (18, 828, 666), (18, 828, 666), (-18, 828, 666), (18, 828, 666), (0, 828, 684), (-18, 828, 666), (0, 828, 684), (18, 828, 666), (0, 846, 648), (0, 810, 648), (-36, 828, 630), (-18, 828, 648), (-36, 828, 648), (-36, 828, 648), (-54, 810, 702), (-72, 810, 720)]	(9530, 11635, 10030, 10197, 11845, 13364, 5108, 6966, 4811, 7128, 6271, 7435, 4944, 10894, 7492, 7463, 11782, 19823, 15490, 8810, 15736, 13161, 11992, 2105)
m	2713744	(741, 128)	[(18, 828, 648), (18, 846, 630), (0, 828, 666), (-36, 810, 666), (-36, 828, 684), (18, 828, 684), (18, 846, 666), (0, 828, 666), (-18, 828, 648), (-36, 810, 666), (18, 846, 666), (0, 828, 648), (-36, 828, 666), (0, 828, 666), (36, 828, 684), (36, 828, 666), (36, 846, 666), (36, 828, 666), (36, 846, 666), (18, 810, 648), (54, 828, 684), (0, 864, 630), (18, 828, 648), (18, 828, 720), (0, 810, 684)]	(9530, 11615, 10015, 10193, 11839, 13318, 5103, 6970, 4798, 7135, 6281, 7439, 4952, 10876, 7487, 7455, 11788, 19817, 15481, 8794, 15732, 13153, 11987, 2111)
o	2714288	(580, 96)	[(54, 828, 684), (0, 864, 630), (18, 828, 648), (18, 828, 720), (0, 810, 684), (-36, 810, 666), (54, 846, 666), (72, 846, 666), (72, 846, 666), (72, 846, 666), (54, 828, 666), (54, 846, 684), (72, 828, 684), (36, 828, 684), (36, 828, 684), (36, 828, 702), (54, 828, 648), (54, 828, 666), (54, 828, 648), (72, 828, 612), (54, 846, 612), (54, 846, 648), (54, 828, 702), (72, 846, 702), (72, 846, 684)]	(9530, 11645, 10031, 10209, 11847, 13399, 5120, 6997, 4809, 7150, 6296, 7494, 4950, 10923, 7498, 7469, 11798, 19820, 15497, 8815, 15745, 13166, 11996, 2111)
n	2714949	(759, 188)	[(18, 828, 666), (18, 810, 684), (0, 828, 684), (18, 810, 684), (18, 828, 648), (-36, 792, 666), (-54, 810, 666), (-36, 810, 684), (0, 810, 666), (0, 810, 630), (0, 810, 666), (0, 828, 666), (18, 846, 648), (18, 828, 666), (0, 828, 684), (0, 810, 666), (18, 828, 684), (18, 846, 684), (18, 846, 648), (-36, 828, 594), (18, 828, 594), (-36, 828, 666), (18, 846, 666), (18, 828, 684), (-36, 828, 666)]	(9521, 11617, 10020, 10193, 11843, 13327, 5095, 6962, 4790, 7126, 6271, 7429, 4945, 10868, 7495, 7461, 11786, 19811, 15471, 8815, 15731, 13148, 11990, 2111)
d	2715931	(680, 333)	[(18, 828, 684), (0, 828, 666), (0, 846, 666), (0, 828, 648), (-36, 828, 666), (-36, 828, 666), (-36, 828, 648), (-54, 828, 648), (-54, 810, 648), (-36, 810, 648), (-36, 828, 648), (-36, 828, 666), (-18, 828, 648), (18, 846, 666), (18, 864, 648), (18, 846, 648), (18, 846, 684), (18, 846, 666), (18, 846, 684), (0, 846, 684), (36, 864, 576), (0, 846, 612), (-18, 846, 684), (18, 846, 720), (0, 846, 702)]	(9540, 11641, 10036, 10207, 11857, 13401, 5128, 6986, 4819, 7156, 6286, 7468, 4947, 10910, 7491, 7466, 11798, 19820, 15484, 8812, 15738, 13163, 11990, 2106)
a	2716494	(674, 477)	[(0, 846, 612), (-18, 846, 684), (18, 846, 720), (0, 846, 702), (0, 846, 612), (0, 846, 666), (-18, 846, 666), (0, 846, 666), (-36, 828, 666), (-18, 846, 666), (0, 828, 666), (0, 846, 648), (18, 846, 630), (18, 846, 630), (0, 846, 648), (0, 846, 666), (0, 846, 648), (0, 846, 648), (0, 828, 648), (-18, 828, 666), (-36, 828, 666), (0, 810, 630), (-54, 828, 648), (-72, 810, 684), (-36, 828, 666)]	(9530, 11635, 10022, 10205, 11850, 13358, 5102, 6966, 4801, 7138, 6283, 7449, 4939, 10895, 7494, 7457, 11790, 19814, 15475, 8810, 15731, 13161, 12003, 2107)
y	2717139	(580, 223)	[(-54, 810, 612), (0, 828, 648), (0, 846, 666), (36, 864, 702), (36, 828, 666), (0, 828, 666), (18, 846, 684), (36, 846, 666), (36, 846, 666), (18, 828, 684), (36, 846, 666), (54, 846, 648), (72, 846, 648), (18, 828, 666), (18, 828, 666), (36, 828, 648), (36, 828, 684), (36, 828, 684), (54, 846, 684), (72, 864, 630), (54, 864, 630), (36, 828, 684), (72, 846, 684), (72, 864, 666), (54, 846, 666)]	(9526, 11607, 10011, 10196, 11842, 13323, 5103, 6961, 4799, 7137, 6267, 7445, 4930, 10894, 7492, 7452, 11793, 19813, 15472, 8810, 15732, 13165, 11990, 2117)
 	2718615	(819, 226)	[(90, 864, 666), (72, 846, 666), (54, 864, 666), (54, 846, 666), (54, 846, 684), (54, 864, 666), (54, 864, 648), (54, 846, 666), (54, 864, 630), (18, 828, 630), (18, 828, 612), (18, 828, 666), (18, 828, 702), (0, 828, 684), (0, 828, 666), (0, 828, 666), (-36, 810, 666), (0, 828, 684), (18, 828, 648), (-36, 828, 648), (0, 810, 648), (0, 846, 612), (-36, 810, 522), (-54, 810, 666), (-18, 828, 774)]	(9526, 11654, 10040, 10212, 11850, 13361, 5125, 7001, 4818, 7135, 6276, 7482, 4954, 10925, 7500, 7474, 11805, 19828, 15511, 8798, 15750, 13164, 11989, 2108)
m	2719277	(591, 264)	[(0, 828, 630), (18, 828, 630), (18, 810, 666), (0, 828, 702), (36, 846, 666), (54, 846, 648), (36, 846, 666), (18, 828, 666), (18, 828, 666), (0, 828, 666), (18, 828, 648), (0, 828, 648), (0, 828, 684), (18, 828, 666), (72, 864, 648), (90, 864, 648), (54, 846, 648), (36, 846, 666), (72, 846, 648), (72, 846, 648), (36, 846, 666), (36, 828, 648), (18, 828, 666), (18, 828, 666), (18, 828, 666)]	(9532, 11604, 10013, 10195, 11833, 13300, 5109, 6964, 4803, 7136, 6274, 7462, 4935, 10874, 7491, 7459, 11792, 19816, 15478, 8806, 15732, 13157, 11985, 2100)
o	2722128	(603, 94)	[(36, 828, 666), (18, 828, 648), (18, 828, 648), (54, 828, 648), (36, 846, 648), (18, 828, 648), (36, 828, 684), (18, 828, 648), (18, 810, 648), (36, 846, 666), (18, 828, 684), (36, 828, 666), (18, 810, 666), (18, 810, 666), (18, 828, 666), (54, 846, 630), (36, 828, 666), (36, 828, 702), (54, 846, 666), (54, 846, 666), (36, 828, 648), (54, 846, 630), (54, 846, 630), (72, 864, 666), (72, 846, 666)]	(9535, 11641, 10047, 10219, 11850, 13421, 5138, 7038, 4841, 7155, 6293, 7508, 4955, 10951, 7503, 7482, 11806, 19825, 15529, 8810, 15755, 13163, 11994, 2104)
r	2723141	(594, 312)	[(0, 828, 648), (18, 846, 648), (0, 846, 648), (18, 828, 648), (36, 846, 648), (18, 828, 666), (0, 846, 648), (18, 846, 666), (18, 846, 648), (18, 846, 630), (18, 846, 666), (36, 846, 630), (18, 846, 648), (-18, 828, 666), (0, 828, 684), (18, 828, 666), (18, 846, 648), (18, 846, 630), (18, 846, 648), (36, 846, 648), (36, 846, 630), (18, 864, 630), (36, 846, 666), (18, 846, 702), (18, 846, 684)]	(9532, 11623, 10037, 10213, 11846, 13391, 5123, 6992, 4820, 7137, 6296, 7492, 4958, 10922, 7497, 7478, 11810, 19821, 15494, 8820, 15743, 13157, 11992, 2113)
n	2723803	(760, 164)	[(36, 846, 648), (18, 846, 648), (18, 864, 666), (0, 828, 648), (0, 828, 648), (18, 828, 648), (18, 828, 648), (18, 846, 666), (18, 846, 648), (18, 846, 666), (36, 846, 648), (18, 828, 648), (18, 846, 684), (0, 846, 648), (18, 828, 630), (18, 846, 648), (18, 828, 666), (18, 846, 666), (0, 828, 648), (18, 846, 648), (0, 846, 648), (18, 828, 558), (-36, 828, 702), (-36, 828, 702), (0, 828, 684)]	(9537, 11641, 10045, 10202, 11845, 13385, 5112, 7002, 4827, 7156, 6292, 7495, 4954, 10929, 7499, 7481, 11815, 19824, 15504, 8816, 15751, 13170, 11995, 2112)
i	2724314	(587, 146)	[(0, 846, 648), (18, 828, 558), (-36, 828, 702), (-36, 828, 702), (0, 828, 684), (0, 846, 666), (18, 846, 630), (36, 846, 666), (54, 846, 684), (54, 828, 684), (36, 846, 648), (18, 828, 666), (36, 828, 666), (36, 828, 648), (18, 828, 648), (36, 828, 648), (36, 846, 648), (54, 864, 666), (54, 846, 666), (36, 828, 648), (54, 846, 648), (90, 864, 648), (90, 846, 666), (72, 846, 684), (72, 846, 684)]	(9536, 11637, 10045, 10219, 11841, 13387, 5118, 7018, 4825, 7133, 6292, 7501, 4960, 10947, 7494, 7495, 11804, 19822, 15515, 8816, 15756, 13161, 12000, 2109)
n	2725277	(759, 163)	[(18, 846, 612), (18, 828, 630), (-36, 810, 666), (-36, 810, 666), (0, 828, 648), (-18, 828, 648), (-36, 846, 666), (18, 846, 666), (18, 846, 648), (18, 846, 630), (18, 846, 648), (18, 846, 666), (18, 846, 648), (18, 846, 648), (18, 828, 666), (0, 846, 648), (18, 846, 630), (0, 846, 648), (0, 846, 648), (0, 828, 630), (36, 846, 648), (36, 864, 558), (18, 846, 630), (18, 846, 720), (0, 828, 702)]	(9532, 11610, 10023, 10185, 11838, 13324, 5101, 6979, 4809, 7136, 6258, 7490, 4921, 10881, 7494, 7471, 11794, 19810, 15477, 8804, 15745, 13155, 11987, 2112)
g	2725790	(672, 255)	[(0, 828, 630), (36, 846, 648), (36, 864, 558), (18, 846, 630), (18, 846, 720), (0, 828, 702), (36, 828, 648), (0, 846, 648), (0, 828, 648), (0, 846, 648), (0, 846, 630), (0, 846, 648), (0, 828, 666), (18, 846, 666), (18, 846, 648), (18, 846, 648), (18, 828, 666), (18, 846, 666), (18, 846, 666), (18, 846, 648), (36, 864, 594), (36, 846, 594), (18, 846, 684), (36, 846, 702), (18, 846, 630)]	(9521, 11594, 10010, 10197, 11836, 13282, 5090, 6956, 4766, 7139, 6268, 7462, 4941, 10873, 7494, 7472, 11788, 19811, 15464, 8814, 15736, 13154, 11990, 2111)
 	2727126	(808, 244)	[(-36, 846, 648), (18, 846, 648), (0, 846, 666), (0, 846, 648), (18, 864, 648), (0, 846, 666), (0, 846, 666), (0, 846, 648), (0, 846, 666), (18, 846, 648), (-18, 882, 648), (-36, 828, 666), (0, 828, 648), (-36, 828, 630), (-18, 846, 648), (0, 846, 630), (0, 846, 648), (0, 846, 630), (0, 846, 648), (18, 846, 576), (0, 846, 630), (-36, 846, 702), (-18, 846, 720), (-36, 828, 648), (-18, 846, 648)]	(9531, 11602, 10014, 10187, 11835, 13268, 5092, 6953, 4788, 7112, 6264, 7433, 4928, 10864, 7486, 7453, 11793, 19812, 15454, 8807, 15729, 13154, 11984, 2105)
t	2728310	(608, 270)	[(18, 846, 666), (36, 846, 648), (36, 864, 630), (36, 864, 648), (18, 846, 648), (0, 846, 630), (18, 846, 648), (18, 846, 648), (0, 846, 666), (0, 846, 630), (0, 828, 666), (18, 846, 666), (0, 846, 630), (-18, 828, 684), (18, 846, 666), (36, 846, 648), (36, 846, 630), (18, 846, 648), (36, 864, 630), (72, 882, 594), (54, 864, 612), (18, 846, 648), (18, 846, 684), (18, 828, 666), (18, 846, 630)]	(9535, 11633, 10042, 10202, 11828, 13282, 5100, 7043, 4793, 7140, 6268, 7567, 4949, 10890, 7489, 7488, 11804, 19821, 15507, 8805, 15756, 13166, 11982, 2113)
o	2728972	(575, 84)	[(0, 828, 666), (36, 846, 666), (18, 846, 612), (36, 846, 630), (54, 846, 666), (36, 846, 648), (36, 846, 630), (36, 846, 666), (36, 846, 648), (18, 828, 666), (0, 828, 666), (0, 828, 648), (18, 828, 648), (0, 810, 648), (-18, 828, 648), (18, 828, 648), (18, 828, 648), (54, 846, 666), (72, 864, 666), (90, 864, 630), (72, 864, 648), (90, 882, 648), (108, 882, 666), (90, 864, 666), (54, 846, 720)]	(9527, 11578, 10006, 10188, 11825, 13214, 5082, 6998, 4792, 7123, 6276, 7512, 4936, 10854, 7488, 7481, 11790, 19805, 15470, 8813, 15745, 13152, 11997, 2112)
 	2729636	(824, 249)	[(72, 864, 630), (36, 846, 666), (18, 846, 648), (36, 828, 648), (36, 846, 666), (36, 846, 630), (36, 828, 648), (18, 828, 666), (36, 846, 666), (18, 846, 666), (18, 846, 666), (-36, 792, 666), (-18, 828, 666), (-36, 846, 648), (-36, 810, 648), (-72, 810, 666), (-54, 810, 666), (-90, 810, 648), (-90, 792, 648), (-90, 810, 648), (-90, 792, 648), (-54, 828, 648), (-54, 828, 576), (-36, 846, 648), (0, 846, 702)]	(9527, 11639, 10042, 10207, 11840, 13319, 5094, 7017, 4802, 7135, 6278, 7508, 4955, 10885, 7490, 7477, 11791, 19824, 15488, 8810, 15748, 13165, 11995, 2113)
d	2730232	(670, 354)	[(-54, 828, 576), (-36, 846, 648), (0, 846, 702), (36, 864, 648), (0, 846, 684), (0, 828, 666), (-36, 828, 666), (-54, 846, 666), (-36, 828, 666), (0, 846, 648), (18, 846, 630), (-36, 846, 630), (-36, 828, 666), (18, 846, 648), (18, 846, 648), (18, 846, 648), (-36, 846, 666), (0, 846, 648), (18, 846, 648), (18, 846, 612), (0, 828, 648), (-36, 846, 630), (0, 846, 666), (18, 828, 684), (-18, 828, 630)]	(9527, 11591, 10013, 10186, 11824, 13221, 5083, 6988, 4777, 7124, 6265, 7505, 4939, 10839, 7482, 7469, 11790, 19806, 15461, 8813, 15734, 13150, 11982, 2100)
i	2730995	(602, 136)	[(36, 846, 648), (18, 846, 630), (36, 846, 648), (18, 846, 648), (18, 828, 630), (18, 846, 666), (36, 846, 648), (54, 846, 612), (54, 846, 612), (54, 846, 648), (72, 864, 630), (54, 864, 648), (54, 846, 684), (72, 846, 666), (72, 846, 666), (36, 846, 666), (36, 846, 612), (36, 828, 666), (36, 846, 648), (18, 846, 666), (54, 828, 594), (36, 846, 594), (36, 846, 630), (36, 828, 666), (54, 864, 684)]	(9530, 11633, 10035, 10207, 11841, 13346, 5120, 7039, 4803, 7131, 6275, 7555, 4956, 10895, 7496, 7480, 11804, 19815, 15507, 8814, 15757, 13164, 11995, 2100)
s	2731926	(652, 398)	[(0, 846, 630), (18, 846, 630), (18, 828, 630), (-36, 846, 612), (-36, 828, 648), (-18, 828, 648), (0, 828, 630), (0, 846, 630), (-36, 828, 648), (-36, 828, 666), (-36, 828, 702), (-36, 828, 666), (0, 828, 648), (-36, 828, 666), (-36, 828, 666), (0, 846, 666), (18, 846, 648), (18, 846, 666), (18, 846, 648), (0, 846, 594), (36, 846, 612), (0, 846, 630), (0, 864, 684), (18, 846, 684), (18, 846, 648)]	(9527, 11587, 10006, 10194, 11833, 13283, 5087, 6980, 4795, 7133, 6276, 7483, 4898, 10858, 7480, 7471, 11791, 19811, 15464, 8807, 15730, 13147, 11996, 2103)
c	2732489	(749, 315)	[(0, 846, 630), (0, 864, 684), (18, 846, 684), (18, 846, 648), (-18, 828, 648), (0, 846, 666), (0, 828, 666), (0, 828, 666), (0, 846, 648), (0, 846, 630), (0, 846, 666), (18, 846, 648), (-36, 846, 648), (0, 846, 648), (0, 846, 630), (0, 828, 630), (0, 828, 648), (-18, 846, 648), (-36, 828, 648), (0, 846, 666), (0, 828, 666), (0, 828, 648), (0, 846, 594), (0, 846, 666), (0, 846, 720)]	(9536, 11618, 10031, 10202, 11832, 13310, 5097, 6990, 4785, 7134, 6269, 7512, 4942, 10876, 7490, 7460, 11789, 19817, 15464, 8809, 15743, 13165, 11989, 2110)
u	2733208	(594, 189)	[(-18, 846, 648), (0, 828, 684), (18, 846, 648), (18, 846, 630), (36, 864, 630), (54, 864, 648), (54, 846, 666), (54, 864, 648), (54, 864, 648), (54, 846, 648), (36, 846, 648), (0, 828, 666), (0, 828, 666), (18, 828, 666), (36, 846, 630), (18, 828, 666), (18, 828, 684), (36, 846, 666), (72, 864, 612), (72, 864, 612), (72, 846, 630), (72, 864, 648), (72, 846, 702), (72, 846, 702), (36, 846, 648)]	(9535, 11614, 10033, 10212, 11841, 13347, 5100, 7018, 4815, 7136, 6300, 7535, 4944, 10895, 7480, 7473, 11795, 19815, 15493, 8817, 15745, 13161, 11989, 2117)
s	2734934	(666, 385)	[(0, 846, 666), (0, 846, 648), (18, 846, 648), (18, 846, 648), (0, 846, 648), (36, 882, 612), (18, 846, 558), (-36, 846, 648), (0, 846, 702), (18, 846, 648), (-36, 846, 648), (0, 828, 648), (0, 846, 612), (-18, 846, 630), (0, 846, 630), (0, 846, 648), (-36, 828, 684), (0, 846, 648), (0, 846, 648), (0, 846, 648), (0, 846, 648), (18, 846, 648), (18, 864, 648), (0, 864, 666), (18, 846, 666)]	(9510, 11571, 9989, 10171, 11816, 13193, 5068, 6973, 4770, 7118, 6254, 7483, 4933, 10843, 7490, 7469, 11780, 19805, 15457, 8810, 15731, 13151, 11986, 2116)
s	2735129	(664, 389)	[(0, 846, 648), (36, 882, 612), (18, 846, 558), (-36, 846, 648), (0, 846, 702), (18, 846, 648), (-36, 846, 648), (0, 828, 648), (0, 846, 612), (-18, 846, 630), (0, 846, 630), (0, 846, 648), (-36, 828, 684), (0, 846, 648), (0, 846, 648), (0, 846, 648), (0, 846, 648), (18, 846, 648), (18, 864, 648), (0, 864, 666), (18, 846, 666), (-36, 846, 648), (-36, 846, 594), (-18, 846, 648), (0, 828, 648)]	(9523, 11576, 10000, 10182, 11813, 13183, 5066, 6974, 4773, 7116, 6256, 7465, 4935, 10820, 7483, 7459, 11779, 19805, 15454, 8807, 15728, 13151, 11992, 2116)
