Please hold the phone in your left hand and type with your left thumb
t	1990834	(583, 260)	[(54, 720, 774), (72, 702, 792), (126, 702, 774), (90, 702, 774), (108, 702, 792), (144, 666, 792), (144, 684, 792), (126, 702, 810), (126, 702, 792), (108, 684, 756), (108, 702, 774), (90, 720, 792), (108, 720, 738), (108, 720, 738), (108, 720, 738), (144, 702, 792), (126, 684, 792), (162, 702, 738), (126, 702, 774), (90, 720, 792), (54, 738, 810), (54, 738, 828), (108, 684, 792), (198, 702, 648), (90, 738, 648)]	(9420, 11262, 9689, 10596, 11601, 10209, 9094, 8254, 5365, 7065, 7495, 7581, 4867, 6260, 7272, 10260, 11331, 19985, 16408, 9268, 17402, 14035, 12039, 2091)
h	1991180	(632, 208)	[(90, 720, 792), (108, 720, 738), (108, 720, 738), (108, 720, 738), (144, 702, 792), (126, 684, 792), (162, 702, 738), (126, 702, 774), (90, 720, 792), (54, 738, 810), (54, 738, 828), (108, 684, 792), (198, 702, 648), (90, 738, 648), (162, 702, 810), (72, 774, 738), (90, 738, 720), (108, 720, 684), (108, 720, 684), (90, 738, 702), (54, 756, 720), (72, 756, 792), (108, 738, 756), (198, 702, 684), (216, 684, 648)]	(9416, 11229, 9670, 10563, 11577, 10174, 8755, 8057, 5229, 7059, 7298, 7391, 4859, 6254, 7260, 10241, 11333, 19984, 16374, 9274, 17378, 14039, 12038, 2091)
a	1991537	(668, 436)	[(198, 702, 648), (90, 738, 648), (162, 702, 810), (72, 774, 738), (90, 738, 720), (108, 720, 684), (108, 720, 684), (90, 738, 702), (54, 756, 720), (72, 756, 792), (108, 738, 756), (198, 702, 684), (216, 684, 648), (72, 702, 828), (0, 756, 756), (36, 792, 738), (-18, 774, 720), (18, 756, 738), (36, 738, 756), (54, 738, 810), (108, 720, 792), (144, 666, 792), (90, 702, 756), (36, 756, 738), (36, 774, 774)]	(9418, 11211, 9646, 10587, 11559, 10167, 8482, 7914, 5199, 7041, 7306, 7130, 4907, 6295, 7287, 12115, 11310, 19918, 15640, 9255, 17155, 13977, 12016, 2093)
n	1992029	(716, 167)	[(36, 738, 756), (54, 738, 810), (108, 720, 792), (144, 666, 792), (90, 702, 756), (36, 756, 738), (36, 774, 774), (54, 774, 666), (36, 774, 684), (54, 774, 738), (72, 774, 756), (90, 756, 738), (126, 738, 738), (126, 720, 720), (126, 738, 702), (90, 756, 720), (54, 828, 738), (90, 774, 810), (90, 738, 774), (126, 720, 720), (108, 774, 720), (90, 756, 720), (162, 720, 702), (108, 738, 702), (36, 792, 702)]	(9400, 11152, 9618, 10596, 11549, 10084, 8282, 7915, 5202, 7030, 7001, 7302, 4912, 6267, 7268, 10420, 11333, 19985, 15941, 9285, 17331, 14130, 12028, 2077)
k	1992320	(649, 121)	[(54, 774, 738), (72, 774, 756), (90, 756, 738), (126, 738, 738), (126, 720, 720), (126, 738, 702), (90, 756, 720), (54, 828, 738), (90, 774, 810), (90, 738, 774), (126, 720, 720), (108, 774, 720), (90, 756, 720), (162, 720, 702), (108, 738, 702), (36, 792, 702), (162, 756, 702), (126, 756, 774), (108, 756, 756), (126, 774, 702), (90, 774, 720), (108, 774, 738), (144, 756, 684), (162, 738, 648), (198, 756, 576)]	(9421, 11216, 9692, 10727, 11590, 10173, 8612, 8267, 5431, 7064, 7208, 7632, 4923, 6267, 7260, 10258, 11341, 20001, 16343, 9307, 17390, 14159, 12045, 2088)
s	1992629	(654, 350)	[(90, 738, 774), (126, 720, 720), (108, 774, 720), (90, 756, 720), (162, 720, 702), (108, 738, 702), (36, 792, 702), (162, 756, 702), (126, 756, 774), (108, 756, 756), (126, 774, 702), (90, 774, 720), (108, 774, 738), (144, 756, 684), (162, 738, 648), (198, 756, 576), (36, 756, 846), (90, 738, 738), (90, 828, 702), (18, 774, 756), (54, 756, 828), (108, 738, 756), (180, 720, 738), (180, 684, 630), (126, 756, 630)]	(9414, 11196, 9673, 10619, 11573, 10142, 8561, 7966, 5303, 7060, 7329, 7263, 4945, 6275, 7290, 11309, 11321, 19958, 15915, 9261, 17247, 14053, 12029, 2093)
 	1993813	(813, 237)	[(72, 774, 702), (54, 774, 702), (72, 774, 684), (72, 774, 702), (54, 792, 738), (36, 774, 738), (72, 774, 702), (90, 756, 684), (72, 756, 720), (54, 774, 738), (72, 774, 738), (72, 756, 720), (72, 774, 720), (54, 774, 720), (36, 774, 738), (54, 774, 756), (90, 756, 720), (72, 756, 720), (54, 738, 738), (36, 774, 756), (72, 792, 720), (-18, 792, 702), (36, 792, 738), (90, 756, 720), (180, 702, 612)]	(9421, 11257, 9760, 10740, 11591, 10245, 8621, 8137, 5414, 7061, 7293, 7433, 4950, 6289, 7289, 11347, 11332, 19977, 15962, 9274, 17243, 14111, 12035, 2089)
f	1994356	(662, 298)	[(72, 792, 720), (-18, 792, 702), (36, 792, 738), (90, 756, 720), (180, 702, 612), (54, 756, 846), (90, 756, 702), (72, 774, 756), (54, 774, 756), (36, 774, 720), (54, 774, 684), (72, 774, 702), (90, 756, 720), (90, 756, 756), (90, 774, 774), (72, 756, 756), (72, 774, 720), (54, 792, 648), (72, 774, 666), (54, 774, 720), (72, 774, 756), (72, 774, 792), (90, 756, 738), (162, 720, 684), (108, 756, 648)]	(9413, 11254, 9764, 10751, 11584, 10248, 8614, 8159, 5425, 7075, 7304, 7437, 4959, 6294, 7291, 11420, 11355, 19996, 16033, 9282, 17280, 14136, 12043, 2082)
o	1994865	(594, 85)	[(72, 774, 666), (54, 774, 720), (72, 774, 756), (72, 774, 792), (90, 756, 738), (162, 720, 684), (108, 756, 648), (18, 810, 720), (90, 774, 720), (72, 774, 756), (54, 774, 756), (72, 792, 702), (72, 774, 684), (108, 792, 630), (90, 792, 684), (72, 792, 720), (90, 792, 738), (108, 756, 648), (126, 828, 558), (36, 810, 648), (18, 846, 720), (90, 774, 738), (108, 774, 702), (162, 774, 720), (90, 792, 630)]	(9424, 11262, 9785, 10776, 11589, 10348, 8612, 8400, 5531, 7078, 7249, 7534, 4963, 6300, 7285, 10993, 11385, 20023, 16416, 9302, 17321, 14199, 12051, 2095)
r	1995158	(565, 306)	[(90, 774, 720), (72, 774, 756), (54, 774, 756), (72, 792, 702), (72, 774, 684), (108, 792, 630), (90, 792, 684), (72, 792, 720), (90, 792, 738), (108, 756, 648), (126, 828, 558), (36, 810, 648), (18, 846, 720), (90, 774, 738), (108, 774, 702), (162, 774, 720), (90, 792, 630), (90, 774, 720), (36, 810, 756), (18, 828, 612), (54, 792, 666), (72, 774, 702), (108, 756, 756), (90, 774, 810), (90, 756, 738)]	(9424, 11281, 9806, 10789, 11597, 10317, 8502, 8212, 5413, 7059, 7307, 7358, 4924, 6316, 7296, 11641, 11365, 19988, 16018, 9291, 17249, 14162, 12043, 2082)
 	1995771	(827, 248)	[(90, 774, 810), (90, 756, 738), (126, 756, 666), (90, 756, 720), (72, 774, 738), (72, 792, 720), (72, 774, 702), (90, 774, 702), (90, 774, 684), (90, 792, 702), (72, 792, 720), (36, 792, 702), (36, 792, 666), (36, 792, 684), (18, 810, 702), (0, 792, 720), (36, 792, 684), (72, 810, 702), (108, 756, 702), (90, 774, 720), (36, 792, 720), (18, 810, 720), (54, 792, 702), (126, 738, 684), (144, 756, 594)]	(9413, 11245, 9773, 10734, 11546, 10090, 7805, 8015, 5199, 7025, 6923, 7208, 4925, 6298, 7287, 11558, 11356, 19962, 15867, 9285, 17190, 14120, 12028, 2088)
t	1996230	(564, 252)	[(36, 792, 684), (72, 810, 702), (108, 756, 702), (90, 774, 720), (36, 792, 720), (18, 810, 720), (54, 792, 702), (126, 738, 684), (144, 756, 594), (108, 738, 720), (90, 774, 720), (36, 792, 756), (36, 810, 738), (36, 792, 702), (72, 774, 720), (72, 774, 702), (90, 738, 702), (126, 774, 666), (54, 774, 702), (54, 774, 738), (36, 792, 774), (36, 792, 756), (90, 756, 648), (108, 756, 576), (54, 810, 666)]	(9408, 11228, 9774, 10722, 11564, 10240, 8087, 8023, 5262, 7037, 7071, 7247, 4915, 6312, 7296, 11764, 11365, 19977, 15916, 9283, 17204, 14111, 12043, 2085)
h	1996471	(651, 221)	[(54, 792, 702), (126, 738, 684), (144, 756, 594), (108, 738, 720), (90, 774, 720), (36, 792, 756), (36, 810, 738), (36, 792, 702), (72, 774, 720), (72, 774, 702), (90, 738, 702), (126, 774, 666), (54, 774, 702), (54, 774, 738), (36, 792, 774), (36, 792, 756), (90, 756, 648), (108, 756, 576), (54, 810, 666), (90, 756, 702), (72, 828, 576), (-72, 828, 684), (-36, 792, 792), (18, 792, 792), (72, 774, 738)]	(9414, 11273, 9833, 10804, 11587, 10319, 8358, 8242, 5475, 7064, 7264, 7450, 4966, 6318, 7313, 11994, 11368, 19985, 15947, 9303, 17245, 14135, 12046, 2096)
e	1996713	(580, 373)	[(36, 810, 738), (36, 792, 702), (72, 774, 720), (72, 774, 702), (90, 738, 702), (126, 774, 666), (54, 774, 702), (54, 774, 738), (36, 792, 774), (36, 792, 756), (90, 756, 648), (108, 756, 576), (54, 810, 666), (90, 756, 702), (72, 828, 576), (-72, 828, 684), (-36, 792, 792), (18, 792, 792), (72, 774, 738), (108, 738, 594), (54, 756, 702), (72, 792, 576), (36, 792, 756), (0, 792, 810), (18, 810, 792)]	(9417, 11251, 9825, 10774, 11583, 10302, 8375, 8273, 5510, 7078, 7323, 7430, 4986, 6334, 7328, 12360, 11375, 19984, 15930, 9303, 17222, 14130, 12041, 2095)
 	1997273	(845, 265)	[(54, 756, 702), (72, 792, 576), (36, 792, 756), (0, 792, 810), (18, 810, 792), (18, 810, 738), (72, 774, 666), (72, 774, 684), (72, 774, 720), (54, 774, 756), (54, 774, 738), (18, 792, 702), (-36, 810, 702), (-36, 810, 702), (0, 810, 666), (36, 792, 666), (72, 774, 720), (54, 774, 774), (72, 774, 738), (54, 774, 720), (36, 810, 684), (18, 846, 648), (-126, 846, 666), (-54, 828, 720), (36, 792, 738)]	(9415, 11267, 9845, 10795, 11595, 10355, 8486, 8454, 5607, 7092, 7398, 7440, 4996, 6331, 7317, 12226, 11368, 19985, 16019, 9288, 17208, 14107, 12039, 2093)
q	1997985	(576, 466)	[(90, 774, 594), (90, 756, 666), (90, 756, 720), (72, 774, 774), (18, 774, 792), (36, 774, 738), (54, 774, 702), (36, 792, 666), (18, 792, 720), (36, 792, 756), (36, 792, 702), (54, 792, 702), (36, 774, 738), (54, 774, 720), (54, 756, 684), (54, 774, 666), (18, 792, 684), (18, 792, 702), (36, 792, 702), (54, 774, 720), (90, 756, 738), (36, 774, 720), (36, 792, 792), (18, 792, 792), (54, 792, 792)]	(9420, 11263, 9830, 10743, 11580, 10297, 8081, 8033, 5379, 7071, 7374, 7224, 4978, 6340, 7334, 12874, 11361, 19941, 15752, 9273, 17060, 14054, 12027, 2084)
u	1998693	(583, 168)	[(18, 810, 792), (0, 810, 720), (36, 792, 630), (54, 774, 594), (36, 828, 648), (54, 810, 774), (54, 774, 738), (90, 774, 684), (72, 792, 702), (72, 792, 720), (36, 792, 702), (36, 810, 666), (72, 792, 648), (90, 774, 666), (72, 792, 720), (72, 792, 720), (72, 792, 666), (90, 810, 540), (18, 810, 612), (-36, 810, 882), (54, 756, 882), (126, 756, 702), (162, 756, 630), (36, 810, 630), (72, 810, 684)]	(9412, 11242, 9781, 10709, 11580, 10347, 8304, 7913, 5351, 7048, 7150, 7130, 4942, 6317, 7313, 11553, 11373, 19992, 15965, 9294, 17218, 14164, 12040, 2084)
i	1998933	(562, 151)	[(54, 774, 738), (90, 774, 684), (72, 792, 702), (72, 792, 720), (36, 792, 702), (36, 810, 666), (72, 792, 648), (90, 774, 666), (72, 792, 720), (72, 792, 720), (72, 792, 666), (90, 810, 540), (18, 810, 612), (-36, 810, 882), (54, 756, 882), (126, 756, 702), (162, 756, 630), (36, 810, 630), (72, 810, 684), (72, 774, 756), (54, 792, 738), (54, 774, 756), (90, 792, 738), (72, 774, 720), (108, 774, 648)]	(9424, 11285, 9853, 10800, 11604, 10447, 8538, 8242, 5570, 7090, 7265, 7337, 4967, 6326, 7314, 11576, 11393, 20028, 16062, 9322, 17294, 14210, 12056, 2100)
c	1999274	(627, 119)	[(90, 810, 540), (18, 810, 612), (-36, 810, 882), (54, 756, 882), (126, 756, 702), (162, 756, 630), (36, 810, 630), (72, 810, 684), (72, 774, 756), (54, 792, 738), (54, 774, 756), (90, 792, 738), (72, 774, 720), (108, 774, 648), (72, 774, 684), (54, 774, 738), (72, 792, 666), (54, 774, 612), (90, 810, 594), (18, 810, 684), (72, 774, 774), (90, 774, 720), (108, 792, 666), (72, 810, 648), (36, 810, 684)]	(9419, 11258, 9815, 10756, 11590, 10383, 8368, 8012, 5411, 7060, 7173, 7273, 4947, 6325, 7298, 11332, 11383, 20011, 16009, 9312, 17266, 14189, 12048, 2089)
k	2001510	(658, 113)	[(72, 792, 720), (54, 792, 702), (72, 774, 684), (54, 792, 648), (72, 792, 648), (54, 810, 720), (72, 792, 720), (72, 792, 702), (72, 774, 720), (72, 792, 702), (54, 792, 684), (72, 792, 648), (54, 792, 702), (72, 810, 702), (54, 792, 684), (90, 792, 666), (90, 810, 702), (72, 792, 684), (72, 792, 684), (54, 792, 684), (54, 792, 702), (72, 810, 702), (54, 792, 720), (54, 810, 720), (108, 774, 666)]	(9415, 11261, 9838, 10757, 11581, 10364, 8295, 8061, 5451, 7073, 7125, 7355, 4973, 6328, 7311, 11249, 11387, 20005, 16031, 9298, 17250, 14191, 12051, 2087)
 	2004132	(810, 233)	[(54, 810, 666), (36, 810, 666), (36, 810, 684), (54, 792, 702), (36, 792, 684), (54, 810, 684), (54, 792, 702), (54, 792, 684), (54, 792, 684), (54, 792, 684), (54, 792, 702), (36, 792, 720), (54, 792, 720), (36, 792, 702), (36, 792, 702), (54, 792, 702), (36, 774, 738), (54, 792, 702), (54, 792, 666), (72, 792, 648), (36, 828, 648), (-18, 810, 756), (-36, 846, 792), (72, 774, 720), (162, 738, 540)]	(9413, 11266, 9864, 10773, 11615, 10489, 8607, 8135, 5588, 7099, 7435, 7318, 4999, 6340, 7327, 11991, 11387, 19987, 15891, 9289, 17166, 14127, 12041, 2083)
t	2007700	(576, 266)	[(54, 810, 684), (54, 810, 702), (72, 792, 684), (72, 810, 666), (36, 810, 666), (36, 792, 720), (36, 810, 684), (54, 810, 666), (54, 810, 684), (72, 810, 684), (72, 792, 684), (54, 792, 666), (54, 792, 684), (54, 810, 684), (36, 810, 702), (36, 810, 648), (54, 810, 666), (72, 792, 666), (72, 792, 720), (72, 810, 702), (36, 810, 702), (18, 810, 702), (54, 810, 702), (108, 774, 648), (90, 792, 612)]	(9417, 11240, 9862, 10753, 11603, 10432, 8714, 8142, 5546, 7082, 7430, 7485, 4991, 6337, 7330, 11679, 11398, 20005, 16088, 9288, 17206, 14150, 12045, 2088)
u	2008411	(564, 170)	[(72, 810, 666), (54, 810, 684), (18, 810, 702), (36, 828, 666), (36, 810, 666), (72, 810, 684), (90, 810, 684), (72, 810, 648), (54, 810, 666), (54, 792, 684), (54, 810, 684), (54, 810, 666), (54, 810, 684), (72, 810, 684), (54, 810, 666), (72, 810, 666), (72, 810, 684), (72, 810, 684), (54, 828, 702), (72, 810, 684), (72, 810, 666), (54, 810, 648), (54, 810, 702), (36, 828, 666), (72, 792, 666)]	(9418, 11234, 9858, 10725, 11584, 10382, 8573, 8016, 5423, 7103, 7271, 7427, 5005, 6313, 7314, 11464, 11394, 19998, 16118, 9285, 17206, 14158, 12045, 2088)
r	2009224	(574, 319)	[(90, 792, 684), (72, 810, 684), (54, 810, 666), (54, 810, 684), (54, 810, 684), (72, 828, 666), (72, 810, 666), (54, 810, 684), (72, 810, 666), (72, 810, 684), (54, 792, 702), (90, 792, 684), (54, 810, 702), (54, 792, 702), (36, 810, 702), (54, 810, 666), (54, 810, 666), (72, 792, 666), (54, 792, 684), (54, 828, 684), (36, 828, 702), (54, 792, 684), (90, 792, 612), (72, 810, 630)]	(9409, 11196, 9828, 10686, 11583, 10333, 8506, 7903, 5336, 7086, 7272, 7401, 4985, 6315, 7317, 11370, 11386, 19995, 16098, 9270, 17190, 14136, 12045, 2087)
n	2009714	(716, 155)	[(72, 792, 666), (54, 792, 684), (54, 828, 684), (36, 828, 702), (54, 792, 684), (90, 792, 612), (72, 810, 630), (18, 846, 684), (54, 810, 702), (18, 828, 648), (18, 828, 630), (18, 828, 648), (36, 828, 684), (54, 810, 702), (90, 792, 702), (90, 792, 666), (54, 810, 684), (54, 792, 684), (18, 828, 666), (54, 828, 684), (54, 792, 720), (90, 810, 684), (54, 810, 702), (36, 828, 684), (54, 810, 666)]	(9415, 11215, 9842, 10711, 11588, 10334, 8529, 7945, 5398, 7080, 7231, 7447, 4995, 6327, 7317, 11398, 11382, 19995, 16101, 9283, 17222, 14156, 12043, 2085)
a	2010744	(651, 445)	[(54, 792, 684), (36, 810, 702), (36, 810, 684), (72, 792, 666), (72, 792, 702), (72, 810, 648), (90, 792, 648), (72, 792, 630), (-54, 846, 648), (-36, 846, 702), (72, 756, 702), (-18, 810, 702), (36, 828, 630), (90, 792, 684), (72, 792, 720), (54, 792, 684), (36, 792, 720), (18, 810, 702), (18, 810, 684), (36, 810, 630), (18, 810, 648), (18, 828, 702), (0, 810, 720), (36, 792, 684), (36, 810, 666)]	(9416, 11222, 9868, 10680, 11587, 10327, 8413, 7984, 5396, 7073, 7293, 7428, 5013, 6354, 7311, 12316, 11395, 19977, 15958, 9295, 17147, 14105, 12038, 2083)
r	2010935	(651, 445)	[(72, 792, 702), (72, 810, 648), (90, 792, 648), (72, 792, 630), (-54, 846, 648), (-36, 846, 702), (72, 756, 702), (-18, 810, 702), (36, 828, 630), (90, 792, 684), (72, 792, 720), (54, 792, 684), (36, 792, 720), (18, 810, 702), (18, 810, 684), (36, 810, 630), (18, 810, 648), (18, 828, 702), (0, 810, 720), (36, 792, 684), (36, 810, 666), (36, 792, 630), (0, 810, 684), (18, 810, 666), (54, 792, 702)]	(9403, 11165, 9825, 10629, 11570, 10302, 8245, 7795, 5289, 7060, 7207, 7274, 4981, 6335, 7323, 11991, 11369, 19968, 15893, 9269, 17097, 14065, 12038, 2088)
o	2013033	(595, 82)	[(0, 810, 702), (-18, 828, 684), (72, 810, 630), (90, 792, 648), (54, 810, 720), (36, 810, 666), (54, 810, 666), (18, 828, 684), (18, 828, 648), (36, 828, 648), (36, 846, 630), (36, 828, 648), (36, 810, 684), (54, 810, 684), (72, 828, 666), (72, 810, 684), (90, 792, 666), (54, 792, 612), (54, 846, 540), (0, 864, 666), (-54, 864, 756), (18, 810, 738), (36, 828, 630), (108, 792, 594), (126, 792, 630)]	(9414, 11226, 9975, 10765, 11610, 10546, 8836, 8176, 5620, 7125, 7400, 7737, 5029, 6345, 7323, 11500, 11411, 20027, 16543, 9292, 17241, 14187, 12048, 2090)
u	2013354	(563, 167)	[(36, 846, 630), (36, 828, 648), (36, 810, 684), (54, 810, 684), (72, 828, 666), (72, 810, 684), (90, 792, 666), (54, 792, 612), (54, 846, 540), (0, 864, 666), (-54, 864, 756), (18, 810, 738), (36, 828, 630), (108, 792, 594), (126, 792, 630), (36, 810, 702), (36, 828, 666), (72, 828, 648), (90, 810, 684), (54, 810, 702), (54, 828, 684), (36, 810, 666), (54, 828, 648), (36, 810, 612), (36, 828, 612)]	(9415, 11212, 9887, 10740, 11610, 10513, 8812, 8087, 5562, 7110, 7429, 7692, 5021, 6339, 7330, 11403, 11399, 20017, 16468, 9276, 17190, 14155, 12047, 2090)
n	2013646	(747, 145)	[(0, 864, 666), (-54, 864, 756), (18, 810, 738), (36, 828, 630), (108, 792, 594), (126, 792, 630), (36, 810, 702), (36, 828, 666), (72, 828, 648), (90, 810, 684), (54, 810, 702), (54, 828, 684), (36, 810, 666), (54, 828, 648), (36, 810, 612), (36, 828, 612), (54, 810, 684), (18, 828, 612), (36, 846, 594), (54, 846, 612), (36, 810, 684), (54, 810, 684), (108, 792, 702), (90, 792, 648), (54, 828, 630)]	(9411, 11163, 9840, 10672, 11600, 10463, 8627, 7920, 5446, 7093, 7353, 7577, 5007, 6334, 7319, 11359, 11391, 19998, 16321, 9265, 17165, 14138, 12048, 2084)
d	2014038	(656, 364)	[(54, 828, 648), (36, 810, 612), (36, 828, 612), (54, 810, 684), (18, 828, 612), (36, 846, 594), (54, 846, 612), (36, 810, 684), (54, 810, 684), (108, 792, 702), (90, 792, 648), (54, 828, 630), (0, 828, 648), (72, 792, 684), (54, 810, 666), (36, 810, 648), (18, 828, 666), (18, 828, 684), (18, 828, 666), (72, 828, 612), (36, 828, 666), (0, 828, 738), (-18, 828, 738), (54, 810, 684), (108, 774, 594)]	(9415, 11197, 9899, 10718, 11606, 10454, 8767, 8043, 5570, 7109, 7440, 7636, 5035, 6344, 7322, 11870, 11395, 20003, 16092, 9276, 17176, 14147, 12041, 2088)
d	2016624	(637, 342)	[(18, 810, 666), (0, 810, 684), (0, 810, 702), (18, 810, 666), (18, 792, 648), (18, 810, 684), (0, 810, 720), (18, 810, 684), (36, 810, 666), (36, 810, 684), (54, 774, 684), (18, 810, 684), (36, 810, 666), (36, 810, 684), (36, 810, 702), (36, 792, 702), (18, 810, 666), (36, 810, 684), (36, 810, 702), (54, 792, 630), (36, 810, 702), (18, 828, 828), (-36, 810, 846), (18, 774, 648), (-36, 864, 486)]	(9408, 11167, 9883, 10699, 11588, 10355, 8697, 7736, 5378, 7081, 7304, 7544, 5006, 6316, 7322, 11411, 11385, 20005, 16154, 9259, 17191, 14105, 12037, 2085)
o	2017085	(587, 88)	[(18, 810, 666), (36, 810, 684), (36, 810, 702), (54, 792, 630), (36, 810, 702), (18, 828, 828), (-36, 810, 846), (18, 774, 648), (-36, 864, 486), (0, 810, 684), (72, 792, 702), (54, 810, 684), (36, 810, 684), (0, 828, 648), (0, 846, 630), (-18, 846, 630), (36, 846, 630), (54, 828, 630), (54, 828, 594), (72, 810, 666), (54, 828, 666), (36, 828, 684), (36, 810, 666), (72, 810, 630), (36, 828, 612)]	(9409, 11152, 9895, 10692, 11584, 10422, 8734, 7843, 5464, 7091, 7302, 7646, 5015, 6341, 7318, 11376, 11410, 20016, 16484, 9275, 17209, 14169, 12046, 2093)
 	2017729	(801, 247)	[(54, 828, 648), (0, 846, 648), (0, 828, 666), (0, 828, 666), (54, 810, 702), (18, 810, 648), (0, 846, 684), (-36, 828, 720), (36, 810, 648), (36, 810, 648), (54, 810, 684), (36, 810, 666), (18, 828, 666), (18, 828, 666), (36, 810, 666), (18, 828, 648), (36, 810, 648), (18, 828, 666), (36, 828, 684), (18, 828, 684), (0, 810, 666), (18, 828, 648), (36, 828, 648), (54, 810, 648), (54, 810, 630)]	(9409, 11167, 9868, 10666, 11596, 10452, 8669, 7733, 5357, 7079, 7336, 7475, 5000, 6336, 7322, 11474, 11394, 19998, 16119, 9270, 17156, 14120, 12044, 2087)
y	2018563	(578, 222)	[(18, 828, 684), (36, 810, 684), (36, 828, 648), (36, 828, 648), (18, 810, 666), (18, 810, 684), (18, 810, 666), (36, 810, 648), (36, 828, 684), (36, 810, 666), (18, 828, 666), (18, 810, 666), (18, 810, 666), (36, 810, 648), (54, 810, 648), (54, 810, 666), (36, 828, 702), (0, 828, 738), (18, 828, 702), (36, 810, 612), (0, 828, 702), (0, 828, 738), (-18, 810, 738), (36, 810, 648), (72, 792, 576)]	(9405, 11177, 9899, 10681, 11599, 10447, 8794, 7775, 5400, 7103, 7382, 7550, 5021, 6329, 7325, 11417, 11398, 19999, 16159, 9270, 17169, 14114, 12048, 2090)
o	2019011	(576, 84)	[(36, 828, 702), (0, 828, 738), (18, 828, 702), (36, 810, 612), (0, 828, 702), (0, 828, 738), (-18, 810, 738), (36, 810, 648), (72, 792, 576), (72, 774, 702), (54, 810, 648), (18, 828, 666), (0, 828, 648), (-54, 828, 648), (-36, 846, 648), (18, 846, 666), (54, 810, 666), (54, 828, 684), (72, 810, 648), (54, 810, 630), (0, 846, 720), (0, 828, 738), (0, 810, 684), (36, 828, 594), (90, 792, 558)]	(9421, 11199, 9996, 10741, 11614, 10545, 9022, 8059, 5707, 7121, 7462, 7744, 5054, 6353, 7334, 11490, 11432, 20041, 16580, 9289, 17246, 14185, 12055, 2095)
u	2019304	(590, 163)	[(72, 774, 702), (54, 810, 648), (18, 828, 666), (0, 828, 648), (-54, 828, 648), (-36, 846, 648), (18, 846, 666), (54, 810, 666), (54, 828, 684), (72, 810, 648), (54, 810, 630), (0, 846, 720), (0, 828, 738), (0, 810, 684), (36, 828, 594), (90, 792, 558), (36, 828, 666), (36, 810, 720), (54, 810, 666), (36, 828, 648), (18, 810, 666), (0, 828, 666), (54, 792, 630), (18, 828, 594), (-36, 828, 666)]	(9408, 11135, 9836, 10630, 11583, 10408, 8735, 7765, 5384, 7065, 7308, 7601, 5025, 6343, 7317, 11389, 11399, 20010, 16450, 9264, 17175, 14133, 12045, 2086)
 	2020384	(816, 241)	[(0, 810, 666), (36, 810, 666), (54, 792, 684), (36, 810, 702), (18, 810, 702), (0, 810, 666), (0, 810, 684), (18, 774, 684), (36, 792, 666), (18, 810, 684), (18, 810, 684), (36, 792, 684), (18, 810, 684), (36, 792, 702), (18, 792, 702), (36, 792, 720), (18, 810, 666), (-18, 828, 684), (-36, 810, 666), (-36, 810, 648), (18, 828, 702), (0, 810, 702), (18, 792, 702), (0, 828, 702), (36, 792, 684)]	(9415, 11172, 9921, 10685, 11598, 10425, 8889, 7826, 5505, 7102, 7400, 7613, 5029, 6349, 7327, 11477, 11398, 20012, 16169, 9279, 17223, 14127, 12042, 2093)
w	2020843	(579, 424)	[(18, 810, 666), (-18, 828, 684), (-36, 810, 666), (-36, 810, 648), (18, 828, 702), (0, 810, 702), (18, 792, 702), (0, 828, 702), (36, 792, 684), (-90, 846, 738), (54, 774, 666), (36, 792, 684), (18, 792, 702), (0, 810, 720), (-36, 810, 702), (18, 774, 684), (36, 792, 666), (36, 774, 702), (54, 792, 684), (18, 810, 666), (-54, 810, 720), (-36, 828, 738), (-36, 810, 720), (36, 810, 648), (54, 774, 594)]	(9411, 11151, 9907, 10646, 11593, 10404, 8729, 7668, 5385, 7086, 7389, 7531, 5027, 6334, 7323, 11584, 11388, 19991, 16071, 9266, 17149, 14081, 12031, 2094)
a	2021089	(649, 412)	[(0, 828, 702), (36, 792, 684), (-90, 846, 738), (54, 774, 666), (36, 792, 684), (18, 792, 702), (0, 810, 720), (-36, 810, 702), (18, 774, 684), (36, 792, 666), (36, 774, 702), (54, 792, 684), (18, 810, 666), (-54, 810, 720), (-36, 828, 738), (-36, 810, 720), (36, 810, 648), (54, 774, 594), (36, 792, 648), (18, 792, 666), (18, 792, 720), (18, 810, 738), (0, 810, 738), (18, 792, 720), (36, 810, 630)]	(9423, 11185, 9936, 10679, 11608, 10452, 8919, 7868, 5563, 7113, 7478, 7671, 5056, 6340, 7343, 11819, 11396, 20002, 16150, 9291, 17206, 14128, 12032, 2093)
n	2021532	(724, 157)	[(54, 774, 594), (36, 792, 648), (18, 792, 666), (18, 792, 720), (18, 810, 738), (0, 810, 738), (18, 792, 720), (36, 810, 630), (18, 810, 594), (36, 792, 702), (-18, 810, 702), (36, 810, 666), (54, 774, 702), (36, 792, 684), (18, 810, 684), (18, 828, 666), (0, 828, 648), (0, 810, 648), (0, 828, 648), (18, 774, 702), (54, 846, 648), (-54, 810, 702), (36, 828, 702), (72, 774, 666), (54, 792, 594)]	(9413, 11142, 9877, 10638, 11585, 10391, 8684, 7599, 5476, 7091, 7290, 7521, 5084, 6341, 7326, 11378, 11405, 19997, 16090, 9289, 17196, 14138, 12052, 2097)
t	2021894	(586, 234)	[(54, 774, 702), (36, 792, 684), (18, 810, 684), (18, 828, 666), (0, 828, 648), (0, 810, 648), (0, 828, 648), (18, 774, 702), (54, 846, 648), (-54, 810, 702), (36, 828, 702), (72, 774, 666), (54, 792, 594), (54, 774, 666), (54, 792, 702), (18, 810, 666), (54, 792, 648), (90, 774, 666), (18, 792, 774), (18, 846, 774), (0, 810, 648), (-54, 846, 648), (18, 792, 594), (72, 792, 576), (18, 810, 666)]	(9409, 11155, 9891, 10681, 11612, 10492, 8801, 7682, 5563, 7100, 7424, 7560, 5060, 6354, 7326, 11579, 11401, 19996, 16063, 9280, 17163, 14145, 12042, 2092)
 	2022607	(834, 247)	[(0, 792, 702), (0, 828, 666), (-18, 828, 648), (0, 828, 648), (54, 810, 684), (54, 792, 720), (18, 810, 720), (0, 810, 666), (-18, 810, 666), (-36, 828, 666), (0, 810, 684), (18, 792, 684), (36, 810, 666), (36, 810, 684), (18, 792, 684), (18, 810, 684), (18, 810, 666), (0, 810, 648), (-36, 828, 702), (18, 810, 666), (-18, 810, 666), (-36, 846, 684), (18, 810, 684), (72, 792, 648), (54, 792, 612)]	(9408, 11119, 9845, 10627, 11581, 10382, 8687, 7537, 5398, 7082, 7285, 7485, 5060, 6345, 7331, 11450, 11399, 19994, 16086, 9265, 17178, 14135, 12039, 2086)
u	2023270	(599, 164)	[(0, 810, 630), (36, 810, 684), (36, 810, 666), (36, 810, 666), (0, 810, 684), (0, 810, 666), (0, 810, 666), (18, 828, 684), (18, 792, 666), (18, 792, 684), (-72, 846, 684), (0, 846, 684), (36, 792, 684), (36, 810, 666), (36, 810, 684), (36, 792, 684), (54, 810, 666), (18, 810, 666), (0, 828, 612), (-54, 810, 702), (18, 810, 738), (0, 810, 702), (72, 810, 612), (108, 774, 612), (54, 774, 666)]	(9403, 11114, 9856, 10628, 11574, 10388, 8695, 7571, 5425, 7071, 7239, 7515, 5063, 6342, 7328, 11414, 11393, 20002, 16162, 9287, 17192, 14135, 12045, 2094)
s	2023610	(665, 380)	[(0, 846, 684), (36, 792, 684), (36, 810, 666), (36, 810, 684), (36, 792, 684), (54, 810, 666), (18, 810, 666), (0, 828, 612), (-54, 810, 702), (18, 810, 738), (0, 810, 702), (72, 810, 612), (108, 774, 612), (54, 774, 666), (0, 810, 648), (18, 810, 684), (18, 792, 684), (0, 828, 702), (-36, 792, 666), (18, 792, 666), (0, 810, 630), (-36, 828, 684), (0, 828, 720), (36, 810, 648), (72, 792, 594)]	(9411, 11131, 9870, 10671, 11583, 10411, 8756, 7620, 5455, 7086, 7322, 7556, 5056, 6341, 7330, 11465, 11401, 20003, 16149, 9269, 17183, 14115, 12043, 2084)
 	2024424	(821, 266)	[(18, 828, 684), (0, 810, 684), (18, 828, 666), (0, 810, 666), (0, 792, 666), (18, 810, 684), (18, 792, 684), (18, 810, 702), (0, 810, 720), (-36, 828, 684), (-36, 810, 684), (18, 810, 666), (18, 810, 666), (36, 810, 720), (18, 810, 702), (36, 810, 684), (18, 810, 648), (18, 828, 666), (18, 810, 666), (36, 810, 702), (18, 828, 666), (-108, 846, 684), (0, 810, 666), (18, 792, 648), (90, 792, 576)]	(9416, 11162, 9927, 10728, 11597, 10480, 8911, 7766, 5610, 7122, 7386, 7685, 5081, 6357, 7336, 11527, 11410, 20024, 16254, 9290, 17246, 14145, 12046, 2094)
t	2024883	(571, 269)	[(18, 828, 666), (18, 810, 666), (36, 810, 702), (18, 828, 666), (-108, 846, 684), (0, 810, 666), (18, 792, 648), (90, 792, 576), (72, 792, 648), (18, 810, 594), (18, 792, 720), (18, 792, 666), (54, 810, 648), (18, 792, 684), (0, 810, 720), (-36, 828, 720), (18, 810, 666), (54, 846, 576), (-54, 828, 738), (-18, 846, 810), (-36, 828, 702), (36, 810, 612), (18, 792, 612), (54, 810, 630), (0, 828, 684)]	(9417, 11163, 9903, 10721, 11586, 10497, 8709, 7618, 5499, 7090, 7387, 7503, 5086, 6362, 7337, 11827, 11395, 19987, 16110, 9273, 17126, 14122, 12048, 2087)
o	2025227	(577, 115)	[(18, 792, 666), (54, 810, 648), (18, 792, 684), (0, 810, 720), (-36, 828, 720), (18, 810, 666), (54, 846, 576), (-54, 828, 738), (-18, 846, 810), (-36, 828, 702), (36, 810, 612), (18, 792, 612), (54, 810, 630), (0, 828, 684), (36, 810, 630), (-36, 828, 684), (0, 828, 666), (18, 828, 684), (54, 810, 666), (72, 846, 576), (18, 828, 684), (0, 828, 756), (36, 810, 720), (36, 810, 630), (72, 828, 612)]	(9419, 11162, 9940, 10723, 11580, 10525, 8881, 7783, 5562, 7114, 7334, 7684, 5087, 6362, 7336, 11610, 11415, 20010, 16440, 9287, 17154, 14169, 12045, 2091)
 	2025841	(831, 230)	[(36, 810, 630), (72, 828, 612), (36, 792, 702), (18, 810, 702), (0, 810, 702), (18, 828, 702), (18, 810, 648), (18, 810, 648), (0, 810, 648), (0, 810, 684), (0, 810, 666), (18, 828, 648), (18, 810, 702), (18, 792, 702), (36, 810, 684), (36, 810, 666), (18, 828, 684), (18, 792, 666), (36, 792, 702), (36, 846, 612), (-36, 828, 666), (0, 792, 738), (18, 810, 720), (54, 792, 666), (90, 774, 648)]	(9408, 11130, 9840, 10655, 11568, 10407, 8552, 7523, 5393, 7073, 7243, 7448, 5050, 6355, 7335, 11596, 11400, 19995, 16096, 9276, 17144, 14117, 12038, 2085)
s	2026354	(662, 396)	[(36, 846, 612), (-36, 828, 666), (0, 792, 738), (18, 810, 720), (54, 792, 666), (90, 774, 648), (36, 810, 720), (-36, 828, 612), (-90, 828, 684), (-54, 810, 738), (36, 774, 756), (72, 774, 720), (72, 774, 702), (36, 792, 702), (0, 792, 702), (-18, 810, 702), (0, 828, 666), (-54, 828, 666), (18, 810, 666), (18, 810, 612), (-36, 792, 720), (-18, 792, 774), (18, 792, 720), (36, 756, 630), (36, 810, 630)]	(9401, 11125, 9880, 10638, 11591, 10533, 8605, 7372, 5381, 7090, 7330, 7312, 5078, 6352, 7315, 11777, 11391, 19993, 16052, 9257, 17115, 14083, 12036, 2090)
p	2026850	(576, 54)	[(18, 810, 666), (18, 810, 612), (-36, 792, 720), (-18, 792, 774), (18, 792, 720), (36, 756, 630), (36, 810, 630), (-36, 810, 738), (18, 828, 648), (18, 828, 612), (36, 828, 594), (36, 828, 630), (0, 846, 684), (18, 846, 684), (18, 846, 630), (54, 846, 612), (72, 828, 576), (72, 810, 486), (72, 882, 522), (-36, 864, 720), (-36, 864, 774), (18, 828, 684), (54, 864, 558), (108, 828, 540), (90, 846, 522)]	(9407, 11088, 9700, 10619, 11581, 10471, 8913, 7728, 5540, 7113, 7436, 7685, 5100, 6350, 7328, 11115, 11411, 20021, 16660, 9264, 17135, 14145, 12044, 2092)
e	2027144	(577, 380)	[(18, 828, 612), (36, 828, 594), (36, 828, 630), (0, 846, 684), (18, 846, 684), (18, 846, 630), (54, 846, 612), (72, 828, 576), (72, 810, 486), (72, 882, 522), (-36, 864, 720), (-36, 864, 774), (18, 828, 684), (54, 864, 558), (108, 828, 540), (90, 846, 522), (18, 828, 648), (90, 756, 684), (36, 828, 720), (108, 828, 648), (18, 810, 702), (18, 828, 702), (-18, 846, 720), (0, 828, 666), (90, 792, 522)]	(9392, 11089, 9783, 10666, 11594, 10475, 9370, 7848, 5847, 7142, 7491, 7904, 5202, 6349, 7313, 11086, 11416, 20032, 16719, 9268, 17218, 14136, 12044, 2091)
n	2027554	(701, 168)	[(54, 864, 558), (108, 828, 540), (90, 846, 522), (18, 828, 648), (90, 756, 684), (36, 828, 720), (108, 828, 648), (18, 810, 702), (18, 828, 702), (-18, 846, 720), (0, 828, 666), (90, 792, 522), (54, 810, 666), (18, 810, 666), (0, 846, 666), (-18, 828, 666), (18, 828, 648), (36, 828, 648), (36, 828, 648), (54, 828, 648), (-18, 846, 648), (54, 810, 648), (0, 828, 684), (0, 846, 666), (54, 828, 666)]	(9393, 11087, 9794, 10631, 11583, 10452, 9138, 7643, 5682, 7116, 7448, 7715, 5179, 6345, 7328, 10904, 11411, 20017, 16612, 9269, 17196, 14148, 12051, 2091)
d	2027899	(671, 346)	[(90, 792, 522), (54, 810, 666), (18, 810, 666), (0, 846, 666), (-18, 828, 666), (18, 828, 648), (36, 828, 648), (36, 828, 648), (54, 828, 648), (-18, 846, 648), (54, 810, 648), (0, 828, 684), (0, 846, 666), (54, 828, 666), (-36, 864, 738), (0, 846, 684), (18, 792, 648), (36, 828, 648), (-36, 828, 648), (18, 828, 630), (-36, 846, 630), (-18, 828, 684), (18, 810, 774), (54, 792, 720), (90, 774, 540)]	(9409, 11103, 9885, 10686, 11595, 10468, 9285, 7762, 5840, 7134, 7532, 7784, 5200, 6360, 7343, 11548, 11417, 20025, 16589, 9277, 17192, 14146, 12046, 2090)
 	2029030	(813, 260)	[(36, 810, 684), (18, 810, 684), (18, 810, 666), (0, 810, 666), (0, 828, 666), (0, 828, 666), (36, 810, 648), (18, 792, 666), (0, 810, 720), (0, 792, 756), (18, 810, 684), (0, 810, 648), (0, 810, 684), (0, 810, 702), (0, 792, 702), (0, 810, 702), (0, 810, 666), (36, 792, 648), (36, 792, 666), (18, 792, 738), (18, 846, 684), (-72, 828, 684), (-54, 810, 720), (18, 792, 702), (54, 774, 684)]	(9400, 11104, 9856, 10604, 11591, 10472, 9016, 7529, 5651, 7120, 7447, 7594, 5192, 6360, 7333, 11436, 11414, 20011, 16505, 9260, 17168, 14115, 12038, 2080)
t	2029591	(571, 268)	[(18, 846, 684), (-72, 828, 684), (-54, 810, 720), (18, 792, 702), (54, 774, 684), (0, 810, 666), (0, 810, 720), (18, 792, 684), (36, 792, 666), (36, 792, 666), (18, 810, 684), (-18, 810, 720), (-18, 846, 702), (18, 810, 666), (18, 792, 630), (36, 792, 666), (54, 810, 684), (54, 792, 702), (18, 828, 648), (-36, 792, 720), (-36, 828, 774), (0, 828, 720), (36, 792, 648), (72, 774, 612), (72, 792, 630)]	(9407, 11124, 9885, 10644, 11601, 10510, 9211, 7678, 5794, 7112, 7516, 7709, 5249, 6362, 7339, 11665, 11422, 20019, 16554, 9279, 17165, 14131, 12042, 2091)
h	2029883	(643, 214)	[(36, 792, 666), (18, 810, 684), (-18, 810, 720), (-18, 846, 702), (18, 810, 666), (18, 792, 630), (36, 792, 666), (54, 810, 684), (54, 792, 702), (18, 828, 648), (-36, 792, 720), (-36, 828, 774), (0, 828, 720), (36, 792, 648), (72, 774, 612), (72, 792, 630), (36, 810, 720), (-18, 828, 630), (-54, 828, 666), (18, 828, 702), (0, 792, 702), (36, 792, 684), (36, 810, 702), (72, 774, 666), (72, 774, 630)]	(9413, 11116, 9868, 10630, 11605, 10484, 9114, 7626, 5742, 7120, 7454, 7651, 5229, 6355, 7345, 11578, 11414, 20017, 16524, 9267, 17158, 14134, 12040, 2094)
e	2030125	(585, 368)	[(36, 792, 666), (54, 810, 684), (54, 792, 702), (18, 828, 648), (-36, 792, 720), (-36, 828, 774), (0, 828, 720), (36, 792, 648), (72, 774, 612), (72, 792, 630), (36, 810, 720), (-18, 828, 630), (-54, 828, 666), (18, 828, 702), (0, 792, 702), (36, 792, 684), (36, 810, 702), (72, 774, 666), (72, 774, 630), (18, 792, 684), (54, 792, 756), (54, 810, 630), (-54, 828, 684), (-36, 828, 720), (0, 810, 630)]	(9406, 11107, 9871, 10639, 11608, 10511, 9186, 7720, 5875, 7122, 7535, 7710, 5239, 6369, 7323, 11704, 11433, 20022, 16545, 9280, 17165, 14141, 12042, 2088)
 	2031256	(820, 225)	[(54, 792, 666), (54, 810, 702), (18, 828, 720), (36, 792, 684), (36, 792, 684), (0, 810, 702), (18, 792, 702), (36, 810, 666), (0, 810, 666), (18, 810, 720), (18, 792, 702), (36, 810, 648), (36, 792, 684), (18, 810, 702), (18, 792, 684), (0, 828, 666), (18, 810, 702), (18, 810, 666), (0, 792, 684), (36, 828, 720), (0, 792, 720), (36, 810, 666), (0, 792, 684), (36, 810, 702), (54, 774, 684)]	(9409, 11086, 9836, 10607, 11581, 10496, 8974, 7496, 5715, 7117, 7457, 7573, 5210, 6374, 7335, 11541, 11411, 20006, 16247, 9273, 17157, 14123, 12047, 2101)
m	2031702	(746, 118)	[(0, 828, 666), (18, 810, 702), (18, 810, 666), (0, 792, 684), (36, 828, 720), (0, 792, 720), (36, 810, 666), (0, 792, 684), (36, 810, 702), (54, 774, 684), (18, 810, 648), (36, 792, 684), (18, 810, 684), (36, 810, 666), (36, 810, 702), (18, 792, 720), (36, 792, 702), (36, 792, 684), (36, 828, 684), (54, 792, 630), (-36, 846, 720), (0, 810, 738), (0, 828, 684), (36, 792, 666), (72, 792, 630)]	(9415, 11123, 9891, 10657, 11595, 10489, 9083, 7597, 5841, 7126, 7425, 7642, 5248, 6371, 7344, 11551, 11425, 20018, 16484, 9280, 17188, 14155, 12047, 2089)
o	2032010	(623, 93)	[(54, 774, 684), (18, 810, 648), (36, 792, 684), (18, 810, 684), (36, 810, 666), (36, 810, 702), (18, 792, 720), (36, 792, 702), (36, 792, 684), (36, 828, 684), (54, 792, 630), (-36, 846, 720), (0, 810, 738), (0, 828, 684), (36, 792, 666), (72, 792, 630), (54, 792, 702), (18, 810, 666), (-36, 864, 648), (-36, 828, 684), (36, 810, 666), (36, 810, 684), (36, 810, 684), (72, 810, 666), (0, 810, 648)]	(9418, 11111, 9913, 10671, 11594, 10584, 9013, 7635, 5964, 7135, 7463, 7624, 5272, 6372, 7344, 11641, 11439, 20019, 16531, 9281, 17171, 14162, 12045, 2094)
n	2033127	(714, 167)	[(18, 828, 648), (18, 810, 684), (18, 792, 684), (36, 828, 684), (18, 810, 666), (18, 810, 648), (18, 810, 666), (36, 828, 666), (36, 828, 684), (36, 810, 684), (36, 810, 684), (36, 810, 684), (0, 846, 666), (0, 810, 684), (36, 810, 666), (36, 810, 684), (18, 810, 702), (18, 810, 684), (36, 828, 648), (18, 810, 666), (36, 828, 684), (0, 828, 720), (18, 810, 648), (18, 810, 648), (54, 792, 684)]	(9411, 11112, 9928, 10684, 11604, 10559, 9099, 7655, 5933, 7111, 7450, 7695, 5272, 6372, 7342, 11574, 11430, 20033, 16619, 9285, 17201, 14166, 12053, 2091)
e	2033539	(591, 359)	[(36, 810, 684), (18, 810, 702), (18, 810, 684), (36, 828, 648), (18, 810, 666), (36, 828, 684), (0, 828, 720), (18, 810, 648), (18, 810, 648), (54, 792, 684), (72, 792, 666), (18, 828, 648), (54, 792, 684), (54, 792, 702), (18, 810, 684), (-36, 846, 702), (0, 792, 702), (54, 828, 648), (18, 810, 666), (54, 792, 702), (18, 792, 774), (18, 828, 774), (36, 792, 666), (54, 792, 594), (18, 828, 594)]	(9408, 11107, 9900, 10686, 11601, 10517, 9112, 7611, 5886, 7115, 7565, 7682, 5242, 6366, 7343, 11738, 11422, 20018, 16553, 9278, 17164, 14140, 12040, 2092)
y	2033832	(570, 249)	[(18, 810, 648), (54, 792, 684), (72, 792, 666), (18, 828, 648), (54, 792, 684), (54, 792, 702), (18, 810, 684), (-36, 846, 702), (0, 792, 702), (54, 828, 648), (18, 810, 666), (54, 792, 702), (18, 792, 774), (18, 828, 774), (36, 792, 666), (54, 792, 594), (18, 828, 594), (36, 810, 684), (18, 810, 648), (72, 828, 558), (0, 810, 666), (-36, 846, 756), (-18, 810, 774), (36, 810, 612), (54, 810, 558)]	(9410, 11118, 9905, 10713, 11605, 10551, 9160, 7612, 5870, 7136, 7547, 7682, 5278, 6367, 7345, 11704, 11421, 20015, 16570, 9269, 17165, 14117, 12043, 2090)
 	2034648	(807, 268)	[(-36, 810, 738), (0, 810, 720), (18, 810, 648), (18, 810, 630), (0, 792, 666), (0, 810, 702), (18, 792, 702), (36, 792, 666), (0, 810, 666), (-36, 828, 666), (-36, 828, 684), (0, 828, 666), (18, 792, 666), (18, 810, 684), (36, 810, 720), (36, 792, 702), (18, 792, 684), (18, 810, 684), (36, 810, 684), (-36, 810, 684), (0, 810, 684), (-36, 828, 684), (0, 828, 702), (36, 774, 630), (54, 792, 648)]	(9411, 11084, 9872, 10642, 11600, 10539, 9069, 7567, 5815, 7120, 7529, 7607, 5245, 6369, 7346, 11710, 11419, 20000, 16504, 9262, 17128, 14116, 12035, 2090)
i	2035311	(596, 124)	[(18, 792, 684), (18, 810, 684), (-36, 810, 684), (36, 810, 666), (18, 810, 666), (18, 810, 702), (18, 810, 738), (18, 810, 666), (18, 792, 630), (18, 828, 666), (0, 810, 702), (0, 810, 684), (36, 810, 666), (36, 810, 666), (36, 810, 684), (18, 810, 684), (18, 810, 666), (0, 810, 684), (0, 828, 666), (-36, 810, 684), (18, 828, 702), (36, 792, 738), (72, 810, 684), (90, 792, 684), (90, 774, 684)]	(9412, 11090, 9898, 10641, 11604, 10624, 9002, 7556, 5823, 7130, 7487, 7586, 5264, 6379, 7352, 11829, 11423, 20008, 16506, 9265, 17090, 14130, 12041, 2087)
f	2035773	(667, 311)	[(18, 810, 666), (0, 810, 684), (0, 828, 666), (-36, 810, 684), (18, 828, 702), (36, 792, 738), (72, 810, 684), (90, 792, 684), (90, 774, 684), (54, 774, 666), (-36, 828, 666), (18, 828, 648), (54, 792, 666), (0, 810, 684), (0, 810, 702), (18, 792, 702), (36, 810, 684), (18, 810, 702), (18, 792, 702), (36, 810, 612), (-18, 828, 666), (-36, 828, 738), (0, 810, 720), (18, 810, 666), (54, 792, 612)]	(9403, 11100, 9916, 10672, 11613, 10599, 9262, 7686, 5975, 7150, 7586, 7727, 5279, 6382, 7356, 11832, 11427, 20023, 16589, 9278, 17169, 14140, 12048, 2094)
 	2036538	(834, 289)	[(18, 810, 702), (36, 828, 684), (18, 810, 666), (0, 810, 684), (18, 810, 684), (18, 810, 648), (18, 810, 666), (18, 810, 684), (54, 792, 684), (36, 810, 684), (36, 810, 666), (18, 810, 684), (18, 810, 720), (-36, 828, 666), (-18, 810, 666), (18, 810, 666), (18, 810, 684), (36, 792, 702), (36, 810, 684), (72, 792, 684), (36, 792, 702), (18, 810, 684), (0, 846, 720), (-54, 810, 666), (36, 810, 648)]	(9398, 11096, 9893, 10668, 11608, 10595, 9158, 7581, 5892, 7138, 7587, 7648, 5250, 6379, 7353, 11793, 11430, 20018, 16519, 9270, 17148, 14125, 12051, 2091)
t	2037101	(573, 264)	[(36, 792, 702), (18, 810, 684), (0, 846, 720), (-54, 810, 666), (36, 810, 648), (54, 792, 612), (54, 792, 684), (72, 792, 702), (36, 810, 684), (0, 828, 702), (0, 810, 684), (0, 810, 666), (18, 828, 666), (0, 810, 666), (18, 810, 684), (36, 810, 720), (36, 792, 684), (18, 810, 684), (18, 810, 684), (18, 810, 648), (36, 828, 648), (18, 810, 756), (18, 810, 684), (18, 810, 666), (36, 792, 648)]	(9413, 11112, 9905, 10701, 11615, 10655, 9295, 7637, 5959, 7146, 7665, 7699, 5244, 6377, 7351, 11872, 11424, 20017, 16519, 9272, 17135, 14122, 12046, 2092)
h	2037393	(635, 210)	[(0, 828, 702), (0, 810, 684), (0, 810, 666), (18, 828, 666), (0, 810, 666), (18, 810, 684), (36, 810, 720), (36, 792, 684), (18, 810, 684), (18, 810, 684), (18, 810, 648), (36, 828, 648), (18, 810, 756), (18, 810, 684), (18, 810, 666), (36, 792, 648), (54, 774, 648), (-54, 828, 666), (0, 828, 612), (18, 792, 612), (18, 828, 702), (54, 792, 702), (90, 774, 648), (72, 810, 630), (18, 810, 684)]	(9416, 11103, 9893, 10684, 11616, 10635, 9215, 7562, 5909, 7147, 7621, 7660, 5243, 6386, 7346, 11823, 11425, 20013, 16519, 9266, 17137, 14125, 12041, 2092)
e	2037691	(588, 361)	[(18, 810, 684), (18, 810, 648), (36, 828, 648), (18, 810, 756), (18, 810, 684), (18, 810, 666), (36, 792, 648), (54, 774, 648), (-54, 828, 666), (0, 828, 612), (18, 792, 612), (18, 828, 702), (54, 792, 702), (90, 774, 648), (72, 810, 630), (18, 810, 684), (36, 792, 648), (36, 792, 648), (18, 810, 630), (18, 828, 702), (-36, 810, 720), (0, 810, 684), (18, 810, 648), (18, 810, 630), (18, 810, 648)]	(9406, 11091, 9873, 10647, 11607, 10591, 9094, 7505, 5845, 7138, 7597, 7606, 5246, 6375, 7354, 11917, 11420, 20009, 16465, 9261, 17101, 14116, 12040, 2096)
 	2038254	(802, 263)	[(-36, 810, 720), (0, 810, 684), (18, 810, 648), (18, 810, 630), (18, 810, 648), (36, 810, 648), (18, 792, 684), (18, 792, 684), (36, 792, 702), (36, 792, 702), (0, 828, 702), (-54, 828, 666), (-54, 828, 648), (-54, 810, 648), (0, 828, 666), (36, 792, 702), (54, 792, 720), (36, 792, 684), (18, 810, 702), (18, 810, 648), (-54, 846, 630), (-54, 828, 666), (18, 810, 684), (54, 810, 648), (72, 774, 612)]	(9415, 11083, 9872, 10634, 11600, 10575, 9062, 7467, 5821, 7130, 7553, 7610, 5256, 6375, 7362, 11819, 11417, 20004, 16465, 9267, 17120, 14114, 12043, 2093)
a	2038768	(646, 447)	[(18, 810, 648), (-54, 846, 630), (-54, 828, 666), (18, 810, 684), (54, 810, 648), (72, 774, 612), (18, 810, 720), (-54, 828, 684), (-54, 828, 648), (18, 810, 648), (18, 792, 702), (18, 792, 666), (36, 792, 684), (-18, 810, 702), (0, 810, 684), (-36, 810, 666), (-36, 810, 666), (0, 792, 666), (0, 810, 684), (0, 810, 702), (-36, 828, 720), (-36, 792, 756), (18, 792, 684), (36, 792, 612), (-36, 810, 666)]	(9402, 11042, 9843, 10605, 11581, 10531, 8420, 7225, 5620, 7092, 7527, 7269, 5207, 6386, 7364, 12554, 11392, 19951, 15877, 9243, 16942, 14039, 12025, 2092)
l	2039315	(624, 84)	[(-36, 792, 756), (18, 792, 684), (36, 792, 612), (-36, 810, 666), (-36, 810, 720), (36, 810, 702), (0, 828, 666), (-18, 828, 648), (-36, 810, 648), (-36, 828, 648), (18, 810, 648), (18, 792, 666), (36, 828, 684), (36, 792, 684), (18, 810, 648), (18, 810, 648), (18, 828, 648), (18, 810, 666), (36, 810, 648), (18, 846, 612), (0, 828, 666), (18, 846, 702), (36, 810, 684), (18, 828, 666), (36, 828, 630)]	(9409, 11071, 9877, 10648, 11609, 10585, 9465, 7673, 6276, 7168, 7817, 7699, 5489, 6376, 7355, 11852, 11419, 20009, 16501, 9250, 17119, 14129, 12044, 2085)
t	2040197	(589, 220)	[(0, 810, 684), (18, 828, 666), (18, 810, 684), (36, 810, 666), (0, 810, 720), (18, 810, 684), (36, 792, 666), (54, 810, 666), (36, 810, 684), (18, 810, 702), (18, 810, 756), (36, 792, 684), (36, 810, 648), (18, 810, 666), (18, 828, 684), (18, 792, 666), (18, 810, 684), (54, 810, 630), (0, 828, 630), (-36, 828, 738), (0, 810, 774), (72, 792, 648), (72, 774, 630), (-18, 828, 720), (-54, 846, 720)]	(9407, 11074, 9859, 10640, 11601, 10545, 9427, 7545, 6208, 7161, 7734, 7695, 5473, 6379, 7359, 11898, 11425, 20020, 16545, 9266, 17140, 14130, 12032, 2077)
e	2040793	(582, 357)	[(-18, 828, 720), (-54, 846, 720), (18, 810, 684), (36, 810, 684), (18, 810, 684), (36, 810, 684), (18, 810, 648), (36, 828, 702), (18, 792, 684), (18, 810, 666), (18, 810, 666), (36, 810, 666), (18, 810, 666), (18, 810, 666), (0, 810, 666), (18, 810, 666), (18, 810, 684), (0, 810, 666), (36, 792, 612), (18, 828, 702), (-18, 810, 756), (18, 810, 684), (36, 810, 612), (18, 792, 630), (0, 828, 648)]	(9406, 11061, 9865, 10649, 11608, 10530, 9402, 7584, 6266, 7158, 7780, 7700, 5475, 6388, 7363, 11956, 11424, 20016, 16540, 9269, 17121, 14128, 12039, 2085)
r	2041156	(577, 323)	[(36, 810, 666), (18, 810, 666), (18, 810, 666), (0, 810, 666), (18, 810, 666), (18, 810, 684), (0, 810, 666), (36, 792, 612), (18, 828, 702), (-18, 810, 756), (18, 810, 684), (36, 810, 612), (18, 792, 630), (0, 828, 648), (36, 810, 684), (0, 810, 684), (0, 810, 648), (18, 810, 684), (36, 810, 630), (18, 792, 684), (0, 828, 720), (-18, 828, 666), (18, 828, 684), (18, 792, 684), (18, 810, 612)]	(9408, 11047, 9855, 10647, 11604, 10515, 9325, 7564, 6226, 7171, 7769, 7680, 5477, 6374, 7360, 11935, 11425, 20006, 16526, 9253, 17108, 14112, 12035, 2080)
n	2042495	(723, 162)	[(36, 810, 684), (18, 810, 684), (0, 810, 666), (0, 810, 684), (18, 810, 684), (36, 810, 684), (54, 810, 684), (18, 810, 684), (0, 810, 702), (18, 774, 648), (36, 810, 648), (18, 810, 666), (18, 810, 702), (36, 810, 702), (36, 810, 702), (18, 792, 648), (18, 828, 702), (0, 810, 684), (0, 810, 684), (18, 810, 684), (36, 792, 720), (36, 810, 720), (18, 828, 666), (0, 828, 630), (54, 792, 648)]	(9410, 11050, 9862, 10660, 11600, 10528, 9324, 7520, 6198, 7161, 7732, 7678, 5466, 6382, 7363, 11912, 11428, 20005, 16511, 9261, 17117, 14118, 12041, 2087)
a	2042889	(658, 436)	[(36, 810, 702), (36, 810, 702), (18, 792, 648), (18, 828, 702), (0, 810, 684), (0, 810, 684), (18, 810, 684), (36, 792, 720), (36, 810, 720), (18, 828, 666), (0, 828, 630), (54, 792, 648), (-36, 810, 666), (54, 792, 756), (36, 774, 684), (-36, 792, 648), (0, 828, 648), (-54, 792, 756), (18, 792, 720), (18, 810, 666), (0, 810, 666), (18, 810, 702), (-36, 828, 702), (-36, 828, 720), (0, 810, 684)]	(9411, 11074, 9855, 10656, 11612, 10610, 9141, 7582, 6170, 7160, 7915, 7564, 5397, 6405, 7373, 12449, 11414, 19976, 16204, 9251, 17032, 14079, 12035, 2093)
t	2043400	(588, 269)	[(18, 792, 720), (18, 810, 666), (0, 810, 666), (18, 810, 702), (-36, 828, 702), (-36, 828, 720), (0, 810, 684), (36, 810, 630), (-36, 828, 666), (0, 810, 666), (-36, 810, 684), (0, 810, 648), (18, 810, 684), (0, 810, 684), (18, 792, 666), (18, 792, 666), (18, 792, 684), (0, 810, 684), (0, 810, 666), (-18, 828, 648), (-18, 828, 648), (-36, 810, 810), (0, 810, 774), (36, 828, 648), (54, 792, 612)]	(9415, 11087, 9900, 10708, 11624, 10648, 9391, 7649, 6350, 7180, 7935, 7678, 5495, 6404, 7374, 12317, 11429, 20012, 16485, 9263, 17079, 14098, 12044, 2093)
i	2043796	(561, 157)	[(18, 792, 666), (18, 792, 666), (18, 792, 684), (0, 810, 684), (0, 810, 666), (-18, 828, 648), (-18, 828, 648), (-36, 810, 810), (0, 810, 774), (36, 828, 648), (54, 792, 612), (0, 810, 666), (36, 792, 684), (36, 792, 684), (18, 828, 666), (-36, 828, 684), (0, 828, 666), (-18, 828, 648), (18, 828, 666), (54, 828, 666), (18, 774, 702), (36, 810, 684), (0, 810, 666), (-36, 846, 666), (-18, 828, 666)]	(9410, 11058, 9885, 10664, 11616, 10640, 9291, 7596, 6271, 7161, 7858, 7643, 5477, 6402, 7374, 12208, 11422, 19994, 16463, 9250, 17046, 14092, 12035, 2094)
v	2044690	(743, 259)	[(0, 828, 684), (-36, 828, 666), (18, 810, 630), (18, 828, 648), (18, 810, 702), (18, 792, 684), (36, 810, 666), (0, 810, 684), (18, 828, 684), (18, 810, 684), (18, 810, 648), (0, 810, 666), (18, 828, 684), (18, 810, 684), (18, 810, 684), (18, 810, 666), (18, 810, 684), (18, 810, 684), (0, 810, 684), (18, 810, 630), (-36, 828, 684), (-36, 810, 738), (18, 810, 666), (18, 828, 630), (18, 810, 648)]	(9410, 11057, 9838, 10629, 11610, 10602, 9256, 7545, 6193, 7167, 7827, 7625, 5455, 6382, 7350, 12164, 11419, 19985, 16452, 9243, 17035, 14077, 12025, 2086)
e	2045235	(600, 338)	[(-36, 828, 684), (-36, 810, 738), (18, 810, 666), (18, 828, 630), (18, 810, 648), (0, 810, 684), (54, 810, 702), (18, 810, 684), (18, 828, 648), (-54, 828, 648), (-36, 828, 666), (36, 810, 702), (54, 792, 666), (36, 828, 666), (-18, 810, 702), (-36, 810, 666), (0, 828, 648), (0, 810, 648), (36, 810, 666), (18, 810, 720), (0, 810, 756), (36, 792, 684), (36, 810, 630), (18, 828, 684), (18, 810, 666)]	(9415, 11076, 9887, 10657, 11622, 10642, 9375, 7623, 6321, 7166, 7907, 7675, 5490, 6410, 7367, 12323, 11431, 20005, 16511, 9265, 17067, 14101, 12037, 2087)
 	2046173	(813, 260)	[(18, 810, 666), (0, 810, 666), (0, 810, 684), (0, 810, 684), (18, 810, 666), (0, 810, 666), (0, 810, 684), (18, 828, 684), (0, 810, 684), (-18, 810, 702), (-36, 810, 666), (18, 810, 666), (-54, 828, 666), (-36, 810, 684), (0, 810, 666), (0, 810, 702), (0, 810, 702), (18, 792, 702), (18, 810, 666), (18, 810, 666), (0, 810, 702), (-36, 810, 738), (18, 810, 666), (18, 828, 630), (0, 810, 684)]	(9409, 11049, 9856, 10639, 11613, 10605, 9306, 7529, 6236, 7164, 7859, 7634, 5414, 6395, 7367, 12240, 11424, 20002, 16404, 9253, 17088, 14096, 12042, 2092)
i	2046991	(573, 125)	[(-36, 810, 702), (18, 810, 684), (0, 810, 666), (-36, 810, 684), (0, 810, 702), (36, 792, 702), (0, 810, 648), (-36, 810, 684), (-18, 810, 684), (-36, 810, 648), (0, 828, 684), (18, 792, 702), (18, 810, 666), (36, 810, 684), (36, 792, 684), (18, 828, 648), (0, 810, 684), (-36, 828, 684), (18, 828, 612), (18, 810, 684), (18, 810, 738), (36, 792, 702), (36, 810, 666), (54, 810, 648), (18, 828, 630)]	(9410, 11049, 9883, 10633, 11603, 10646, 9392, 7571, 6332, 7159, 7829, 7675, 5499, 6392, 7362, 12113, 11426, 20007, 16457, 9260, 17051, 14118, 12036, 2087)
s	2047758	(654, 394)	[(18, 810, 666), (36, 810, 648), (18, 810, 684), (-36, 828, 702), (0, 828, 684), (0, 810, 666), (18, 828, 648), (18, 810, 684), (0, 792, 702), (36, 810, 702), (18, 810, 666), (-36, 828, 684), (18, 810, 630), (18, 810, 648), (18, 810, 684), (0, 828, 702), (-18, 828, 684), (18, 810, 648), (0, 810, 612), (0, 828, 648), (-18, 828, 684), (0, 810, 702), (18, 828, 684), (36, 810, 684), (36, 810, 630)]	(9398, 11049, 9866, 10628, 11612, 10597, 9379, 7541, 6310, 7178, 7918, 7679, 5461, 6401, 7371, 12312, 11424, 19994, 16361, 9256, 17046, 14099, 12036, 2093)
 	2048275	(823, 250)	[(0, 828, 648), (-18, 828, 684), (0, 810, 702), (18, 828, 684), (36, 810, 684), (36, 810, 630), (18, 810, 666), (18, 792, 702), (0, 810, 702), (0, 810, 666), (-36, 810, 684), (0, 810, 684), (-54, 810, 684), (-54, 828, 684), (0, 810, 684), (18, 792, 702), (0, 810, 702), (18, 810, 684), (0, 792, 684), (-36, 828, 666), (-36, 828, 684), (18, 810, 666), (-18, 810, 648), (-36, 810, 684), (18, 792, 720)]	(9413, 11045, 9867, 10633, 11621, 10633, 9391, 7553, 6299, 7170, 7908, 7637, 5467, 6410, 7370, 12376, 11425, 20006, 16306, 9268, 17069, 14098, 12040, 2091)
n	2048938	(728, 154)	[(18, 810, 720), (0, 810, 666), (-36, 810, 684), (0, 810, 702), (36, 792, 702), (18, 810, 702), (0, 810, 702), (0, 828, 666), (0, 810, 666), (0, 792, 720), (18, 792, 702), (18, 810, 684), (18, 810, 684), (18, 792, 684), (0, 810, 684), (-36, 810, 684), (0, 810, 684), (18, 810, 684), (0, 810, 702), (18, 810, 648), (18, 828, 684), (0, 810, 702), (36, 774, 702), (36, 810, 612), (-72, 828, 702)]	(9399, 10993, 9828, 10568, 11597, 10541, 9107, 7382, 6171, 7121, 7765, 7526, 5466, 6394, 7376, 12215, 11416, 19981, 16209, 9252, 17019, 14082, 12036, 2095)
o	2049435	(580, 97)	[(18, 810, 648), (18, 828, 684), (0, 810, 702), (36, 774, 702), (36, 810, 612), (-72, 828, 702), (-36, 828, 720), (54, 792, 684), (-54, 864, 666), (-36, 828, 630), (-36, 828, 648), (0, 828, 684), (18, 810, 684), (18, 810, 666), (36, 828, 630), (18, 810, 648), (0, 828, 684), (-36, 810, 666), (18, 828, 648), (0, 792, 666), (0, 828, 702), (0, 846, 684), (36, 846, 630), (54, 810, 594), (18, 828, 666)]	(9409, 11038, 9899, 10655, 11632, 10724, 9568, 7601, 6324, 7180, 7919, 7711, 5515, 6407, 7371, 12140, 11432, 20006, 16551, 9251, 17034, 14112, 12039, 2085)
 	2049950	(805, 222)	[(18, 828, 648), (0, 792, 666), (0, 828, 702), (0, 846, 684), (36, 846, 630), (54, 810, 594), (18, 828, 666), (18, 810, 630), (18, 810, 648), (0, 828, 666), (-54, 810, 738), (-72, 828, 720), (-72, 846, 684), (-54, 828, 648), (-36, 810, 648), (18, 810, 666), (18, 810, 702), (18, 810, 684), (-36, 810, 666), (-36, 846, 648), (-72, 828, 702), (-36, 828, 666), (-36, 810, 666), (0, 810, 666), (36, 792, 666)]	(9409, 11055, 9882, 10625, 11623, 10706, 9264, 7530, 6160, 7154, 7910, 7606, 5445, 6410, 7370, 12239, 11425, 19995, 16433, 9236, 16990, 14046, 12032, 2089)
c	2050665	(719, 306)	[(-54, 828, 756), (18, 774, 756), (36, 792, 720), (-18, 810, 666), (-36, 810, 684), (-36, 792, 702), (-54, 810, 666), (-36, 792, 684), (-36, 810, 666), (-36, 792, 702), (-36, 810, 702), (-36, 792, 720), (-36, 810, 702), (-36, 810, 666), (0, 810, 666), (-36, 792, 720), (-36, 792, 720), (0, 792, 702), (-18, 828, 648), (-36, 828, 684), (0, 810, 666), (0, 810, 684), (0, 792, 702), (-36, 810, 666), (-36, 828, 666)]	(9409, 11028, 9872, 10590, 11621, 10715, 9001, 7402, 6062, 7155, 7841, 7465, 5440, 6401, 7364, 12290, 11412, 19969, 16015, 9236, 16942, 14029, 12028, 2091)
o	2051231	(568, 100)	[(0, 810, 684), (0, 792, 702), (-36, 810, 666), (-36, 828, 666), (18, 792, 666), (0, 792, 702), (0, 810, 666), (0, 810, 648), (-36, 828, 684), (0, 810, 702), (18, 792, 684), (36, 792, 684), (36, 792, 666), (36, 774, 684), (18, 810, 702), (0, 810, 702), (0, 810, 648), (36, 792, 648), (36, 810, 630), (0, 810, 702), (-36, 846, 756), (-18, 792, 720), (18, 828, 612), (54, 774, 612), (-36, 810, 702)]	(9411, 11038, 9887, 10641, 11619, 10766, 9341, 7573, 6320, 7175, 7871, 7604, 5508, 6419, 7372, 12170, 11433, 19992, 16277, 9246, 16999, 14109, 12037, 2092)
n	2051576	(722, 162)	[(36, 792, 684), (36, 792, 666), (36, 774, 684), (18, 810, 702), (0, 810, 702), (0, 810, 648), (36, 792, 648), (36, 810, 630), (0, 810, 702), (-36, 846, 756), (-18, 792, 720), (18, 828, 612), (54, 774, 612), (-36, 810, 702), (18, 810, 648), (18, 792, 630), (0, 810, 666), (0, 810, 702), (54, 792, 684), (36, 792, 684), (18, 810, 684), (-18, 810, 648), (18, 810, 630), (36, 810, 666), (-18, 828, 720)]	(9386, 11031, 9863, 10613, 11613, 10739, 9331, 7513, 6239, 7174, 7828, 7567, 5510, 6418, 7380, 12209, 11426, 20006, 16293, 9251, 17016, 14115, 12040, 2094)
t	2052443	(583, 342)	[(36, 810, 666), (18, 810, 666), (18, 828, 666), (18, 810, 702), (18, 792, 702), (54, 810, 684), (36, 810, 648), (0, 810, 684), (18, 792, 684), (18, 810, 684), (18, 810, 666), (36, 810, 684), (18, 810, 684), (18, 810, 702), (36, 792, 684), (36, 810, 684), (18, 828, 702), (18, 810, 684), (0, 810, 684), (18, 810, 702), (0, 810, 666), (18, 810, 666), (18, 810, 684), (18, 810, 702), (54, 792, 684)]	(9409, 11015, 9863, 10623, 11605, 10601, 9276, 7526, 6306, 7168, 7905, 7633, 5525, 6412, 7370, 12225, 11425, 19992, 16298, 9244, 17023, 14095, 12038, 2093)
e	2054499	(581, 357)	[(36, 810, 648), (18, 810, 684), (0, 810, 666), (18, 792, 702), (0, 810, 702), (18, 810, 684), (0, 810, 666), (0, 810, 648), (-18, 828, 666), (18, 810, 684), (18, 792, 702), (18, 810, 666), (18, 810, 666), (0, 810, 684), (18, 792, 684), (18, 810, 666), (0, 810, 702), (18, 810, 720), (36, 792, 612), (18, 828, 612), (18, 810, 702), (-54, 828, 810), (18, 810, 702), (54, 792, 576), (36, 810, 576)]	(9401, 11011, 9871, 10634, 11596, 10576, 9235, 7425, 6219, 7160, 7850, 7641, 5553, 6399, 7363, 12144, 11421, 19995, 16466, 9242, 17033, 14079, 12034, 2088)
n	2055380	(728, 165)	[(0, 810, 684), (0, 810, 666), (18, 792, 702), (18, 792, 684), (18, 810, 666), (18, 810, 702), (18, 810, 684), (0, 810, 684), (0, 810, 666), (-54, 810, 684), (0, 810, 666), (18, 792, 684), (18, 810, 702), (36, 792, 720), (36, 792, 684), (18, 810, 684), (0, 810, 702), (18, 810, 702), (18, 792, 666), (18, 810, 666), (0, 810, 720), (36, 810, 684), (0, 828, 684), (18, 792, 666), (-36, 828, 630)]	(9410, 11035, 9919, 10695, 11611, 10659, 9471, 7654, 6541, 7186, 7912, 7719, 5592, 6414, 7384, 12247, 11440, 20022, 16577, 9261, 17102, 14116, 12040, 2090)
t	2055825	(579, 287)	[(0, 810, 702), (18, 810, 702), (18, 792, 666), (18, 810, 666), (0, 810, 720), (36, 810, 684), (0, 828, 684), (18, 792, 666), (-36, 828, 630), (54, 810, 666), (-36, 828, 684), (36, 810, 702), (36, 792, 702), (-18, 810, 702), (-54, 828, 684), (0, 810, 666), (18, 810, 630), (18, 810, 666), (36, 792, 720), (36, 810, 702), (0, 828, 702), (-36, 828, 720), (18, 792, 648), (36, 828, 648), (18, 810, 666)]	(9407, 11015, 9880, 10660, 11613, 10630, 9285, 7502, 6353, 7175, 7910, 7668, 5549, 6412, 7375, 12197, 11429, 19996, 16470, 9248, 17023, 14088, 12037, 2097)
