Please hold the phone in your right hand and type with your left index finger
h	2524034	(652, 202)	[(-18, 828, 666), (0, 810, 666), (-36, 828, 666), (-18, 810, 666), (-36, 828, 666), (-54, 828, 648), (0, 828, 666), (-18, 828, 684), (-36, 828, 666), (-36, 810, 666), (-36, 828, 666), (0, 828, 666), (-36, 828, 666), (-36, 810, 666), (-36, 828, 666), (0, 828, 684), (18, 828, 648), (18, 828, 666), (0, 828, 666), (-36, 828, 666), (-36, 828, 666), (-36, 810, 666), (-36, 828, 666), (54, 846, 630), (54, 828, 594)]	(9503, 11530, 9778, 10363, 11647, 11884, 6562, 7451, 4718, 7140, 7099, 7734, 5438, 10486, 7558, 9964, 12376, 19847, 15976, 8966, 16206, 13236, 11970, 2099)
e	2524433	(574, 344)	[(-36, 810, 666), (-36, 828, 666), (0, 828, 684), (18, 828, 648), (18, 828, 666), (0, 828, 666), (-36, 828, 666), (-36, 828, 666), (-36, 810, 666), (-36, 828, 666), (54, 846, 630), (54, 828, 594), (-54, 810, 756), (-108, 846, 756), (-36, 792, 666), (18, 846, 630), (54, 846, 666), (36, 828, 666), (0, 828, 648), (-36, 828, 666), (-36, 810, 666), (-54, 828, 684), (-36, 846, 540), (0, 846, 648), (-18, 846, 630)]	(42356, 44291, 9795, 10393, 11653, 11960, 6511, 7423, 4783, 7136, 7005, 7725, 5500, 10546, 7517, 9940, 12382, 19782, 15925, 8944, 16177, 13240, 11986, 2095)
 	2525044	(853, 206)	[(-18, 846, 630), (18, 828, 630), (0, 828, 684), (-36, 810, 720), (0, 828, 666), (18, 846, 666), (0, 828, 630), (18, 828, 630), (36, 846, 648), (36, 828, 648), (18, 846, 630), (18, 828, 630), (0, 828, 648), (-36, 828, 684), (-36, 810, 684), (-36, 810, 648), (0, 828, 666), (18, 828, 666), (36, 846, 666), (18, 828, 648), (36, 846, 774), (18, 810, 432), (-54, 810, 756), (-126, 846, 846), (-36, 810, 684)]	(9502, 11517, 9825, 10435, 11656, 11965, 6430, 7553, 4870, 7105, 7029, 7749, 5435, 10454, 7536, 9912, 12317, 19810, 15895, 8954, 16162, 13224, 11959, 2101)
p	2525756	(582, 23)	[(-36, 828, 630), (0, 828, 630), (18, 846, 630), (18, 828, 630), (18, 846, 630), (36, 846, 612), (72, 846, 594), (108, 864, 576), (90, 864, 612), (90, 864, 612), (54, 846, 630), (36, 846, 630), (18, 846, 630), (0, 846, 648), (18, 846, 666), (18, 846, 648), (18, 846, 630), (36, 846, 648), (54, 828, 648), (18, 846, 648), (36, 846, 558), (54, 846, 648), (54, 864, 630), (54, 846, 612), (18, 864, 576)]	(9500, 11462, 9721, 10346, 11635, 11959, 6269, 7474, 4757, 7068, 6938, 7600, 5434, 10489, 7548, 9780, 12326, 19790, 15897, 8950, 16156, 13217, 11967, 2095)
l	2526096	(689, 44)	[(36, 846, 630), (18, 846, 630), (0, 846, 648), (18, 846, 666), (18, 846, 648), (18, 846, 630), (36, 846, 648), (54, 828, 648), (18, 846, 648), (36, 846, 558), (54, 846, 648), (54, 864, 630), (54, 846, 612), (18, 864, 576), (108, 846, 558), (90, 864, 684), (90, 846, 684), (54, 864, 630), (18, 864, 612), (54, 900, 594), (72, 846, 612), (18, 846, 666), (18, 846, 630), (18, 882, 558), (72, 864, 720)]	(9497, 11493, 9712, 10360, 11656, 12122, 6356, 7433, 4877, 7121, 7082, 7623, 5488, 10605, 7496, 9789, 12343, 19851, 15997, 8964, 16192, 13226, 11983, 2101)
a	2526455	(665, 410)	[(54, 864, 630), (54, 846, 612), (18, 864, 576), (108, 846, 558), (90, 864, 684), (90, 846, 684), (54, 864, 630), (18, 864, 612), (54, 900, 594), (72, 846, 612), (18, 846, 666), (18, 846, 630), (18, 882, 558), (72, 864, 720), (72, 846, 630), (54, 846, 558), (18, 846, 630), (0, 846, 630), (18, 846, 648), (0, 846, 630), (18, 846, 648), (36, 846, 648), (36, 846, 630), (36, 846, 558), (72, 828, 486)]	(9493, 11468, 9739, 10350, 11652, 12095, 6316, 7376, 4801, 7100, 6989, 7586, 5435, 10688, 7545, 9736, 12355, 19822, 15918, 8952, 16153, 13224, 11969, 2093)
y	2526850	(594, 196)	[(72, 846, 630), (54, 846, 558), (18, 846, 630), (0, 846, 630), (18, 846, 648), (0, 846, 630), (18, 846, 648), (36, 846, 648), (36, 846, 630), (36, 846, 558), (72, 828, 486), (36, 864, 684), (18, 864, 792), (0, 846, 702), (18, 828, 612), (-36, 828, 576), (36, 864, 666), (36, 846, 630), (36, 864, 630), (36, 864, 612), (18, 846, 630), (18, 846, 630), (36, 846, 648), (18, 846, 630), (90, 864, 468)]	(9499, 11461, 9725, 10363, 11653, 12120, 6201, 7349, 4824, 7115, 7049, 7697, 5476, 10702, 7567, 9750, 12410, 19815, 15932, 8969, 16197, 13228, 11970, 2092)
e	2527142	(571, 344)	[(36, 846, 630), (36, 846, 558), (72, 828, 486), (36, 864, 684), (18, 864, 792), (0, 846, 702), (18, 828, 612), (-36, 828, 576), (36, 864, 666), (36, 846, 630), (36, 864, 630), (36, 864, 612), (18, 846, 630), (18, 846, 630), (36, 846, 648), (18, 846, 630), (90, 864, 468), (90, 828, 558), (-72, 864, 684), (-18, 864, 864), (-54, 846, 666), (36, 846, 540), (18, 846, 612), (0, 846, 630), (36, 828, 576)]	(9490, 11470, 9743, 10358, 11644, 12153, 6256, 7421, 4808, 7065, 6897, 7689, 5497, 10682, 7533, 9762, 12347, 19804, 15872, 8959, 16156, 13232, 11966, 2096)
d	2527453	(664, 327)	[(36, 864, 630), (36, 864, 612), (18, 846, 630), (18, 846, 630), (36, 846, 648), (18, 846, 630), (90, 864, 468), (90, 828, 558), (-72, 864, 684), (-18, 864, 864), (-54, 846, 666), (36, 846, 540), (18, 846, 612), (0, 846, 630), (36, 828, 576), (36, 846, 540), (36, 846, 702), (18, 882, 756), (18, 864, 648), (36, 828, 576), (18, 864, 666), (36, 864, 558), (18, 846, 666), (36, 864, 774), (18, 846, 612)]	(9504, 11504, 9736, 10370, 11666, 12247, 6223, 7429, 4959, 7103, 7071, 7582, 5469, 10796, 7570, 9825, 12402, 19806, 15891, 8957, 16170, 13230, 11959, 2091)
 	2528264	(853, 216)	[(36, 864, 612), (36, 864, 630), (18, 846, 630), (18, 846, 648), (18, 846, 648), (18, 846, 630), (18, 846, 630), (36, 864, 630), (18, 846, 648), (36, 846, 612), (18, 846, 630), (36, 846, 630), (36, 864, 648), (18, 864, 648), (18, 846, 630), (18, 846, 630), (18, 846, 630), (18, 846, 630), (36, 864, 648), (36, 846, 630), (36, 846, 648), (36, 846, 468), (36, 864, 612), (0, 846, 792), (-36, 828, 648)]	(9503, 11508, 9784, 10406, 11658, 12245, 6205, 7492, 4838, 7130, 7074, 7679, 5446, 10753, 7553, 9798, 12390, 19800, 15908, 8957, 16170, 13223, 11965, 2096)
g	2528874	(651, 228)	[(0, 846, 792), (-36, 828, 648), (36, 864, 648), (0, 846, 648), (36, 846, 630), (18, 846, 630), (36, 864, 612), (54, 846, 630), (36, 846, 612), (36, 846, 612), (36, 846, 648), (36, 846, 648), (18, 846, 630), (18, 864, 612), (18, 846, 630), (36, 846, 648), (36, 846, 630), (36, 846, 630), (36, 846, 630), (36, 864, 630), (36, 846, 630), (36, 846, 630), (18, 846, 648), (54, 846, 594), (0, 864, 558)]	(9502, 11476, 9735, 10356, 11649, 12210, 6236, 7303, 4709, 7076, 6904, 7594, 5435, 10791, 7505, 9816, 12393, 19817, 15932, 8957, 16179, 13244, 11959, 2094)
o	2529266	(587, 85)	[(18, 864, 612), (18, 846, 630), (36, 846, 648), (36, 846, 630), (36, 846, 630), (36, 846, 630), (36, 864, 630), (36, 846, 630), (36, 846, 630), (18, 846, 648), (54, 846, 594), (0, 864, 558), (36, 864, 810), (18, 864, 702), (0, 828, 522), (36, 846, 594), (54, 864, 594), (54, 864, 612), (36, 864, 612), (54, 864, 630), (36, 846, 630), (36, 864, 612), (18, 846, 630), (72, 828, 522), (90, 864, 558)]	(9500, 11478, 9736, 10359, 11655, 12292, 6128, 7369, 4830, 7099, 7007, 7562, 5479, 10830, 7546, 9857, 12394, 19816, 15942, 8972, 16209, 13226, 11955, 2100)
a	2529775	(680, 429)	[(36, 864, 612), (54, 864, 630), (36, 846, 630), (36, 864, 612), (18, 846, 630), (72, 828, 522), (90, 864, 558), (36, 882, 630), (36, 864, 738), (18, 846, 666), (36, 828, 576), (36, 846, 558), (54, 864, 630), (18, 846, 630), (18, 846, 630), (18, 864, 612), (18, 846, 630), (36, 864, 648), (36, 828, 630), (54, 846, 612), (36, 864, 612), (36, 864, 630), (18, 846, 630), (18, 846, 684), (72, 900, 378)]	(9498, 11460, 9743, 10377, 11652, 12306, 6146, 7462, 4720, 7089, 6967, 7556, 5524, 10961, 7560, 9857, 12453, 19809, 15888, 8959, 16171, 13239, 11961, 2095)
l	2530789	(625, 58)	[(36, 864, 612), (54, 864, 612), (54, 864, 612), (54, 864, 630), (72, 846, 630), (72, 864, 630), (36, 864, 630), (36, 846, 630), (36, 846, 612), (36, 846, 612), (36, 846, 612), (54, 864, 612), (54, 864, 612), (54, 846, 648), (72, 864, 630), (54, 846, 630), (54, 864, 612), (36, 864, 612), (36, 846, 630), (36, 846, 612), (54, 846, 612), (72, 864, 630), (54, 882, 666), (72, 864, 612), (54, 864, 558)]	(9495, 11463, 9704, 10362, 11647, 12236, 6220, 7321, 4793, 7123, 6948, 7541, 5466, 10842, 7533, 9718, 12404, 19800, 15874, 8953, 16171, 13234, 11963, 2093)
i	2531150	(587, 138)	[(54, 864, 612), (54, 846, 648), (72, 864, 630), (54, 846, 630), (54, 864, 612), (36, 864, 612), (36, 846, 630), (36, 846, 612), (54, 846, 612), (72, 864, 630), (54, 882, 666), (72, 864, 612), (54, 864, 558), (72, 846, 558), (36, 864, 666), (36, 882, 702), (54, 882, 594), (90, 828, 576), (54, 864, 648), (18, 864, 612), (54, 864, 612), (54, 846, 612), (126, 864, 594), (72, 864, 594), (18, 846, 684)]	(9502, 11514, 9766, 10425, 11667, 12364, 6211, 7485, 4685, 7100, 6953, 7658, 5524, 10916, 7525, 9836, 12393, 19830, 15949, 8967, 16192, 13235, 11980, 2084)
e	2531593	(584, 338)	[(54, 882, 594), (90, 828, 576), (54, 864, 648), (18, 864, 612), (54, 864, 612), (54, 846, 612), (126, 864, 594), (72, 864, 594), (18, 846, 684), (0, 846, 666), (0, 846, 612), (54, 846, 594), (36, 864, 594), (72, 864, 594), (54, 864, 630), (18, 846, 612), (18, 846, 630), (36, 846, 648), (36, 846, 630), (54, 864, 630), (54, 864, 612), (54, 864, 612), (54, 846, 612), (36, 864, 612), (72, 864, 522)]	(9500, 11450, 9724, 10356, 11641, 12330, 6188, 7160, 4723, 7106, 6930, 7661, 5505, 10958, 7544, 9799, 12412, 19820, 15940, 8966, 16178, 13219, 11960, 2096)
 	2532405	(852, 206)	[(18, 846, 630), (18, 846, 630), (18, 846, 648), (36, 828, 648), (54, 846, 612), (72, 864, 630), (54, 864, 630), (54, 846, 612), (36, 846, 630), (36, 846, 648), (36, 846, 630), (18, 846, 648), (36, 846, 630), (36, 846, 612), (18, 846, 612), (18, 846, 630), (36, 846, 648), (18, 828, 648), (18, 846, 630), (18, 846, 684), (36, 828, 594), (36, 846, 504), (18, 864, 738), (18, 846, 630), (36, 846, 540)]	(9507, 11479, 9736, 10360, 11655, 12356, 6096, 7252, 4668, 7140, 6885, 7518, 5493, 10804, 7535, 9655, 12326, 19778, 15799, 8944, 16133, 13230, 11968, 2097)
a	2532916	(646, 430)	[(18, 846, 630), (18, 846, 684), (36, 828, 594), (36, 846, 504), (18, 864, 738), (18, 846, 630), (36, 846, 540), (36, 846, 666), (18, 846, 612), (36, 864, 630), (36, 846, 630), (36, 846, 630), (18, 846, 648), (36, 846, 630), (36, 846, 630), (36, 846, 630), (36, 846, 648), (36, 846, 630), (36, 846, 648), (0, 846, 648), (18, 828, 648), (18, 846, 648), (36, 864, 648), (54, 846, 648), (72, 900, 396)]	(9495, 11448, 9722, 10340, 11648, 12405, 6170, 7166, 4845, 7046, 6931, 7668, 5496, 10826, 7520, 9731, 12350, 19781, 15806, 8950, 16133, 13205, 11950, 2088)
l	2533576	(640, 32)	[(54, 882, 900), (-54, 882, 900), (-54, 828, 648), (0, 828, 576), (-36, 810, 558), (36, 828, 540), (36, 846, 648), (36, 846, 630), (36, 846, 648), (72, 864, 630), (90, 846, 612), (72, 864, 648), (36, 864, 630), (54, 846, 630), (36, 846, 630), (36, 828, 630), (36, 828, 648), (18, 846, 648), (54, 846, 630), (54, 846, 612), (72, 864, 630), (54, 846, 648), (54, 846, 630), (72, 846, 540), (90, 846, 612)]	(9501, 11445, 9670, 10289, 11648, 12366, 6169, 7247, 4772, 7082, 6925, 7639, 5436, 10838, 7536, 9648, 12393, 19783, 15846, 8963, 16151, 13220, 11963, 2090)
m	2533969	(751, 104)	[(36, 864, 630), (54, 846, 630), (36, 846, 630), (36, 828, 630), (36, 828, 648), (18, 846, 648), (54, 846, 630), (54, 846, 612), (72, 864, 630), (54, 846, 648), (54, 846, 630), (72, 846, 540), (90, 846, 612), (18, 882, 594), (18, 846, 756), (0, 846, 702), (18, 846, 558), (72, 846, 630), (36, 828, 648), (18, 828, 630), (18, 828, 630), (54, 846, 630), (72, 846, 630), (54, 864, 612), (72, 846, 612)]	(9494, 11443, 9677, 10309, 11644, 12407, 6071, 7161, 4778, 7081, 6862, 7510, 5442, 10856, 7501, 9698, 12404, 19802, 15875, 8966, 16166, 13225, 11982, 2090)
o	2534327	(594, 68)	[(90, 846, 612), (18, 882, 594), (18, 846, 756), (0, 846, 702), (18, 846, 558), (72, 846, 630), (36, 828, 648), (18, 828, 630), (18, 828, 630), (54, 846, 630), (72, 846, 630), (54, 864, 612), (72, 846, 612), (54, 864, 630), (36, 828, 594), (36, 846, 702), (18, 828, 630), (18, 846, 558), (54, 846, 648), (36, 864, 648), (36, 846, 612), (54, 846, 630), (54, 846, 558), (90, 864, 612), (54, 846, 630)]	(9499, 11493, 9727, 10364, 11652, 12537, 6208, 7457, 4695, 7110, 6900, 7618, 5522, 10981, 7504, 9809, 12386, 19814, 15978, 8976, 16205, 13249, 11973, 2098)
s	2534769	(651, 362)	[(18, 828, 630), (18, 846, 558), (54, 846, 648), (36, 864, 648), (36, 846, 612), (54, 846, 630), (54, 846, 558), (90, 864, 612), (54, 846, 630), (18, 846, 702), (-36, 846, 684), (18, 828, 630), (54, 846, 594), (54, 846, 576), (36, 846, 630), (18, 864, 648), (18, 846, 630), (36, 846, 630), (54, 846, 630), (72, 864, 630), (54, 864, 630), (36, 864, 630), (36, 846, 630), (18, 846, 630), (54, 828, 576)]	(9507, 11483, 9703, 10340, 11660, 12446, 6203, 7332, 4730, 7138, 6920, 7565, 5526, 11014, 7508, 9770, 12460, 19811, 15919, 8975, 16207, 13235, 11960, 2100)
t	2535128	(574, 238)	[(54, 846, 594), (54, 846, 576), (36, 846, 630), (18, 864, 648), (18, 846, 630), (36, 846, 630), (54, 846, 630), (72, 864, 630), (54, 864, 630), (36, 864, 630), (36, 846, 630), (18, 846, 630), (54, 828, 576), (90, 864, 612), (54, 864, 684), (54, 864, 684), (18, 846, 666), (-18, 828, 630), (0, 828, 576), (54, 846, 612), (72, 864, 666), (18, 846, 648), (36, 828, 594), (54, 864, 702), (54, 864, 666)]	(9512, 11492, 9716, 10323, 11668, 12468, 6263, 7203, 4822, 7052, 6933, 7700, 5505, 10995, 7556, 9767, 12415, 19811, 15907, 8965, 16190, 13227, 11974, 2094)
 	2535844	(850, 174)	[(18, 828, 666), (54, 864, 612), (54, 864, 612), (54, 864, 648), (54, 846, 630), (36, 846, 630), (36, 846, 630), (36, 828, 630), (18, 828, 648), (36, 846, 648), (54, 846, 630), (36, 846, 630), (36, 846, 630), (36, 846, 648), (36, 846, 630), (36, 846, 648), (18, 846, 630), (36, 846, 666), (36, 846, 666), (108, 846, 720), (54, 846, 522), (0, 846, 846), (54, 828, 576), (54, 828, 540), (54, 864, 612)]	(9500, 11462, 9695, 10319, 11647, 12399, 6152, 7194, 4825, 7056, 6938, 7633, 5440, 10788, 7537, 9694, 12359, 19793, 15828, 8947, 16120, 13225, 11967, 2096)
t	2536287	(594, 247)	[(18, 846, 630), (36, 846, 666), (36, 846, 666), (108, 846, 720), (54, 846, 522), (0, 846, 846), (54, 828, 576), (54, 828, 540), (54, 864, 612), (36, 846, 630), (36, 846, 648), (54, 846, 648), (54, 846, 630), (54, 864, 630), (54, 864, 630), (54, 846, 630), (36, 846, 630), (36, 846, 612), (36, 846, 648), (36, 828, 666), (36, 846, 630), (54, 846, 612), (54, 846, 630), (72, 846, 630), (126, 882, 522)]	(9500, 11471, 9707, 10315, 11664, 12457, 6250, 7330, 4727, 7057, 6955, 7643, 5542, 10995, 7551, 9777, 12420, 19830, 15954, 8986, 16205, 13255, 11970, 2101)
h	2536578	(671, 186)	[(54, 864, 612), (36, 846, 630), (36, 846, 648), (54, 846, 648), (54, 846, 630), (54, 864, 630), (54, 864, 630), (54, 846, 630), (36, 846, 630), (36, 846, 612), (36, 846, 648), (36, 828, 666), (36, 846, 630), (54, 846, 612), (54, 846, 630), (72, 846, 630), (126, 882, 522), (36, 828, 576), (0, 864, 828), (0, 846, 756), (0, 828, 558), (72, 846, 684), (36, 846, 630), (18, 846, 558), (54, 846, 738)]	(9511, 11492, 9700, 10355, 11669, 12493, 6187, 7468, 4708, 7105, 6922, 7564, 5508, 11048, 7565, 9778, 12432, 19780, 15936, 8971, 16200, 13237, 11979, 2104)
e	2536939	(608, 351)	[(36, 828, 666), (36, 846, 630), (54, 846, 612), (54, 846, 630), (72, 846, 630), (126, 882, 522), (36, 828, 576), (0, 864, 828), (0, 846, 756), (0, 828, 558), (72, 846, 684), (36, 846, 630), (18, 846, 558), (54, 846, 738), (54, 864, 702), (54, 828, 540), (72, 846, 612), (18, 846, 630), (36, 864, 648), (36, 846, 630), (72, 846, 630), (54, 846, 648), (54, 828, 630), (54, 846, 630), (36, 846, 648)]	(9502, 11455, 9684, 10312, 11649, 12456, 6151, 7343, 4788, 7151, 6866, 7536, 5497, 10980, 7548, 9695, 12424, 19792, 15890, 8957, 16162, 13235, 11956, 2089)
 	2537702	(817, 225)	[(36, 846, 630), (36, 846, 648), (36, 846, 648), (36, 846, 630), (54, 846, 630), (54, 864, 630), (54, 846, 648), (36, 846, 612), (36, 846, 630), (36, 864, 648), (36, 846, 648), (36, 846, 630), (54, 846, 630), (36, 846, 648), (36, 846, 630), (36, 846, 630), (36, 846, 648), (36, 846, 648), (18, 846, 648), (36, 828, 630), (36, 846, 630), (36, 846, 630), (54, 846, 612), (36, 864, 702), (54, 828, 486)]	(9496, 11425, 9688, 10294, 11647, 12375, 6079, 7315, 4791, 7044, 7003, 7502, 5437, 10921, 7523, 9691, 12395, 19780, 15859, 8967, 16156, 13235, 11970, 2096)
e	2539136	(565, 348)	[(18, 828, 648), (36, 846, 630), (36, 846, 612), (36, 846, 648), (36, 846, 648), (36, 846, 630), (36, 828, 648), (36, 828, 630), (36, 846, 666), (18, 846, 648), (36, 828, 630), (36, 846, 612), (54, 846, 648), (36, 846, 630), (36, 846, 630), (18, 828, 648), (18, 846, 666), (36, 846, 648), (36, 846, 630), (54, 846, 612), (36, 846, 648), (36, 846, 648), (18, 828, 630), (90, 864, 522), (54, 810, 504)]	(9508, 11485, 9695, 10330, 11645, 12513, 6269, 7288, 4820, 7085, 6998, 7655, 5530, 11110, 7562, 9975, 12523, 19803, 15949, 8982, 16205, 13235, 11981, 2090)
n	2539647	(747, 133)	[(36, 846, 630), (54, 846, 612), (36, 846, 648), (36, 846, 648), (18, 828, 630), (90, 864, 522), (54, 810, 504), (0, 846, 792), (18, 864, 864), (18, 846, 630), (36, 810, 540), (36, 828, 558), (36, 846, 648), (0, 828, 648), (36, 846, 630), (54, 864, 666), (54, 846, 630), (54, 864, 612), (54, 846, 630), (54, 864, 630), (18, 846, 648), (36, 846, 648), (36, 846, 648), (36, 828, 630), (72, 846, 630)]	(9508, 11475, 9701, 10342, 11655, 12458, 6205, 7328, 4715, 7143, 6865, 7670, 5477, 10980, 7539, 9801, 12408, 19814, 15980, 8977, 16198, 13241, 11975, 2098)
t	2540040	(576, 265)	[(36, 846, 630), (54, 864, 666), (54, 846, 630), (54, 864, 612), (54, 846, 630), (54, 864, 630), (18, 846, 648), (36, 846, 648), (36, 846, 648), (36, 828, 630), (72, 846, 630), (36, 846, 540), (36, 846, 738), (18, 864, 720), (54, 846, 612), (36, 846, 540), (18, 846, 648), (36, 846, 612), (54, 846, 630), (54, 846, 648), (54, 846, 630), (54, 846, 630), (54, 828, 612), (108, 846, 558), (36, 846, 612)]	(9507, 11491, 9724, 10350, 11653, 12555, 6240, 7389, 4719, 7131, 7030, 7602, 5508, 11008, 7514, 9818, 12425, 19793, 15959, 8986, 16220, 13258, 11981, 2070)
i	2540399	(583, 128)	[(36, 846, 540), (36, 846, 738), (18, 864, 720), (54, 846, 612), (36, 846, 540), (18, 846, 648), (36, 846, 612), (54, 846, 630), (54, 846, 648), (54, 846, 630), (54, 846, 630), (54, 828, 612), (108, 846, 558), (36, 846, 612), (0, 846, 774), (-36, 846, 756), (0, 846, 666), (36, 846, 648), (72, 864, 648), (36, 846, 630), (18, 846, 648), (36, 810, 576), (72, 846, 594), (36, 828, 648), (18, 864, 828)]	(9507, 11522, 9746, 10384, 11670, 12625, 6207, 7449, 4725, 7126, 6998, 7603, 5490, 11105, 7521, 9943, 12462, 19835, 15962, 8975, 16198, 13243, 11959, 2091)
r	2540691	(583, 295)	[(54, 846, 648), (54, 846, 630), (54, 846, 630), (54, 828, 612), (108, 846, 558), (36, 846, 612), (0, 846, 774), (-36, 846, 756), (0, 846, 666), (36, 846, 648), (72, 864, 648), (36, 846, 630), (18, 846, 648), (36, 810, 576), (72, 846, 594), (36, 828, 648), (18, 864, 828), (36, 864, 738), (72, 828, 522), (18, 828, 702), (18, 846, 630), (36, 846, 648), (54, 846, 630), (72, 864, 630), (54, 864, 612)]	(9501, 11445, 9690, 10313, 11654, 12445, 6142, 7256, 4780, 7143, 6993, 7621, 5409, 10916, 7537, 9789, 12402, 19773, 15883, 8935, 16163, 13230, 11955, 2100)
e	2541085	(578, 374)	[(36, 810, 576), (72, 846, 594), (36, 828, 648), (18, 864, 828), (36, 864, 738), (72, 828, 522), (18, 828, 702), (18, 846, 630), (36, 846, 648), (54, 846, 630), (72, 864, 630), (54, 864, 612), (36, 846, 648), (36, 828, 630), (36, 846, 648), (54, 846, 630), (72, 864, 648), (36, 882, 666), (54, 828, 648), (54, 846, 630), (36, 846, 630), (54, 828, 630), (36, 846, 648), (54, 846, 630), (54, 846, 540)]	(9498, 11456, 9687, 10308, 11646, 12484, 6213, 7294, 4711, 7090, 6970, 7685, 5497, 11058, 7561, 9879, 12473, 19815, 15925, 8979, 16176, 13246, 11970, 2097)
 	2541966	(838, 193)	[(36, 846, 648), (36, 846, 648), (18, 846, 648), (36, 846, 630), (36, 846, 648), (36, 846, 630), (36, 846, 630), (36, 846, 648), (36, 846, 630), (54, 864, 648), (36, 846, 648), (36, 846, 648), (36, 846, 648), (36, 846, 648), (36, 828, 630), (36, 828, 630), (36, 846, 648), (36, 846, 648), (36, 846, 648), (36, 846, 630), (36, 846, 630), (54, 846, 648), (54, 864, 648), (18, 846, 630), (36, 846, 702)]	(9497, 11448, 9680, 10313, 11646, 12428, 6144, 7273, 4797, 7097, 6947, 7509, 5456, 10908, 7530, 9753, 12400, 19768, 15824, 8935, 16123, 13228, 11953, 2099)
g	2542511	(678, 230)	[(36, 846, 630), (54, 846, 648), (54, 864, 648), (18, 846, 630), (36, 846, 702), (54, 828, 576), (36, 846, 468), (18, 864, 792), (-54, 864, 774), (-54, 828, 648), (36, 846, 648), (0, 846, 648), (18, 846, 648), (18, 846, 648), (18, 828, 648), (36, 828, 648), (72, 846, 630), (54, 864, 630), (36, 864, 612), (54, 846, 630), (36, 846, 630), (18, 846, 648), (18, 846, 648), (18, 846, 648), (36, 846, 630)]	(9494, 11450, 9696, 10296, 11648, 12444, 6025, 7302, 4816, 7111, 7067, 7541, 5467, 10907, 7529, 9802, 12429, 19784, 15850, 8949, 16150, 13200, 11977, 2097)
a	2542989	(669, 408)	[(54, 864, 630), (36, 864, 612), (54, 846, 630), (36, 846, 630), (18, 846, 648), (18, 846, 648), (18, 846, 648), (36, 846, 630), (54, 846, 630), (90, 846, 684), (36, 864, 612), (18, 846, 648), (36, 828, 630), (54, 846, 648), (36, 846, 648), (54, 846, 630), (36, 846, 648), (18, 828, 666), (18, 846, 648), (36, 846, 630), (36, 828, 612), (54, 846, 648), (36, 846, 648), (36, 846, 648), (36, 846, 612)]	(9502, 11465, 9712, 10313, 11657, 12428, 6183, 7275, 4664, 7121, 7049, 7642, 5462, 10968, 7521, 9829, 12408, 19791, 15853, 8955, 16136, 13214, 11958, 2096)
m	2543852	(755, 91)	[(54, 864, 684), (36, 864, 666), (36, 846, 648), (18, 828, 630), (36, 828, 630), (36, 846, 630), (54, 846, 630), (72, 864, 630), (36, 846, 630), (36, 846, 648), (36, 846, 630), (36, 846, 630), (54, 846, 612), (54, 846, 630), (36, 846, 648), (36, 846, 648), (36, 864, 630), (36, 846, 648), (36, 864, 630), (54, 846, 612), (36, 828, 612), (18, 846, 648), (36, 846, 648), (54, 846, 648), (54, 846, 648)]	(9504, 11456, 9704, 10304, 11648, 12485, 6185, 7258, 4695, 7103, 6886, 7570, 5480, 10966, 7566, 9843, 12442, 19795, 15907, 8952, 16173, 13218, 11977, 2091)
e	2544363	(578, 318)	[(36, 864, 630), (54, 846, 612), (36, 828, 612), (18, 846, 648), (36, 846, 648), (54, 846, 648), (54, 846, 648), (18, 828, 540), (18, 864, 648), (18, 864, 792), (54, 828, 540), (54, 828, 540), (36, 828, 666), (36, 846, 630), (36, 846, 630), (54, 846, 648), (54, 846, 630), (36, 846, 630), (18, 846, 666), (36, 846, 630), (36, 828, 630), (36, 846, 612), (54, 846, 648), (54, 864, 648), (90, 882, 522)]	(9506, 11465, 9717, 10334, 11654, 12507, 6208, 7292, 4780, 7118, 7032, 7641, 5557, 11093, 7580, 9986, 12478, 19822, 15951, 8980, 16192, 13246, 11981, 2084)
r	2546100	(582, 303)	[(36, 846, 612), (36, 828, 630), (36, 828, 594), (36, 864, 630), (36, 846, 648), (18, 828, 648), (36, 828, 648), (36, 846, 612), (54, 864, 630), (54, 846, 630), (18, 828, 666), (18, 828, 648), (36, 846, 648), (36, 846, 630), (72, 846, 630), (36, 828, 630), (36, 846, 648), (36, 846, 648), (18, 828, 648), (18, 828, 630), (36, 846, 648), (54, 846, 648), (36, 846, 648), (36, 828, 648), (72, 864, 540)]	(9510, 11499, 9735, 10357, 11664, 12494, 6081, 7340, 4773, 7095, 6969, 7704, 5507, 11086, 7565, 9969, 12486, 19808, 15935, 8962, 16171, 13236, 11967, 2108)
i	2547084	(570, 124)	[(36, 846, 648), (36, 846, 666), (18, 846, 648), (36, 846, 630), (36, 846, 612), (36, 828, 630), (36, 864, 630), (36, 846, 648), (36, 846, 630), (36, 846, 648), (36, 846, 648), (36, 846, 612), (36, 846, 630), (36, 864, 648), (54, 864, 630), (36, 864, 648), (36, 846, 648), (36, 846, 630), (36, 846, 630), (36, 846, 630), (54, 846, 630), (36, 846, 648), (36, 846, 612), (36, 846, 612), (72, 846, 594)]	(9499, 11499, 9713, 10384, 11663, 12501, 6063, 7448, 4755, 7051, 6909, 7573, 5525, 10990, 7546, 9965, 12435, 19806, 15951, 8962, 16204, 13255, 11985, 2097)
n	2547630	(747, 162)	[(54, 846, 630), (36, 846, 648), (36, 846, 612), (36, 846, 612), (72, 846, 594), (18, 846, 666), (36, 846, 738), (54, 846, 630), (36, 810, 612), (36, 846, 648), (36, 846, 630), (36, 846, 594), (36, 846, 630), (54, 846, 648), (36, 846, 630), (36, 846, 666), (18, 846, 630), (54, 846, 630), (54, 846, 630), (54, 846, 630), (36, 846, 648), (36, 846, 666), (36, 828, 648), (72, 846, 666), (54, 828, 504)]	(9498, 11472, 9711, 10333, 11652, 12486, 5995, 7373, 4775, 7119, 6826, 7478, 5484, 10998, 7535, 9936, 12428, 19800, 15910, 8961, 16199, 13235, 11969, 2091)
g	2547938	(669, 244)	[(36, 846, 630), (36, 846, 594), (36, 846, 630), (54, 846, 648), (36, 846, 630), (36, 846, 666), (18, 846, 630), (54, 846, 630), (54, 846, 630), (54, 846, 630), (36, 846, 648), (36, 846, 666), (36, 828, 648), (72, 846, 666), (54, 828, 504), (36, 846, 666), (0, 864, 774), (-18, 864, 666), (72, 810, 594), (36, 828, 558), (36, 846, 666), (18, 828, 630), (18, 846, 630), (72, 864, 612), (90, 828, 504)]	(9494, 11452, 9699, 10327, 11648, 12532, 6225, 7437, 4677, 7089, 7052, 7670, 5514, 10950, 7553, 9840, 12395, 19767, 15859, 8953, 16153, 13228, 11975, 2091)
 	2548383	(835, 213)	[(36, 846, 666), (0, 864, 774), (-18, 864, 666), (72, 810, 594), (36, 828, 558), (36, 846, 666), (18, 828, 630), (18, 846, 630), (72, 864, 612), (90, 828, 504), (36, 864, 666), (18, 846, 828), (0, 828, 666), (-36, 828, 576), (90, 864, 648), (18, 846, 648), (18, 846, 612), (18, 846, 648), (18, 828, 666), (36, 846, 648), (54, 846, 630), (72, 846, 612), (54, 846, 630), (54, 846, 630), (36, 846, 648)]	(9501, 11456, 9695, 10348, 11652, 12382, 6085, 7285, 4822, 7133, 6908, 7477, 5495, 10959, 7530, 9906, 12402, 19780, 15894, 8956, 16162, 13235, 11970, 2094)
t	2549044	(593, 255)	[(36, 846, 648), (18, 846, 540), (36, 846, 738), (36, 828, 594), (54, 846, 576), (54, 846, 630), (36, 846, 648), (36, 846, 648), (54, 828, 648), (36, 846, 612), (36, 846, 648), (36, 846, 630), (36, 846, 630), (36, 828, 630), (36, 846, 648), (36, 864, 648), (36, 846, 648), (36, 846, 630), (36, 846, 648), (36, 828, 630), (36, 846, 648), (54, 846, 648), (54, 846, 648), (36, 846, 630), (90, 882, 540)]	(9501, 11440, 9685, 10315, 11645, 12488, 6208, 7350, 4835, 7123, 6922, 7670, 5438, 10986, 7536, 9819, 12349, 19786, 15876, 8965, 16148, 13223, 11969, 2103)
e	2549385	(587, 345)	[(36, 846, 630), (36, 846, 630), (36, 828, 630), (36, 846, 648), (36, 864, 648), (36, 846, 648), (36, 846, 630), (36, 846, 648), (36, 828, 630), (36, 846, 648), (54, 846, 648), (54, 846, 648), (36, 846, 630), (90, 882, 540), (72, 810, 558), (18, 828, 702), (0, 846, 756), (-36, 828, 684), (18, 846, 702), (90, 828, 594), (72, 864, 486), (0, 846, 684), (36, 846, 630), (54, 864, 612), (72, 864, 558)]	(9503, 11455, 9710, 10324, 11660, 12512, 6044, 7482, 4884, 7059, 6896, 7610, 5501, 11058, 7519, 9889, 12452, 19802, 15943, 8972, 16187, 13235, 11986, 2095)
r	2549797	(602, 285)	[(72, 810, 558), (18, 828, 702), (0, 846, 756), (-36, 828, 684), (18, 846, 702), (90, 828, 594), (72, 864, 486), (0, 846, 684), (36, 846, 630), (54, 864, 612), (72, 864, 558), (108, 828, 576), (36, 864, 774), (0, 846, 684), (18, 828, 648), (0, 828, 630), (36, 828, 612), (54, 846, 612), (72, 846, 648), (54, 846, 630), (18, 846, 648), (36, 828, 666), (36, 846, 648), (54, 846, 630), (54, 846, 612)]	(9503, 11461, 9727, 10365, 11655, 12520, 6104, 7395, 4845, 7092, 6867, 7579, 5480, 11059, 7540, 9891, 12413, 19809, 15913, 8979, 16175, 13245, 11951, 2093)
e	2550460	(589, 339)	[(54, 846, 648), (54, 864, 684), (54, 846, 666), (36, 828, 630), (36, 846, 630), (36, 846, 648), (36, 846, 630), (36, 846, 630), (36, 846, 648), (36, 864, 630), (36, 846, 648), (36, 846, 630), (36, 846, 630), (54, 864, 630), (54, 846, 630), (54, 864, 648), (54, 846, 630), (18, 846, 630), (36, 828, 648), (36, 846, 630), (36, 846, 630), (54, 846, 630), (36, 846, 630), (36, 846, 648), (36, 846, 630)]	(9497, 11450, 9704, 10339, 11650, 12499, 6046, 7385, 4800, 7135, 6926, 7591, 5505, 10982, 7524, 9742, 12399, 19780, 15847, 8960, 16123, 13227, 11963, 2091)
s	2551005	(646, 379)	[(54, 846, 630), (36, 846, 630), (36, 846, 648), (36, 846, 630), (54, 864, 576), (72, 810, 594), (36, 864, 774), (0, 846, 738), (-36, 846, 666), (0, 828, 648), (36, 828, 594), (72, 846, 558), (36, 864, 648), (18, 828, 612), (18, 846, 684), (36, 846, 648), (72, 864, 648), (54, 846, 630), (54, 846, 630), (54, 846, 648), (18, 846, 648), (36, 846, 630), (18, 828, 648), (54, 864, 558), (36, 828, 666)]	(9504, 11467, 9717, 10350, 11658, 12535, 6133, 7425, 4930, 7087, 6849, 7618, 5536, 11125, 7564, 9905, 12471, 19796, 15924, 8962, 16191, 13227, 11961, 2078)
a	2551317	(669, 412)	[(36, 828, 594), (72, 846, 558), (36, 864, 648), (18, 828, 612), (18, 846, 684), (36, 846, 648), (72, 864, 648), (54, 846, 630), (54, 846, 630), (54, 846, 648), (18, 846, 648), (36, 846, 630), (18, 828, 648), (54, 864, 558), (36, 828, 666), (18, 882, 720), (36, 846, 576), (54, 846, 612), (54, 846, 612), (54, 864, 576), (54, 864, 648), (36, 828, 630), (36, 846, 630), (54, 864, 666), (54, 846, 666)]	(9498, 11470, 9740, 10368, 11658, 12622, 6048, 7521, 4862, 7123, 6987, 7644, 5502, 11082, 7561, 9867, 12460, 19782, 15889, 8967, 16151, 13240, 11962, 2098)
 	2552503	(792, 213)	[(54, 846, 630), (36, 846, 612), (54, 846, 630), (36, 846, 648), (36, 846, 648), (18, 846, 684), (18, 828, 648), (18, 828, 648), (18, 828, 630), (18, 846, 648), (18, 846, 648), (36, 846, 666), (36, 846, 648), (36, 846, 630), (18, 828, 648), (18, 828, 666), (18, 846, 648), (36, 846, 648), (18, 828, 648), (18, 846, 648), (18, 828, 648), (18, 846, 648), (36, 846, 684), (72, 828, 540), (36, 846, 522)]	(9505, 11476, 9721, 10366, 11658, 12538, 6208, 7325, 4842, 7151, 6930, 7535, 5544, 11053, 7522, 9855, 12390, 19800, 15950, 8982, 16194, 13248, 11964, 2096)
a	2553049	(662, 421)	[(18, 828, 648), (18, 846, 648), (36, 846, 684), (72, 828, 540), (36, 846, 522), (36, 828, 792), (-36, 864, 702), (18, 846, 630), (0, 846, 648), (54, 846, 576), (18, 846, 648), (18, 828, 648), (0, 828, 666), (0, 846, 630), (18, 846, 648), (18, 846, 630), (36, 846, 630), (54, 846, 630), (36, 846, 630), (36, 846, 648), (0, 846, 648), (0, 846, 666), (0, 828, 684), (36, 846, 576), (36, 810, 648)]	(9499, 11456, 9717, 10352, 11659, 12625, 6117, 7393, 4713, 7121, 6786, 7747, 5534, 11153, 7566, 9875, 12500, 19817, 15916, 8976, 16168, 13243, 11980, 2093)
t	2553408	(578, 275)	[(18, 828, 648), (0, 828, 666), (0, 846, 630), (18, 846, 648), (18, 846, 630), (36, 846, 630), (54, 846, 630), (36, 846, 630), (36, 846, 648), (0, 846, 648), (0, 846, 666), (0, 828, 684), (36, 846, 576), (36, 810, 648), (-36, 864, 774), (0, 846, 684), (0, 828, 630), (0, 828, 630), (36, 846, 684), (54, 846, 630), (36, 828, 612), (18, 846, 648), (18, 846, 666), (0, 846, 666), (72, 846, 558)]	(9500, 11453, 9726, 10353, 11652, 12573, 6097, 7460, 4845, 7132, 7010, 7613, 5530, 11134, 7527, 9886, 12453, 19820, 15950, 8966, 16209, 13236, 11968, 2097)
 	2554123	(852, 182)	[(0, 846, 630), (0, 828, 630), (36, 810, 648), (18, 828, 594), (54, 864, 612), (36, 846, 630), (0, 828, 630), (0, 828, 666), (18, 828, 648), (18, 846, 666), (36, 846, 630), (36, 846, 630), (36, 846, 648), (36, 846, 648), (36, 846, 648), (36, 846, 630), (18, 828, 648), (18, 828, 648), (18, 810, 720), (18, 828, 360), (54, 846, 774), (-54, 846, 792), (-18, 846, 648), (54, 846, 594), (54, 828, 612)]	(9506, 11504, 9788, 10365, 11660, 12573, 6046, 7652, 4726, 7129, 6915, 7706, 5511, 10713, 7514, 9786, 12278, 19798, 15918, 8957, 16160, 13235, 11965, 2095)
j	2554717	(677, 142)	[(54, 846, 594), (54, 828, 612), (36, 846, 576), (18, 846, 684), (36, 846, 630), (36, 846, 630), (36, 846, 648), (18, 828, 648), (36, 846, 630), (36, 846, 648), (36, 846, 630), (36, 846, 630), (36, 846, 630), (36, 846, 648), (18, 846, 648), (36, 846, 630), (36, 846, 648), (18, 828, 648), (18, 846, 630), (36, 846, 648), (36, 846, 630), (36, 846, 648), (18, 846, 648), (18, 846, 630), (54, 828, 648)]	(9506, 11506, 9754, 10395, 11663, 12593, 6215, 7642, 4866, 7099, 6994, 7647, 5510, 10937, 7487, 9849, 12344, 19819, 15980, 8985, 16196, 13251, 11965, 2100)
a	2555229	(661, 419)	[(36, 846, 648), (36, 846, 630), (36, 846, 648), (18, 846, 648), (18, 846, 630), (54, 828, 648), (18, 846, 720), (-36, 846, 702), (18, 846, 630), (54, 828, 612), (54, 846, 594), (54, 864, 648), (0, 828, 648), (18, 846, 630), (18, 828, 648), (-18, 846, 648), (18, 828, 666), (18, 828, 648), (36, 846, 630), (36, 846, 630), (54, 864, 648), (36, 846, 648), (18, 828, 648), (18, 846, 648), (18, 864, 648)]	(9491, 11462, 9712, 10324, 11640, 12540, 5929, 7531, 4852, 7035, 6845, 7664, 5490, 10948, 7497, 9719, 12350, 19811, 15904, 8963, 16162, 13233, 11962, 2090)
e	2555694	(597, 334)	[(18, 828, 666), (18, 828, 648), (36, 846, 630), (36, 846, 630), (54, 864, 648), (36, 846, 648), (18, 828, 648), (18, 846, 648), (18, 864, 648), (54, 810, 504), (72, 828, 648), (-36, 882, 810), (0, 846, 720), (18, 828, 630), (36, 828, 630), (18, 828, 576), (54, 828, 612), (18, 846, 630), (18, 846, 648), (18, 846, 648), (36, 846, 648), (36, 846, 648), (36, 828, 648), (36, 846, 648), (36, 846, 630)]	(9503, 11467, 9730, 10329, 11654, 12561, 5990, 7553, 4790, 7086, 6939, 7585, 5541, 11110, 7553, 9742, 12392, 19815, 15905, 8978, 16170, 13235, 11983, 2098)
g	2556863	(664, 236)	[(18, 828, 630), (36, 828, 648), (18, 828, 648), (18, 846, 666), (36, 846, 648), (36, 846, 648), (36, 846, 630), (18, 828, 648), (18, 828, 648), (18, 846, 648), (36, 846, 630), (18, 828, 666), (36, 846, 648), (36, 828, 648), (36, 846, 630), (36, 846, 630), (36, 846, 630), (36, 846, 630), (36, 846, 630), (36, 846, 648), (36, 846, 630), (36, 828, 630), (18, 828, 648), (36, 846, 612), (72, 828, 558)]	(9500, 11477, 9744, 10351, 11665, 12630, 6009, 7550, 4700, 7044, 6885, 7704, 5549, 11145, 7515, 9814, 12385, 19825, 15951, 8975, 16200, 13263, 11980, 2091)
a	2557325	(666, 420)	[(36, 846, 630), (36, 846, 630), (36, 846, 630), (36, 846, 648), (36, 846, 630), (36, 828, 630), (18, 828, 648), (36, 846, 612), (72, 828, 558), (0, 846, 774), (0, 846, 720), (0, 828, 576), (72, 846, 612), (36, 846, 630), (72, 846, 612), (18, 828, 648), (18, 846, 666), (18, 846, 648), (36, 846, 648), (36, 828, 648), (36, 846, 630), (36, 846, 648), (36, 846, 648), (36, 846, 648), (36, 828, 666)]	(9495, 11449, 9735, 10334, 11658, 12622, 6141, 7512, 4841, 7119, 6971, 7556, 5497, 11068, 7534, 9699, 12333, 19754, 15860, 8963, 16158, 13232, 11975, 2100)
r	2557787	(581, 302)	[(18, 846, 666), (18, 846, 648), (36, 846, 648), (36, 828, 648), (36, 846, 630), (36, 846, 648), (36, 846, 648), (36, 846, 648), (36, 828, 666), (36, 864, 522), (72, 792, 558), (-36, 900, 810), (18, 828, 666), (36, 810, 540), (36, 846, 594), (36, 828, 630), (54, 846, 666), (18, 828, 648), (18, 846, 630), (36, 846, 648), (36, 846, 648), (54, 864, 648), (36, 846, 630), (90, 864, 540), (18, 810, 612)]	(9506, 11508, 9758, 10383, 11661, 12631, 6207, 7500, 4858, 7115, 6973, 7712, 5556, 11178, 7577, 9883, 12423, 19809, 15975, 8980, 16187, 13230, 11969, 2092)
 	2558703	(853, 165)	[(18, 828, 648), (36, 846, 648), (18, 846, 630), (18, 828, 648), (36, 846, 630), (36, 846, 648), (36, 846, 648), (36, 828, 648), (36, 846, 630), (18, 828, 648), (36, 828, 648), (18, 846, 648), (18, 846, 648), (36, 846, 648), (54, 828, 648), (18, 846, 630), (36, 846, 630), (18, 846, 648), (18, 828, 666), (18, 828, 648), (18, 828, 612), (36, 846, 648), (18, 864, 648), (0, 846, 702), (0, 828, 666)]	(9502, 11506, 9760, 10367, 11669, 12689, 6110, 7570, 4877, 7103, 7025, 7783, 5476, 11050, 7538, 9742, 12355, 19808, 15903, 8976, 16158, 13242, 11965, 2094)
a	2559313	(658, 408)	[(0, 828, 666), (36, 828, 576), (36, 846, 648), (18, 828, 630), (18, 828, 630), (18, 846, 666), (18, 846, 648), (18, 846, 666), (18, 846, 666), (36, 846, 648), (36, 846, 630), (36, 828, 648), (18, 846, 648), (18, 846, 648), (18, 828, 648), (18, 828, 648), (18, 828, 648), (18, 846, 648), (36, 846, 666), (18, 846, 648), (36, 828, 648), (18, 828, 630), (18, 828, 630), (36, 846, 666), (54, 846, 558)]	(9497, 11454, 9746, 10346, 11642, 12605, 6148, 7400, 4849, 7023, 6944, 7646, 5518, 11062, 7513, 9749, 12336, 19792, 15920, 8969, 16170, 13229, 11975, 2080)
n	2559857	(744, 171)	[(36, 828, 648), (18, 828, 630), (18, 828, 630), (36, 846, 666), (54, 846, 558), (72, 828, 612), (0, 846, 756), (-54, 828, 738), (-36, 846, 666), (18, 828, 630), (18, 846, 648), (54, 828, 558), (54, 846, 648), (18, 846, 648), (18, 846, 648), (18, 846, 666), (18, 846, 648), (54, 846, 630), (54, 846, 648), (36, 846, 630), (36, 828, 648), (18, 828, 666), (18, 828, 684), (54, 828, 648), (0, 846, 486)]	(9503, 11520, 9797, 10402, 11662, 12673, 6034, 7827, 4757, 7169, 6883, 7565, 5544, 11067, 7530, 9854, 12376, 19817, 15981, 8988, 16206, 13256, 11969, 2090)
d	2560167	(676, 322)	[(18, 828, 630), (18, 846, 648), (54, 828, 558), (54, 846, 648), (18, 846, 648), (18, 846, 648), (18, 846, 666), (18, 846, 648), (54, 846, 630), (54, 846, 648), (36, 846, 630), (36, 828, 648), (18, 828, 666), (18, 828, 684), (54, 828, 648), (0, 846, 486), (18, 864, 810), (-36, 846, 648), (54, 846, 558), (18, 846, 666), (18, 846, 648), (18, 810, 612), (36, 828, 630), (18, 828, 648), (36, 846, 666)]	(9496, 11450, 9719, 10348, 11647, 12525, 6040, 7384, 4810, 7116, 7009, 7564, 5473, 11008, 7531, 9763, 12350, 19775, 15842, 8946, 16127, 13219, 11948, 2097)
 	2561977	(818, 196)	[(18, 828, 666), (18, 846, 648), (36, 846, 630), (36, 864, 648), (36, 846, 648), (18, 846, 630), (36, 846, 648), (18, 828, 648), (18, 828, 648), (18, 846, 648), (18, 828, 666), (18, 846, 630), (36, 846, 648), (36, 846, 630), (18, 846, 648), (18, 846, 648), (0, 846, 666), (18, 828, 666), (18, 846, 630), (36, 846, 648), (18, 846, 648), (18, 846, 666), (36, 846, 630), (36, 846, 666), (36, 846, 702)]	(9503, 11445, 9687, 10345, 11649, 12565, 5893, 7400, 4765, 7090, 6900, 7653, 5440, 11008, 7510, 9640, 12287, 19802, 15834, 8962, 16123, 13236, 11950, 2103)
a	2562789	(671, 421)	[(36, 846, 648), (18, 846, 648), (36, 846, 666), (36, 828, 648), (36, 846, 648), (18, 846, 648), (36, 846, 648), (18, 846, 630), (18, 846, 666), (36, 828, 648), (18, 846, 648), (36, 846, 630), (18, 846, 648), (36, 846, 648), (18, 846, 648), (36, 846, 666), (36, 846, 648), (18, 828, 648), (18, 828, 630), (18, 846, 630), (18, 864, 630), (36, 828, 648), (36, 846, 648), (36, 846, 630), (18, 828, 630)]	(9500, 11435, 9709, 10312, 11660, 12539, 6044, 7441, 4842, 7099, 6952, 7610, 5519, 11020, 7526, 9681, 12338, 19800, 15886, 8957, 16175, 13223, 11970, 2100)
s	2563133	(650, 373)	[(18, 846, 648), (36, 846, 648), (18, 846, 648), (36, 846, 666), (36, 846, 648), (18, 828, 648), (18, 828, 630), (18, 846, 630), (18, 864, 630), (36, 828, 648), (36, 846, 648), (36, 846, 630), (18, 828, 630), (36, 846, 666), (54, 810, 612), (0, 882, 756), (0, 846, 720), (18, 828, 576), (36, 828, 630), (18, 846, 648), (36, 846, 630), (36, 846, 648), (54, 828, 648), (36, 828, 666), (54, 846, 540)]	(9487, 11423, 9704, 10341, 11663, 12554, 5969, 7408, 4810, 7147, 6774, 7519, 5508, 11105, 7553, 9690, 12336, 19792, 15914, 8973, 16165, 13237, 11985, 2096)
k	2564215	(674, 108)	[(18, 828, 648), (18, 846, 648), (36, 846, 630), (18, 846, 648), (18, 828, 648), (36, 846, 630), (18, 846, 630), (36, 846, 648), (36, 846, 648), (36, 846, 648), (36, 846, 630), (18, 846, 630), (36, 846, 648), (18, 846, 630), (18, 828, 648), (36, 846, 648), (36, 846, 630), (36, 846, 630), (36, 846, 648), (36, 846, 648), (36, 846, 648), (18, 846, 648), (36, 828, 648), (36, 846, 630), (36, 846, 648)]	(9498, 11447, 9710, 10359, 11657, 12537, 5932, 7516, 4785, 7085, 6982, 7621, 5522, 11035, 7535, 9666, 12295, 19766, 15847, 8947, 16153, 13226, 11972, 2091)
 	2564980	(853, 179)	[(18, 810, 612), (36, 828, 666), (36, 846, 666), (18, 846, 648), (36, 846, 648), (36, 828, 666), (36, 846, 666), (36, 828, 666), (18, 828, 648), (36, 846, 648), (36, 846, 630), (18, 828, 630), (36, 846, 648), (18, 828, 648), (18, 846, 666), (36, 846, 648), (36, 846, 648), (72, 846, 738), (54, 810, 396), (54, 828, 684), (-36, 864, 774), (-72, 846, 684), (0, 828, 630), (36, 828, 630), (54, 846, 540)]	(9499, 11440, 9709, 10334, 11656, 12631, 6016, 7445, 4820, 7107, 6985, 7699, 5521, 10896, 7524, 9658, 12292, 19773, 15853, 8945, 16140, 13208, 11960, 2090)
i	2565999	(564, 124)	[(18, 846, 648), (18, 828, 630), (36, 828, 648), (36, 828, 648), (18, 828, 648), (36, 828, 648), (36, 846, 648), (18, 846, 630), (36, 846, 648), (18, 846, 666), (36, 846, 630), (36, 828, 630), (54, 846, 648), (54, 864, 630), (54, 846, 666), (54, 846, 648), (36, 846, 648), (18, 846, 630), (18, 846, 630), (36, 846, 630), (54, 846, 648), (54, 864, 648), (54, 846, 648), (90, 846, 576), (108, 864, 558)]	(9502, 11480, 9749, 10362, 11659, 12693, 6153, 7747, 4872, 7122, 6913, 7680, 5576, 11155, 7515, 9764, 12345, 19815, 15978, 8982, 16211, 13235, 11974, 2093)
f	2566561	(656, 268)	[(54, 846, 648), (54, 864, 648), (54, 846, 648), (90, 846, 576), (108, 864, 558), (54, 846, 666), (18, 846, 702), (-54, 828, 702), (0, 828, 684), (0, 846, 630), (36, 846, 576), (72, 846, 558), (90, 846, 648), (18, 828, 648), (18, 846, 648), (18, 846, 648), (54, 846, 666), (72, 846, 630), (54, 864, 630), (54, 846, 630), (54, 846, 648), (36, 846, 648), (18, 828, 666), (18, 828, 648), (36, 828, 630)]	(9494, 11445, 9722, 10320, 11655, 12573, 5894, 7439, 4844, 7135, 6885, 7677, 5495, 11084, 7520, 9632, 12328, 19792, 15885, 8959, 16166, 13214, 11967, 2094)
 	2567231	(851, 216)	[(72, 792, 450), (-36, 882, 954), (-36, 846, 738), (18, 810, 558), (72, 828, 594), (72, 846, 558), (72, 846, 540), (18, 828, 666), (18, 828, 648), (18, 846, 648), (36, 828, 630), (54, 846, 666), (72, 846, 666), (72, 846, 630), (36, 846, 630), (36, 846, 648), (36, 828, 648), (36, 828, 648), (18, 828, 666), (0, 828, 702), (72, 810, 594), (36, 846, 450), (54, 864, 792), (-36, 864, 756), (18, 810, 594)]	(9509, 11497, 9744, 10379, 11670, 12745, 5953, 7693, 4730, 7154, 6842, 7563, 5501, 11070, 7505, 9738, 12287, 19790, 15876, 8964, 16144, 13213, 11962, 2092)
s	2567698	(663, 366)	[(36, 828, 648), (18, 828, 666), (0, 828, 702), (72, 810, 594), (36, 846, 450), (54, 864, 792), (-36, 864, 756), (18, 810, 594), (54, 828, 612), (54, 846, 666), (18, 828, 666), (18, 846, 648), (18, 828, 666), (18, 828, 648), (18, 828, 630), (18, 828, 648), (36, 846, 648), (36, 846, 666), (54, 846, 648), (36, 846, 630), (36, 846, 630), (18, 828, 648), (18, 828, 648), (36, 846, 630), (72, 810, 594)]	(9505, 11459, 9715, 10330, 11655, 12653, 6075, 7603, 4901, 7156, 6788, 7596, 5522, 11105, 7532, 9719, 12363, 19777, 15916, 8962, 16166, 13241, 11968, 2098)
h	2568143	(691, 180)	[(36, 846, 648), (36, 846, 666), (54, 846, 648), (36, 846, 630), (36, 846, 630), (18, 828, 648), (18, 828, 648), (36, 846, 630), (72, 810, 594), (54, 846, 684), (18, 864, 738), (0, 846, 684), (0, 828, 630), (36, 810, 612), (36, 846, 648), (54, 828, 630), (36, 828, 648), (18, 846, 648), (18, 828, 666), (18, 828, 666), (36, 828, 648), (54, 828, 630), (36, 846, 648), (54, 846, 648), (36, 828, 630)]	(9506, 11470, 9705, 10374, 11667, 12735, 6160, 7496, 4851, 7113, 6920, 7594, 5550, 11193, 7524, 9765, 12353, 19806, 15946, 8980, 16191, 13243, 11963, 2090)
e	2568654	(595, 337)	[(18, 828, 666), (18, 828, 666), (36, 828, 648), (54, 828, 630), (36, 846, 648), (54, 846, 648), (36, 828, 630), (36, 828, 648), (18, 828, 666), (0, 828, 666), (18, 828, 684), (36, 828, 684), (54, 828, 648), (90, 846, 576), (54, 846, 666), (36, 846, 630), (54, 846, 666), (54, 828, 648), (36, 828, 648), (54, 846, 630), (36, 846, 648), (18, 846, 666), (36, 828, 648), (36, 828, 630), (72, 828, 504)]	(9502, 11474, 9724, 10356, 11671, 12730, 6000, 7650, 4826, 7064, 7698, 3195, 5501, 11230, 7562, 9851, 12375, 19803, 15945, 8960, 16194, 13239, 11969, 2100)
 	2569470	(853, 169)	[(18, 828, 648), (36, 846, 648), (36, 828, 648), (36, 846, 648), (36, 846, 630), (36, 828, 648), (36, 846, 648), (36, 846, 648), (36, 828, 648), (18, 828, 648), (36, 846, 666), (36, 828, 648), (54, 846, 648), (36, 828, 648), (18, 846, 666), (36, 828, 648), (18, 828, 666), (36, 828, 648), (54, 846, 720), (54, 828, 432), (36, 846, 792), (-36, 846, 756), (18, 828, 612), (72, 828, 594), (54, 846, 630)]	(9501, 11455, 9719, 10374, 11663, 12595, 6124, 7425, 4890, 7088, 6996, 7654, 5486, 11053, 7546, 9689, 12302, 19771, 15854, 8953, 16122, 13209, 11962, 2091)
c	2570034	(741, 287)	[(18, 828, 612), (72, 828, 594), (54, 846, 630), (54, 864, 630), (36, 846, 648), (18, 828, 630), (36, 846, 630), (36, 846, 666), (54, 846, 648), (36, 828, 666), (36, 846, 648), (36, 828, 666), (18, 828, 648), (36, 828, 648), (54, 846, 666), (36, 846, 648), (36, 846, 648), (36, 846, 630), (36, 828, 666), (36, 846, 648), (36, 846, 630), (36, 828, 630), (36, 846, 630), (36, 846, 648), (36, 846, 612)]	(9504, 11487, 9743, 10370, 11665, 12739, 6035, 7527, 4906, 7167, 6979, 7613, 5588, 11167, 7553, 9746, 12333, 19810, 15955, 8964, 16195, 13230, 11952, 2088)
a	2570629	(628, 421)	[(36, 846, 648), (36, 846, 612), (54, 828, 594), (36, 828, 684), (36, 864, 756), (54, 864, 648), (72, 846, 612), (36, 828, 630), (36, 828, 612), (36, 846, 666), (36, 846, 648), (36, 846, 648), (36, 828, 630), (36, 846, 648), (36, 846, 648), (36, 828, 648), (36, 846, 648), (18, 846, 648), (36, 846, 666), (18, 828, 666), (18, 828, 648), (36, 846, 648), (36, 846, 648), (36, 846, 684), (54, 846, 558)]	(9504, 11453, 9732, 10330, 11654, 12640, 6131, 7457, 4850, 7070, 6939, 7545, 5471, 11133, 7534, 9720, 12276, 19780, 15891, 8967, 16148, 13217, 11964, 2091)
n	2571244	(751, 144)	[(54, 846, 558), (36, 846, 720), (0, 864, 756), (18, 828, 666), (54, 828, 594), (36, 846, 612), (36, 828, 612), (18, 846, 684), (36, 828, 630), (36, 846, 648), (54, 846, 648), (54, 846, 648), (36, 846, 666), (18, 828, 666), (18, 846, 648), (18, 828, 648), (36, 846, 630), (36, 864, 630), (36, 846, 666), (36, 846, 666), (36, 846, 648), (54, 828, 648), (36, 828, 612), (54, 864, 666), (36, 828, 486)]	(9495, 11462, 9700, 10342, 11656, 12597, 6075, 7593, 4914, 7168, 6968, 7680, 5485, 11249, 7533, 9725, 12333, 19827, 15965, 8973, 16179, 13240, 11959, 2090)
 	2571911	(843, 184)	[(-18, 864, 792), (36, 828, 594), (72, 828, 612), (72, 846, 648), (36, 846, 684), (36, 846, 648), (36, 846, 630), (54, 846, 630), (36, 846, 666), (36, 828, 648), (36, 828, 666), (36, 846, 648), (36, 846, 648), (18, 828, 630), (36, 846, 648), (54, 828, 648), (18, 846, 648), (36, 828, 684), (72, 828, 630), (54, 846, 486), (0, 846, 774), (-36, 846, 684), (18, 846, 630), (54, 846, 648), (36, 810, 558)]	(9490, 11465, 9734, 10369, 11667, 12655, 6046, 7656, 4845, 7161, 6898, 7779, 5499, 11014, 7533, 9602, 12208, 19770, 15866, 8963, 16124, 13233, 11962, 2093)
g	2572728	(674, 235)	[(36, 846, 648), (36, 846, 648), (36, 846, 648), (36, 828, 648), (36, 846, 648), (36, 846, 648), (36, 846, 630), (54, 846, 630), (54, 846, 630), (36, 846, 666), (18, 846, 666), (18, 846, 648), (18, 846, 648), (36, 846, 630), (54, 828, 630), (36, 846, 648), (36, 846, 648), (54, 846, 630), (36, 846, 648), (54, 846, 648), (36, 828, 648), (18, 828, 666), (36, 846, 648), (54, 864, 594), (72, 828, 558)]	(9506, 11494, 9761, 10399, 11664, 12742, 6045, 7582, 4842, 7171, 6793, 7695, 5572, 11237, 7553, 9706, 12303, 19804, 15986, 8987, 16206, 13238, 11981, 2096)
e	2573243	(562, 341)	[(36, 846, 648), (54, 846, 648), (36, 828, 648), (18, 828, 666), (36, 846, 648), (54, 864, 594), (72, 828, 558), (54, 846, 684), (0, 846, 792), (18, 810, 630), (54, 828, 594), (54, 828, 594), (36, 846, 666), (18, 828, 648), (18, 828, 648), (36, 828, 666), (36, 846, 666), (36, 846, 648), (36, 846, 648), (36, 846, 648), (36, 828, 630), (18, 828, 630), (18, 846, 648), (36, 828, 666), (72, 846, 576)]	(9493, 11466, 9739, 10374, 11656, 12704, 5956, 7483, 4882, 7070, 6838, 7733, 5596, 11274, 7565, 9761, 12275, 19811, 15970, 8979, 16195, 13241, 11970, 2095)
t	2573588	(578, 254)	[(54, 828, 594), (36, 846, 666), (18, 828, 648), (18, 828, 648), (36, 828, 666), (36, 846, 666), (36, 846, 648), (36, 846, 648), (36, 846, 648), (36, 828, 630), (18, 828, 630), (18, 846, 648), (36, 828, 666), (72, 846, 576), (54, 810, 594), (18, 846, 774), (18, 882, 756), (54, 828, 594), (18, 846, 648), (36, 828, 648), (18, 846, 630), (36, 846, 648), (54, 846, 630), (36, 846, 648), (54, 846, 594)]	(9504, 11495, 9763, 10374, 11674, 12719, 5973, 7714, 4760, 7168, 6852, 7737, 5558, 11306, 7536, 9791, 12340, 19811, 15993, 8974, 16188, 13241, 11958, 2099)
 	2574570	(846, 190)	[(36, 846, 630), (18, 828, 648), (18, 828, 666), (36, 846, 666), (36, 846, 648), (36, 846, 630), (54, 846, 648), (36, 846, 648), (36, 846, 630), (36, 846, 630), (18, 846, 648), (18, 828, 666), (36, 846, 648), (18, 828, 648), (36, 828, 612), (54, 846, 630), (36, 828, 666), (72, 846, 738), (54, 846, 396), (54, 846, 702), (-72, 864, 792), (-72, 828, 702), (36, 828, 594), (72, 846, 630), (72, 846, 594)]	(9490, 11474, 9722, 10374, 11670, 12708, 5916, 7586, 4872, 7124, 7032, 7788, 5535, 11052, 7544, 9605, 12233, 19798, 15859, 8947, 16132, 13230, 11960, 2098)
m	2574914	(759, 118)	[(18, 828, 666), (36, 846, 648), (18, 828, 648), (36, 828, 612), (54, 846, 630), (36, 828, 666), (72, 846, 738), (54, 846, 396), (54, 846, 702), (-72, 864, 792), (-72, 828, 702), (36, 828, 594), (72, 846, 630), (72, 846, 594), (18, 864, 666), (36, 828, 630), (36, 846, 648), (36, 846, 648), (36, 846, 666), (36, 846, 666), (36, 864, 648), (54, 846, 630), (36, 828, 630), (36, 828, 648), (54, 846, 666)]	(9495, 11461, 9739, 10385, 11662, 12680, 5985, 7479, 4674, 7134, 6938, 7688, 5521, 11187, 7530, 9696, 12289, 19777, 15934, 8956, 16181, 13234, 11971, 2095)
e	2575477	(599, 340)	[(54, 846, 630), (36, 828, 630), (36, 828, 648), (54, 846, 666), (36, 846, 558), (18, 846, 738), (0, 846, 720), (36, 810, 612), (54, 828, 666), (36, 846, 666), (36, 828, 648), (18, 828, 648), (36, 846, 666), (36, 828, 666), (36, 846, 666), (54, 846, 666), (54, 846, 630), (36, 828, 630), (36, 828, 648), (36, 846, 648), (36, 846, 666), (18, 828, 666), (36, 828, 648), (36, 846, 630), (90, 846, 540)]	(9495, 11469, 9745, 10368, 11659, 12706, 5895, 7648, 4722, 7127, 6817, 7697, 5556, 11110, 7535, 9632, 12268, 19785, 15873, 8950, 16145, 13208, 11971, 2089)
 	2576141	(814, 201)	[(-36, 882, 828), (-36, 846, 702), (18, 810, 558), (36, 828, 648), (36, 864, 702), (18, 828, 630), (18, 828, 648), (36, 828, 648), (36, 828, 666), (36, 846, 648), (36, 846, 666), (36, 828, 648), (54, 828, 612), (36, 846, 648), (36, 846, 648), (36, 846, 666), (18, 828, 648), (36, 828, 648), (36, 846, 648), (36, 828, 630), (36, 846, 648), (36, 828, 648), (54, 846, 666), (36, 882, 702), (54, 810, 540)]	(9504, 11503, 9768, 10402, 11672, 12797, 5913, 7713, 4934, 7071, 7024, 7686, 5597, 11189, 7555, 9724, 12266, 19825, 16013, 8978, 16210, 13240, 11974, 2097)
a	2577107	(640, 426)	[(36, 828, 648), (18, 846, 630), (36, 846, 666), (36, 846, 648), (36, 846, 648), (54, 828, 648), (72, 864, 612), (54, 846, 630), (36, 846, 648), (36, 846, 648), (18, 828, 684), (-18, 828, 702), (-36, 828, 684), (-36, 828, 684), (-36, 828, 666), (0, 828, 684), (0, 810, 648), (18, 828, 648), (18, 846, 648), (18, 846, 684), (18, 846, 666), (36, 828, 630), (54, 864, 504), (54, 756, 576)]	(9508, 11493, 9732, 10397, 11669, 12794, 6037, 7407, 4785, 7152, 7000, 7604, 5564, 11343, 7557, 9885, 12432, 19800, 15977, 8978, 16181, 13225, 11974, 2099)
n	2577823	(754, 151)	[(18, 828, 612), (36, 828, 612), (18, 828, 684), (0, 828, 630), (18, 828, 666), (0, 828, 666), (0, 828, 684), (18, 828, 666), (18, 828, 648), (18, 828, 648), (18, 828, 666), (18, 828, 648), (18, 846, 666), (18, 846, 666), (18, 828, 684), (18, 828, 648), (36, 846, 648), (0, 846, 666), (36, 846, 666), (18, 828, 648), (0, 828, 648), (18, 828, 648), (18, 828, 666), (18, 846, 648), (18, 846, 648)]	(9500, 11464, 9692, 10362, 11658, 12730, 5921, 7538, 4891, 7078, 7006, 7579, 5470, 11170, 7533, 9667, 12282, 19754, 15865, 8950, 16143, 13232, 11956, 2096)
o	2578285	(586, 94)	[(0, 846, 666), (36, 846, 666), (18, 828, 648), (0, 828, 648), (18, 828, 648), (18, 828, 666), (18, 846, 648), (18, 846, 648), (54, 810, 594), (0, 846, 558), (18, 846, 810), (-18, 846, 720), (18, 828, 576), (36, 828, 594), (18, 828, 702), (36, 828, 648), (108, 828, 558), (72, 864, 594), (90, 864, 666), (126, 864, 612), (90, 864, 666), (54, 846, 666), (36, 828, 648), (18, 828, 630), (0, 828, 648)]	(9494, 11462, 9693, 10344, 11659, 12676, 5876, 7514, 4863, 7170, 6951, 7661, 5541, 11130, 7528, 9665, 12296, 19783, 15893, 8960, 16136, 13232, 11947, 2095)
t	2578849	(609, 247)	[(54, 846, 666), (36, 828, 648), (18, 828, 630), (0, 828, 648), (18, 846, 612), (54, 810, 612), (36, 846, 720), (18, 864, 738), (54, 846, 648), (54, 828, 612), (36, 846, 594), (54, 846, 594), (36, 828, 630), (18, 846, 648), (36, 828, 666), (36, 846, 666), (54, 846, 666), (54, 846, 630), (54, 828, 630), (54, 846, 630), (54, 846, 630), (36, 846, 648), (54, 846, 612), (36, 810, 594), (18, 864, 774)]	(9506, 11503, 9762, 10391, 11661, 12861, 6122, 7702, 4795, 7084, 6841, 7628, 5592, 11291, 7568, 9778, 12352, 19818, 15994, 8964, 16204, 13251, 11976, 2100)
h	2579144	(677, 192)	[(54, 846, 648), (54, 828, 612), (36, 846, 594), (54, 846, 594), (36, 828, 630), (18, 846, 648), (36, 828, 666), (36, 846, 666), (54, 846, 666), (54, 846, 630), (54, 828, 630), (54, 846, 630), (54, 846, 630), (36, 846, 648), (54, 846, 612), (36, 810, 594), (18, 864, 774), (18, 864, 756), (36, 846, 594), (36, 828, 576), (54, 828, 648), (72, 846, 648), (18, 828, 648), (18, 792, 630), (36, 828, 630)]	(9503, 11481, 9708, 10371, 11664, 12796, 6044, 7653, 4768, 7154, 6815, 7799, 5582, 11297, 7551, 9734, 12343, 19812, 15959, 8961, 16187, 13228, 11978, 2093)
e	2579641	(598, 345)	[(36, 846, 594), (36, 828, 576), (54, 828, 648), (72, 846, 648), (18, 828, 648), (18, 792, 630), (36, 828, 630), (54, 846, 630), (36, 846, 720), (18, 864, 666), (54, 846, 648), (54, 846, 648), (36, 846, 666), (36, 846, 648), (36, 846, 648), (36, 828, 630), (18, 828, 648), (18, 828, 684), (54, 846, 666), (36, 846, 630), (54, 828, 648), (54, 846, 630), (54, 846, 648), (72, 846, 522), (36, 810, 702)]	(9506, 11496, 9746, 10415, 11680, 12914, 6029, 7607, 4895, 7150, 7076, 7861, 5609, 11302, 7551, 9873, 12351, 19805, 15970, 8974, 16184, 13236, 11951, 2100)
r	2579904	(572, 302)	[(54, 846, 630), (36, 846, 720), (18, 864, 666), (54, 846, 648), (54, 846, 648), (36, 846, 666), (36, 846, 648), (36, 846, 648), (36, 828, 630), (18, 828, 648), (18, 828, 684), (54, 846, 666), (36, 846, 630), (54, 828, 648), (54, 846, 630), (54, 846, 648), (72, 846, 522), (36, 810, 702), (-36, 864, 774), (18, 828, 594), (54, 810, 594), (72, 864, 684), (72, 846, 576), (36, 828, 594), (0, 846, 720)]	(9504, 11514, 9736, 10393, 11670, 12769, 5924, 7491, 4717, 7148, 6886, 7814, 5588, 11290, 7546, 9759, 12373, 19801, 15962, 8970, 16191, 13241, 11964, 2092)
 	2580818	(800, 205)	[(36, 846, 630), (54, 846, 630), (36, 846, 648), (54, 846, 666), (36, 846, 648), (36, 846, 630), (54, 846, 648), (36, 846, 648), (54, 846, 648), (36, 846, 648), (36, 828, 666), (36, 846, 630), (36, 846, 630), (36, 864, 666), (18, 828, 630), (36, 846, 648), (36, 846, 648), (36, 828, 648), (36, 846, 630), (36, 828, 666), (36, 846, 648), (36, 828, 648), (36, 828, 648), (36, 846, 630), (18, 882, 684)]	(9500, 11458, 9720, 10368, 11663, 12708, 6026, 7411, 4894, 7119, 6929, 7644, 5491, 11162, 7520, 9657, 12317, 19803, 15937, 8963, 16190, 13213, 11975, 2089)
p	2581956	(555, 23)	[(36, 828, 684), (36, 828, 666), (36, 828, 648), (54, 828, 666), (36, 828, 666), (36, 828, 648), (36, 828, 648), (18, 828, 648), (18, 828, 648), (18, 828, 648), (18, 828, 630), (54, 828, 666), (36, 828, 666), (36, 828, 648), (54, 846, 630), (54, 828, 648), (36, 828, 666), (72, 828, 648), (72, 828, 666), (72, 846, 666), (72, 846, 630), (54, 828, 630), (36, 810, 666), (54, 810, 612)]	(9498, 11383, 9582, 10272, 11665, 13011, 5995, 7085, 4630, 7149, 6833, 7654, 5464, 11328, 7540, 9442, 12386, 19821, 15912, 8972, 16158, 13210, 11970, 2091)
l	2582400	(651, 48)	[(54, 846, 630), (54, 828, 648), (36, 828, 666), (72, 828, 648), (72, 828, 666), (72, 846, 666), (72, 846, 630), (54, 828, 630), (36, 810, 666), (54, 810, 612), (36, 828, 612), (54, 828, 720), (36, 864, 702), (54, 864, 648), (54, 846, 666), (54, 846, 666), (54, 828, 648), (72, 828, 594), (36, 828, 648), (36, 828, 648), (36, 828, 648), (36, 828, 648), (36, 828, 666), (54, 828, 684), (72, 846, 648)]	(9502, 11407, 9605, 10287, 11669, 13034, 6010, 7120, 4741, 7076, 6901, 7670, 5539, 11376, 7555, 9408, 12330, 19823, 15952, 8971, 16190, 13232, 11988, 2091)
u	2582763	(591, 188)	[(36, 864, 702), (54, 864, 648), (54, 846, 666), (54, 846, 666), (54, 828, 648), (72, 828, 594), (36, 828, 648), (36, 828, 648), (36, 828, 648), (36, 828, 648), (36, 828, 666), (54, 828, 684), (72, 846, 648), (54, 810, 612), (36, 846, 630), (36, 846, 720), (36, 846, 720), (36, 846, 648), (54, 828, 612), (18, 828, 666), (18, 828, 666), (18, 828, 648), (18, 828, 648), (36, 846, 648), (108, 846, 594)]	(9506, 11418, 9622, 10300, 11682, 12962, 5994, 7128, 4781, 7152, 6797, 7705, 5530, 11441, 7572, 9488, 12370, 19795, 15928, 8970, 16176, 13229, 11980, 2104)
m	2583478	(748, 83)	[(0, 846, 702), (0, 828, 648), (0, 810, 648), (0, 810, 684), (-36, 828, 702), (36, 846, 648), (72, 846, 630), (36, 828, 666), (18, 828, 684), (18, 810, 666), (36, 810, 630), (36, 828, 630), (54, 846, 666), (54, 828, 666), (54, 846, 666), (36, 846, 648), (36, 828, 648), (36, 828, 648), (36, 828, 666), (36, 828, 666), (18, 828, 666), (18, 828, 666), (36, 828, 648), (18, 828, 666), (36, 882, 630)]	(9496, 11396, 9610, 10287, 11676, 12946, 6020, 7103, 4764, 7091, 6903, 7740, 5467, 11246, 7530, 9423, 12346, 19761, 15843, 8953, 16125, 13229, 11967, 2087)
 	2584259	(775, 175)	[(54, 828, 648), (54, 828, 666), (36, 828, 648), (18, 828, 648), (54, 846, 612), (36, 828, 666), (18, 846, 684), (54, 828, 666), (18, 846, 630), (36, 810, 648), (36, 828, 648), (36, 828, 648), (36, 828, 648), (18, 828, 630), (18, 810, 648), (18, 828, 666), (0, 810, 684), (0, 828, 720), (54, 864, 576), (72, 864, 576), (54, 828, 684), (36, 846, 666), (36, 846, 648), (18, 900, 702), (72, 792, 540)]	(9510, 11452, 9716, 10357, 11675, 12870, 5834, 7382, 4885, 7139, 6670, 7700, 5591, 10485, 7463, 9350, 11805, 19852, 16122, 8977, 16261, 13246, 11989, 2104)
t	2585902	(585, 245)	[(36, 828, 666), (18, 828, 648), (0, 828, 666), (18, 828, 684), (18, 828, 666), (0, 828, 648), (18, 810, 666), (18, 828, 666), (18, 828, 648), (18, 828, 666), (18, 828, 648), (18, 828, 648), (18, 828, 666), (36, 828, 666), (18, 828, 648), (36, 846, 630), (36, 828, 666), (18, 828, 666), (18, 828, 666), (18, 828, 666), (18, 828, 666), (36, 828, 648), (36, 828, 648), (54, 846, 594), (90, 810, 630)]	(9511, 11444, 9679, 10323, 11679, 13012, 5789, 7290, 4819, 7122, 6851, 7675, 5508, 11459, 7550, 9414, 12278, 19833, 15990, 8976, 16170, 13253, 11957, 2096)
o	2586415	(565, 81)	[(18, 828, 666), (18, 828, 666), (36, 828, 648), (36, 828, 648), (54, 846, 594), (90, 810, 630), (18, 846, 648), (18, 846, 810), (-36, 828, 702), (0, 810, 648), (0, 828, 630), (18, 810, 612), (72, 846, 666), (36, 828, 612), (36, 828, 648), (36, 828, 666), (18, 828, 648), (18, 828, 684), (18, 828, 684), (36, 828, 666), (18, 810, 648), (36, 828, 648), (54, 846, 666), (72, 810, 594), (90, 846, 648)]	(9501, 11428, 9669, 10322, 11676, 13004, 5736, 7232, 4760, 7155, 6685, 7624, 5482, 11447, 7501, 9353, 12268, 19819, 15959, 8981, 16205, 13233, 11964, 2100)
p	2586710	(581, 12)	[(0, 810, 648), (0, 828, 630), (18, 810, 612), (72, 846, 666), (36, 828, 612), (36, 828, 648), (36, 828, 666), (18, 828, 648), (18, 828, 684), (18, 828, 684), (36, 828, 666), (18, 810, 648), (36, 828, 648), (54, 846, 666), (72, 810, 594), (90, 846, 648), (18, 846, 666), (36, 828, 756), (18, 828, 702), (36, 828, 630), (18, 810, 648), (54, 846, 666), (36, 828, 666), (18, 828, 666), (36, 828, 630)]	(9507, 11416, 9661, 10321, 11672, 12990, 5842, 7270, 4727, 7094, 6720, 7610, 5466, 11390, 7530, 9335, 12247, 19791, 15947, 8963, 16178, 13244, 11968, 2099)
 	2587478	(838, 179)	[(54, 828, 648), (36, 810, 612), (36, 828, 648), (36, 828, 648), (36, 846, 648), (54, 846, 666), (36, 828, 648), (36, 828, 666), (18, 828, 666), (36, 828, 630), (36, 846, 684), (18, 828, 666), (36, 828, 666), (36, 828, 648), (36, 828, 666), (36, 828, 684), (36, 828, 666), (18, 828, 666), (36, 828, 666), (36, 828, 648), (54, 828, 648), (36, 828, 648), (36, 828, 666), (18, 828, 666), (90, 828, 702)]	(9500, 11418, 9675, 10315, 11674, 12979, 5865, 7227, 4728, 7116, 6784, 7593, 5464, 11317, 7524, 9275, 12232, 19763, 15890, 8955, 16161, 13237, 11959, 2087)
s	2588464	(649, 378)	[(36, 828, 648), (18, 828, 666), (18, 828, 684), (18, 810, 666), (18, 828, 648), (18, 828, 666), (18, 828, 648), (18, 828, 648), (36, 828, 648), (18, 828, 648), (18, 828, 648), (36, 828, 666), (18, 828, 666), (18, 828, 666), (18, 846, 666), (18, 828, 666), (36, 828, 630), (18, 828, 648), (36, 828, 666), (36, 846, 666), (36, 828, 648), (36, 846, 684), (36, 828, 666), (18, 846, 684), (72, 846, 486)]	(9501, 11430, 9660, 10298, 11670, 13016, 5766, 7277, 4817, 7144, 6830, 7666, 5455, 11309, 7532, 9291, 12258, 19755, 15868, 8946, 16121, 13220, 11952, 2088)
l	2589027	(574, 337)	[(36, 846, 684), (36, 828, 666), (18, 846, 684), (72, 846, 486), (72, 846, 756), (-54, 864, 828), (-36, 810, 684), (18, 828, 630), (18, 810, 648), (18, 810, 648), (36, 828, 648), (18, 828, 612), (54, 828, 666), (36, 828, 666), (18, 828, 684), (0, 828, 666), (36, 828, 648), (36, 846, 648), (36, 828, 648), (36, 828, 648), (36, 828, 666), (36, 828, 666), (36, 828, 666), (18, 828, 666), (90, 846, 504)]	(9497, 11424, 9678, 10282, 11672, 12992, 5724, 7350, 4779, 7047, 6763, 7717, 5501, 11308, 7551, 9313, 12279, 19769, 15862, 8961, 16125, 13232, 11970, 2095)
e	2590466	(581, 319)	[(36, 828, 648), (36, 828, 648), (36, 828, 648), (18, 828, 666), (36, 828, 648), (36, 846, 666), (36, 828, 684), (36, 846, 666), (36, 828, 666), (36, 828, 666), (36, 828, 648), (54, 846, 666), (36, 846, 666), (36, 828, 648), (36, 828, 666), (18, 828, 666), (18, 828, 648), (18, 828, 666), (36, 828, 648), (36, 846, 648), (36, 846, 648), (36, 828, 648), (36, 828, 666), (54, 846, 648), (54, 828, 630)]	(9498, 11445, 9673, 10332, 11668, 13008, 5777, 7262, 4731, 7132, 6901, 7606, 5450, 11315, 7496, 9323, 12267, 19762, 15876, 8965, 16130, 13223, 11954, 2085)
e	2591385	(592, 345)	[(54, 846, 684), (54, 846, 666), (36, 846, 666), (36, 828, 648), (18, 828, 648), (36, 828, 648), (18, 828, 666), (18, 828, 684), (36, 828, 666), (36, 846, 666), (36, 846, 666), (36, 828, 648), (36, 828, 648), (36, 828, 666), (36, 828, 648), (36, 828, 666), (36, 828, 666), (36, 828, 684), (18, 828, 684), (36, 828, 630), (36, 846, 630), (54, 828, 630), (36, 828, 666), (18, 828, 684), (90, 864, 558)]	(9500, 11438, 9673, 10320, 11674, 13044, 5706, 7362, 4738, 7080, 6821, 7650, 5517, 11404, 7525, 9452, 12342, 19812, 15988, 8985, 16187, 13246, 11971, 2094)
v	2592370	(743, 210)	[(36, 828, 666), (36, 828, 666), (54, 828, 666), (36, 828, 648), (36, 846, 648), (36, 828, 648), (36, 846, 666), (36, 828, 648), (18, 828, 666), (36, 828, 666), (54, 828, 648), (18, 828, 648), (18, 828, 666), (36, 828, 666), (36, 828, 648), (18, 828, 648), (36, 828, 630), (36, 810, 648), (36, 828, 666), (36, 828, 666), (36, 828, 666), (18, 828, 648), (36, 810, 648), (36, 828, 648), (36, 828, 648)]	(9501, 11444, 9688, 10304, 11673, 12984, 5791, 7369, 4784, 7118, 6764, 7604, 5463, 11411, 7526, 9421, 12295, 19782, 15935, 8958, 16162, 13245, 11957, 2095)
e	2593293	(579, 354)	[(36, 828, 648), (36, 828, 648), (36, 828, 648), (54, 828, 648), (36, 828, 648), (36, 828, 666), (36, 828, 666), (18, 828, 684), (18, 828, 648), (54, 846, 648), (36, 828, 648), (36, 828, 666), (54, 846, 666), (36, 846, 666), (36, 828, 666), (36, 828, 648), (36, 828, 666), (36, 828, 666), (36, 846, 648), (36, 846, 648), (36, 828, 648), (36, 828, 666), (36, 828, 648), (54, 846, 666), (54, 846, 666)]	(9497, 11451, 9693, 10323, 11677, 12953, 5720, 7397, 4781, 7132, 6820, 7589, 5535, 11440, 7537, 9470, 12303, 19814, 15958, 8980, 16178, 13244, 11968, 2105)
l	2594785	(660, 51)	[(36, 828, 648), (18, 828, 666), (36, 828, 648), (36, 828, 666), (36, 828, 666), (36, 846, 666), (36, 846, 648), (18, 846, 648), (36, 828, 648), (54, 846, 648), (36, 828, 666), (36, 828, 666), (90, 864, 630), (72, 864, 630), (36, 846, 648), (54, 828, 648), (54, 828, 648), (36, 828, 648), (36, 828, 666), (18, 846, 648), (36, 828, 684), (18, 828, 666), (18, 828, 648), (18, 828, 630), (126, 828, 684)]	(9492, 11444, 9672, 10311, 11674, 13014, 5839, 7232, 4836, 7133, 6815, 7619, 5556, 11423, 7533, 9406, 12153, 19828, 16047, 8966, 16231, 13247, 11980, 2095)
e	2595298	(584, 331)	[(36, 828, 666), (18, 846, 648), (36, 828, 684), (18, 828, 666), (18, 828, 648), (18, 828, 630), (126, 828, 684), (54, 846, 630), (18, 846, 792), (0, 828, 774), (-36, 846, 666), (36, 846, 612), (72, 846, 684), (0, 810, 648), (0, 828, 648), (18, 828, 648), (18, 828, 666), (36, 828, 648), (54, 828, 648), (54, 846, 666), (54, 846, 666), (72, 828, 666), (54, 828, 648), (54, 828, 630), (90, 900, 504)]	(9504, 11426, 9666, 10319, 11669, 12970, 5721, 7426, 4834, 7145, 6791, 7545, 5531, 11485, 7572, 9437, 12332, 19830, 15993, 8984, 16188, 13240, 11960, 2102)
s	2595761	(663, 369)	[(18, 828, 666), (36, 828, 648), (54, 828, 648), (54, 846, 666), (54, 846, 666), (72, 828, 666), (54, 828, 648), (54, 828, 630), (90, 900, 504), (72, 792, 594), (0, 828, 810), (-54, 882, 810), (0, 828, 648), (54, 810, 594), (72, 864, 666), (36, 828, 666), (18, 828, 648), (0, 810, 630), (18, 828, 648), (36, 828, 648), (36, 828, 684), (18, 846, 702), (54, 828, 630), (54, 828, 612), (54, 828, 630)]	(9506, 11427, 9690, 10311, 11672, 12964, 5712, 7414, 4701, 7174, 6700, 7526, 5493, 11440, 7541, 9314, 12309, 19807, 15940, 8950, 16182, 13238, 11966, 2094)
s	2596059	(658, 368)	[(72, 792, 594), (0, 828, 810), (-54, 882, 810), (0, 828, 648), (54, 810, 594), (72, 864, 666), (36, 828, 666), (18, 828, 648), (0, 810, 630), (18, 828, 648), (36, 828, 648), (36, 828, 684), (18, 846, 702), (54, 828, 630), (54, 828, 612), (54, 828, 630), (54, 810, 540), (36, 828, 720), (0, 846, 756), (36, 828, 612), (36, 828, 612), (36, 828, 684), (18, 900, 810), (0, 828, 684), (18, 810, 612)]	(9513, 11489, 9715, 10365, 11687, 13096, 5822, 7485, 4766, 7060, 6784, 7759, 5492, 11407, 7549, 9334, 12314, 19780, 15919, 8966, 16168, 13234, 11965, 2094)
