Please hold the phone in your left hand and type with your left thumb
i	2606632	(586, 136)	[(144, 684, 810), (108, 684, 810), (90, 720, 774), (54, 720, 792), (72, 702, 792), (108, 702, 720), (144, 702, 720), (126, 702, 756), (90, 720, 828), (90, 738, 738), (54, 738, 756), (108, 738, 756), (90, 720, 738), (72, 738, 756), (54, 738, 774), (72, 738, 774), (72, 720, 756), (90, 738, 738), (72, 720, 774), (72, 738, 792), (90, 720, 774), (108, 738, 774), (108, 702, 774), (90, 720, 774), (54, 738, 774)]	(9440, 11394, 9845, 10387, 11653, 10510, 8305, 7873, 5722, 7123, 7369, 7834, 5014, 6587, 7320, 9085, 11612, 20092, 15720, 9425, 17137, 14832, 12136, 2110)
 	2607663	(808, 229)	[(72, 720, 792), (72, 720, 774), (54, 720, 774), (72, 720, 774), (54, 720, 774), (54, 720, 774), (36, 738, 738), (36, 738, 756), (18, 738, 774), (36, 720, 774), (54, 720, 792), (54, 720, 792), (72, 720, 774), (54, 720, 774), (54, 720, 774), (72, 720, 792), (54, 720, 792), (54, 720, 774), (54, 720, 792), (72, 756, 738), (18, 738, 702), (36, 720, 774), (18, 738, 864), (90, 684, 792), (108, 702, 630)]	(9429, 11217, 9770, 10336, 11655, 10539, 8143, 8164, 6969, 7200, 7338, 8691, 5170, 6588, 7332, 9006, 11625, 20086, 15613, 9419, 17041, 14740, 12121, 2107)
t	2608157	(558, 257)	[(54, 720, 792), (72, 756, 738), (18, 738, 702), (36, 720, 774), (18, 738, 864), (90, 684, 792), (108, 702, 630), (126, 738, 540), (108, 720, 702), (90, 720, 756), (72, 720, 828), (54, 720, 810), (36, 738, 774), (54, 738, 720), (54, 720, 702), (108, 720, 738), (72, 720, 792), (72, 720, 846), (72, 702, 810), (126, 720, 702), (36, 738, 774), (0, 756, 864), (36, 756, 756), (90, 720, 612), (90, 738, 612)]	(9418, 11181, 9734, 10210, 11625, 10493, 7978, 8111, 6680, 7124, 7228, 8292, 5189, 6568, 7329, 8873, 11614, 20111, 15555, 9411, 16975, 14733, 12123, 2098)
h	2608471	(640, 175)	[(90, 720, 756), (72, 720, 828), (54, 720, 810), (36, 738, 774), (54, 738, 720), (54, 720, 702), (108, 720, 738), (72, 720, 792), (72, 720, 846), (72, 702, 810), (126, 720, 702), (36, 738, 774), (0, 756, 864), (36, 756, 756), (90, 720, 612), (90, 738, 612), (126, 702, 810), (18, 774, 756), (54, 738, 684), (72, 738, 648), (72, 738, 738), (72, 738, 828), (72, 738, 756), (36, 774, 738), (54, 756, 738)]	(9418, 11145, 9692, 10234, 11617, 10520, 7919, 8159, 6726, 7127, 7159, 8406, 5267, 6557, 7330, 8975, 11574, 20103, 15511, 9421, 16993, 14764, 12137, 2109)
o	2608762	(583, 72)	[(72, 702, 810), (126, 720, 702), (36, 738, 774), (0, 756, 864), (36, 756, 756), (90, 720, 612), (90, 738, 612), (126, 702, 810), (18, 774, 756), (54, 738, 684), (72, 738, 648), (72, 738, 738), (72, 738, 828), (72, 738, 756), (36, 774, 738), (54, 756, 738), (54, 756, 756), (108, 756, 720), (126, 756, 684), (108, 828, 558), (72, 774, 684), (54, 774, 846), (36, 774, 900), (90, 756, 792), (162, 720, 612)]	(9428, 11270, 9730, 10340, 11632, 10515, 8046, 8233, 6805, 7128, 7405, 8724, 5253, 6609, 7306, 8952, 11651, 20134, 15546, 9463, 17119, 14933, 12142, 2103)
u	2609052	(571, 189)	[(18, 774, 756), (54, 738, 684), (72, 738, 648), (72, 738, 738), (72, 738, 828), (72, 738, 756), (36, 774, 738), (54, 756, 738), (54, 756, 756), (108, 756, 720), (126, 756, 684), (108, 828, 558), (72, 774, 684), (54, 774, 846), (36, 774, 900), (90, 756, 792), (162, 720, 612), (-36, 792, 846), (126, 720, 774), (162, 774, 594), (54, 738, 702), (0, 792, 846), (-36, 792, 900), (54, 756, 756), (144, 738, 522)]	(9422, 11218, 9742, 10273, 11619, 10417, 8108, 8214, 6743, 7124, 7405, 8935, 5258, 6576, 7334, 8846, 11623, 20112, 15556, 9431, 17010, 14823, 12138, 2105)
g	2609395	(663, 224)	[(108, 828, 558), (72, 774, 684), (54, 774, 846), (36, 774, 900), (90, 756, 792), (162, 720, 612), (-36, 792, 846), (126, 720, 774), (162, 774, 594), (54, 738, 702), (0, 792, 846), (-36, 792, 900), (54, 756, 756), (144, 738, 522), (144, 738, 504), (108, 756, 702), (54, 774, 738), (90, 756, 738), (126, 774, 612), (72, 756, 702), (36, 756, 846), (36, 774, 882), (54, 756, 774), (108, 720, 666), (72, 792, 576)]	(9412, 11186, 9649, 10234, 11590, 10310, 7810, 8240, 6746, 7107, 7219, 8852, 5291, 6541, 7332, 8811, 11605, 20097, 15601, 9415, 17024, 14806, 12132, 2098)
h	2609651	(633, 182)	[(126, 720, 774), (162, 774, 594), (54, 738, 702), (0, 792, 846), (-36, 792, 900), (54, 756, 756), (144, 738, 522), (144, 738, 504), (108, 756, 702), (54, 774, 738), (90, 756, 738), (126, 774, 612), (72, 756, 702), (36, 756, 846), (36, 774, 882), (54, 756, 774), (108, 720, 666), (72, 792, 576), (36, 774, 720), (90, 810, 558), (0, 756, 738), (18, 774, 936), (36, 756, 918), (162, 738, 666), (180, 738, 486)]	(9420, 11227, 9753, 10324, 11644, 10544, 8313, 8651, 7390, 7212, 7322, 8967, 5291, 6590, 7317, 8907, 11604, 20115, 15609, 9438, 17066, 14850, 12136, 2109)
t	2609842	(576, 264)	[(-36, 792, 900), (54, 756, 756), (144, 738, 522), (144, 738, 504), (108, 756, 702), (54, 774, 738), (90, 756, 738), (126, 774, 612), (72, 756, 702), (36, 756, 846), (36, 774, 882), (54, 756, 774), (108, 720, 666), (72, 792, 576), (36, 774, 720), (90, 810, 558), (0, 756, 738), (18, 774, 936), (36, 756, 918), (162, 738, 666), (180, 738, 486), (126, 720, 720), (36, 756, 828), (54, 774, 828), (54, 756, 738)]	(9413, 11216, 9704, 10286, 11625, 10455, 8186, 8328, 7045, 7079, 7301, 8864, 5283, 6551, 7325, 8876, 11614, 20111, 15602, 9421, 17025, 14819, 12130, 2106)
 	2610606	(824, 219)	[(72, 774, 720), (36, 774, 702), (36, 774, 720), (54, 774, 738), (72, 774, 738), (54, 774, 720), (72, 756, 720), (72, 756, 720), (108, 756, 702), (72, 756, 738), (72, 774, 756), (54, 774, 738), (54, 792, 702), (54, 774, 702), (72, 774, 756), (72, 774, 720), (72, 756, 738), (90, 756, 720), (72, 756, 702), (54, 810, 738), (36, 810, 648), (0, 774, 720), (0, 774, 810), (36, 774, 864), (108, 684, 810)]	(9417, 11233, 9703, 10330, 11646, 10612, 8155, 8750, 7460, 7167, 7605, 8851, 5300, 6592, 7309, 9122, 11639, 20114, 15613, 9442, 17043, 14848, 12129, 2108)
i	2611098	(586, 120)	[(72, 756, 702), (54, 810, 738), (36, 810, 648), (0, 774, 720), (0, 774, 810), (36, 774, 864), (108, 684, 810), (-72, 810, 882), (108, 738, 684), (144, 738, 648), (126, 756, 702), (90, 756, 792), (90, 738, 774), (90, 756, 720), (54, 774, 684), (36, 810, 702), (54, 774, 684), (126, 756, 720), (126, 738, 720), (144, 792, 666), (90, 738, 828), (108, 738, 828), (90, 756, 810), (108, 756, 774), (126, 756, 666)]	(9426, 11260, 9735, 10335, 11638, 10555, 8226, 8574, 7293, 7073, 7296, 8876, 5327, 6607, 7328, 9036, 11671, 20147, 15640, 9463, 17122, 14931, 12151, 2107)
 	2611505	(824, 218)	[(54, 774, 684), (36, 810, 702), (54, 774, 684), (126, 756, 720), (126, 738, 720), (144, 792, 666), (90, 738, 828), (108, 738, 828), (90, 756, 810), (108, 756, 774), (126, 756, 666), (18, 810, 810), (144, 738, 684), (126, 738, 702), (90, 774, 738), (36, 774, 810), (36, 774, 792), (36, 756, 774), (90, 792, 648), (108, 756, 648), (72, 756, 720), (54, 738, 846), (18, 774, 882), (54, 756, 810), (126, 702, 648)]	(9422, 11265, 9733, 10284, 11641, 10541, 8075, 8803, 7383, 7211, 7470, 8584, 5285, 6610, 7315, 9095, 11631, 20128, 15658, 9449, 17064, 14846, 12130, 2114)
s	2611947	(629, 393)	[(36, 774, 792), (36, 756, 774), (90, 792, 648), (108, 756, 648), (72, 756, 720), (54, 738, 846), (18, 774, 882), (54, 756, 810), (126, 702, 648), (-90, 810, 846), (108, 720, 738), (126, 738, 720), (108, 720, 792), (108, 738, 774), (72, 756, 756), (54, 756, 738), (72, 756, 702), (36, 774, 684), (36, 774, 684), (36, 774, 756), (18, 774, 792), (54, 756, 828), (108, 738, 702), (126, 738, 594), (108, 756, 612)]	(9411, 11174, 9653, 10198, 11625, 10386, 7932, 8223, 6897, 7117, 7410, 8505, 5316, 6480, 7290, 8858, 11575, 20087, 15626, 9425, 16975, 14779, 12114, 2106)
e	2612154	(548, 350)	[(54, 738, 846), (18, 774, 882), (54, 756, 810), (126, 702, 648), (-90, 810, 846), (108, 720, 738), (126, 738, 720), (108, 720, 792), (108, 738, 774), (72, 756, 756), (54, 756, 738), (72, 756, 702), (36, 774, 684), (36, 774, 684), (36, 774, 756), (18, 774, 792), (54, 756, 828), (108, 738, 702), (126, 738, 594), (108, 756, 612), (72, 774, 774), (54, 756, 792), (72, 756, 882), (90, 738, 738), (126, 738, 612)]	(9416, 11224, 9708, 10283, 11635, 10507, 8168, 8716, 7311, 7134, 7500, 8826, 5354, 6597, 7329, 9172, 11640, 20130, 15662, 9466, 17037, 14835, 12150, 2109)
n	2612546	(721, 158)	[(36, 774, 684), (36, 774, 756), (18, 774, 792), (54, 756, 828), (108, 738, 702), (126, 738, 594), (108, 756, 612), (72, 774, 774), (54, 756, 792), (72, 756, 882), (90, 738, 738), (126, 738, 612), (54, 774, 774), (72, 756, 720), (108, 756, 684), (72, 774, 702), (36, 792, 720), (54, 774, 738), (108, 756, 738), (90, 738, 738), (36, 828, 702), (72, 792, 738), (54, 756, 756), (90, 774, 738), (108, 738, 666)]	(9418, 11210, 9698, 10203, 11619, 10461, 7880, 8381, 7056, 7096, 7327, 8736, 5292, 6502, 7294, 8714, 11573, 20110, 15643, 9432, 17072, 14835, 12138, 2107)
t	2612841	(574, 255)	[(72, 756, 882), (90, 738, 738), (126, 738, 612), (54, 774, 774), (72, 756, 720), (108, 756, 684), (72, 774, 702), (36, 792, 720), (54, 774, 738), (108, 756, 738), (90, 738, 738), (36, 828, 702), (72, 792, 738), (54, 756, 756), (90, 774, 738), (108, 738, 666), (108, 774, 666), (90, 774, 738), (90, 774, 756), (108, 756, 738), (108, 774, 666), (54, 774, 720), (18, 792, 774), (54, 792, 756), (72, 774, 702)]	(9420, 11202, 9676, 10254, 11617, 10487, 8173, 8386, 7340, 7164, 7289, 8820, 5289, 6560, 7315, 8910, 11606, 20095, 15697, 9432, 17066, 14833, 12135, 2094)
 	2613251	(818, 234)	[(54, 756, 756), (90, 774, 738), (108, 738, 666), (108, 774, 666), (90, 774, 738), (90, 774, 756), (108, 756, 738), (108, 774, 666), (54, 774, 720), (18, 792, 774), (54, 792, 756), (72, 774, 702), (126, 738, 738), (72, 774, 702), (72, 774, 720), (54, 774, 720), (54, 792, 720), (36, 792, 702), (54, 774, 756), (36, 792, 738), (90, 792, 666), (72, 756, 702), (72, 774, 774), (90, 774, 810), (108, 756, 630)]	(9419, 11217, 9703, 10257, 11642, 10541, 8024, 8516, 7423, 7143, 7351, 8651, 5246, 6574, 7315, 8932, 11603, 20083, 15632, 9429, 17032, 14820, 12144, 2111)
j	2613863	(641, 138)	[(108, 756, 630), (72, 774, 702), (54, 774, 702), (90, 774, 720), (90, 774, 720), (108, 774, 702), (108, 774, 720), (72, 774, 774), (54, 756, 738), (72, 792, 702), (54, 792, 702), (72, 792, 738), (72, 774, 738), (90, 774, 720), (126, 756, 720), (108, 756, 756), (108, 756, 738), (108, 774, 720), (72, 774, 666), (126, 756, 684), (54, 774, 774), (36, 774, 792), (54, 792, 774), (90, 756, 666), (162, 756, 576)]	(9425, 11225, 9700, 10254, 11634, 10481, 8210, 8538, 7600, 7185, 7440, 8959, 5342, 6562, 7319, 8893, 11631, 20137, 15692, 9462, 17117, 14917, 12150, 2101)
i	2614106	(553, 131)	[(108, 774, 720), (72, 774, 774), (54, 756, 738), (72, 792, 702), (54, 792, 702), (72, 792, 738), (72, 774, 738), (90, 774, 720), (126, 756, 720), (108, 756, 756), (108, 756, 738), (108, 774, 720), (72, 774, 666), (126, 756, 684), (54, 774, 774), (36, 774, 792), (54, 792, 774), (90, 756, 666), (162, 756, 576), (108, 738, 738), (54, 810, 522), (90, 774, 720), (54, 774, 792), (54, 792, 810), (18, 774, 810)]	(9424, 11219, 9701, 10281, 11622, 10492, 7991, 8471, 7416, 7105, 7413, 8966, 5293, 6564, 7309, 8825, 11624, 20143, 15706, 9454, 17085, 14884, 12135, 2106)
m	2614447	(731, 113)	[(72, 774, 666), (126, 756, 684), (54, 774, 774), (36, 774, 792), (54, 792, 774), (90, 756, 666), (162, 756, 576), (108, 738, 738), (54, 810, 522), (90, 774, 720), (54, 774, 792), (54, 792, 810), (18, 774, 810), (162, 756, 540), (54, 792, 846), (72, 810, 684), (54, 810, 720), (72, 792, 702), (54, 792, 720), (126, 756, 738), (108, 738, 720), (108, 774, 702), (90, 792, 738), (54, 810, 774), (72, 774, 684)]	(9417, 11206, 9686, 10268, 11607, 10464, 7825, 8312, 7340, 7159, 7268, 8877, 5301, 6492, 7310, 8758, 11617, 20140, 15695, 9460, 17155, 14902, 12146, 2110)
 	2614909	(853, 210)	[(54, 810, 720), (72, 792, 702), (54, 792, 720), (126, 756, 738), (108, 738, 720), (108, 774, 702), (90, 792, 738), (54, 810, 774), (72, 774, 684), (108, 774, 792), (90, 756, 720), (72, 792, 756), (72, 774, 756), (54, 792, 702), (54, 774, 684), (54, 774, 702), (72, 774, 738), (90, 792, 720), (72, 774, 630), (54, 792, 684), (18, 792, 774), (36, 810, 792), (72, 756, 738), (126, 756, 576), (126, 774, 558)]	(9421, 11197, 9632, 10216, 11614, 10513, 7891, 8322, 7392, 7071, 7248, 8769, 5402, 6524, 7287, 8750, 11582, 20125, 15654, 9431, 17036, 14841, 12148, 2113)
a	2615351	(657, 447)	[(54, 774, 702), (72, 774, 738), (90, 792, 720), (72, 774, 630), (54, 792, 684), (18, 792, 774), (36, 810, 792), (72, 756, 738), (126, 756, 576), (126, 774, 558), (72, 738, 720), (108, 720, 810), (108, 738, 828), (36, 756, 810), (36, 774, 702), (0, 774, 684), (36, 774, 666), (36, 774, 738), (54, 756, 756), (54, 738, 756), (72, 756, 756), (54, 756, 810), (72, 756, 864), (72, 720, 774), (90, 738, 630)]	(9420, 11119, 9625, 10186, 11617, 10465, 8011, 9081, 7825, 7125, 7456, 9811, 5519, 6565, 7301, 9695, 11570, 20057, 15499, 9456, 16965, 14687, 12123, 2102)
n	2615819	(737, 152)	[(36, 774, 666), (36, 774, 738), (54, 756, 756), (54, 738, 756), (72, 756, 756), (54, 756, 810), (72, 756, 864), (72, 720, 774), (90, 738, 630), (36, 774, 792), (72, 756, 702), (36, 774, 756), (72, 774, 756), (126, 738, 738), (90, 756, 720), (54, 774, 738), (54, 792, 720), (90, 756, 738), (72, 756, 738), (72, 810, 648), (36, 774, 720), (18, 774, 810), (54, 774, 810), (108, 738, 684), (126, 738, 576)]	(9421, 11149, 9639, 10200, 11626, 10517, 8147, 8584, 7575, 7141, 7410, 8988, 5465, 6540, 7313, 8847, 11562, 20093, 15561, 9426, 17042, 14830, 12126, 2106)
 	2616429	(832, 246)	[(108, 738, 684), (126, 738, 576), (36, 792, 702), (18, 792, 774), (72, 774, 702), (108, 756, 666), (90, 756, 738), (72, 756, 774), (54, 756, 738), (54, 774, 738), (54, 756, 702), (54, 774, 702), (36, 792, 702), (54, 792, 738), (72, 756, 684), (72, 810, 630), (72, 756, 774), (54, 774, 810), (72, 774, 738), (90, 756, 702), (54, 756, 702), (72, 774, 666), (108, 774, 612), (90, 756, 684), (54, 774, 792)]	(9403, 11081, 9567, 10143, 11615, 10485, 7763, 8461, 7507, 7140, 7399, 8660, 5451, 6529, 7326, 8963, 11612, 20112, 15549, 9416, 16987, 14791, 12143, 2105)
e	2616924	(568, 337)	[(72, 774, 738), (90, 756, 702), (54, 756, 702), (72, 774, 666), (108, 774, 612), (90, 756, 684), (54, 774, 792), (90, 756, 702), (108, 756, 702), (72, 756, 666), (18, 810, 720), (72, 774, 756), (180, 720, 756), (108, 756, 774), (36, 774, 738), (54, 774, 684), (54, 774, 630), (36, 774, 702), (72, 792, 756), (36, 756, 828), (36, 774, 846), (90, 792, 756), (126, 684, 630), (144, 738, 504), (72, 810, 630)]	(9416, 11160, 9660, 10190, 11638, 10569, 8079, 8650, 7790, 7137, 7473, 9058, 5447, 6501, 7315, 8885, 11606, 20107, 15604, 9438, 16994, 14813, 12146, 2100)
m	2617333	(727, 119)	[(108, 756, 774), (36, 774, 738), (54, 774, 684), (54, 774, 630), (36, 774, 702), (72, 792, 756), (36, 756, 828), (36, 774, 846), (90, 792, 756), (126, 684, 630), (144, 738, 504), (72, 810, 630), (108, 738, 756), (36, 792, 702), (54, 792, 684), (54, 774, 702), (90, 774, 720), (126, 756, 756), (126, 756, 756), (108, 738, 756), (36, 774, 738), (36, 792, 774), (36, 792, 756), (126, 756, 684), (180, 720, 594)]	(9416, 11148, 9655, 10202, 11617, 10524, 8147, 8571, 7837, 7174, 7389, 9071, 5517, 6543, 7331, 8844, 11612, 20109, 15621, 9455, 17092, 14876, 12156, 2110)
a	2617632	(632, 432)	[(126, 684, 630), (144, 738, 504), (72, 810, 630), (108, 738, 756), (36, 792, 702), (54, 792, 684), (54, 774, 702), (90, 774, 720), (126, 756, 756), (126, 756, 756), (108, 738, 756), (36, 774, 738), (36, 792, 774), (36, 792, 756), (126, 756, 684), (180, 720, 594), (144, 738, 702), (54, 774, 702), (90, 756, 702), (90, 756, 684), (36, 792, 702), (0, 792, 792), (54, 774, 864), (108, 738, 738)]	(9409, 11107, 9667, 10192, 11636, 10529, 7776, 8978, 7732, 7194, 7458, 9805, 5476, 6603, 7368, 10000, 11624, 20074, 15472, 9439, 16937, 14769, 12127, 2100)
i	2618077	(560, 129)	[(144, 738, 702), (54, 774, 702), (90, 756, 702), (90, 756, 684), (36, 792, 702), (0, 792, 792), (54, 774, 864), (108, 738, 738), (126, 738, 576), (54, 774, 792), (72, 756, 756), (108, 756, 630), (126, 756, 630), (90, 792, 684), (72, 792, 738), (36, 774, 792), (108, 756, 702), (180, 774, 558), (108, 756, 684), (72, 792, 810), (54, 774, 846), (90, 774, 774), (126, 756, 630), (108, 756, 576), (90, 792, 666)]	(9415, 11154, 9661, 10207, 11615, 10466, 7984, 8573, 7567, 7185, 7400, 9074, 5459, 6553, 7288, 8820, 11582, 20121, 15623, 9449, 17075, 14905, 12140, 2110)
l	2618336	(635, 58)	[(108, 738, 738), (126, 738, 576), (54, 774, 792), (72, 756, 756), (108, 756, 630), (126, 756, 630), (90, 792, 684), (72, 792, 738), (36, 774, 792), (108, 756, 702), (180, 774, 558), (108, 756, 684), (72, 792, 810), (54, 774, 846), (90, 774, 774), (126, 756, 630), (108, 756, 576), (90, 792, 666), (126, 774, 684), (108, 774, 702), (126, 792, 612), (90, 792, 666), (72, 810, 756), (72, 774, 792), (126, 792, 684)]	(9416, 11165, 9652, 10217, 11609, 10448, 7936, 8475, 7747, 7117, 7211, 9061, 5438, 6544, 7327, 8728, 11618, 20119, 15691, 9455, 17202, 14969, 12148, 2110)
 	2618931	(847, 189)	[(126, 792, 684), (180, 774, 576), (108, 792, 756), (90, 756, 684), (108, 792, 738), (90, 774, 792), (72, 756, 774), (72, 756, 720), (90, 774, 666), (72, 792, 702), (72, 774, 720), (72, 792, 720), (72, 792, 684), (90, 774, 684), (90, 774, 720), (108, 774, 738), (126, 756, 720), (126, 756, 738), (126, 792, 702), (108, 756, 702), (72, 774, 684), (36, 792, 720), (54, 810, 684), (54, 738, 702), (144, 756, 594)]	(9417, 11165, 9650, 10210, 11615, 10522, 7969, 8547, 7362, 7139, 7385, 8785, 5303, 6514, 7313, 8786, 11615, 20138, 15681, 9421, 17091, 14798, 12138, 2107)
o	2619811	(592, 105)	[(54, 756, 738), (72, 756, 720), (54, 756, 720), (72, 774, 720), (72, 756, 756), (72, 774, 810), (54, 756, 792), (72, 756, 756), (108, 756, 702), (126, 774, 702), (126, 756, 738), (162, 738, 738), (126, 756, 720), (108, 774, 684), (90, 774, 684), (90, 774, 666), (90, 774, 684), (108, 810, 630), (108, 756, 792), (126, 756, 828), (144, 738, 792), (162, 756, 792), (162, 756, 666), (126, 774, 612), (108, 792, 630)]	(9404, 11108, 9621, 10240, 11608, 10331, 8110, 8388, 6548, 7113, 7308, 8883, 5233, 6536, 7312, 8752, 11610, 20120, 15674, 9443, 17114, 14874, 12136, 2115)
v	2620254	(709, 216)	[(90, 774, 684), (108, 810, 630), (108, 756, 792), (126, 756, 828), (144, 738, 792), (162, 756, 792), (162, 756, 666), (126, 774, 612), (108, 792, 630), (90, 774, 738), (54, 810, 774), (108, 756, 774), (180, 738, 774), (144, 774, 684), (126, 738, 738), (108, 756, 720), (108, 774, 720), (90, 756, 756), (126, 774, 720), (90, 774, 738), (72, 792, 720), (90, 792, 720), (72, 792, 774), (126, 738, 756), (216, 702, 558)]	(9423, 11170, 9685, 10279, 11625, 10439, 8440, 8513, 7153, 7197, 7496, 9071, 5304, 6483, 7332, 8792, 11600, 20140, 15783, 9464, 17230, 14895, 12123, 2115)
e	2620613	(566, 344)	[(108, 756, 774), (180, 738, 774), (144, 774, 684), (126, 738, 738), (108, 756, 720), (108, 774, 720), (90, 756, 756), (126, 774, 720), (90, 774, 738), (72, 792, 720), (90, 792, 720), (72, 792, 774), (126, 738, 756), (216, 702, 558), (126, 738, 810), (144, 738, 720), (108, 756, 756), (90, 774, 684), (126, 756, 666), (72, 792, 684), (54, 756, 864), (90, 792, 738), (108, 756, 648), (126, 774, 594), (108, 756, 702)]	(9422, 11147, 9647, 10204, 11603, 10431, 8016, 8297, 6830, 7124, 7565, 8896, 5313, 6549, 7304, 8949, 11565, 20123, 15745, 9444, 17091, 14846, 12130, 2103)
r	2620805	(572, 283)	[(108, 756, 720), (108, 774, 720), (90, 756, 756), (126, 774, 720), (90, 774, 738), (72, 792, 720), (90, 792, 720), (72, 792, 774), (126, 738, 756), (216, 702, 558), (126, 738, 810), (144, 738, 720), (108, 756, 756), (90, 774, 684), (126, 756, 666), (72, 792, 684), (54, 756, 864), (90, 792, 738), (108, 756, 648), (126, 774, 594), (108, 756, 702), (108, 756, 792), (54, 792, 918), (108, 774, 720)]	(9420, 11175, 9713, 10289, 11630, 10477, 8327, 8749, 7422, 7185, 7592, 9434, 5320, 6602, 7355, 9210, 11593, 20143, 15784, 9478, 17149, 14899, 12156, 2108)
 	2621618	(805, 168)	[(72, 774, 774), (90, 774, 738), (108, 756, 702), (108, 774, 702), (72, 792, 720), (36, 792, 720), (36, 792, 702), (72, 792, 684), (108, 774, 720), (126, 756, 738), (90, 756, 738), (90, 792, 720), (72, 774, 720), (90, 792, 684), (90, 774, 720), (90, 774, 774), (126, 738, 720), (126, 756, 720), (90, 756, 666), (108, 846, 594), (0, 792, 684), (-18, 792, 774), (54, 792, 774), (108, 756, 720), (216, 720, 648)]	(9411, 11120, 9648, 10162, 11591, 10310, 7688, 8191, 7110, 7102, 7086, 8852, 5342, 6510, 7335, 8691, 11550, 20100, 15757, 9458, 17218, 14861, 12119, 2106)
t	2622063	(553, 231)	[(90, 774, 774), (126, 738, 720), (126, 756, 720), (90, 756, 666), (108, 846, 594), (0, 792, 684), (-18, 792, 774), (54, 792, 774), (108, 756, 720), (216, 720, 648), (90, 756, 756), (72, 774, 720), (72, 774, 738), (126, 756, 720), (144, 756, 702), (126, 738, 756), (90, 756, 774), (90, 756, 738), (72, 774, 612), (126, 756, 630), (54, 756, 720), (18, 774, 864), (18, 756, 900), (72, 756, 828), (162, 702, 684)]	(9421, 11204, 9752, 10291, 11654, 10560, 8398, 8532, 7700, 7206, 7731, 9300, 5314, 6582, 7333, 9140, 11636, 20125, 15797, 9486, 17210, 14923, 12158, 2101)
h	2622422	(650, 227)	[(72, 774, 738), (126, 756, 720), (144, 756, 702), (126, 738, 756), (90, 756, 774), (90, 756, 738), (72, 774, 612), (126, 756, 630), (54, 756, 720), (18, 774, 864), (18, 756, 900), (72, 756, 828), (162, 702, 684), (234, 684, 486), (72, 756, 774), (36, 792, 792), (126, 738, 666), (108, 738, 648), (90, 756, 720), (54, 774, 810), (18, 774, 882), (90, 774, 774), (144, 720, 576), (180, 738, 468), (72, 774, 684)]	(9410, 11110, 9642, 10155, 11592, 10414, 7754, 8148, 7250, 7098, 7283, 8733, 5335, 6553, 7318, 8890, 11593, 20082, 15684, 9435, 17073, 14797, 12129, 2108)
e	2623083	(562, 386)	[(144, 738, 684), (54, 774, 756), (72, 756, 702), (72, 774, 720), (54, 756, 738), (72, 756, 738), (72, 756, 738), (90, 756, 720), (72, 756, 756), (72, 774, 738), (72, 756, 720), (90, 756, 720), (90, 756, 756), (90, 756, 738), (108, 756, 702), (90, 756, 702), (72, 756, 756), (90, 756, 756), (90, 756, 666), (72, 774, 666), (36, 774, 738), (18, 792, 810), (54, 774, 828), (108, 756, 756), (126, 720, 612)]	(9418, 11187, 9697, 10219, 11624, 10533, 7852, 8535, 7350, 7100, 7483, 8925, 5349, 6587, 7346, 9451, 11611, 20083, 15632, 9460, 17009, 14804, 12123, 2103)
 	2623579	(786, 307)	[(72, 774, 666), (36, 774, 738), (18, 792, 810), (54, 774, 828), (108, 756, 756), (126, 720, 612), (126, 756, 630), (54, 756, 738), (126, 738, 756), (90, 756, 792), (54, 774, 792), (54, 774, 720), (36, 756, 702), (18, 774, 738), (90, 756, 720), (108, 756, 738), (90, 756, 756), (90, 756, 720), (54, 774, 684), (90, 756, 738), (54, 756, 738), (54, 756, 738), (72, 774, 774), (108, 756, 684), (162, 738, 594)]	(9410, 11155, 9656, 10182, 11612, 10489, 7738, 8336, 7101, 7090, 7478, 8451, 5356, 6573, 7314, 9017, 11607, 20096, 15656, 9460, 17061, 14829, 12136, 2096)
w	2624043	(564, 405)	[(90, 756, 756), (90, 756, 720), (54, 774, 684), (90, 756, 738), (54, 756, 738), (54, 756, 738), (72, 774, 774), (108, 756, 684), (162, 738, 594), (108, 738, 702), (54, 756, 774), (72, 756, 774), (108, 738, 738), (108, 738, 702), (72, 774, 720), (90, 774, 720), (90, 756, 738), (90, 756, 738), (108, 756, 738), (90, 756, 702), (54, 774, 756), (54, 774, 810), (72, 774, 774), (72, 756, 666), (108, 774, 630)]	(9409, 11194, 9720, 10251, 11637, 10519, 8052, 8508, 7384, 7157, 7569, 8638, 5312, 6608, 7342, 9457, 11611, 20118, 15639, 9462, 17039, 14831, 12128, 2110)
e	2624386	(575, 341)	[(72, 756, 774), (108, 738, 738), (108, 738, 702), (72, 774, 720), (90, 774, 720), (90, 756, 738), (90, 756, 738), (108, 756, 738), (90, 756, 702), (54, 774, 756), (54, 774, 810), (72, 774, 774), (72, 756, 666), (108, 774, 630), (72, 756, 738), (54, 792, 684), (108, 774, 702), (108, 756, 666), (108, 774, 684), (72, 774, 828), (54, 756, 846), (72, 774, 738), (126, 756, 630), (126, 756, 630), (72, 792, 684)]	(9418, 11167, 9674, 10181, 11618, 10491, 8131, 8270, 7349, 7116, 7514, 8727, 5384, 6576, 7325, 9116, 11589, 20114, 15708, 9463, 17070, 14842, 12150, 2113)
e	2624628	(576, 348)	[(90, 756, 738), (108, 756, 738), (90, 756, 702), (54, 774, 756), (54, 774, 810), (72, 774, 774), (72, 756, 666), (108, 774, 630), (72, 756, 738), (54, 792, 684), (108, 774, 702), (108, 756, 666), (108, 774, 684), (72, 774, 828), (54, 756, 846), (72, 774, 738), (126, 756, 630), (126, 756, 630), (72, 792, 684), (72, 774, 666), (72, 774, 792), (90, 756, 720), (126, 756, 648), (108, 756, 576), (72, 792, 702)]	(9417, 11147, 9652, 10172, 11610, 10512, 8024, 8394, 7286, 7141, 7347, 8755, 5308, 6592, 7315, 8982, 11600, 20108, 15701, 9454, 17065, 14842, 12120, 2105)
k	2625612	(654, 84)	[(90, 756, 738), (72, 756, 720), (90, 774, 738), (90, 774, 702), (90, 756, 702), (90, 774, 720), (90, 774, 738), (90, 774, 738), (54, 792, 702), (72, 810, 702), (108, 774, 720), (108, 756, 738), (126, 756, 756), (126, 756, 720), (126, 756, 720), (90, 774, 702), (90, 774, 702), (108, 774, 738), (108, 756, 738), (126, 738, 720), (180, 810, 630), (126, 756, 720), (72, 774, 810), (90, 792, 738), (126, 738, 648)]	(9420, 11194, 9693, 10262, 11608, 10437, 7972, 8277, 7540, 7142, 7424, 8842, 5350, 6532, 7332, 8753, 11603, 20144, 15790, 9469, 17239, 14942, 12141, 2112)
e	2626006	(561, 345)	[(126, 756, 720), (126, 756, 720), (90, 774, 702), (90, 774, 702), (108, 774, 738), (108, 756, 738), (126, 738, 720), (180, 810, 630), (126, 756, 720), (72, 774, 810), (90, 792, 738), (126, 738, 648), (0, 810, 792), (198, 720, 720), (126, 756, 738), (108, 756, 756), (90, 774, 720), (90, 756, 720), (108, 792, 684), (72, 774, 792), (108, 756, 846), (108, 756, 810), (126, 756, 756), (126, 756, 756), (144, 738, 612)]	(9418, 11177, 9708, 10241, 11616, 10454, 8131, 8417, 7431, 7110, 7430, 9154, 5351, 6550, 7285, 8837, 11602, 20134, 15774, 9488, 17163, 14911, 12138, 2121)
n	2627923	(744, 146)	[(90, 792, 684), (90, 774, 738), (72, 774, 720), (90, 756, 756), (90, 756, 702), (90, 792, 684), (90, 774, 702), (90, 756, 738), (108, 756, 756), (126, 738, 756), (126, 756, 738), (108, 756, 720), (126, 756, 720), (126, 756, 702), (126, 756, 738), (90, 756, 738), (108, 774, 720), (108, 756, 738), (108, 756, 738), (126, 756, 738), (108, 774, 702), (90, 756, 774), (108, 756, 756), (162, 738, 666), (198, 738, 630)]	(9410, 11136, 9665, 10176, 11586, 10323, 7725, 8195, 7076, 7083, 7080, 8688, 5326, 6525, 7293, 8701, 11574, 20125, 15713, 9476, 17215, 14923, 12137, 2107)
d	2628332	(661, 338)	[(126, 756, 738), (90, 756, 738), (108, 774, 720), (108, 756, 738), (108, 756, 738), (126, 756, 738), (108, 774, 702), (90, 756, 774), (108, 756, 756), (162, 738, 666), (198, 738, 630), (108, 774, 738), (108, 756, 756), (144, 756, 702), (126, 756, 702), (108, 756, 756), (90, 774, 774), (144, 756, 684), (108, 756, 720), (72, 756, 864), (72, 756, 900), (90, 774, 720), (144, 738, 576), (144, 756, 540), (54, 774, 738)]	(9414, 11135, 9627, 10169, 11602, 10296, 7772, 8018, 6950, 7126, 7183, 8408, 5332, 6587, 7335, 9192, 11620, 20098, 15613, 9464, 17071, 14860, 12129, 2111)
h	2629729	(665, 183)	[(36, 792, 684), (90, 774, 720), (144, 738, 756), (90, 756, 738), (54, 792, 702), (90, 756, 684), (90, 774, 738), (54, 774, 774), (108, 756, 738), (144, 738, 738), (108, 756, 756), (54, 774, 702), (72, 792, 702), (90, 774, 720), (90, 756, 720), (108, 756, 738), (126, 738, 756), (108, 774, 756), (90, 756, 738), (108, 756, 702), (108, 756, 684), (90, 756, 792), (126, 756, 846), (144, 756, 774), (162, 720, 684)]	(9420, 11157, 9622, 10161, 11593, 10336, 7984, 8371, 7805, 7147, 7274, 9114, 5556, 6575, 7307, 8855, 11622, 20127, 15765, 9474, 17195, 14956, 12141, 2115)
o	2630118	(589, 81)	[(90, 774, 720), (90, 756, 720), (108, 756, 738), (126, 738, 756), (108, 774, 756), (90, 756, 738), (108, 756, 702), (108, 756, 684), (90, 756, 792), (126, 756, 846), (144, 756, 774), (162, 720, 684), (90, 756, 738), (126, 792, 684), (126, 774, 684), (126, 774, 684), (108, 774, 702), (108, 774, 720), (108, 774, 720), (126, 810, 594), (162, 792, 612), (126, 774, 774), (108, 774, 882), (180, 756, 648), (198, 738, 522)]	(9411, 11135, 9673, 10211, 11592, 10250, 7990, 8571, 9127, 7160, 7173, 9383, 5985, 6550, 7300, 8688, 11638, 20168, 15892, 9497, 17306, 15052, 12158, 2109)
w	2631028	(559, 426)	[(54, 792, 720), (72, 774, 738), (108, 756, 738), (108, 738, 720), (108, 774, 738), (90, 774, 720), (72, 792, 720), (54, 774, 720), (72, 774, 702), (72, 774, 666), (72, 774, 738), (72, 774, 756), (72, 756, 720), (72, 756, 702), (90, 774, 702), (72, 756, 738), (90, 756, 720), (108, 756, 684), (36, 774, 738), (0, 810, 810), (0, 774, 810), (72, 792, 756), (108, 756, 630), (144, 774, 522), (90, 774, 666)]	(9400, 11078, 9591, 10132, 11592, 10369, 7639, 8406, 7716, 7066, 7221, 9548, 5535, 6571, 7351, 9254, 11619, 20110, 15659, 9458, 17016, 14779, 12125, 2110)
 	2631738	(792, 230)	[(90, 774, 702), (72, 756, 720), (54, 774, 720), (54, 792, 702), (72, 774, 720), (54, 774, 720), (72, 774, 720), (54, 774, 720), (54, 774, 702), (72, 774, 702), (72, 756, 702), (90, 738, 738), (90, 756, 756), (54, 756, 756), (54, 774, 738), (72, 774, 720), (72, 756, 738), (36, 792, 702), (54, 774, 702), (126, 756, 720), (90, 774, 774), (36, 774, 738), (36, 810, 720), (36, 774, 756), (108, 738, 630)]	(9401, 11079, 9631, 10160, 11609, 10490, 7988, 8854, 8361, 7233, 7481, 10025, 5707, 6573, 7346, 9315, 11587, 20129, 15665, 9465, 17067, 14786, 12131, 2105)
a	2632195	(662, 445)	[(72, 756, 738), (36, 792, 702), (54, 774, 702), (126, 756, 720), (90, 774, 774), (36, 774, 738), (36, 810, 720), (36, 774, 756), (108, 738, 630), (0, 792, 810), (72, 774, 684), (54, 792, 792), (54, 738, 810), (126, 738, 756), (72, 774, 720), (54, 774, 702), (54, 774, 720), (72, 774, 720), (54, 756, 738), (72, 756, 810), (90, 756, 720), (90, 756, 738), (36, 774, 774), (54, 774, 792), (72, 756, 738)]	(9410, 11074, 9618, 10154, 11630, 10513, 7770, 9036, 8023, 7140, 7568, 10112, 5671, 6602, 7344, 10298, 11620, 20092, 15535, 9439, 16940, 14662, 12102, 2105)
r	2632536	(591, 318)	[(54, 792, 792), (54, 738, 810), (126, 738, 756), (72, 774, 720), (54, 774, 702), (54, 774, 720), (72, 774, 720), (54, 756, 738), (72, 756, 810), (90, 756, 720), (90, 756, 738), (36, 774, 774), (54, 774, 792), (72, 756, 738), (54, 774, 738), (54, 774, 720), (108, 774, 648), (108, 774, 594), (90, 774, 666), (54, 792, 702), (54, 774, 774), (18, 792, 810), (36, 792, 792), (90, 774, 702), (144, 720, 630)]	(9398, 11052, 9599, 10145, 11610, 10475, 8112, 8754, 7877, 7160, 7323, 10104, 5653, 6539, 7338, 9106, 11573, 20106, 15640, 9462, 17040, 14726, 12130, 2103)
e	2632793	(577, 359)	[(54, 756, 738), (72, 756, 810), (90, 756, 720), (90, 756, 738), (36, 774, 774), (54, 774, 792), (72, 756, 738), (54, 774, 738), (54, 774, 720), (108, 774, 648), (108, 774, 594), (90, 774, 666), (54, 792, 702), (54, 774, 774), (18, 792, 810), (36, 792, 792), (90, 774, 702), (144, 720, 630), (54, 774, 756), (108, 756, 720), (54, 774, 774), (54, 774, 810), (54, 774, 756), (90, 774, 684), (90, 774, 612)]	(9404, 11058, 9624, 10116, 11622, 10554, 8201, 8876, 8258, 7237, 7509, 10030, 5683, 6607, 7318, 9596, 11579, 20122, 15657, 9475, 17044, 14775, 12110, 2111)
 	2633705	(853, 230)	[(36, 792, 684), (54, 792, 702), (72, 774, 720), (72, 774, 738), (72, 774, 720), (90, 774, 720), (72, 756, 738), (54, 774, 720), (54, 792, 702), (54, 792, 702), (90, 774, 702), (54, 774, 738), (72, 792, 720), (90, 756, 720), (72, 756, 720), (90, 774, 720), (72, 774, 738), (72, 756, 720), (108, 774, 738), (36, 774, 738), (54, 810, 720), (36, 774, 684), (36, 774, 720), (36, 774, 684), (54, 774, 684)]	(9400, 11008, 9572, 10107, 11574, 10385, 7533, 8515, 7620, 7084, 7104, 9415, 5530, 6527, 7338, 9271, 11579, 20091, 15520, 9463, 17022, 14725, 12124, 2105)
t	2634716	(572, 269)	[(72, 774, 720), (90, 774, 720), (72, 774, 720), (72, 774, 738), (72, 774, 720), (72, 774, 702), (72, 792, 702), (90, 756, 756), (72, 774, 774), (54, 774, 720), (72, 774, 684), (72, 792, 702), (72, 774, 702), (72, 774, 702), (108, 774, 720), (108, 774, 756), (90, 774, 756), (90, 756, 702), (108, 774, 630), (36, 792, 702), (-36, 828, 792), (-36, 792, 864), (36, 810, 756), (126, 738, 666), (162, 720, 594)]	(9407, 11050, 9560, 10164, 11599, 10453, 7985, 8729, 8060, 7147, 7545, 10208, 5667, 6593, 7362, 9054, 11575, 20080, 15580, 9436, 17050, 14791, 12122, 2114)
h	2635021	(666, 193)	[(54, 774, 720), (72, 774, 684), (72, 792, 702), (72, 774, 702), (72, 774, 702), (108, 774, 720), (108, 774, 756), (90, 774, 756), (90, 756, 702), (108, 774, 630), (36, 792, 702), (-36, 828, 792), (-36, 792, 864), (36, 810, 756), (126, 738, 666), (162, 720, 594), (72, 774, 720), (36, 792, 774), (36, 774, 684), (108, 810, 576), (90, 756, 702), (90, 756, 828), (90, 756, 792), (126, 792, 630), (72, 792, 684)]	(9402, 11049, 9589, 10157, 11609, 10527, 8246, 8822, 8213, 7154, 7463, 10251, 5689, 6607, 7329, 9131, 11644, 20113, 15609, 9453, 17083, 14820, 12158, 2108)
i	2635310	(617, 125)	[(108, 774, 630), (36, 792, 702), (-36, 828, 792), (-36, 792, 864), (36, 810, 756), (126, 738, 666), (162, 720, 594), (72, 774, 720), (36, 792, 774), (36, 774, 684), (108, 810, 576), (90, 756, 702), (90, 756, 828), (90, 756, 792), (126, 792, 630), (72, 792, 684), (90, 774, 666), (90, 774, 738), (108, 774, 738), (144, 828, 594), (72, 756, 738), (54, 792, 828), (72, 792, 810), (90, 774, 702), (144, 756, 576)]	(9401, 11076, 9610, 10173, 11618, 10489, 8356, 8819, 8563, 7184, 7412, 10431, 5703, 6616, 7337, 8964, 11621, 20129, 15656, 9448, 17122, 14876, 12136, 2112)
n	2635651	(760, 167)	[(90, 756, 702), (90, 756, 828), (90, 756, 792), (126, 792, 630), (72, 792, 684), (90, 774, 666), (90, 774, 738), (108, 774, 738), (144, 828, 594), (72, 756, 738), (54, 792, 828), (72, 792, 810), (90, 774, 702), (144, 756, 576), (18, 810, 828), (90, 810, 666), (90, 810, 774), (36, 774, 774), (36, 792, 720), (54, 792, 630), (90, 774, 720), (126, 792, 720), (144, 756, 720), (162, 756, 648), (90, 774, 720)]	(9404, 11020, 9555, 10095, 11598, 10439, 7835, 8574, 8085, 7181, 7506, 10125, 5660, 6603, 7315, 8988, 11587, 20111, 15654, 9439, 17091, 14810, 12130, 2107)
g	2635959	(662, 252)	[(72, 756, 738), (54, 792, 828), (72, 792, 810), (90, 774, 702), (144, 756, 576), (18, 810, 828), (90, 810, 666), (90, 810, 774), (36, 774, 774), (36, 792, 720), (54, 792, 630), (90, 774, 720), (126, 792, 720), (144, 756, 720), (162, 756, 648), (90, 774, 720), (108, 774, 702), (90, 774, 720), (108, 756, 702), (126, 792, 630), (72, 774, 774), (90, 756, 846), (144, 756, 738), (162, 738, 630), (162, 774, 612)]	(9389, 11013, 9573, 10073, 11594, 10392, 7971, 8582, 7940, 7179, 7548, 9986, 5662, 6591, 7337, 9336, 11636, 20105, 15632, 9428, 16966, 14782, 12116, 2111)
s	2636249	(653, 414)	[(36, 792, 720), (54, 792, 630), (90, 774, 720), (126, 792, 720), (144, 756, 720), (162, 756, 648), (90, 774, 720), (108, 774, 702), (90, 774, 720), (108, 756, 702), (126, 792, 630), (72, 774, 774), (90, 756, 846), (144, 756, 738), (162, 738, 630), (162, 774, 612), (108, 774, 630), (72, 792, 774), (108, 792, 738), (90, 756, 738), (72, 774, 720), (54, 792, 738), (72, 792, 666), (90, 774, 576), (72, 810, 648)]	(9397, 11052, 9591, 10087, 11610, 10522, 7702, 8886, 7859, 7156, 7552, 9926, 5695, 6601, 7336, 9767, 11579, 20084, 15556, 9429, 16895, 14715, 12132, 2104)
 	2637011	(844, 229)	[(72, 792, 720), (72, 792, 720), (72, 774, 720), (72, 792, 684), (72, 792, 702), (90, 774, 702), (90, 756, 720), (72, 774, 756), (54, 792, 720), (36, 810, 684), (54, 810, 684), (54, 792, 684), (90, 774, 702), (72, 774, 720), (72, 792, 720), (72, 792, 720), (90, 774, 702), (90, 774, 684), (72, 792, 702), (18, 792, 774), (90, 810, 738), (54, 792, 666), (36, 810, 684), (54, 792, 756), (126, 774, 684)]	(9406, 11085, 9601, 10136, 11609, 10483, 8132, 8972, 8250, 7205, 7650, 10056, 5663, 6691, 7372, 9780, 11637, 20095, 15576, 9420, 16958, 14779, 12140, 2105)
w	2637469	(567, 407)	[(90, 774, 702), (90, 774, 684), (72, 792, 702), (18, 792, 774), (90, 810, 738), (54, 792, 666), (36, 810, 684), (54, 792, 756), (126, 774, 684), (18, 810, 720), (72, 792, 702), (126, 756, 738), (108, 756, 738), (54, 792, 738), (54, 810, 702), (54, 792, 666), (72, 774, 666), (72, 792, 702), (72, 792, 738), (90, 774, 630), (72, 792, 666), (36, 792, 810), (54, 810, 720), (90, 774, 630), (90, 774, 630)]	(9403, 11059, 9609, 10147, 11615, 10431, 7843, 8779, 7954, 7094, 7570, 9991, 5707, 6591, 7369, 9749, 11638, 20104, 15600, 9422, 16922, 14726, 12110, 2106)
i	2638178	(594, 90)	[(36, 792, 684), (18, 810, 738), (72, 792, 720), (126, 792, 702), (108, 774, 720), (90, 792, 702), (90, 792, 684), (90, 792, 684), (72, 810, 702), (72, 810, 702), (72, 792, 702), (90, 792, 684), (108, 774, 684), (126, 774, 702), (108, 792, 702), (72, 810, 720), (72, 792, 702), (108, 774, 702), (144, 756, 594), (108, 792, 684), (72, 792, 828), (108, 810, 774), (144, 792, 648), (144, 756, 594), (108, 810, 630)]	(9407, 11088, 9602, 10145, 11577, 10456, 8001, 8513, 8129, 7118, 7339, 9581, 5756, 6613, 7320, 8949, 11603, 20134, 15755, 9455, 17096, 14902, 12134, 2113)
t	2638991	(570, 255)	[(54, 810, 702), (72, 792, 702), (108, 792, 702), (90, 792, 720), (54, 810, 702), (72, 810, 702), (162, 756, 684), (126, 774, 684), (90, 810, 702), (72, 792, 702), (72, 792, 702), (90, 810, 702), (126, 774, 738), (108, 774, 738), (108, 792, 684), (90, 792, 666), (108, 792, 738), (90, 792, 720), (108, 810, 630), (90, 774, 702), (90, 792, 756), (72, 810, 738), (72, 810, 702), (90, 792, 702), (90, 792, 702)]	(9407, 11101, 9619, 10164, 11617, 10530, 8268, 8918, 8357, 7188, 7534, 9783, 5723, 6548, 7314, 9113, 11621, 20140, 15814, 9459, 17151, 14879, 12140, 2123)
h	2639601	(697, 182)	[(90, 792, 702), (90, 792, 702), (108, 774, 702), (90, 774, 720), (108, 792, 720), (90, 792, 720), (72, 792, 684), (72, 792, 648), (72, 792, 684), (72, 774, 738), (90, 774, 738), (90, 774, 684), (90, 774, 702), (72, 810, 702), (72, 792, 684), (90, 792, 720), (108, 792, 684), (90, 792, 648), (54, 810, 702), (54, 810, 792), (90, 810, 702), (162, 738, 612), (162, 756, 576), (72, 810, 738), (0, 828, 828)]	(9392, 11028, 9573, 10090, 11566, 10337, 8070, 8325, 7835, 7154, 7342, 9618, 5766, 6555, 7332, 8943, 11574, 20121, 15790, 9443, 17107, 14832, 12137, 2112)
 	2640042	(853, 217)	[(90, 792, 720), (108, 792, 684), (90, 792, 648), (54, 810, 702), (54, 810, 792), (90, 810, 702), (162, 738, 612), (162, 756, 576), (72, 810, 738), (0, 828, 828), (72, 810, 702), (90, 792, 702), (90, 774, 684), (72, 792, 684), (72, 792, 702), (54, 810, 720), (54, 792, 684), (90, 792, 684), (90, 792, 702), (108, 774, 702), (90, 792, 720), (90, 774, 720), (54, 792, 720), (54, 792, 702), (90, 792, 720)]	(9402, 11095, 9584, 10122, 11589, 10452, 7963, 8595, 8006, 7140, 7271, 9478, 5649, 6626, 7315, 9057, 11609, 20104, 15706, 9455, 17097, 14848, 12137, 2108)
y	2640752	(579, 214)	[(90, 792, 702), (90, 792, 684), (72, 792, 702), (90, 774, 738), (90, 774, 720), (126, 774, 684), (90, 774, 684), (90, 774, 756), (90, 792, 720), (108, 792, 666), (90, 774, 684), (108, 792, 738), (90, 774, 738), (90, 774, 684), (72, 792, 702), (90, 792, 684), (90, 774, 720), (108, 774, 738), (108, 774, 630), (144, 774, 630), (72, 774, 792), (54, 792, 864), (54, 792, 756), (90, 774, 630), (144, 792, 612)]	(9410, 11107, 9609, 10183, 11603, 10491, 8374, 8871, 8556, 7230, 7424, 9826, 5721, 6549, 7326, 9000, 11625, 20153, 15823, 9458, 17151, 14866, 12129, 2112)
o	2641210	(601, 82)	[(90, 774, 720), (108, 774, 738), (108, 774, 630), (144, 774, 630), (72, 774, 792), (54, 792, 864), (54, 792, 756), (90, 774, 630), (144, 792, 612), (108, 774, 738), (72, 828, 684), (18, 864, 666), (54, 810, 684), (90, 792, 720), (162, 792, 702), (126, 792, 702), (144, 792, 702), (126, 792, 558), (144, 810, 576), (36, 810, 702), (72, 810, 774), (90, 828, 702), (144, 810, 612), (198, 774, 522), (162, 792, 648)]	(9390, 11023, 9536, 10107, 11584, 10307, 8235, 8604, 8359, 7155, 7560, 9829, 5904, 6511, 7337, 8680, 11551, 20150, 16049, 9424, 17187, 14865, 12131, 2122)
u	2641450	(591, 184)	[(54, 792, 756), (90, 774, 630), (144, 792, 612), (108, 774, 738), (72, 828, 684), (18, 864, 666), (54, 810, 684), (90, 792, 720), (162, 792, 702), (126, 792, 702), (144, 792, 702), (126, 792, 558), (144, 810, 576), (36, 810, 702), (72, 810, 774), (90, 828, 702), (144, 810, 612), (198, 774, 522), (162, 792, 648), (144, 774, 630), (72, 792, 846), (72, 810, 828), (108, 810, 666), (162, 756, 540), (162, 792, 522)]	(9406, 11022, 9574, 10092, 11580, 10231, 8120, 8545, 8430, 7169, 7436, 9928, 5869, 6537, 7341, 8785, 11585, 20108, 16001, 9434, 17153, 14840, 12145, 2101)
