Please hold the phone in your left hand and type with your left thumb
t	2854097	(568, 255)	[(-18, 756, 756), (0, 774, 720), (18, 738, 738), (18, 738, 738), (18, 756, 756), (36, 756, 738), (18, 774, 720), (36, 774, 720), (36, 738, 792), (18, 738, 792), (18, 738, 738), (36, 756, 738), (36, 738, 738), (36, 756, 720), (36, 774, 756), (18, 756, 756), (36, 756, 738), (54, 738, 720), (18, 756, 702), (108, 738, 684), (90, 738, 792), (54, 720, 900), (36, 738, 810), (108, 738, 666), (36, 756, 594)]	(9441, 11263, 9373, 10850, 11608, 9915, 5252, 11907, 5801, 7176, 7290, 10286, 5314, 7126, 7444, 8276, 13933, 20091, 14932, 9205, 16581, 15287, 12416, 2106)
h	2854391	(657, 202)	[(18, 738, 792), (18, 738, 738), (36, 756, 738), (36, 738, 738), (36, 756, 720), (36, 774, 756), (18, 756, 756), (36, 756, 738), (54, 738, 720), (18, 756, 702), (108, 738, 684), (90, 738, 792), (54, 720, 900), (36, 738, 810), (108, 738, 666), (36, 756, 594), (-54, 810, 738), (18, 774, 774), (36, 774, 738), (-36, 774, 666), (18, 756, 756), (36, 738, 828), (108, 720, 774), (126, 738, 684), (72, 756, 594)]	(9436, 11273, 9381, 10812, 11592, 9905, 5102, 11880, 5608, 7155, 7205, 10080, 5263, 7277, 7445, 8176, 14126, 20067, 14895, 9175, 16500, 15199, 12447, 2120)
e	2854651	(569, 374)	[(36, 756, 738), (54, 738, 720), (18, 756, 702), (108, 738, 684), (90, 738, 792), (54, 720, 900), (36, 738, 810), (108, 738, 666), (36, 756, 594), (-54, 810, 738), (18, 774, 774), (36, 774, 738), (-36, 774, 666), (18, 756, 756), (36, 738, 828), (108, 720, 774), (126, 738, 684), (72, 756, 594), (-18, 774, 774), (126, 756, 738), (72, 756, 828), (0, 756, 810), (18, 774, 720), (-36, 792, 702), (18, 810, 648)]	(9436, 11241, 9363, 10729, 11589, 9892, 5078, 11583, 5442, 7096, 7265, 9779, 5229, 7398, 7458, 8152, 14234, 20051, 14870, 9162, 16425, 15155, 12436, 2113)
r	2854941	(586, 299)	[(-54, 810, 738), (18, 774, 774), (36, 774, 738), (-36, 774, 666), (18, 756, 756), (36, 738, 828), (108, 720, 774), (126, 738, 684), (72, 756, 594), (-18, 774, 774), (126, 756, 738), (72, 756, 828), (0, 756, 810), (18, 774, 720), (-36, 792, 702), (18, 810, 648), (36, 774, 702), (-18, 774, 738), (-36, 828, 612), (-18, 792, 702), (-18, 792, 810), (36, 774, 810), (126, 738, 702), (36, 738, 612)]	(9447, 11273, 9374, 10765, 11583, 9806, 5055, 11873, 5370, 7112, 7169, 9781, 5171, 7477, 7449, 8085, 14364, 20055, 14867, 9148, 16385, 15164, 12475, 2111)
e	2855133	(572, 379)	[(18, 756, 756), (36, 738, 828), (108, 720, 774), (126, 738, 684), (72, 756, 594), (-18, 774, 774), (126, 756, 738), (72, 756, 828), (0, 756, 810), (18, 774, 720), (-36, 792, 702), (18, 810, 648), (36, 774, 702), (-18, 774, 738), (-36, 828, 612), (-18, 792, 702), (-18, 792, 810), (36, 774, 810), (126, 738, 702), (36, 738, 612), (72, 774, 630), (18, 810, 630), (36, 774, 774), (36, 756, 684), (36, 774, 594)]	(9443, 11269, 9380, 10787, 11588, 9896, 5052, 11960, 5577, 7101, 7018, 9822, 5181, 7605, 7465, 8090, 14480, 20047, 14851, 9152, 16346, 15142, 12494, 2112)
 	2855745	(804, 241)	[(36, 756, 684), (36, 774, 594), (18, 792, 666), (54, 774, 720), (-36, 792, 738), (-36, 774, 756), (18, 756, 774), (36, 756, 738), (36, 774, 738), (54, 756, 738), (36, 756, 756), (54, 756, 738), (72, 756, 720), (54, 738, 738), (18, 774, 774), (0, 774, 774), (18, 774, 738), (54, 738, 738), (36, 738, 774), (54, 774, 720), (90, 792, 702), (36, 774, 720), (18, 774, 702), (36, 738, 702), (36, 738, 702)]	(9435, 11233, 9363, 10719, 11574, 9718, 4810, 11807, 5387, 7038, 6675, 9772, 5030, 6657, 7383, 7737, 13325, 20069, 14834, 9129, 16386, 15219, 12514, 2114)
a	2856239	(632, 449)	[(36, 738, 774), (54, 774, 720), (90, 792, 702), (36, 774, 720), (18, 774, 702), (36, 738, 702), (36, 738, 702), (18, 756, 756), (18, 738, 720), (-72, 756, 792), (-36, 774, 792), (0, 738, 792), (36, 720, 738), (72, 684, 720), (54, 702, 720), (18, 720, 756), (-54, 756, 810), (-90, 756, 828), (-54, 756, 828), (-36, 738, 774), (0, 756, 648), (0, 738, 684), (-36, 720, 792), (-72, 738, 828), (-126, 738, 774)]	(9406, 11046, 9291, 10511, 11543, 9603, 4757, 11781, 5955, 7099, 6568, 11130, 5072, 6499, 7386, 7613, 13173, 20083, 14695, 9141, 16172, 15213, 12470, 2125)
r	2856602	(578, 326)	[(72, 684, 720), (54, 702, 720), (18, 720, 756), (-54, 756, 810), (-90, 756, 828), (-54, 756, 828), (-36, 738, 774), (0, 756, 648), (0, 738, 684), (-36, 720, 792), (-72, 738, 828), (-126, 738, 774), (-126, 774, 702), (54, 738, 792), (72, 738, 774), (-54, 756, 792), (-54, 774, 792), (-36, 774, 666), (0, 774, 648), (18, 774, 720), (-54, 756, 810), (0, 774, 774), (36, 738, 702), (54, 738, 612), (54, 756, 648)]	(9418, 11142, 9281, 10543, 11535, 9580, 4744, 11387, 5445, 7089, 6572, 10199, 5024, 6501, 7396, 7605, 13299, 20062, 14722, 9093, 16203, 15152, 12535, 2123)
e	2856897	(581, 366)	[(-36, 720, 792), (-72, 738, 828), (-126, 738, 774), (-126, 774, 702), (54, 738, 792), (72, 738, 774), (-54, 756, 792), (-54, 774, 792), (-36, 774, 666), (0, 774, 648), (18, 774, 720), (-54, 756, 810), (0, 774, 774), (36, 738, 702), (54, 738, 612), (54, 756, 648), (-36, 756, 774), (36, 756, 774), (18, 774, 792), (-36, 756, 792), (-18, 756, 738), (18, 756, 684), (0, 738, 666), (18, 792, 684), (0, 774, 774)]	(9422, 11160, 9306, 10593, 11537, 9565, 4906, 11267, 5517, 7043, 6619, 10249, 5015, 6524, 7389, 7603, 13396, 20067, 14721, 9096, 16190, 15154, 12546, 2115)
 	2857457	(839, 233)	[(18, 756, 684), (0, 738, 666), (18, 792, 684), (0, 774, 774), (54, 756, 702), (-36, 756, 792), (18, 756, 738), (18, 756, 702), (36, 756, 720), (18, 738, 792), (0, 738, 792), (0, 756, 774), (18, 756, 738), (36, 738, 738), (54, 738, 756), (36, 720, 810), (18, 738, 792), (18, 738, 720), (-54, 774, 846), (54, 738, 720), (90, 738, 684), (54, 738, 738), (0, 774, 720), (18, 756, 684), (36, 738, 756)]	(9416, 11183, 9324, 10676, 11545, 9613, 4792, 11640, 5983, 7060, 6558, 10744, 5050, 6461, 7393, 7582, 13245, 20099, 14765, 9075, 16214, 15210, 12597, 2111)
a	2857854	(644, 442)	[(36, 738, 738), (54, 738, 756), (36, 720, 810), (18, 738, 792), (18, 738, 720), (-54, 774, 846), (54, 738, 720), (90, 738, 684), (54, 738, 738), (0, 774, 720), (18, 756, 684), (36, 738, 756), (-36, 756, 828), (18, 720, 720), (18, 738, 738), (-54, 738, 774), (-18, 756, 792), (36, 702, 756), (36, 702, 810), (-36, 720, 846), (-36, 756, 774), (0, 738, 738), (-36, 738, 738), (0, 738, 792), (-72, 720, 810)]	(9409, 11084, 9278, 10504, 11525, 9585, 4804, 11364, 6050, 6994, 6550, 10841, 5001, 6395, 7375, 7509, 13019, 20088, 14691, 9099, 16150, 15183, 12525, 2120)
p	2858519	(597, 16)	[(36, 738, 774), (72, 702, 774), (90, 720, 828), (72, 720, 828), (-36, 738, 810), (0, 756, 720), (36, 774, 702), (36, 756, 774), (54, 738, 792), (90, 720, 774), (108, 720, 738), (108, 720, 738), (90, 720, 774), (126, 720, 792), (72, 720, 756), (54, 774, 702), (72, 756, 720), (72, 738, 756), (72, 720, 684), (90, 756, 720), (72, 738, 828), (72, 756, 828), (72, 720, 810), (90, 738, 720), (90, 774, 576)]	(9459, 11496, 9366, 10967, 11592, 9732, 4979, 10887, 5245, 7100, 6321, 8977, 4895, 6360, 7391, 7590, 13228, 20141, 15145, 9052, 16538, 15143, 12741, 2117)
p	2858713	(589, 32)	[(0, 756, 720), (36, 774, 702), (36, 756, 774), (54, 738, 792), (90, 720, 774), (108, 720, 738), (108, 720, 738), (90, 720, 774), (126, 720, 792), (72, 720, 756), (54, 774, 702), (72, 756, 720), (72, 738, 756), (72, 720, 684), (90, 756, 720), (72, 738, 828), (72, 756, 828), (72, 720, 810), (90, 738, 720), (90, 774, 576), (36, 774, 666), (90, 810, 702), (36, 756, 810), (72, 756, 648), (108, 774, 540)]	(9459, 11505, 9367, 10891, 11590, 9715, 4990, 10798, 5259, 7050, 6369, 8964, 4896, 6331, 7378, 7561, 13104, 20099, 15122, 9035, 16490, 15085, 12705, 2117)
r	2860218	(583, 291)	[(18, 774, 684), (-54, 774, 720), (-36, 756, 738), (36, 738, 774), (54, 720, 810), (18, 738, 774), (-36, 738, 738), (0, 756, 720), (0, 756, 756), (54, 738, 774), (54, 720, 774), (36, 738, 774), (36, 756, 738), (18, 738, 738), (36, 756, 756), (18, 738, 774), (18, 774, 738), (0, 774, 738), (0, 756, 720), (18, 756, 774), (36, 720, 828), (18, 756, 792), (36, 756, 774), (54, 720, 648), (0, 756, 630)]	(9428, 11247, 9317, 10610, 11577, 9683, 5103, 10713, 5575, 7044, 6618, 9952, 4968, 6416, 7405, 7640, 13467, 20070, 14812, 9040, 16239, 15021, 12630, 2112)
o	2860714	(579, 83)	[(18, 756, 774), (36, 720, 828), (18, 756, 792), (36, 756, 774), (54, 720, 648), (0, 756, 630), (18, 792, 702), (54, 720, 738), (36, 738, 774), (18, 738, 756), (36, 756, 738), (18, 738, 774), (18, 756, 792), (36, 756, 774), (54, 756, 720), (54, 738, 648), (72, 756, 702), (54, 756, 756), (54, 756, 738), (18, 756, 756), (18, 810, 630), (36, 774, 846), (36, 738, 864), (18, 756, 774), (90, 774, 630)]	(9441, 11320, 9355, 10826, 11589, 9687, 5144, 10971, 5610, 7107, 6506, 9902, 4952, 6450, 7432, 7669, 13883, 20149, 14884, 9064, 16341, 15094, 12776, 2123)
x	2861477	(732, 325)	[(0, 756, 792), (0, 738, 792), (0, 738, 774), (18, 738, 774), (18, 738, 756), (18, 756, 738), (0, 738, 738), (0, 738, 756), (18, 738, 774), (-36, 738, 756), (18, 756, 756), (18, 738, 756), (36, 738, 774), (36, 720, 774), (18, 738, 756), (18, 756, 756), (18, 738, 756), (-72, 756, 828), (36, 792, 756), (54, 738, 702), (54, 738, 756), (36, 756, 720), (0, 684, 738), (36, 720, 684), (36, 792, 702)]	(9404, 11135, 9291, 10420, 11544, 9617, 4985, 10613, 5607, 7041, 6405, 9908, 4958, 6353, 7380, 7468, 13232, 20071, 14686, 9020, 16120, 15040, 12655, 2121)
i	2861839	(590, 129)	[(36, 738, 774), (36, 720, 774), (18, 738, 756), (18, 756, 756), (18, 738, 756), (-72, 756, 828), (36, 792, 756), (54, 738, 702), (54, 738, 756), (36, 756, 720), (0, 684, 738), (36, 720, 684), (36, 792, 702), (0, 720, 774), (72, 756, 702), (36, 756, 720), (36, 756, 774), (54, 738, 756), (36, 756, 630), (54, 810, 702), (36, 756, 810), (18, 738, 864), (36, 720, 828), (54, 738, 684), (54, 774, 576)]	(9442, 11319, 9364, 10728, 11573, 9644, 5115, 11023, 5593, 7105, 6486, 9737, 4919, 6391, 7411, 7495, 13654, 20144, 14793, 9021, 16230, 15079, 12825, 2126)
m	2862234	(578, 58)	[(0, 720, 774), (72, 756, 702), (36, 756, 720), (36, 756, 774), (54, 738, 756), (36, 756, 630), (54, 810, 702), (36, 756, 810), (18, 738, 864), (36, 720, 828), (54, 738, 684), (54, 774, 576), (36, 756, 792), (54, 756, 720), (54, 774, 738), (36, 756, 738), (54, 774, 720), (36, 774, 720), (18, 756, 702), (36, 810, 720), (36, 774, 828), (18, 756, 846), (54, 756, 810), (72, 756, 648), (54, 756, 648)]	(9433, 11266, 9304, 10646, 11551, 9577, 4897, 10254, 5313, 7055, 6267, 9259, 4848, 6356, 7393, 7498, 13475, 20110, 14834, 9003, 16264, 15019, 12795, 2128)
a	2864139	(736, 108)	[(18, 756, 738), (18, 774, 720), (0, 756, 738), (0, 774, 738), (36, 756, 738), (36, 756, 756), (36, 756, 738), (18, 756, 702), (36, 756, 738), (36, 756, 774), (54, 756, 774), (54, 738, 720), (54, 720, 756), (54, 738, 738), (54, 738, 756), (36, 756, 756), (36, 738, 738), (54, 720, 738), (18, 810, 738), (54, 756, 828), (18, 756, 864), (18, 756, 774), (72, 738, 612), (108, 756, 576), (90, 756, 720)]	(9422, 11235, 9301, 10577, 11562, 9630, 5114, 10351, 5495, 7075, 6416, 9777, 4902, 6382, 7408, 7525, 13573, 20081, 14752, 9008, 16192, 14994, 12729, 2120)
t	2864432	(653, 462)	[(36, 756, 774), (54, 756, 774), (54, 738, 720), (54, 720, 756), (54, 738, 738), (54, 738, 756), (36, 756, 756), (36, 738, 738), (54, 720, 738), (18, 810, 738), (54, 756, 828), (18, 756, 864), (18, 756, 774), (72, 738, 612), (108, 756, 576), (90, 756, 720), (-54, 774, 792), (18, 720, 702), (54, 702, 792), (-18, 702, 828), (-72, 720, 882), (0, 774, 756), (-18, 774, 702), (-54, 756, 774), (-54, 720, 828)]	(9407, 11065, 9284, 10371, 11540, 9590, 4989, 10534, 6117, 7043, 6433, 10467, 5007, 6350, 7386, 7428, 13141, 20096, 14665, 9023, 16105, 15078, 12668, 2125)
e	2864790	(581, 275)	[(18, 756, 774), (72, 738, 612), (108, 756, 576), (90, 756, 720), (-54, 774, 792), (18, 720, 702), (54, 702, 792), (-18, 702, 828), (-72, 720, 882), (0, 774, 756), (-18, 774, 702), (-54, 756, 774), (-54, 720, 828), (-36, 774, 792), (54, 720, 738), (36, 738, 702), (54, 756, 756), (-36, 756, 792), (-54, 810, 684), (18, 810, 666), (0, 756, 774), (18, 702, 882), (18, 702, 864), (54, 720, 756), (54, 738, 666)]	(9425, 11220, 9345, 10563, 11570, 9689, 5249, 10803, 6275, 7073, 6535, 10361, 5025, 6370, 7424, 7545, 13610, 20137, 14735, 9034, 16171, 15051, 12743, 2124)
l	2866027	(584, 349)	[(18, 756, 756), (0, 738, 774), (18, 756, 756), (18, 738, 738), (18, 738, 756), (36, 756, 756), (36, 756, 756), (36, 738, 720), (18, 756, 774), (-18, 738, 756), (18, 756, 702), (54, 738, 720), (54, 738, 774), (18, 756, 792), (-18, 756, 756), (18, 738, 738), (36, 738, 720), (-36, 774, 738), (0, 774, 792), (36, 738, 738), (18, 738, 720), (18, 756, 738), (18, 756, 738), (18, 756, 738), (0, 756, 756)]	(9420, 11180, 9297, 10474, 11560, 9573, 5175, 10227, 5687, 7055, 6507, 9905, 4972, 6382, 7423, 7534, 13560, 20100, 14726, 9009, 16144, 14975, 12703, 2124)
y	2867095	(656, 34)	[(54, 756, 702), (18, 774, 720), (72, 756, 738), (54, 738, 756), (54, 720, 738), (36, 756, 738), (36, 774, 756), (36, 756, 738), (36, 756, 738), (54, 756, 756), (54, 756, 756), (72, 756, 738), (54, 756, 738), (36, 738, 720), (36, 774, 774), (36, 756, 792), (54, 738, 774), (54, 738, 720), (36, 792, 684), (54, 738, 756), (36, 738, 792), (36, 756, 792), (36, 774, 738), (72, 738, 702), (36, 756, 684)]	(9433, 11322, 9327, 10737, 11560, 9594, 5091, 9875, 5373, 7011, 6315, 9195, 4868, 6324, 7360, 7484, 13210, 20117, 14876, 9023, 16315, 15004, 12738, 2120)
 	2867710	(557, 232)	[(36, 756, 684), (18, 774, 756), (54, 756, 774), (54, 756, 684), (36, 756, 756), (36, 738, 792), (54, 738, 756), (36, 756, 774), (36, 756, 774), (54, 738, 756), (54, 720, 738), (18, 756, 756), (36, 738, 774), (54, 738, 756), (18, 756, 756), (36, 756, 738), (54, 738, 756), (36, 738, 774), (54, 756, 720), (36, 774, 720), (36, 756, 792), (18, 774, 864), (18, 756, 738), (72, 720, 612), (90, 720, 594)]	(9448, 11359, 9390, 10775, 11586, 9706, 5302, 10123, 5682, 7085, 6629, 9729, 4934, 6351, 7412, 7574, 13453, 20111, 14886, 9036, 16305, 14984, 12722, 2119)
f	2869418	(668, 258)	[(18, 738, 756), (36, 738, 756), (18, 738, 774), (18, 738, 756), (-18, 756, 738), (18, 738, 738), (36, 738, 774), (72, 738, 774), (90, 720, 792), (18, 738, 774), (-54, 774, 720), (18, 756, 702), (54, 720, 774), (54, 720, 792), (54, 738, 756), (18, 738, 756), (54, 738, 774), (36, 738, 792), (18, 756, 684), (72, 738, 738), (54, 720, 828), (72, 738, 810), (72, 738, 702), (72, 738, 684), (36, 756, 720)]	(9425, 11228, 9319, 10495, 11563, 9572, 5262, 9992, 5699, 7015, 6589, 9900, 4969, 6350, 7417, 7545, 13504, 20104, 14747, 9025, 16178, 14976, 12731, 2118)
i	2869761	(591, 122)	[(18, 756, 702), (54, 720, 774), (54, 720, 792), (54, 738, 756), (18, 738, 756), (54, 738, 774), (36, 738, 792), (18, 756, 684), (72, 738, 738), (54, 720, 828), (72, 738, 810), (72, 738, 702), (72, 738, 684), (36, 756, 720), (18, 738, 792), (54, 738, 738), (72, 756, 738), (36, 756, 774), (18, 738, 792), (54, 702, 702), (36, 810, 702), (18, 756, 828), (0, 756, 918), (36, 738, 792), (126, 720, 594)]	(9439, 11326, 9356, 10707, 11574, 9656, 5270, 10284, 5652, 7047, 6448, 9699, 4905, 6357, 7418, 7466, 13601, 20154, 14794, 9017, 16245, 15028, 12845, 2125)
f	2870055	(649, 302)	[(54, 720, 828), (72, 738, 810), (72, 738, 702), (72, 738, 684), (36, 756, 720), (18, 738, 792), (54, 738, 738), (72, 756, 738), (36, 756, 774), (18, 738, 792), (54, 702, 702), (36, 810, 702), (18, 756, 828), (0, 756, 918), (36, 738, 792), (126, 720, 594), (90, 720, 630), (54, 738, 702), (72, 720, 738), (0, 738, 864), (54, 756, 792), (36, 720, 756), (54, 738, 738), (18, 738, 720), (54, 738, 666)]	(9425, 11285, 9370, 10640, 11573, 9667, 5281, 10278, 5900, 7042, 6521, 9988, 4969, 6368, 7426, 7523, 13643, 20132, 14756, 9020, 16195, 15019, 12776, 2123)
t	2870988	(656, 37)	[(36, 738, 738), (36, 738, 738), (36, 756, 738), (36, 756, 756), (36, 756, 738), (36, 738, 756), (36, 720, 756), (36, 738, 774), (36, 738, 774), (36, 738, 756), (54, 756, 738), (54, 756, 756), (54, 738, 756), (72, 738, 756), (54, 738, 756), (54, 738, 738), (54, 738, 756), (54, 720, 720), (36, 792, 702), (54, 756, 774), (54, 756, 810), (54, 756, 756), (36, 774, 684), (36, 738, 702), (36, 756, 756)]	(9435, 11297, 9309, 10618, 11560, 9653, 5228, 10089, 5440, 7011, 6403, 9572, 4895, 6331, 7408, 7512, 13466, 20130, 14831, 9016, 16277, 15003, 12786, 2119)
y	2872321	(569, 281)	[(54, 720, 738), (54, 756, 756), (18, 738, 756), (36, 756, 738), (36, 756, 756), (36, 756, 774), (54, 738, 756), (36, 738, 774), (36, 738, 756), (36, 720, 756), (54, 738, 738), (36, 756, 738), (54, 756, 756), (54, 738, 756), (54, 738, 756), (54, 738, 738), (36, 738, 774), (36, 738, 738), (36, 756, 720), (36, 774, 774), (36, 738, 792), (54, 738, 756), (54, 738, 720), (36, 720, 702), (36, 738, 738)]	(9433, 11304, 9359, 10653, 11568, 9645, 5188, 10043, 5574, 7043, 6504, 9758, 4909, 6349, 7418, 7528, 13698, 20137, 14821, 9027, 16268, 14985, 12774, 2132)
 	2872665	(570, 214)	[(36, 756, 738), (54, 756, 756), (54, 738, 756), (54, 738, 756), (54, 738, 738), (36, 738, 774), (36, 738, 738), (36, 756, 720), (36, 774, 774), (36, 738, 792), (54, 738, 756), (54, 738, 720), (36, 720, 702), (36, 738, 738), (54, 738, 738), (72, 738, 774), (54, 738, 774), (36, 738, 756), (36, 756, 738), (18, 774, 738), (36, 756, 774), (36, 756, 810), (36, 756, 774), (54, 756, 720), (72, 720, 684)]	(9437, 11325, 9379, 10677, 11585, 9709, 5270, 10128, 5657, 7101, 6565, 9879, 4918, 6358, 7413, 7552, 13709, 20148, 14835, 9036, 16301, 15019, 12800, 2116)
c	2874053	(729, 288)	[(36, 756, 792), (36, 738, 774), (36, 756, 774), (18, 738, 774), (18, 738, 756), (36, 738, 720), (72, 720, 756), (90, 720, 792), (90, 720, 792), (54, 702, 774), (54, 738, 774), (18, 738, 774), (18, 756, 756), (54, 738, 774), (54, 702, 774), (36, 720, 774), (36, 720, 774), (36, 720, 738), (54, 702, 846), (54, 738, 738), (90, 738, 720), (54, 720, 792), (72, 720, 828), (0, 684, 792), (72, 738, 684)]	(9431, 11220, 9342, 10484, 11562, 9646, 5165, 10149, 5977, 7045, 6558, 10123, 4966, 6331, 7413, 7505, 13485, 20118, 14762, 9027, 16209, 14987, 12749, 2113)
o	2874567	(601, 85)	[(54, 702, 846), (54, 738, 738), (90, 738, 720), (54, 720, 792), (72, 720, 828), (0, 684, 792), (72, 738, 684), (0, 792, 702), (72, 738, 756), (54, 720, 774), (72, 738, 774), (18, 756, 774), (54, 756, 738), (72, 738, 684), (36, 738, 702), (54, 738, 756), (54, 756, 684), (108, 720, 774), (72, 720, 792), (72, 720, 792), (72, 720, 774), (54, 756, 738), (54, 756, 720), (54, 756, 666), (72, 756, 666)]	(9430, 11271, 9332, 10604, 11563, 9623, 5283, 10113, 5584, 7027, 6457, 9816, 4881, 6326, 7405, 7556, 13336, 20123, 14793, 9008, 16268, 14979, 12786, 2122)
u	2874812	(600, 182)	[(72, 738, 684), (0, 792, 702), (72, 738, 756), (54, 720, 774), (72, 738, 774), (18, 756, 774), (54, 756, 738), (72, 738, 684), (36, 738, 702), (54, 738, 756), (54, 756, 684), (108, 720, 774), (72, 720, 792), (72, 720, 792), (72, 720, 774), (54, 756, 738), (54, 756, 720), (54, 756, 666), (72, 756, 666), (36, 774, 756), (36, 756, 738), (54, 720, 828), (54, 720, 810), (54, 756, 756), (90, 756, 666)]	(9433, 11311, 9361, 10637, 11581, 9648, 5356, 10254, 5762, 7065, 6622, 9842, 4938, 6342, 7408, 7550, 13462, 20130, 14799, 9023, 16269, 14998, 12792, 2120)
n	2876317	(586, 287)	[(-36, 774, 702), (54, 756, 738), (108, 720, 774), (90, 720, 774), (72, 756, 738), (54, 774, 738), (18, 756, 738), (36, 756, 738), (36, 756, 756), (36, 738, 756), (72, 738, 738), (72, 738, 756), (54, 738, 774), (36, 738, 756), (72, 756, 702), (18, 738, 756), (54, 774, 738), (36, 774, 810), (90, 720, 756), (90, 738, 702), (72, 738, 756), (54, 720, 774), (54, 756, 720), (18, 774, 720), (36, 756, 756)]	(9425, 11260, 9359, 10568, 11568, 9633, 5278, 10145, 5630, 7038, 6522, 9719, 4935, 6339, 7414, 7565, 13492, 20127, 14826, 9037, 16290, 14980, 12768, 2122)
t	2876763	(562, 379)	[(54, 774, 738), (36, 774, 810), (90, 720, 756), (90, 738, 702), (72, 738, 756), (54, 720, 774), (54, 756, 720), (18, 774, 720), (36, 756, 756), (54, 756, 756), (54, 774, 756), (18, 756, 792), (72, 738, 756), (90, 720, 738), (54, 756, 720), (36, 756, 756), (36, 738, 756), (72, 756, 756), (36, 774, 738), (36, 774, 720), (36, 756, 756), (36, 774, 756), (54, 756, 720), (90, 738, 702), (90, 738, 720)]	(9425, 11254, 9351, 10564, 11567, 9644, 5269, 10034, 5580, 7023, 6507, 9699, 4934, 6338, 7410, 7577, 13512, 20120, 14837, 9043, 16290, 14970, 12761, 2121)
e	2877009	(567, 293)	[(54, 756, 720), (18, 774, 720), (36, 756, 756), (54, 756, 756), (54, 774, 756), (18, 756, 792), (72, 738, 756), (90, 720, 738), (54, 756, 720), (36, 756, 756), (36, 738, 756), (72, 756, 756), (36, 774, 738), (36, 774, 720), (36, 756, 756), (36, 774, 756), (54, 756, 720), (90, 738, 702), (90, 738, 720), (72, 738, 684), (-36, 792, 792), (72, 738, 720), (90, 738, 684), (90, 738, 738), (90, 738, 774)]	(9434, 11292, 9347, 10609, 11572, 9675, 5327, 10209, 5655, 7066, 6554, 9927, 4940, 6342, 7408, 7595, 13517, 20138, 14848, 9053, 16310, 14989, 12773, 2122)
r	2878760	(593, 23)	[(72, 738, 738), (36, 738, 756), (36, 756, 774), (36, 756, 738), (36, 738, 720), (72, 756, 756), (36, 756, 756), (18, 738, 738), (36, 756, 720), (36, 774, 756), (18, 756, 738), (18, 756, 720), (126, 720, 720), (126, 720, 702), (90, 756, 756), (72, 774, 774), (54, 756, 738), (72, 756, 738), (54, 738, 738), (54, 792, 666), (90, 738, 828), (90, 738, 864), (90, 738, 810), (90, 756, 720), (126, 756, 612)]	(9446, 11403, 9361, 10719, 11570, 9655, 5374, 10390, 5462, 7036, 6442, 9513, 4851, 6297, 7390, 7501, 13225, 20172, 14923, 9029, 16432, 15045, 12932, 2124)
p	2879225	(652, 447)	[(72, 756, 738), (54, 738, 738), (54, 792, 666), (90, 738, 828), (90, 738, 864), (90, 738, 810), (90, 756, 720), (126, 756, 612), (72, 738, 612), (18, 774, 810), (72, 720, 810), (108, 666, 810), (72, 666, 738), (54, 720, 702), (90, 738, 774), (18, 738, 810), (-18, 756, 792), (18, 756, 738), (18, 756, 738), (18, 738, 810), (-54, 738, 846), (72, 774, 738), (36, 738, 702), (72, 738, 738), (18, 738, 792)]	(9418, 11139, 9344, 10427, 11559, 9649, 5231, 10571, 6352, 7040, 6613, 10426, 5056, 6361, 7424, 7525, 13575, 20143, 14755, 9030, 16273, 15025, 12798, 2125)
a	2879619	(569, 313)	[(54, 720, 702), (90, 738, 774), (18, 738, 810), (-18, 756, 792), (18, 756, 738), (18, 756, 738), (18, 738, 810), (-54, 738, 846), (72, 774, 738), (36, 738, 702), (72, 738, 738), (18, 738, 792), (36, 774, 792), (54, 756, 702), (72, 756, 702), (54, 738, 756), (36, 756, 792), (18, 738, 774), (36, 738, 738), (18, 774, 720), (36, 756, 774), (18, 738, 756), (54, 774, 720), (54, 738, 756), (18, 738, 738)]	(9432, 11244, 9372, 10499, 11565, 9658, 5389, 10445, 6189, 7094, 6625, 10140, 5022, 6360, 7432, 7550, 13698, 20138, 14741, 9022, 16188, 14964, 12782, 2120)
r	2879962	(577, 244)	[(18, 738, 792), (36, 774, 792), (54, 756, 702), (72, 756, 702), (54, 738, 756), (36, 756, 792), (18, 738, 774), (36, 738, 738), (18, 774, 720), (36, 756, 774), (18, 738, 756), (54, 774, 720), (54, 738, 756), (18, 738, 738), (36, 756, 702), (72, 774, 738), (18, 756, 810), (18, 774, 756), (54, 756, 738), (54, 720, 720), (54, 756, 738), (54, 774, 738), (36, 756, 720), (36, 756, 720), (18, 774, 738)]	(9424, 11215, 9348, 10460, 11562, 9645, 5275, 10229, 5914, 7091, 6554, 9963, 5002, 6345, 7428, 7535, 13600, 20136, 14757, 9023, 16193, 14949, 12802, 2120)
t	2880324	(585, 123)	[(54, 774, 720), (54, 738, 756), (18, 738, 738), (36, 756, 702), (72, 774, 738), (18, 756, 810), (18, 774, 756), (54, 756, 738), (54, 720, 720), (54, 756, 738), (54, 774, 738), (36, 756, 720), (36, 756, 720), (18, 774, 738), (54, 756, 738), (36, 792, 756), (18, 774, 774), (36, 756, 702), (72, 756, 702), (54, 738, 738), (72, 738, 810), (36, 774, 774), (90, 774, 702), (72, 738, 666), (54, 738, 648)]	(9419, 11222, 9324, 10439, 11554, 9648, 5312, 10124, 5640, 7073, 6572, 9809, 4975, 6328, 7419, 7484, 13493, 20134, 14755, 9014, 16203, 14960, 12817, 2119)
i	2880618	(568, 348)	[(54, 756, 738), (54, 774, 738), (36, 756, 720), (36, 756, 720), (18, 774, 738), (54, 756, 738), (36, 792, 756), (18, 774, 774), (36, 756, 702), (72, 756, 702), (54, 738, 738), (72, 738, 810), (36, 774, 774), (90, 774, 702), (72, 738, 666), (54, 738, 648), (-72, 810, 720), (36, 738, 810), (18, 774, 774), (18, 756, 738), (36, 756, 720), (18, 756, 720), (54, 810, 738), (36, 720, 684)]	(9430, 11261, 9375, 10540, 11575, 9688, 5362, 10395, 6030, 7038, 6530, 10205, 5018, 6350, 7430, 7522, 13579, 20160, 14784, 9026, 16230, 14974, 12823, 2117)
e	2881080	(653, 390)	[(-72, 810, 720), (36, 738, 810), (18, 774, 774), (18, 756, 738), (36, 756, 720), (18, 756, 720), (54, 810, 738), (36, 720, 684), (54, 720, 684), (0, 756, 792), (54, 756, 738), (36, 774, 756), (0, 756, 738), (18, 774, 720), (36, 738, 720), (36, 756, 756), (18, 774, 756), (36, 756, 738), (54, 738, 756), (-18, 774, 792), (54, 792, 720), (36, 792, 684), (36, 756, 702), (18, 792, 756), (18, 756, 738)]	(9426, 11230, 9361, 10497, 11565, 9635, 5302, 10543, 6237, 7042, 6533, 10282, 5054, 6350, 7421, 7527, 13571, 20156, 14779, 9032, 16229, 15002, 12812, 2121)
s	2882417	(818, 255)	[(36, 774, 756), (36, 756, 738), (36, 756, 738), (54, 738, 792), (18, 756, 738), (18, 756, 720), (18, 756, 738), (36, 756, 756), (36, 756, 756), (18, 756, 738), (18, 756, 720), (36, 756, 738), (36, 756, 738), (0, 774, 774), (18, 774, 756), (36, 756, 738), (36, 738, 738), (36, 738, 738), (-18, 774, 882), (0, 810, 738), (72, 738, 648), (54, 720, 738), (18, 756, 756), (54, 720, 756), (54, 720, 756)]	(9426, 11243, 9343, 10419, 11560, 9644, 5287, 10271, 5850, 7050, 6554, 10054, 4971, 6343, 7434, 7444, 13598, 20140, 14732, 9012, 16170, 14975, 12798, 2118)
 	2882914	(572, 239)	[(-18, 774, 882), (0, 810, 738), (72, 738, 648), (54, 720, 738), (18, 756, 756), (54, 720, 756), (54, 720, 756), (54, 774, 702), (36, 738, 792), (36, 738, 774), (54, 738, 756), (72, 756, 756), (54, 756, 756), (54, 756, 738), (18, 756, 702), (18, 774, 702), (54, 756, 810), (54, 738, 738), (54, 774, 702), (36, 774, 738), (0, 774, 792), (18, 774, 774), (36, 738, 702), (54, 738, 630), (54, 756, 720)]	(9416, 11190, 9330, 10435, 11553, 9617, 5247, 10085, 5772, 7069, 6449, 9872, 4977, 6329, 7419, 7457, 13463, 20141, 14733, 9011, 16166, 14975, 12802, 2116)
t	2883226	(644, 208)	[(36, 738, 774), (54, 738, 756), (72, 756, 756), (54, 756, 756), (54, 756, 738), (18, 756, 702), (18, 774, 702), (54, 756, 810), (54, 738, 738), (54, 774, 702), (36, 774, 738), (0, 774, 792), (18, 774, 774), (36, 738, 702), (54, 738, 630), (54, 756, 720), (72, 720, 684), (-54, 792, 774), (54, 756, 648), (72, 738, 630), (36, 756, 738), (0, 792, 846), (54, 756, 774), (90, 720, 630), (90, 738, 612)]	(9412, 11194, 9334, 10411, 11551, 9584, 5178, 10060, 5743, 7039, 6498, 9906, 4975, 6328, 7414, 7445, 13467, 20140, 14725, 9003, 16160, 14965, 12804, 2123)
h	2883569	(641, 431)	[(0, 774, 792), (18, 774, 774), (36, 738, 702), (54, 738, 630), (54, 756, 720), (72, 720, 684), (-54, 792, 774), (54, 756, 648), (72, 738, 630), (36, 756, 738), (0, 792, 846), (54, 756, 774), (90, 720, 630), (90, 738, 612), (-36, 774, 756), (0, 756, 756), (18, 774, 720), (54, 756, 702), (36, 738, 792), (0, 756, 864), (36, 756, 756), (72, 738, 648), (72, 756, 684), (18, 738, 792), (36, 756, 702)]	(9420, 11207, 9353, 10436, 11553, 9602, 5211, 10257, 5960, 7026, 6450, 10042, 4923, 6321, 7409, 7374, 13571, 20159, 14709, 9007, 16160, 15007, 12852, 2126)
a	2883915	(578, 279)	[(54, 756, 774), (90, 720, 630), (90, 738, 612), (-36, 774, 756), (0, 756, 756), (18, 774, 720), (54, 756, 702), (36, 738, 792), (0, 756, 864), (36, 756, 756), (72, 738, 648), (72, 756, 684), (18, 738, 792), (36, 756, 702), (36, 738, 774), (18, 774, 756), (-18, 774, 738), (0, 774, 702), (36, 774, 720), (18, 774, 720), (54, 756, 774), (54, 738, 756), (54, 738, 738), (36, 756, 720), (0, 774, 684)]	(9428, 11244, 9356, 10488, 11568, 9634, 5356, 10366, 6057, 7069, 6565, 10185, 4964, 6324, 7423, 7455, 13575, 20157, 14722, 9003, 16163, 14982, 12830, 2114)
t	2884277	(669, 191)	[(72, 756, 684), (18, 738, 792), (36, 756, 702), (36, 738, 774), (18, 774, 756), (-18, 774, 738), (0, 774, 702), (36, 774, 720), (18, 774, 720), (54, 756, 774), (54, 738, 756), (54, 738, 738), (36, 756, 720), (0, 774, 684), (18, 792, 720), (36, 774, 774), (18, 756, 738), (18, 774, 720), (0, 792, 720), (36, 774, 738), (54, 756, 738), (36, 756, 738), (36, 756, 738), (36, 756, 702), (36, 774, 738)]	(9420, 11200, 9337, 10414, 11555, 9640, 5278, 10004, 5792, 7042, 6534, 9867, 4975, 6317, 7414, 7466, 13475, 20142, 14718, 9006, 16161, 14958, 12815, 2127)
 	2887885	(819, 230)	[(36, 756, 720), (36, 756, 738), (36, 756, 774), (18, 774, 756), (0, 756, 756), (18, 738, 738), (36, 738, 738), (18, 756, 738), (18, 774, 720), (36, 738, 756), (36, 756, 738), (18, 756, 738), (36, 756, 738), (72, 738, 756), (90, 720, 792), (36, 738, 792), (-18, 792, 720), (-36, 774, 702), (-54, 774, 720), (-72, 828, 846), (54, 792, 648), (36, 774, 648), (36, 738, 720), (54, 774, 720), (54, 684, 738)]	(9430, 11207, 9351, 10424, 11563, 9609, 5255, 10441, 6425, 7050, 6532, 10489, 5041, 6334, 7425, 7368, 13652, 20165, 14680, 9009, 16103, 14993, 12851, 2127)
w	2888399	(582, 394)	[(-54, 774, 720), (-72, 828, 846), (54, 792, 648), (36, 774, 648), (36, 738, 720), (54, 774, 720), (54, 684, 738), (72, 702, 702), (54, 738, 684), (72, 720, 738), (36, 720, 792), (54, 756, 828), (0, 720, 792), (36, 756, 720), (18, 756, 684), (0, 756, 756), (-18, 774, 774), (18, 756, 756), (36, 720, 774), (18, 738, 756), (36, 774, 738), (18, 756, 756), (18, 738, 792), (36, 774, 720), (0, 738, 702)]	(9426, 11203, 9349, 10370, 11556, 9638, 5300, 10282, 6233, 7070, 6521, 10373, 5044, 6346, 7434, 7372, 13688, 20148, 14672, 8999, 16082, 14947, 12805, 2115)
e	2888646	(561, 353)	[(72, 702, 702), (54, 738, 684), (72, 720, 738), (36, 720, 792), (54, 756, 828), (0, 720, 792), (36, 756, 720), (18, 756, 684), (0, 756, 756), (-18, 774, 774), (18, 756, 756), (36, 720, 774), (18, 738, 756), (36, 774, 738), (18, 756, 756), (18, 738, 792), (36, 774, 720), (0, 738, 702), (54, 756, 666), (0, 756, 792), (18, 792, 738), (0, 774, 756), (36, 774, 720), (54, 756, 720), (54, 756, 684)]	(9428, 11215, 9352, 10366, 11559, 9621, 5279, 10403, 6264, 7104, 6585, 10365, 5080, 6351, 7441, 7385, 13680, 20160, 14696, 9012, 16101, 14969, 12830, 2128)
 	2889361	(835, 250)	[(0, 774, 774), (18, 774, 738), (36, 738, 738), (36, 756, 720), (18, 756, 738), (18, 756, 774), (18, 756, 720), (18, 756, 702), (18, 756, 738), (0, 756, 774), (18, 756, 774), (18, 738, 720), (36, 756, 738), (0, 756, 756), (-18, 756, 756), (18, 756, 738), (36, 756, 720), (0, 774, 810), (18, 774, 756), (36, 774, 684), (54, 756, 666), (36, 756, 756), (0, 792, 738), (36, 720, 756), (72, 738, 720)]	(9418, 11210, 9358, 10325, 11543, 9622, 5269, 10397, 6254, 7012, 6601, 10429, 5033, 6342, 7435, 7312, 13740, 20163, 14669, 9005, 16072, 14957, 12822, 2118)
w	2889725	(574, 407)	[(0, 756, 756), (-18, 756, 756), (18, 756, 738), (36, 756, 720), (0, 774, 810), (18, 774, 756), (36, 774, 684), (54, 756, 666), (36, 756, 756), (0, 792, 738), (36, 720, 756), (72, 738, 720), (54, 756, 720), (-36, 774, 738), (54, 720, 756), (54, 756, 774), (36, 774, 792), (36, 738, 774), (18, 738, 774), (18, 756, 702), (-18, 756, 720), (-18, 756, 792), (-36, 774, 810), (72, 774, 774), (54, 720, 684)]	(9424, 11195, 9371, 10373, 11559, 9630, 5247, 10461, 6586, 7086, 6615, 10461, 5175, 6352, 7446, 7394, 13794, 20173, 14709, 9021, 16114, 14995, 12856, 2122)
a	2889969	(652, 437)	[(36, 774, 684), (54, 756, 666), (36, 756, 756), (0, 792, 738), (36, 720, 756), (72, 738, 720), (54, 756, 720), (-36, 774, 738), (54, 720, 756), (54, 756, 774), (36, 774, 792), (36, 738, 774), (18, 738, 774), (18, 756, 702), (-18, 756, 720), (-18, 756, 792), (-36, 774, 810), (72, 774, 774), (54, 720, 684), (-72, 774, 810), (0, 756, 792), (36, 720, 774), (36, 756, 720), (0, 756, 756), (-54, 738, 720)]	(9414, 11121, 9320, 10244, 11539, 9551, 5200, 10022, 5906, 6972, 6347, 9828, 5040, 6348, 7435, 7271, 13773, 20146, 14655, 9003, 16054, 14985, 12797, 2130)
n	2890416	(736, 149)	[(-36, 774, 810), (72, 774, 774), (54, 720, 684), (-72, 774, 810), (0, 756, 792), (36, 720, 774), (36, 756, 720), (0, 756, 756), (-54, 738, 720), (18, 738, 792), (0, 738, 738), (18, 756, 702), (18, 738, 738), (-54, 756, 738), (-18, 774, 792), (36, 756, 774), (36, 738, 738), (36, 738, 738), (-54, 774, 756), (54, 774, 720), (18, 756, 792), (18, 738, 792), (90, 702, 738), (54, 738, 648), (18, 756, 648)]	(9423, 11230, 9380, 10380, 11567, 9652, 5395, 10174, 6071, 7036, 6475, 10027, 5061, 6325, 7436, 7370, 13662, 20164, 14680, 9004, 16102, 14944, 12840, 2125)
t	2890779	(585, 260)	[(18, 756, 702), (18, 738, 738), (-54, 756, 738), (-18, 774, 792), (36, 756, 774), (36, 738, 738), (36, 738, 738), (-54, 774, 756), (54, 774, 720), (18, 756, 792), (18, 738, 792), (90, 702, 738), (54, 738, 648), (18, 756, 648), (18, 756, 738), (36, 756, 774), (18, 756, 774), (36, 738, 774), (54, 702, 738), (18, 774, 666), (-54, 792, 846), (-36, 774, 810), (36, 774, 684), (72, 720, 594), (72, 720, 648)]	(9426, 11252, 9392, 10403, 11568, 9623, 5437, 10246, 6398, 7061, 6610, 10289, 5127, 6340, 7438, 7459, 13623, 20153, 14710, 9006, 16134, 14935, 12825, 2125)
 	2891448	(812, 257)	[(90, 720, 630), (0, 756, 792), (-36, 774, 684), (-36, 774, 720), (-36, 756, 756), (18, 756, 774), (36, 756, 738), (36, 756, 738), (36, 738, 738), (36, 756, 756), (18, 756, 756), (0, 756, 738), (0, 756, 738), (18, 738, 756), (18, 756, 738), (36, 738, 738), (36, 756, 774), (36, 756, 774), (-36, 738, 864), (18, 792, 720), (54, 792, 594), (36, 774, 630), (18, 756, 756), (54, 666, 702), (54, 702, 756)]	(9423, 11230, 9331, 10244, 11558, 9589, 5174, 9978, 5725, 7040, 6379, 9817, 5024, 6344, 7444, 7280, 13928, 20177, 14659, 8993, 16075, 14956, 12867, 2119)
t	2891946	(584, 279)	[(18, 792, 720), (54, 792, 594), (36, 774, 630), (18, 756, 756), (54, 666, 702), (54, 702, 756), (72, 738, 774), (-72, 774, 792), (36, 738, 756), (54, 720, 792), (54, 738, 756), (36, 738, 756), (54, 738, 756), (36, 738, 738), (-36, 774, 738), (-36, 810, 774), (18, 756, 792), (54, 702, 738), (36, 756, 720), (18, 756, 774), (0, 756, 792), (0, 738, 774), (36, 738, 738), (18, 720, 792), (0, 774, 720)]	(9434, 11253, 9383, 10394, 11560, 9638, 5484, 10228, 6150, 7034, 6527, 10047, 5122, 6340, 7452, 7438, 13742, 20161, 14715, 8991, 16125, 14924, 12850, 2127)
o	2892310	(578, 82)	[(36, 738, 738), (-36, 774, 738), (-36, 810, 774), (18, 756, 792), (54, 702, 738), (36, 756, 720), (18, 756, 774), (0, 756, 792), (0, 738, 774), (36, 738, 738), (18, 720, 792), (0, 774, 720), (36, 810, 648), (36, 774, 756), (18, 774, 756), (0, 774, 774), (18, 756, 702), (36, 756, 558), (0, 828, 594), (18, 756, 738), (-18, 792, 810), (18, 756, 828), (36, 756, 738), (72, 774, 630), (18, 774, 648)]	(9442, 11317, 9407, 10477, 11571, 9625, 5393, 10250, 5925, 7013, 6515, 9931, 5031, 6299, 7386, 7420, 13167, 20182, 14826, 8998, 16296, 14987, 12917, 2118)
 	2893075	(808, 231)	[(-36, 792, 702), (0, 774, 720), (18, 774, 720), (18, 774, 720), (18, 774, 738), (36, 756, 756), (18, 756, 738), (36, 774, 738), (18, 774, 720), (0, 774, 720), (18, 792, 702), (0, 774, 702), (18, 756, 774), (0, 774, 756), (18, 756, 756), (18, 756, 738), (36, 756, 792), (0, 756, 810), (36, 774, 648), (36, 774, 648), (36, 738, 756), (18, 756, 738), (54, 702, 720), (18, 738, 702), (54, 756, 702)]	(9421, 11202, 9340, 10227, 11547, 9573, 5225, 9795, 5850, 7025, 6388, 9691, 5113, 6324, 7430, 7393, 13676, 20158, 14674, 8992, 16099, 14915, 12849, 2127)
h	2893572	(660, 182)	[(36, 774, 648), (36, 774, 648), (36, 738, 756), (18, 756, 738), (54, 702, 720), (18, 738, 702), (54, 756, 702), (36, 738, 684), (36, 738, 756), (36, 738, 720), (36, 738, 738), (0, 756, 774), (-36, 774, 792), (18, 756, 756), (54, 738, 720), (36, 738, 738), (36, 738, 792), (54, 738, 756), (-36, 828, 702), (36, 756, 720), (18, 756, 702), (18, 756, 774), (54, 738, 828), (54, 702, 774), (36, 792, 666)]	(9432, 11232, 9390, 10371, 11560, 9657, 5437, 10102, 6283, 7034, 6555, 10002, 5128, 6316, 7419, 7463, 13385, 20156, 14794, 9001, 16231, 14946, 12831, 2114)
i	2893885	(565, 126)	[(36, 738, 720), (36, 738, 738), (0, 756, 774), (-36, 774, 792), (18, 756, 756), (54, 738, 720), (36, 738, 738), (36, 738, 792), (54, 738, 756), (-36, 828, 702), (36, 756, 720), (18, 756, 702), (18, 756, 774), (54, 738, 828), (54, 702, 774), (36, 792, 666), (0, 774, 774), (72, 738, 702), (54, 720, 576), (36, 810, 684), (0, 792, 774), (-36, 792, 810), (36, 774, 684), (72, 774, 612), (54, 756, 648)]	(9428, 11276, 9379, 10398, 11571, 9635, 5385, 10115, 6084, 7020, 6587, 9855, 5095, 6311, 7416, 7456, 13475, 20170, 14794, 8998, 16254, 14939, 12870, 2120)
t	2894148	(587, 259)	[(36, 738, 792), (54, 738, 756), (-36, 828, 702), (36, 756, 720), (18, 756, 702), (18, 756, 774), (54, 738, 828), (54, 702, 774), (36, 792, 666), (0, 774, 774), (72, 738, 702), (54, 720, 576), (36, 810, 684), (0, 792, 774), (-36, 792, 810), (36, 774, 684), (72, 774, 612), (54, 756, 648), (18, 756, 828), (18, 774, 756), (36, 774, 756), (18, 774, 738), (36, 756, 684), (72, 756, 612), (36, 774, 720)]	(9423, 11237, 9353, 10324, 11556, 9604, 5300, 9851, 5964, 7049, 6462, 9893, 5107, 6326, 7428, 7483, 13540, 20151, 14768, 9008, 16210, 14907, 12818, 2107)
 	2894697	(820, 257)	[(18, 774, 738), (36, 756, 684), (72, 756, 612), (36, 774, 720), (0, 774, 810), (54, 756, 666), (18, 774, 756), (54, 738, 756), (36, 738, 756), (18, 720, 792), (-36, 774, 738), (0, 774, 720), (18, 774, 738), (36, 756, 738), (54, 738, 738), (36, 738, 738), (36, 756, 774), (18, 738, 756), (-18, 810, 738), (54, 792, 612), (18, 756, 666), (36, 738, 738), (36, 774, 720), (54, 702, 810), (54, 738, 756)]	(9427, 11238, 9334, 10289, 11555, 9593, 5261, 10000, 5908, 7031, 6420, 9735, 5034, 6332, 7448, 7336, 13824, 20190, 14687, 8974, 16122, 14934, 12887, 2134)
i	2895112	(580, 131)	[(36, 738, 738), (36, 756, 774), (18, 738, 756), (-18, 810, 738), (54, 792, 612), (18, 756, 666), (36, 738, 738), (36, 774, 720), (54, 702, 810), (54, 738, 756), (36, 756, 702), (0, 756, 756), (54, 738, 738), (36, 738, 810), (72, 720, 756), (90, 720, 648), (36, 756, 648), (-18, 774, 738), (-36, 828, 810), (-36, 738, 882), (54, 720, 810), (90, 702, 756), (90, 720, 756), (54, 774, 720), (36, 756, 666)]	(9438, 11325, 9393, 10449, 11579, 9650, 5493, 10262, 6081, 7088, 6524, 9775, 5052, 6336, 7459, 7436, 13793, 20207, 14754, 9015, 16229, 14989, 12918, 2129)
n	2895408	(714, 168)	[(36, 756, 702), (0, 756, 756), (54, 738, 738), (36, 738, 810), (72, 720, 756), (90, 720, 648), (36, 756, 648), (-18, 774, 738), (-36, 828, 810), (-36, 738, 882), (54, 720, 810), (90, 702, 756), (90, 720, 756), (54, 774, 720), (36, 756, 666), (36, 720, 702), (18, 774, 774), (72, 738, 756), (18, 792, 792), (18, 756, 720), (54, 756, 702), (18, 756, 738), (36, 756, 738), (36, 756, 684), (72, 738, 702)]	(9436, 11289, 9383, 10379, 11559, 9649, 5342, 10010, 6021, 7065, 6510, 9788, 5099, 6340, 7430, 7419, 13760, 20183, 14730, 9004, 16175, 14931, 12891, 2128)
 	2896125	(810, 249)	[(18, 756, 792), (0, 774, 756), (36, 738, 720), (54, 738, 702), (54, 756, 756), (36, 756, 774), (36, 756, 756), (18, 738, 720), (18, 756, 720), (0, 774, 756), (18, 756, 774), (36, 738, 738), (36, 738, 738), (36, 756, 756), (18, 774, 774), (36, 774, 756), (36, 738, 720), (36, 738, 702), (-18, 792, 828), (36, 792, 756), (72, 756, 702), (54, 738, 702), (54, 756, 720), (36, 720, 774), (36, 756, 720)]	(9425, 11231, 9347, 10294, 11552, 9607, 5297, 9851, 5760, 7051, 6348, 9631, 5064, 6322, 7461, 7385, 13836, 20178, 14697, 8997, 16125, 14908, 12890, 2119)
t	2896592	(557, 274)	[(36, 738, 720), (36, 738, 702), (-18, 792, 828), (36, 792, 756), (72, 756, 702), (54, 738, 702), (54, 756, 720), (36, 720, 774), (36, 756, 720), (18, 756, 738), (18, 738, 720), (18, 756, 738), (54, 738, 720), (54, 738, 738), (54, 738, 756), (36, 738, 792), (54, 756, 738), (36, 756, 756), (0, 774, 738), (18, 774, 720), (54, 756, 756), (36, 774, 756), (0, 774, 774), (18, 738, 756), (18, 774, 720)]	(9429, 11281, 9399, 10430, 11573, 9670, 5528, 10164, 6305, 7088, 6646, 10107, 5135, 6351, 7461, 7496, 13822, 20207, 14753, 9015, 16207, 14940, 12902, 2117)
h	2896941	(643, 207)	[(54, 738, 720), (54, 738, 738), (54, 738, 756), (36, 738, 792), (54, 756, 738), (36, 756, 756), (0, 774, 738), (18, 774, 720), (54, 756, 756), (36, 774, 756), (0, 774, 774), (18, 738, 756), (18, 774, 720), (54, 756, 684), (0, 792, 774), (36, 774, 702), (18, 774, 756), (0, 756, 738), (-18, 828, 720), (0, 756, 810), (36, 738, 774), (36, 756, 738), (72, 756, 684), (72, 738, 666), (72, 702, 702)]	(9431, 11284, 9379, 10424, 11579, 9655, 5444, 10237, 6342, 7099, 6594, 10107, 5144, 6347, 7455, 7485, 13791, 20200, 14745, 9014, 16196, 14944, 12908, 2131)
e	2897238	(574, 361)	[(36, 774, 756), (0, 774, 774), (18, 738, 756), (18, 774, 720), (54, 756, 684), (0, 792, 774), (36, 774, 702), (18, 774, 756), (0, 756, 738), (-18, 828, 720), (0, 756, 810), (36, 738, 774), (36, 756, 738), (72, 756, 684), (72, 738, 666), (72, 702, 702), (18, 774, 702), (36, 738, 792), (72, 738, 810), (18, 792, 738), (0, 792, 738), (-18, 774, 792), (18, 774, 756), (72, 756, 648), (72, 738, 648)]	(9417, 11221, 9362, 10285, 11554, 9595, 5359, 9944, 6000, 6985, 6439, 9743, 5102, 6332, 7445, 7442, 13745, 20171, 14713, 8990, 16154, 14902, 12880, 2126)
 	2898072	(834, 232)	[(36, 756, 756), (0, 756, 756), (0, 756, 738), (18, 738, 756), (54, 738, 756), (54, 738, 756), (36, 738, 792), (36, 756, 774), (18, 756, 720), (18, 756, 720), (18, 756, 756), (36, 738, 774), (36, 738, 756), (54, 756, 756), (18, 738, 756), (36, 756, 738), (18, 756, 756), (18, 738, 774), (18, 738, 774), (0, 756, 846), (54, 774, 612), (90, 756, 612), (54, 720, 756), (54, 720, 828), (36, 684, 810)]	(9423, 11235, 9344, 10362, 11556, 9649, 5338, 10178, 6451, 7038, 6411, 10155, 5108, 6351, 7460, 7358, 13919, 20202, 14681, 8997, 16123, 15019, 12912, 2127)
f	2898569	(640, 294)	[(18, 738, 774), (18, 738, 774), (0, 756, 846), (54, 774, 612), (90, 756, 612), (54, 720, 756), (54, 720, 828), (36, 684, 810), (-36, 738, 828), (54, 738, 756), (18, 738, 828), (36, 720, 738), (54, 738, 756), (36, 720, 756), (18, 738, 738), (54, 720, 774), (36, 720, 792), (18, 738, 792), (36, 738, 774), (36, 738, 774), (72, 738, 756), (-36, 774, 774), (0, 756, 792), (18, 738, 738), (54, 702, 756)]	(9418, 11191, 9351, 10305, 11545, 9620, 5311, 9945, 6122, 7050, 6490, 9770, 5127, 6331, 7455, 7388, 13771, 20176, 14718, 9006, 16139, 14946, 12868, 2120)
i	2898933	(601, 119)	[(36, 720, 738), (54, 738, 756), (36, 720, 756), (18, 738, 738), (54, 720, 774), (36, 720, 792), (18, 738, 792), (36, 738, 774), (36, 738, 774), (72, 738, 756), (-36, 774, 774), (0, 756, 792), (18, 738, 738), (54, 702, 756), (18, 756, 630), (0, 810, 792), (18, 792, 774), (54, 738, 702), (90, 738, 648), (36, 810, 540), (-36, 810, 648), (-54, 828, 774), (-54, 774, 828), (72, 810, 612), (54, 756, 576)]	(9427, 11301, 9418, 10461, 11563, 9632, 5219, 10520, 6317, 7056, 6416, 9797, 5042, 6317, 7421, 7282, 13569, 20230, 14810, 9013, 16232, 15058, 13002, 2129)
r	2899226	(580, 301)	[(72, 738, 756), (-36, 774, 774), (0, 756, 792), (18, 738, 738), (54, 702, 756), (18, 756, 630), (0, 810, 792), (18, 792, 774), (54, 738, 702), (90, 738, 648), (36, 810, 540), (-36, 810, 648), (-54, 828, 774), (-54, 774, 828), (72, 810, 612), (54, 756, 576), (54, 738, 684), (54, 756, 720), (54, 738, 738), (18, 792, 702), (18, 792, 774), (18, 774, 738), (18, 774, 702), (0, 810, 666), (36, 774, 630)]	(9430, 11264, 9390, 10403, 11551, 9623, 5337, 10265, 6302, 7063, 6472, 10104, 5134, 6325, 7426, 7410, 13477, 20175, 14782, 8997, 16200, 14962, 12875, 2124)
s	2899521	(572, 242)	[(54, 738, 702), (90, 738, 648), (36, 810, 540), (-36, 810, 648), (-54, 828, 774), (-54, 774, 828), (72, 810, 612), (54, 756, 576), (54, 738, 684), (54, 756, 720), (54, 738, 738), (18, 792, 702), (18, 792, 774), (18, 774, 738), (18, 774, 702), (0, 810, 666), (36, 774, 630), (18, 792, 702), (18, 792, 774), (-54, 810, 828), (0, 774, 774), (36, 792, 666), (54, 774, 612), (72, 756, 630), (36, 774, 738)]	(9421, 11255, 9385, 10387, 11552, 9624, 5300, 10136, 6147, 7010, 6536, 10039, 5112, 6320, 7424, 7392, 13498, 20175, 14770, 9005, 16186, 14963, 12885, 2123)
t	2900184	(834, 230)	[(18, 774, 666), (18, 774, 738), (18, 774, 702), (18, 774, 684), (0, 792, 684), (0, 792, 702), (36, 756, 720), (18, 756, 774), (18, 756, 792), (36, 720, 828), (72, 702, 774), (36, 756, 720), (18, 774, 756), (0, 756, 774), (18, 756, 738), (18, 756, 720), (18, 774, 720), (18, 756, 738), (18, 756, 738), (36, 738, 738), (-36, 756, 864), (72, 756, 684), (36, 774, 666), (18, 756, 702), (18, 756, 720)]	(9416, 11230, 9371, 10390, 11562, 9620, 5369, 10389, 6619, 7048, 6540, 10179, 5181, 6354, 7462, 7369, 13877, 20226, 14704, 9015, 16140, 14993, 12923, 2125)
 	2900901	(582, 401)	[(0, 756, 792), (-18, 756, 810), (18, 756, 756), (18, 738, 684), (36, 738, 756), (36, 756, 756), (36, 756, 756), (36, 738, 702), (18, 738, 720), (36, 756, 774), (-36, 774, 792), (18, 738, 774), (54, 720, 756), (54, 702, 756), (54, 720, 774), (18, 738, 756), (0, 756, 756), (-36, 738, 756), (18, 738, 792), (36, 738, 756), (18, 738, 738), (36, 738, 738), (18, 756, 774), (36, 756, 792), (-18, 738, 792)]	(9427, 11212, 9381, 10361, 11566, 9629, 5467, 10371, 6728, 7037, 6616, 10373, 5233, 6349, 7470, 7458, 13821, 20201, 14733, 9016, 16159, 14975, 12881, 2122)
w	2901248	(562, 381)	[(54, 720, 756), (54, 702, 756), (54, 720, 774), (18, 738, 756), (0, 756, 756), (-36, 738, 756), (18, 738, 792), (36, 738, 756), (18, 738, 738), (36, 738, 738), (18, 756, 774), (36, 756, 792), (-18, 738, 792), (54, 738, 666), (18, 756, 792), (18, 756, 774), (18, 756, 792), (36, 738, 792), (18, 756, 720), (0, 774, 738), (18, 756, 774), (18, 756, 738), (18, 738, 738), (54, 720, 702), (36, 720, 756)]	(9417, 11171, 9356, 10279, 11541, 9580, 5305, 10054, 6259, 7024, 6419, 9925, 5200, 6348, 7452, 7422, 13775, 20173, 14710, 9010, 16131, 14923, 12837, 2124)
e	2901511	(567, 363)	[(36, 738, 756), (18, 738, 738), (36, 738, 738), (18, 756, 774), (36, 756, 792), (-18, 738, 792), (54, 738, 666), (18, 756, 792), (18, 756, 774), (18, 756, 792), (36, 738, 792), (18, 756, 720), (0, 774, 738), (18, 756, 774), (18, 756, 738), (18, 738, 738), (54, 720, 702), (36, 720, 756), (-36, 774, 684), (36, 738, 774), (18, 756, 684), (36, 756, 684), (54, 720, 756), (18, 756, 774), (0, 774, 774)]	(9420, 11195, 9369, 10307, 11556, 9622, 5422, 10115, 6297, 7041, 6538, 10082, 5218, 6338, 7448, 7458, 13686, 20159, 14716, 9015, 16153, 14923, 12824, 2124)
e	2903206	(571, 351)	[(18, 756, 720), (36, 774, 738), (18, 774, 738), (90, 738, 738), (90, 738, 702), (72, 738, 738), (18, 756, 738), (54, 738, 756), (54, 720, 774), (72, 738, 756), (36, 756, 756), (36, 756, 756), (18, 738, 738), (36, 756, 738), (36, 756, 756), (54, 738, 756), (54, 738, 756), (36, 738, 738), (36, 774, 702), (36, 774, 702), (18, 738, 828), (36, 756, 774), (36, 774, 702), (54, 738, 648), (90, 738, 684)]	(9426, 11219, 9351, 10337, 11544, 9629, 5401, 10002, 6035, 7042, 6463, 9807, 5133, 6302, 7409, 7419, 13362, 20153, 14822, 9009, 16259, 14939, 12806, 2123)
k	2904142	(666, 92)	[(18, 774, 720), (36, 756, 720), (54, 738, 756), (54, 738, 738), (36, 756, 756), (0, 774, 774), (36, 738, 756), (54, 720, 738), (36, 738, 738), (54, 756, 756), (54, 738, 774), (72, 756, 756), (54, 756, 756), (72, 756, 756), (54, 738, 738), (36, 774, 756), (18, 774, 774), (36, 756, 738), (36, 756, 702), (72, 738, 702), (36, 810, 720), (72, 756, 756), (72, 756, 774), (72, 738, 756), (72, 774, 702)]	(9432, 11327, 9398, 10481, 11567, 9670, 5562, 10230, 6239, 7042, 6441, 9855, 5099, 6294, 7416, 7461, 13320, 20206, 14927, 9032, 16405, 15023, 12879, 2120)
 	2904910	(826, 233)	[(54, 738, 756), (54, 738, 774), (54, 756, 738), (54, 756, 756), (36, 738, 756), (36, 756, 738), (36, 756, 738), (36, 756, 738), (18, 756, 756), (36, 756, 738), (18, 756, 738), (36, 738, 738), (54, 756, 738), (36, 738, 756), (54, 738, 756), (36, 738, 756), (54, 738, 738), (36, 756, 756), (18, 738, 738), (54, 738, 756), (36, 756, 756), (72, 774, 666), (36, 756, 720), (18, 738, 756), (36, 720, 774)]	(9431, 11252, 9366, 10377, 11565, 9675, 5453, 10333, 7001, 7089, 6706, 10330, 5424, 6340, 7443, 7496, 13598, 20195, 14822, 9028, 16240, 14965, 12859, 2124)
o	2905978	(592, 87)	[(18, 756, 810), (36, 738, 756), (54, 720, 756), (-36, 774, 720), (54, 738, 756), (36, 720, 774), (72, 702, 792), (108, 720, 810), (90, 720, 792), (72, 720, 774), (72, 720, 720), (18, 756, 720), (18, 774, 738), (54, 756, 720), (72, 756, 756), (72, 756, 792), (54, 774, 648), (90, 756, 684), (108, 702, 774), (90, 720, 810), (72, 756, 792), (90, 756, 756), (90, 756, 630), (90, 756, 648), (54, 756, 702)]	(9435, 11433, 9409, 10350, 11564, 9634, 5209, 10020, 5805, 7035, 6299, 8867, 5082, 6249, 7377, 7304, 12836, 20177, 14971, 8987, 16393, 14957, 12930, 2112)
f	2906601	(675, 262)	[(90, 756, 648), (54, 756, 702), (72, 720, 774), (90, 738, 774), (54, 738, 738), (54, 756, 720), (54, 756, 756), (54, 738, 774), (72, 738, 756), (54, 738, 738), (72, 720, 756), (72, 738, 756), (90, 720, 774), (54, 720, 756), (36, 738, 738), (36, 756, 738), (72, 738, 756), (36, 774, 756), (72, 774, 756), (90, 702, 828), (72, 702, 846), (72, 774, 738), (54, 756, 666), (72, 720, 648), (54, 738, 792)]	(9426, 11247, 9379, 10320, 11560, 9607, 5459, 9705, 6052, 7019, 6586, 9541, 5183, 6306, 7441, 7490, 13465, 20191, 14833, 9020, 16273, 14884, 12899, 2129)
 	2907269	(829, 239)	[(36, 756, 756), (18, 738, 756), (18, 738, 774), (18, 756, 774), (18, 738, 756), (18, 738, 738), (54, 720, 774), (36, 720, 756), (54, 720, 774), (72, 702, 774), (36, 738, 756), (18, 738, 756), (0, 756, 738), (18, 738, 738), (36, 738, 738), (36, 738, 792), (36, 738, 774), (54, 720, 774), (36, 702, 882), (36, 720, 756), (18, 756, 756), (0, 738, 792), (36, 702, 792), (36, 702, 756), (54, 720, 738)]	(9425, 11256, 9408, 10333, 11559, 9598, 5351, 9880, 6032, 7079, 6528, 9717, 5057, 6337, 7479, 7302, 13969, 20267, 14715, 8995, 16141, 14940, 12974, 2129)
b	2907986	(727, 179)	[(36, 720, 774), (54, 720, 756), (36, 720, 774), (36, 738, 756), (36, 702, 756), (54, 738, 756), (36, 720, 756), (36, 738, 756), (36, 720, 756), (36, 738, 774), (36, 738, 774), (54, 720, 756), (54, 720, 774), (54, 720, 792), (36, 702, 774), (36, 720, 756), (36, 720, 756), (54, 720, 756), (36, 738, 774), (54, 720, 792), (36, 720, 774), (18, 738, 774), (36, 738, 774), (18, 756, 792), (36, 738, 774)]	(9418, 11261, 9400, 10354, 11570, 9606, 5447, 9922, 6185, 7053, 6556, 9740, 5154, 6306, 7470, 7424, 13727, 20238, 14753, 9007, 16196, 14918, 12937, 2121)
u	2908389	(572, 126)	[(36, 702, 774), (36, 720, 756), (36, 720, 756), (54, 720, 756), (36, 738, 774), (54, 720, 792), (36, 720, 774), (18, 738, 774), (36, 738, 774), (18, 756, 792), (36, 738, 774), (54, 720, 720), (54, 702, 810), (90, 774, 702), (36, 720, 810), (72, 720, 756), (90, 720, 738), (72, 738, 738), (36, 738, 738), (36, 810, 720), (0, 738, 756), (18, 774, 792), (72, 720, 828), (72, 738, 774), (90, 738, 684)]	(9440, 11364, 9455, 10492, 11581, 9699, 5624, 10053, 6142, 7053, 6558, 9470, 5088, 6303, 7437, 7430, 13579, 20257, 14951, 9035, 16435, 15021, 12974, 2131)
s	2909679	(632, 403)	[(54, 738, 756), (36, 756, 756), (18, 756, 756), (36, 756, 738), (18, 756, 738), (36, 738, 756), (36, 756, 774), (54, 738, 756), (54, 720, 738), (54, 738, 756), (36, 756, 756), (18, 738, 756), (36, 756, 756), (36, 756, 792), (36, 738, 774), (54, 738, 756), (54, 720, 738), (36, 756, 756), (36, 738, 774), (18, 738, 756), (18, 738, 774), (18, 756, 738), (54, 756, 756), (54, 738, 810), (36, 738, 828)]	(9422, 11239, 9389, 10319, 11561, 9647, 5515, 9953, 6485, 7082, 6656, 10026, 5223, 6314, 7452, 7426, 13575, 20203, 14792, 9003, 16245, 14952, 12916, 2130)
i	2911485	(569, 107)	[(54, 774, 738), (36, 756, 738), (54, 756, 738), (72, 738, 720), (36, 756, 756), (54, 738, 738), (36, 756, 738), (36, 774, 756), (54, 756, 720), (36, 738, 738), (54, 756, 756), (90, 738, 756), (54, 756, 720), (90, 738, 720), (54, 756, 738), (72, 774, 738), (72, 774, 666), (54, 792, 666), (72, 738, 810), (54, 756, 828), (54, 756, 810), (72, 756, 684), (108, 756, 576), (90, 756, 612), (72, 774, 738)]	(9458, 11485, 9415, 10285, 11574, 9630, 5315, 9928, 5446, 7055, 6453, 9001, 4986, 6253, 7373, 7366, 12818, 20173, 14951, 8994, 16439, 14954, 12912, 2118)
n	2912255	(737, 151)	[(36, 756, 720), (36, 738, 756), (36, 720, 774), (54, 720, 792), (54, 738, 756), (72, 720, 738), (54, 738, 738), (54, 738, 756), (36, 756, 774), (54, 738, 756), (54, 720, 756), (54, 720, 774), (72, 720, 756), (36, 738, 756), (54, 756, 756), (54, 738, 756), (54, 720, 756), (18, 774, 774), (36, 774, 756), (36, 738, 738), (36, 756, 720), (90, 738, 702), (108, 720, 720), (54, 738, 738), (54, 756, 774)]	(9426, 11229, 9405, 10259, 11554, 9633, 5590, 9675, 6356, 7046, 6492, 9695, 5315, 6303, 7438, 7465, 13390, 20199, 14753, 9002, 16197, 14893, 12927, 2121)
e	2913091	(575, 370)	[(36, 738, 756), (36, 738, 738), (54, 738, 738), (36, 738, 774), (36, 738, 774), (54, 756, 738), (54, 738, 756), (36, 738, 792), (36, 738, 756), (54, 738, 720), (54, 738, 738), (54, 738, 792), (36, 756, 810), (54, 738, 756), (54, 738, 720), (36, 756, 738), (18, 756, 756), (18, 738, 756), (54, 720, 756), (54, 738, 828), (54, 738, 828), (72, 756, 738), (54, 702, 666), (54, 720, 720), (18, 774, 792)]	(9414, 11188, 9392, 10238, 11550, 9604, 5510, 9715, 6354, 6999, 6600, 9746, 5308, 6308, 7441, 7498, 13455, 20192, 14774, 8994, 16185, 14872, 12894, 2121)
s	2913440	(660, 382)	[(36, 756, 810), (54, 738, 756), (54, 738, 720), (36, 756, 738), (18, 756, 756), (18, 738, 756), (54, 720, 756), (54, 738, 828), (54, 738, 828), (72, 756, 738), (54, 702, 666), (54, 720, 720), (18, 774, 792), (18, 774, 810), (90, 720, 738), (18, 756, 720), (0, 738, 756), (18, 756, 792), (36, 756, 720), (90, 738, 702), (72, 756, 756), (36, 738, 774), (54, 720, 810), (72, 738, 720), (54, 756, 702)]	(9419, 11231, 9408, 10266, 11557, 9646, 5553, 9825, 6335, 7022, 6490, 9849, 5329, 6310, 7444, 7442, 13529, 20206, 14780, 8997, 16203, 14889, 12919, 2121)
s	2913636	(656, 379)	[(18, 756, 756), (18, 738, 756), (54, 720, 756), (54, 738, 828), (54, 738, 828), (72, 756, 738), (54, 702, 666), (54, 720, 720), (18, 774, 792), (18, 774, 810), (90, 720, 738), (18, 756, 720), (0, 738, 756), (18, 756, 792), (36, 756, 720), (90, 738, 702), (72, 756, 756), (36, 738, 774), (54, 720, 810), (72, 738, 720), (54, 756, 702), (-36, 738, 738), (72, 738, 810), (36, 720, 720), (90, 720, 648)]	(9419, 11191, 9386, 10235, 11538, 9624, 5520, 9715, 6239, 7041, 6570, 9628, 5335, 6309, 7433, 7464, 13455, 20183, 14787, 8998, 16194, 14880, 12893, 2134)
i	2915228	(554, 117)	[(54, 738, 756), (36, 738, 756), (36, 738, 756), (36, 756, 756), (18, 738, 756), (0, 756, 756), (18, 756, 774), (0, 738, 738), (18, 774, 756), (90, 720, 774), (108, 702, 720), (126, 702, 774), (108, 702, 792), (108, 702, 756), (72, 738, 720), (54, 756, 720), (54, 774, 756), (54, 774, 756), (54, 756, 792), (90, 720, 720), (72, 738, 792), (72, 738, 828), (72, 756, 774), (108, 738, 648), (108, 720, 666)]	(9437, 11306, 9428, 10355, 11563, 9641, 5597, 9723, 5910, 7053, 6621, 9860, 5106, 6270, 7419, 7495, 13260, 20206, 14912, 9014, 16361, 14910, 12924, 2137)
 	2915636	(822, 232)	[(72, 738, 720), (54, 756, 720), (54, 774, 756), (54, 774, 756), (54, 756, 792), (90, 720, 720), (72, 738, 792), (72, 738, 828), (72, 756, 774), (108, 738, 648), (108, 720, 666), (72, 756, 756), (108, 684, 810), (108, 720, 828), (54, 702, 810), (-36, 738, 774), (18, 738, 756), (36, 720, 756), (54, 738, 882), (18, 738, 864), (126, 738, 702), (108, 702, 666), (90, 720, 774), (54, 720, 792), (72, 666, 828)]	(9428, 11202, 9344, 10220, 11560, 9648, 5586, 9845, 6608, 7085, 6589, 10279, 5520, 6324, 7472, 7388, 13743, 20229, 14670, 8980, 16070, 14857, 12943, 2123)
a	2916127	(663, 450)	[(54, 738, 882), (18, 738, 864), (126, 738, 702), (108, 702, 666), (90, 720, 774), (54, 720, 792), (72, 666, 828), (18, 720, 900), (72, 738, 666), (72, 738, 810), (18, 702, 864), (18, 702, 810), (18, 702, 738), (18, 720, 738), (0, 720, 774), (18, 738, 792), (36, 702, 792), (54, 702, 774), (36, 720, 774), (-36, 702, 882), (18, 738, 756), (54, 738, 720), (54, 738, 738), (18, 702, 828), (-36, 684, 792)]	(9417, 11069, 9343, 10156, 11532, 9636, 5528, 9995, 7505, 7058, 6729, 10672, 5740, 6314, 7438, 7403, 13336, 20164, 14657, 8956, 16037, 14927, 12877, 2128)
m	2916585	(717, 118)	[(36, 702, 792), (54, 702, 774), (36, 720, 774), (-36, 702, 882), (18, 738, 756), (54, 738, 720), (54, 738, 738), (18, 702, 828), (-36, 684, 792), (-18, 738, 828), (108, 720, 702), (90, 738, 738), (18, 720, 792), (36, 702, 828), (54, 738, 810), (36, 738, 756), (36, 738, 720), (36, 738, 774), (72, 684, 756), (54, 774, 792), (72, 756, 846), (54, 720, 810), (72, 702, 738), (90, 720, 684), (54, 738, 666)]	(9429, 11269, 9367, 10300, 11566, 9659, 5709, 9510, 6613, 7060, 6698, 9610, 5466, 6302, 7441, 7438, 13523, 20217, 14699, 8984, 16135, 14871, 12960, 2122)
 	2917030	(853, 259)	[(36, 738, 756), (36, 738, 720), (36, 738, 774), (72, 684, 756), (54, 774, 792), (72, 756, 846), (54, 720, 810), (72, 702, 738), (90, 720, 684), (54, 738, 666), (54, 702, 774), (54, 720, 774), (36, 720, 810), (18, 720, 792), (0, 720, 774), (36, 738, 720), (36, 738, 774), (72, 720, 792), (54, 702, 756), (54, 702, 828), (18, 756, 810), (36, 738, 756), (72, 738, 684), (72, 702, 702), (54, 702, 810)]	(9425, 11202, 9360, 10227, 11546, 9569, 5611, 9603, 6683, 7006, 6459, 9756, 5444, 6311, 7469, 7360, 13682, 20245, 14660, 8976, 16060, 14882, 12975, 2130)
l	2917740	(628, 39)	[(108, 738, 738), (72, 702, 756), (54, 702, 774), (72, 738, 774), (18, 738, 774), (18, 720, 792), (36, 720, 774), (54, 720, 774), (54, 738, 738), (54, 738, 756), (72, 720, 774), (54, 738, 756), (72, 720, 774), (54, 720, 756), (54, 720, 738), (54, 738, 720), (54, 756, 756), (54, 720, 774), (72, 810, 774), (72, 756, 756), (72, 738, 738), (72, 756, 738), (54, 774, 720), (72, 756, 666), (54, 756, 684)]	(9422, 11319, 9379, 10291, 11544, 9567, 5586, 9238, 6811, 7034, 6507, 9126, 5644, 6264, 7386, 7459, 12856, 20186, 14962, 9003, 16377, 14903, 12914, 2127)
o	2917981	(553, 79)	[(36, 720, 774), (54, 720, 774), (54, 738, 738), (54, 738, 756), (72, 720, 774), (54, 738, 756), (72, 720, 774), (54, 720, 756), (54, 720, 738), (54, 738, 720), (54, 756, 756), (54, 720, 774), (72, 810, 774), (72, 756, 756), (72, 738, 738), (72, 756, 738), (54, 774, 720), (72, 756, 666), (54, 756, 684), (54, 774, 774), (54, 774, 738), (72, 756, 810), (36, 774, 792), (54, 792, 702), (54, 738, 666)]	(9435, 11395, 9442, 10350, 11571, 9580, 5733, 9500, 6960, 7057, 6467, 9326, 5659, 6267, 7400, 7490, 12905, 20193, 15025, 9014, 16429, 14924, 12936, 2110)
o	2918189	(557, 80)	[(72, 720, 774), (54, 738, 756), (72, 720, 774), (54, 720, 756), (54, 720, 738), (54, 738, 720), (54, 756, 756), (54, 720, 774), (72, 810, 774), (72, 756, 756), (72, 738, 738), (72, 756, 738), (54, 774, 720), (72, 756, 666), (54, 756, 684), (54, 774, 774), (54, 774, 738), (72, 756, 810), (36, 774, 792), (54, 792, 702), (54, 738, 666), (72, 756, 738), (0, 774, 828), (54, 756, 702), (126, 756, 504)]	(9436, 11414, 9426, 10353, 11576, 9672, 5670, 9720, 7230, 7050, 6566, 9459, 5715, 6260, 7402, 7518, 12798, 20198, 15068, 9010, 16454, 14940, 12952, 2113)
k	2918433	(678, 126)	[(54, 720, 774), (72, 810, 774), (72, 756, 756), (72, 738, 738), (72, 756, 738), (54, 774, 720), (72, 756, 666), (54, 756, 684), (54, 774, 774), (54, 774, 738), (72, 756, 810), (36, 774, 792), (54, 792, 702), (54, 738, 666), (72, 756, 738), (0, 774, 828), (54, 756, 702), (126, 756, 504), (72, 774, 666), (72, 738, 756), (90, 720, 702), (90, 738, 828), (54, 738, 792), (72, 774, 720), (54, 756, 648)]	(9435, 11356, 9424, 10323, 11566, 9624, 5580, 9763, 7025, 7027, 6625, 9707, 5658, 6275, 7395, 7515, 12786, 20183, 14984, 9007, 16389, 14918, 12928, 2120)
i	2918773	(574, 131)	[(36, 774, 792), (54, 792, 702), (54, 738, 666), (72, 756, 738), (0, 774, 828), (54, 756, 702), (126, 756, 504), (72, 774, 666), (72, 738, 756), (90, 720, 702), (90, 738, 828), (54, 738, 792), (72, 774, 720), (54, 756, 648), (54, 756, 774), (72, 738, 738), (72, 756, 774), (54, 774, 756), (54, 756, 756), (36, 792, 648), (54, 756, 684), (54, 756, 810), (54, 738, 864), (72, 774, 738), (108, 756, 594)]	(9435, 11357, 9450, 10388, 11579, 9665, 5736, 9781, 7341, 7090, 6530, 9683, 5675, 6287, 7406, 7568, 13041, 20225, 15025, 9026, 16439, 14954, 12981, 2126)
n	2919068	(715, 165)	[(90, 720, 702), (90, 738, 828), (54, 738, 792), (72, 774, 720), (54, 756, 648), (54, 756, 774), (72, 738, 738), (72, 756, 774), (54, 774, 756), (54, 756, 756), (36, 792, 648), (54, 756, 684), (54, 756, 810), (54, 738, 864), (72, 774, 738), (108, 756, 594), (90, 738, 612), (72, 774, 774), (54, 792, 756), (18, 774, 792), (0, 774, 738), (36, 774, 666), (72, 738, 648), (72, 738, 702), (90, 738, 738)]	(9415, 11256, 9394, 10253, 11543, 9615, 5539, 9436, 6731, 7063, 6424, 9424, 5594, 6300, 7413, 7486, 13255, 20197, 14860, 8987, 16275, 14885, 12953, 2122)
g	2919331	(669, 243)	[(72, 738, 738), (72, 756, 774), (54, 774, 756), (54, 756, 756), (36, 792, 648), (54, 756, 684), (54, 756, 810), (54, 738, 864), (72, 774, 738), (108, 756, 594), (90, 738, 612), (72, 774, 774), (54, 792, 756), (18, 774, 792), (0, 774, 738), (36, 774, 666), (72, 738, 648), (72, 738, 702), (90, 738, 738), (72, 738, 738), (54, 738, 756), (54, 720, 792), (54, 756, 720), (72, 774, 630), (72, 738, 720)]	(9432, 11242, 9392, 10265, 11552, 9596, 5559, 9453, 6813, 7071, 6599, 9710, 5540, 6301, 7421, 7494, 13342, 20197, 14841, 9000, 16282, 14885, 12947, 2124)
 	2920241	(816, 258)	[(54, 738, 756), (36, 756, 756), (54, 738, 738), (36, 756, 738), (36, 756, 774), (36, 738, 738), (54, 738, 738), (72, 756, 702), (54, 738, 792), (36, 738, 792), (36, 738, 774), (54, 756, 738), (36, 720, 738), (54, 738, 774), (36, 756, 774), (54, 756, 792), (54, 720, 774), (72, 648, 846), (54, 756, 774), (144, 738, 666), (36, 756, 720), (18, 720, 792), (18, 702, 828), (72, 738, 756), (108, 720, 720)]	(9421, 11171, 9365, 10205, 11545, 9573, 5433, 9236, 6445, 7038, 6342, 9497, 5483, 6312, 7444, 7412, 13514, 20212, 14700, 8985, 16121, 14875, 12967, 2129)
f	2920751	(635, 276)	[(54, 756, 774), (144, 738, 666), (36, 756, 720), (18, 720, 792), (18, 702, 828), (72, 738, 756), (108, 720, 720), (54, 720, 792), (36, 738, 792), (36, 720, 738), (54, 738, 756), (54, 738, 774), (54, 720, 774), (72, 738, 774), (54, 702, 774), (72, 720, 756), (72, 720, 756), (54, 720, 774), (36, 738, 756), (54, 738, 738), (54, 702, 792), (72, 738, 792), (54, 738, 810), (72, 702, 774), (54, 702, 738)]	(9425, 11223, 9409, 10305, 11568, 9578, 5820, 9722, 7383, 7093, 6721, 9990, 5554, 6310, 7456, 7497, 13503, 20226, 14761, 9008, 16202, 14884, 12938, 2119)
o	2921091	(584, 85)	[(54, 738, 774), (54, 720, 774), (72, 738, 774), (54, 702, 774), (72, 720, 756), (72, 720, 756), (54, 720, 774), (36, 738, 756), (54, 738, 738), (54, 702, 792), (72, 738, 792), (54, 738, 810), (72, 702, 774), (54, 702, 738), (36, 720, 810), (126, 738, 720), (54, 756, 738), (54, 756, 774), (36, 756, 774), (54, 738, 720), (54, 774, 684), (54, 738, 774), (90, 720, 882), (72, 756, 864), (108, 774, 684)]	(9438, 11381, 9469, 10435, 11584, 9610, 5787, 9709, 6499, 6996, 6514, 9347, 5218, 6262, 7419, 7474, 13280, 20285, 14955, 9040, 16480, 15008, 13034, 2127)
r	2921382	(562, 299)	[(54, 738, 738), (54, 702, 792), (72, 738, 792), (54, 738, 810), (72, 702, 774), (54, 702, 738), (36, 720, 810), (126, 738, 720), (54, 756, 738), (54, 756, 774), (36, 756, 774), (54, 738, 720), (54, 774, 684), (54, 738, 774), (90, 720, 882), (72, 756, 864), (108, 774, 684), (0, 756, 810), (108, 720, 756), (108, 684, 774), (90, 720, 792), (36, 774, 684), (54, 756, 828), (36, 720, 792), (72, 756, 774)]	(9434, 11315, 9444, 10358, 11572, 9641, 5691, 9570, 6505, 7086, 6586, 9622, 5314, 6288, 7433, 7494, 13381, 20222, 14857, 9015, 16323, 14884, 12950, 2134)
w	2921749	(725, 105)	[(54, 738, 720), (54, 774, 684), (54, 738, 774), (90, 720, 882), (72, 756, 864), (108, 774, 684), (0, 756, 810), (108, 720, 756), (108, 684, 774), (90, 720, 792), (36, 774, 684), (54, 756, 828), (36, 720, 792), (72, 756, 774), (108, 720, 630), (126, 702, 756), (36, 738, 828), (-36, 756, 774), (0, 756, 720), (36, 774, 720), (54, 720, 720), (90, 702, 774), (54, 738, 792), (90, 702, 756), (72, 702, 720)]	(9432, 11282, 9420, 10308, 11564, 9665, 5698, 9361, 6451, 7013, 6533, 9372, 5288, 6273, 7440, 7430, 13383, 20243, 14844, 9000, 16315, 14912, 12981, 2129)
a	2922347	(592, 413)	[(54, 738, 792), (90, 702, 756), (72, 702, 720), (36, 738, 756), (36, 756, 792), (72, 738, 774), (72, 738, 738), (72, 738, 756), (54, 738, 756), (36, 720, 756), (54, 756, 720), (36, 738, 738), (18, 738, 774), (36, 738, 774), (90, 720, 774), (72, 720, 756), (36, 720, 756), (54, 738, 828), (72, 738, 828), (18, 720, 792), (36, 756, 738), (54, 738, 720), (36, 720, 774), (72, 756, 756), (36, 756, 774)]	(9425, 11198, 9411, 10268, 11557, 9621, 5766, 9747, 7868, 7086, 6759, 10218, 5631, 6307, 7434, 7510, 13347, 20217, 14802, 9008, 16278, 14950, 12993, 2127)
r	2922608	(661, 426)	[(54, 738, 756), (36, 720, 756), (54, 756, 720), (36, 738, 738), (18, 738, 774), (36, 738, 774), (90, 720, 774), (72, 720, 756), (36, 720, 756), (54, 738, 828), (72, 738, 828), (18, 720, 792), (36, 756, 738), (54, 738, 720), (36, 720, 774), (72, 756, 756), (36, 756, 774), (54, 702, 666), (-36, 738, 774), (36, 774, 774), (36, 720, 738), (54, 684, 774), (54, 702, 792), (0, 738, 738), (0, 756, 756)]	(9408, 11117, 9363, 10202, 11522, 9601, 5550, 9343, 6601, 7036, 6503, 9643, 5399, 6299, 7433, 7371, 13366, 20197, 14716, 8988, 16134, 14948, 12955, 2121)
d	2922901	(575, 290)	[(36, 720, 756), (54, 738, 828), (72, 738, 828), (18, 720, 792), (36, 756, 738), (54, 738, 720), (36, 720, 774), (72, 756, 756), (36, 756, 774), (54, 702, 666), (-36, 738, 774), (36, 774, 774), (36, 720, 738), (54, 684, 774), (54, 702, 792), (0, 738, 738), (0, 756, 756), (36, 720, 774), (72, 684, 756), (54, 774, 684), (54, 738, 810), (18, 738, 882), (36, 756, 810), (54, 756, 648), (72, 702, 666)]	(9430, 11240, 9419, 10288, 11558, 9655, 5705, 9575, 6773, 7062, 6642, 10033, 5400, 6307, 7442, 7478, 13369, 20205, 14761, 8996, 16205, 14907, 12961, 2126)
 	2923095	(648, 349)	[(36, 756, 738), (54, 738, 720), (36, 720, 774), (72, 756, 756), (36, 756, 774), (54, 702, 666), (-36, 738, 774), (36, 774, 774), (36, 720, 738), (54, 684, 774), (54, 702, 792), (0, 738, 738), (0, 756, 756), (36, 720, 774), (72, 684, 756), (54, 774, 684), (54, 738, 810), (18, 738, 882), (36, 756, 810), (54, 756, 648), (72, 702, 666), (0, 774, 810), (36, 738, 738), (54, 756, 684), (54, 756, 702)]	(9425, 11206, 9416, 10273, 11555, 9647, 5801, 9688, 6992, 7058, 6690, 10065, 5390, 6302, 7435, 7461, 13360, 20217, 14743, 8991, 16188, 14935, 12960, 2128)
t	2924277	(560, 248)	[(0, 738, 738), (36, 738, 756), (18, 738, 756), (36, 738, 756), (18, 738, 738), (36, 738, 738), (36, 720, 774), (18, 738, 756), (18, 738, 756), (18, 756, 756), (54, 738, 774), (36, 738, 774), (36, 720, 774), (36, 720, 774), (36, 738, 756), (36, 738, 738), (54, 720, 756), (36, 738, 756), (18, 756, 756), (18, 756, 774), (-36, 792, 702), (36, 738, 792), (18, 720, 846), (36, 738, 810), (18, 738, 720)]	(9420, 11218, 9434, 10298, 11569, 9667, 5894, 9782, 7523, 7074, 6777, 10026, 5533, 6315, 7455, 7476, 13433, 20251, 14793, 9004, 16237, 14953, 12994, 2120)
o	2924720	(583, 67)	[(54, 720, 756), (36, 738, 756), (18, 756, 756), (18, 756, 774), (-36, 792, 702), (36, 738, 792), (18, 720, 846), (36, 738, 810), (18, 738, 720), (54, 738, 666), (72, 738, 720), (54, 738, 720), (54, 756, 774), (0, 756, 792), (36, 720, 756), (54, 720, 720), (0, 756, 702), (-36, 792, 702), (-18, 792, 702), (0, 882, 648), (72, 720, 810), (72, 720, 918), (36, 738, 882), (126, 738, 684), (126, 720, 558)]	(9439, 11305, 9454, 10407, 11567, 9643, 5719, 9808, 6535, 7077, 6547, 9792, 5189, 6303, 7434, 7390, 13290, 20233, 14876, 9014, 16335, 14963, 13023, 2135)
 	2925279	(850, 235)	[(72, 720, 810), (72, 720, 918), (36, 738, 882), (126, 738, 684), (126, 720, 558), (-54, 792, 828), (36, 738, 702), (54, 756, 720), (72, 756, 774), (54, 738, 792), (36, 738, 756), (36, 738, 810), (54, 774, 774), (18, 738, 738), (18, 738, 738), (0, 738, 738), (18, 774, 756), (36, 738, 756), (54, 702, 738), (72, 684, 828), (18, 774, 810), (72, 756, 756), (36, 720, 738), (72, 684, 738), (54, 720, 702)]	(9421, 11194, 9371, 10229, 11539, 9581, 5618, 9529, 6723, 6991, 6508, 9791, 5583, 6300, 7435, 7369, 13338, 20195, 14756, 8984, 16151, 14932, 12939, 2131)
t	2926885	(659, 388)	[(18, 738, 774), (18, 738, 756), (18, 720, 756), (54, 702, 774), (36, 720, 792), (36, 738, 756), (36, 738, 756), (36, 720, 792), (36, 720, 792), (18, 738, 756), (36, 756, 720), (18, 738, 756), (18, 738, 792), (36, 702, 774), (36, 720, 738), (18, 738, 738), (18, 738, 792), (36, 720, 792), (-18, 756, 792), (72, 738, 720), (72, 756, 702), (18, 756, 774), (36, 774, 810), (18, 756, 774), (18, 738, 630)]	(9419, 11167, 9373, 10248, 11544, 9593, 5713, 9604, 7802, 7063, 6739, 10195, 5633, 6294, 7420, 7350, 13216, 20184, 14738, 8991, 16155, 14974, 12925, 2129)
h	2927177	(660, 464)	[(18, 738, 756), (36, 756, 720), (18, 738, 756), (18, 738, 792), (36, 702, 774), (36, 720, 738), (18, 738, 738), (18, 738, 792), (36, 720, 792), (-18, 756, 792), (72, 738, 720), (72, 756, 702), (18, 756, 774), (36, 774, 810), (18, 756, 774), (18, 738, 630), (18, 738, 810), (72, 720, 738), (0, 720, 900), (-54, 756, 792), (18, 756, 684), (0, 756, 684), (-18, 756, 756), (0, 774, 792), (-36, 774, 792)]	(9393, 11067, 9345, 10157, 11519, 9585, 5598, 9346, 7260, 6980, 6515, 9689, 5543, 6275, 7394, 7255, 13008, 20178, 14673, 8986, 16073, 14987, 12907, 2128)
e	2929653	(553, 371)	[(54, 756, 738), (54, 738, 738), (54, 756, 738), (36, 756, 774), (36, 756, 756), (36, 756, 738), (54, 756, 756), (36, 720, 738), (36, 774, 738), (18, 756, 720), (18, 738, 774), (54, 720, 792), (72, 720, 756), (54, 738, 720), (36, 756, 720), (18, 756, 792), (18, 774, 756), (54, 738, 774), (54, 756, 792), (36, 738, 792), (18, 738, 828), (36, 774, 738), (36, 738, 648), (54, 738, 612), (72, 756, 720)]	(9434, 11231, 9425, 10282, 11554, 9630, 5798, 9262, 6551, 7035, 6593, 9890, 5438, 6281, 7397, 7432, 12874, 20180, 14895, 8992, 16272, 14897, 12900, 2126)
 	2930565	(803, 262)	[(18, 756, 738), (36, 756, 738), (18, 756, 756), (18, 756, 756), (36, 756, 738), (36, 756, 738), (18, 756, 738), (36, 774, 756), (18, 756, 774), (18, 738, 738), (0, 756, 738), (0, 756, 720), (36, 756, 756), (36, 738, 810), (36, 738, 756), (36, 738, 720), (36, 756, 738), (54, 738, 774), (-36, 774, 882), (-36, 792, 702), (36, 738, 648), (18, 720, 792), (72, 684, 828), (108, 684, 756), (108, 684, 684)]	(9417, 11186, 9410, 10258, 11547, 9622, 5863, 8946, 6291, 7028, 6461, 9350, 5245, 6293, 7433, 7351, 13417, 20245, 14690, 8977, 16101, 14882, 12997, 2124)
s	2931178	(655, 401)	[(108, 684, 756), (108, 684, 684), (18, 720, 792), (36, 720, 792), (18, 702, 828), (36, 720, 810), (36, 702, 756), (18, 720, 774), (0, 738, 792), (36, 738, 774), (18, 702, 774), (36, 720, 756), (36, 738, 774), (36, 738, 792), (36, 720, 792), (18, 738, 774), (18, 720, 774), (18, 702, 774), (18, 720, 774), (18, 720, 846), (18, 756, 774), (54, 720, 810), (18, 738, 792), (72, 702, 756), (0, 720, 738)]	(9418, 11130, 9425, 10222, 11548, 9639, 6009, 9238, 6957, 7076, 6686, 10040, 5329, 6311, 7447, 7403, 13439, 20228, 14659, 8974, 16065, 14885, 12963, 2125)
a	2931419	(654, 456)	[(36, 702, 756), (18, 720, 774), (0, 738, 792), (36, 738, 774), (18, 702, 774), (36, 720, 756), (36, 738, 774), (36, 738, 792), (36, 720, 792), (18, 738, 774), (18, 720, 774), (18, 702, 774), (18, 720, 774), (18, 720, 846), (18, 756, 774), (54, 720, 810), (18, 738, 792), (72, 702, 756), (0, 720, 738), (36, 702, 810), (54, 702, 792), (18, 702, 774), (18, 720, 756), (18, 702, 774), (18, 756, 756)]	(9408, 11111, 9395, 10217, 11548, 9638, 5951, 9169, 6439, 7039, 6598, 9866, 5188, 6302, 7428, 7345, 13466, 20221, 14639, 8980, 16049, 14903, 12969, 2130)
l	2932081	(665, 56)	[(18, 702, 792), (18, 738, 756), (36, 720, 810), (18, 702, 810), (18, 702, 774), (36, 738, 756), (36, 756, 756), (-36, 756, 756), (-18, 774, 720), (54, 720, 738), (54, 702, 792), (36, 720, 792), (36, 738, 756), (36, 756, 720), (18, 738, 756), (0, 756, 738), (0, 738, 738), (36, 738, 738), (54, 720, 774), (54, 720, 720), (54, 774, 756), (54, 720, 810), (18, 738, 792), (36, 738, 738), (36, 738, 666)]	(9427, 11272, 9447, 10345, 11549, 9641, 5869, 8877, 5852, 7003, 6493, 9197, 5041, 6245, 7396, 7396, 12814, 20210, 14851, 8995, 16336, 14928, 12965, 2128)
a	2932643	(674, 456)	[(54, 774, 756), (54, 720, 810), (18, 738, 792), (36, 738, 738), (36, 738, 666), (36, 738, 720), (18, 720, 738), (-36, 738, 828), (-54, 756, 792), (54, 738, 756), (72, 702, 756), (54, 702, 702), (36, 720, 756), (-36, 738, 792), (-18, 738, 810), (0, 720, 756), (36, 720, 720), (36, 702, 756), (0, 702, 918), (-36, 738, 900), (18, 738, 756), (54, 720, 702), (18, 738, 810), (-36, 720, 846), (-18, 720, 702)]	(9403, 11068, 9372, 10167, 11521, 9588, 5780, 8863, 5944, 6908, 6431, 9383, 5023, 6270, 7434, 7194, 13356, 20236, 14635, 8977, 16034, 14907, 13015, 2123)
d	2933138	(674, 331)	[(0, 702, 918), (-36, 738, 900), (18, 738, 756), (54, 720, 702), (18, 738, 810), (-36, 720, 846), (-18, 720, 702), (0, 756, 720), (18, 720, 792), (0, 738, 774), (0, 738, 756), (18, 738, 756), (-36, 720, 756), (-36, 738, 738), (18, 738, 774), (18, 720, 774), (36, 738, 810), (36, 738, 792), (18, 720, 774), (-108, 774, 738), (0, 774, 702), (-36, 738, 756), (18, 702, 792), (0, 720, 756), (18, 720, 684)]	(9413, 11147, 9431, 10225, 11536, 9550, 5866, 9175, 6226, 7000, 6633, 10125, 5083, 6282, 7414, 7265, 13342, 20261, 14634, 8965, 16034, 14893, 13032, 2129)
