Please hold the phone in both hands. At each letter you will be instructed which thumb to use
left	w	100546	(585, 410)	[(-36, 774, 702), (-18, 774, 702), (-54, 774, 702), (-36, 792, 702), (-54, 774, 720), (-36, 774, 720), (0, 774, 702), (-18, 774, 684), (-36, 774, 702), (-54, 774, 720), (-36, 774, 720), (-36, 774, 720), (-36, 774, 684), (-36, 774, 702), (-36, 774, 720), (-36, 774, 720), (-36, 774, 702), (-36, 774, 684), (-36, 792, 738), (-36, 774, 738), (-36, 774, 702), (-36, 774, 702), (-18, 792, 702), (-36, 774, 702), (-54, 756, 684)]	(9355, 11081, 9546, 10139, 11455, 10508, 5167, 9984, 5095, 6940, 6800, 8048, 5174, 6256, 7206, 9145, 11602, 19752, 15356, 9050, 16486, 14354, 11957, 2050)
right	e	103642	(579, 355)	[(-72, 774, 702), (-72, 774, 702), (-72, 774, 702), (-72, 774, 720), (-72, 774, 720), (-72, 756, 702), (-72, 774, 684), (-72, 792, 702), (-72, 774, 720), (-54, 774, 702), (-72, 774, 702), (-72, 774, 720), (-54, 774, 720), (-72, 792, 702), (-72, 774, 702), (-72, 792, 684), (-108, 792, 684), (-108, 774, 720), (-90, 792, 666), (-90, 774, 666), (-54, 774, 702), (-108, 792, 702), (-90, 774, 684), (-90, 774, 702), (-90, 774, 720)]	(9349, 11132, 9616, 10140, 11446, 10269, 5650, 10047, 5449, 6966, 7554, 7958, 5174, 6343, 7230, 9648, 11707, 19749, 15133, 9030, 16208, 14265, 11962, 2051)
right	b	105805	(735, 214)	[(-72, 774, 684), (-72, 792, 720), (-90, 774, 720), (-54, 756, 702), (-72, 774, 702), (-72, 792, 702), (-72, 774, 702), (-72, 774, 720), (-54, 792, 702), (-54, 774, 702), (-72, 774, 720), (-72, 756, 738), (-54, 774, 720), (-54, 756, 702), (-72, 774, 702), (-72, 774, 738), (-72, 774, 720), (-72, 774, 702), (-72, 774, 684), (-72, 756, 702), (-72, 774, 720), (-72, 792, 702), (-54, 792, 684), (-72, 774, 666), (-72, 756, 720)]	(9353, 11128, 9602, 10155, 11460, 10602, 5497, 10075, 5301, 6972, 7334, 8093, 5244, 6320, 7230, 9475, 11687, 19765, 15306, 9034, 16266, 14283, 11967, 2039)
left	h	108374	(655, 203)	[(-72, 792, 702), (-36, 774, 702), (0, 774, 666), (0, 792, 648), (0, 774, 702), (-54, 792, 702), (-72, 792, 738), (-18, 792, 720), (0, 792, 666), (-36, 774, 684), (0, 792, 702), (0, 792, 684), (-36, 792, 666), (0, 792, 684), (0, 792, 702), (-36, 792, 684), (0, 792, 684), (0, 792, 684), (-18, 792, 630), (0, 810, 684), (-36, 810, 738), (-54, 810, 684), (0, 810, 684), (36, 774, 702), (-36, 774, 666)]	(9352, 11065, 9540, 10152, 11462, 10520, 5032, 10221, 5185, 6929, 6445, 8395, 5238, 6239, 7205, 8694, 11575, 19753, 15338, 9036, 16471, 14356, 11966, 2053)
right	v	111317	(734, 258)	[(-36, 774, 702), (-36, 774, 702), (-36, 792, 702), (-36, 792, 684), (-54, 774, 702), (-54, 774, 720), (-54, 774, 702), (-36, 792, 684), (-54, 792, 702), (-54, 774, 702), (-54, 774, 720), (-54, 774, 684), (-36, 792, 684), (-54, 774, 720), (-54, 774, 702), (-36, 792, 702), (-54, 774, 702), (-54, 774, 702), (-54, 774, 702), (-72, 774, 720), (-54, 774, 702), (-54, 792, 684), (-54, 792, 702), (-36, 792, 702), (-54, 792, 720)]	(9367, 11131, 9596, 10175, 11458, 10405, 5346, 10482, 5420, 6966, 7036, 8436, 5261, 6295, 7221, 9118, 11664, 19780, 15362, 9045, 16471, 14358, 11962, 2056)
left	s	114448	(654, 393)	[(-36, 792, 702), (-54, 774, 702), (-36, 792, 684), (-36, 792, 720), (-36, 792, 702), (-36, 774, 684), (-36, 774, 702), (-36, 774, 702), (-36, 792, 684), (-54, 774, 720), (-54, 792, 702), (0, 774, 702), (-36, 774, 702), (-54, 774, 702), (-36, 792, 720), (-36, 774, 720), (-54, 774, 702), (-36, 774, 720), (-36, 774, 684), (-36, 792, 684), (-54, 792, 720), (-54, 792, 720), (-54, 792, 720), (-36, 774, 684), (-54, 756, 666)]	(9354, 11105, 9577, 10163, 11458, 10359, 5224, 10329, 5266, 6923, 6785, 8296, 5189, 6283, 7219, 9039, 11644, 19762, 15275, 9053, 16442, 14352, 11966, 2050)
right	r	116984	(574, 317)	[(-54, 774, 702), (-36, 774, 684), (-36, 774, 702), (-54, 774, 702), (-54, 774, 702), (-36, 792, 720), (-54, 774, 720), (-54, 774, 702), (-36, 774, 702), (-36, 774, 720), (-36, 792, 684), (-54, 792, 738), (-108, 792, 702), (-72, 792, 666), (-54, 774, 684), (-36, 792, 702), (-54, 792, 684), (-72, 774, 720), (-90, 792, 702), (-72, 792, 684), (-108, 792, 666), (-72, 792, 684), (-54, 774, 702), (-72, 792, 684), (-54, 792, 666)]	(9356, 11136, 9604, 10172, 11464, 10482, 5618, 10275, 5478, 6981, 7546, 8315, 5228, 6346, 7242, 9459, 11693, 19771, 15239, 9050, 16314, 14280, 11964, 2061)
left	z	119808	(744, 425)	[(-54, 774, 702), (-72, 756, 702), (-72, 774, 702), (-54, 774, 702), (-72, 774, 720), (-54, 774, 702), (-54, 774, 702), (-54, 774, 720), (-54, 774, 702), (-54, 774, 684), (-72, 756, 702), (-72, 774, 702), (-54, 774, 666), (-54, 774, 738), (-54, 774, 702), (-54, 774, 684), (-54, 774, 702), (-54, 774, 702), (-36, 756, 720), (-54, 792, 666), (-54, 792, 666), (-54, 792, 738), (-54, 792, 720), (-36, 756, 702), (-36, 756, 666)]	(9348, 11102, 9593, 10166, 11456, 10466, 5448, 10368, 5405, 6967, 7244, 8417, 5209, 6324, 7235, 9308, 11696, 19778, 15280, 9054, 16385, 14335, 11954, 2053)
left	u	122032	(564, 168)	[(-36, 792, 666), (0, 792, 684), (0, 792, 666), (-36, 792, 648), (18, 810, 666), (18, 792, 684), (18, 792, 648), (18, 810, 684), (36, 810, 720), (0, 810, 666), (0, 810, 666), (18, 792, 666), (0, 792, 684), (18, 810, 648), (0, 810, 684), (18, 810, 684), (-18, 828, 648), (0, 810, 666), (18, 810, 666), (36, 810, 702), (0, 810, 684), (-18, 810, 684), (0, 810, 648), (18, 810, 666), (18, 810, 666)]	(9371, 11150, 9591, 10197, 11471, 10505, 5045, 10546, 5369, 6928, 6370, 8541, 5277, 6245, 7208, 8582, 11619, 19784, 15331, 9042, 16519, 14434, 11983, 2052)
left	n	126500	(732, 152)	[(-36, 774, 702), (-36, 774, 702), (-36, 774, 702), (-36, 792, 702), (-18, 774, 684), (-36, 792, 702), (-36, 792, 684), (-36, 774, 702), (-36, 774, 702), (-36, 774, 684), (-36, 792, 684), (-36, 792, 720), (-36, 792, 702), (-36, 774, 702), (-36, 774, 684), (-36, 792, 684), (-54, 774, 720), (-36, 792, 702), (-36, 774, 702), (-36, 774, 702), (-18, 774, 720), (-18, 792, 720), (-54, 774, 684), (-36, 774, 702), (-36, 792, 702)]	(9365, 11101, 9547, 10157, 11464, 10445, 5197, 10340, 5230, 6948, 6672, 8417, 5155, 6279, 7225, 8892, 11650, 19769, 15250, 9051, 16410, 14348, 11961, 2047)
right	y	129157	(576, 215)	[(-36, 792, 702), (-36, 792, 720), (-54, 792, 684), (-36, 774, 702), (-36, 792, 684), (-36, 792, 684), (-18, 792, 684), (-36, 792, 702), (-36, 792, 702), (-54, 792, 684), (-54, 792, 702), (-36, 792, 684), (-54, 792, 702), (-36, 792, 702), (-54, 774, 702), (-36, 792, 684), (-54, 810, 666), (-36, 774, 684), (-90, 792, 684), (-36, 792, 720), (-36, 810, 720), (-36, 792, 684), (-54, 774, 666), (-54, 792, 684), (-36, 792, 684)]	(9350, 11061, 9545, 10138, 11445, 10348, 5156, 10089, 5189, 6942, 6758, 8273, 5185, 6287, 7219, 8973, 11655, 19761, 15231, 9051, 16400, 14340, 11966, 2050)
left	v	131264	(739, 249)	[(-36, 792, 684), (-54, 792, 666), (-36, 792, 684), (0, 792, 702), (-36, 774, 720), (-36, 792, 666), (-36, 792, 684), (-36, 774, 702), (-36, 774, 702), (-54, 792, 720), (-54, 792, 702), (-36, 792, 684), (-36, 792, 702), (-36, 792, 702), (-36, 792, 720), (-36, 792, 702), (-36, 774, 684), (-36, 792, 684), (-36, 774, 720), (-36, 792, 684), (-54, 810, 702), (-54, 792, 702), (-36, 810, 702), (0, 792, 702), (0, 774, 684)]	(9361, 11113, 9583, 10171, 11464, 10392, 5120, 10369, 5249, 6941, 6548, 8420, 5169, 6281, 7220, 8858, 11643, 19770, 15265, 9058, 16464, 14372, 11962, 2040)
right	r	134255	(579, 311)	[(-72, 810, 666), (-54, 810, 666), (-72, 810, 666), (-72, 810, 684), (-72, 810, 684), (-72, 792, 666), (-72, 810, 684), (-72, 792, 684), (-72, 810, 684), (-72, 810, 666), (-72, 810, 684), (-54, 810, 684), (-72, 792, 666), (-54, 792, 684), (-72, 810, 684), (-54, 810, 666), (-54, 810, 666), (-72, 792, 666), (-72, 792, 684), (-90, 792, 702), (-108, 810, 684), (-54, 810, 666), (-54, 810, 666), (-54, 810, 684), (-72, 810, 684)]	(9353, 11155, 9602, 10164, 11448, 10371, 5424, 10137, 5396, 6961, 7355, 8162, 5200, 6345, 7234, 9435, 11706, 19768, 15157, 9039, 16315, 14328, 11965, 2054)
right	y	136364	(583, 232)	[(-54, 792, 684), (-54, 792, 684), (-54, 810, 702), (-54, 792, 684), (-54, 792, 684), (-54, 792, 684), (-54, 774, 684), (-54, 810, 702), (-54, 792, 684), (-54, 810, 702), (-54, 792, 666), (-36, 792, 666), (-54, 774, 702), (-54, 792, 702), (-54, 792, 702), (-54, 792, 684), (-36, 792, 666), (-54, 810, 684), (-54, 792, 684), (-72, 792, 684), (-54, 792, 720), (-54, 810, 666), (-54, 810, 666), (-54, 792, 666), (-36, 810, 684)]	(9362, 11147, 9584, 10163, 11460, 10455, 5190, 10000, 5083, 6951, 6873, 8335, 5166, 6299, 7230, 9078, 11653, 19762, 15275, 9044, 16375, 14305, 11966, 2043)
left	z	138720	(733, 428)	[(-54, 792, 684), (-36, 792, 720), (-72, 792, 684), (-36, 792, 702), (-54, 792, 702), (-36, 792, 666), (-54, 792, 684), (-36, 792, 702), (-54, 792, 684), (-54, 792, 702), (-54, 774, 684), (-72, 810, 720), (-54, 774, 702), (-54, 774, 702), (-36, 792, 702), (-36, 792, 702), (-54, 792, 702), (-54, 792, 684), (-54, 774, 702), (-36, 774, 702), (-36, 792, 648), (-54, 792, 702), (-36, 792, 720), (-54, 792, 702), (-54, 792, 702)]	(9353, 11115, 9565, 10160, 11460, 10516, 5220, 10082, 5131, 6945, 6771, 8446, 5165, 6298, 7226, 9053, 11633, 19761, 15318, 9044, 16365, 14300, 11957, 2056)
left	c	140932	(742, 302)	[(-36, 792, 702), (-36, 792, 684), (-36, 774, 702), (-54, 792, 702), (-54, 792, 684), (-36, 792, 702), (-36, 792, 702), (-36, 792, 684), (-36, 792, 720), (-54, 792, 702), (-36, 792, 684), (-54, 792, 702), (-36, 810, 702), (-36, 792, 684), (-54, 792, 666), (-54, 792, 702), (-36, 810, 684), (-36, 774, 684), (-36, 774, 702), (-54, 792, 702), (-54, 792, 648), (-54, 810, 666), (-54, 792, 720), (-54, 810, 702), (-36, 792, 720)]	(9363, 11133, 9609, 10175, 11466, 10504, 5201, 10248, 5217, 6957, 6705, 8525, 5183, 6300, 7230, 9030, 11648, 19778, 15350, 9059, 16396, 14341, 11961, 2053)
right	w	145031	(566, 404)	[(-54, 792, 684), (-36, 810, 666), (-54, 792, 702), (-72, 810, 702), (-36, 792, 666), (-54, 792, 684), (-54, 792, 684), (-36, 810, 684), (54, 774, 666), (-36, 810, 684), (-72, 828, 630), (-72, 810, 684), (-54, 792, 702), (-90, 810, 666), (-72, 810, 702), (-108, 810, 720), (-126, 792, 666), (-72, 810, 684), (-72, 792, 666), (-90, 810, 648), (-126, 810, 684), (-72, 810, 702), (-90, 810, 702), (-108, 810, 666), (-108, 810, 666)]	(9354, 11176, 9646, 10161, 11450, 10395, 5695, 9908, 5500, 6971, 7593, 8087, 5154, 6400, 7260, 9597, 11766, 19763, 15163, 9029, 16005, 14218, 11969, 2056)
right	k	148547	(655, 88)	[(-36, 774, 702), (0, 792, 684), (0, 792, 666), (0, 792, 684), (0, 792, 684), (0, 774, 684), (-18, 792, 684), (0, 792, 684), (-18, 810, 684), (-18, 810, 702), (-36, 774, 702), (-36, 792, 684), (-36, 792, 702), (-36, 774, 720), (-36, 792, 684), (0, 810, 684), (-18, 792, 684), (18, 774, 684), (-36, 792, 702), (-36, 792, 684), (-36, 792, 702), (-36, 810, 684), (-36, 810, 684), (-54, 738, 738), (-54, 792, 648)]	(9365, 11047, 9505, 10146, 11473, 10703, 4952, 9744, 4874, 6930, 6343, 8295, 5117, 6260, 7220, 8643, 11608, 19751, 15331, 9036, 16337, 14297, 11958, 2042)
left	p	150794	(571, 43)	[(-36, 774, 720), (-18, 792, 702), (36, 792, 684), (36, 792, 756), (-36, 792, 738), (-54, 792, 648), (0, 810, 684), (36, 810, 702), (36, 810, 648), (36, 828, 666), (36, 810, 702), (36, 810, 684), (18, 810, 648), (36, 810, 648), (18, 810, 684), (54, 828, 666), (36, 810, 648), (54, 828, 630), (18, 846, 648), (54, 846, 684), (72, 828, 702), (18, 828, 648), (72, 828, 648), (54, 810, 630), (54, 828, 666)]	(9369, 10923, 9529, 10183, 11481, 10704, 4863, 9918, 5375, 6940, 6135, 8984, 5431, 6208, 7198, 8137, 11499, 19730, 15316, 9002, 16283, 14325, 11967, 2050)
left	m	153148	(739, 109)	[(54, 828, 666), (36, 810, 666), (36, 810, 666), (36, 810, 648), (36, 810, 684), (36, 810, 702), (18, 810, 666), (36, 810, 666), (36, 810, 684), (36, 810, 666), (36, 810, 666), (54, 810, 666), (54, 810, 648), (36, 810, 666), (54, 810, 666), (36, 828, 666), (36, 810, 666), (36, 810, 666), (54, 792, 684), (36, 810, 648), (36, 828, 684), (36, 828, 666), (36, 828, 648), (72, 792, 684), (36, 792, 666)]	(9375, 10969, 9521, 10180, 11485, 10670, 4847, 9640, 5189, 6935, 6123, 8837, 5318, 6207, 7196, 8157, 11499, 19732, 15294, 9018, 16340, 14346, 11956, 2057)
left	k	156551	(662, 89)	[(0, 792, 666), (0, 810, 666), (0, 810, 684), (-18, 810, 666), (0, 810, 666), (0, 810, 648), (0, 810, 684), (0, 792, 702), (-54, 792, 684), (18, 810, 630), (18, 792, 666), (18, 810, 684), (54, 828, 648), (18, 810, 648), (18, 828, 684), (36, 810, 684), (36, 828, 648), (18, 828, 684), (54, 792, 630), (18, 810, 648), (36, 828, 648), (0, 828, 702), (0, 810, 702), (36, 828, 630), (90, 792, 666)]	(9376, 11048, 9612, 10224, 11484, 10606, 4907, 10026, 5518, 6949, 6193, 8895, 5326, 6227, 7209, 8340, 11559, 19744, 15283, 9034, 16307, 14358, 11965, 2049)
right	b	159410	(728, 209)	[(18, 792, 684), (18, 810, 684), (18, 810, 666), (18, 810, 648), (36, 810, 684), (18, 792, 702), (18, 810, 666), (18, 810, 702), (0, 810, 666), (36, 810, 648), (36, 792, 684), (18, 810, 666), (18, 810, 666), (18, 810, 666), (18, 810, 666), (36, 810, 648), (18, 810, 684), (18, 810, 684), (36, 792, 666), (18, 792, 666), (36, 810, 666), (18, 828, 702), (0, 828, 702), (18, 828, 648), (54, 774, 684)]	(9371, 11016, 9587, 10205, 11482, 10581, 4909, 9896, 5495, 6955, 6213, 8927, 5318, 6227, 7209, 8370, 11510, 19750, 15309, 9040, 16357, 14346, 11961, 2050)
right	g	162815	(653, 236)	[(18, 792, 684), (18, 810, 684), (0, 810, 684), (0, 792, 684), (0, 810, 684), (0, 810, 666), (18, 810, 684), (18, 792, 648), (18, 810, 666), (18, 810, 702), (18, 810, 702), (18, 810, 684), (-18, 810, 684), (18, 810, 666), (18, 810, 666), (0, 810, 666), (0, 810, 684), (0, 810, 666), (36, 810, 666), (18, 810, 666), (0, 792, 666), (-36, 828, 684), (0, 792, 684), (0, 810, 666), (-36, 810, 666)]	(9369, 11030, 9605, 10189, 11455, 10400, 4912, 9839, 5629, 6942, 6255, 8774, 5302, 6257, 7213, 8607, 11588, 19749, 15225, 9049, 16300, 14319, 11960, 2050)
right	l	164465	(655, 22)	[(18, 810, 666), (0, 810, 666), (-18, 810, 684), (-18, 828, 684), (18, 810, 666), (18, 810, 684), (0, 810, 666), (0, 810, 666), (18, 810, 684), (0, 792, 684), (0, 810, 666), (18, 810, 666), (-18, 810, 666), (0, 792, 702), (0, 810, 684), (18, 810, 666), (18, 810, 666), (-36, 810, 684), (-18, 810, 702), (0, 810, 666), (36, 792, 720), (-54, 828, 684), (0, 810, 702), (-18, 810, 684), (18, 792, 648)]	(9364, 11055, 9601, 10212, 11466, 10475, 5029, 10205, 5922, 6951, 6309, 8780, 5421, 6276, 7231, 8753, 11622, 19773, 15298, 9058, 16304, 14343, 11963, 2052)
right	q	166303	(543, 464)	[(18, 810, 684), (0, 810, 684), (18, 810, 684), (18, 810, 648), (18, 810, 648), (-36, 792, 702), (36, 774, 648), (18, 792, 684), (36, 828, 612), (36, 828, 576), (36, 846, 684), (-54, 810, 774), (-90, 756, 684), (-108, 810, 612), (-90, 792, 648), (-90, 810, 648), (-108, 792, 720), (-90, 792, 702), (-90, 810, 612), (-162, 828, 648), (-90, 810, 738), (-108, 828, 684), (-108, 810, 684), (-126, 792, 648), (-90, 810, 612)]	(9383, 11362, 9779, 10200, 11448, 10280, 5229, 7759, 5889, 6904, 6686, 7228, 4989, 6384, 7267, 10261, 11659, 19680, 15018, 8996, 15710, 14012, 11937, 2046)
right	u	168059	(581, 153)	[(-36, 792, 702), (-36, 792, 666), (-36, 792, 666), (-36, 792, 684), (-18, 792, 684), (0, 792, 648), (-18, 810, 684), (-36, 810, 684), (-36, 810, 684), (-36, 810, 702), (-18, 810, 666), (-36, 792, 684), (-36, 810, 684), (-18, 828, 684), (0, 792, 666), (-36, 810, 648), (-36, 810, 666), (-36, 810, 702), (-18, 810, 666), (-36, 810, 684), (-54, 810, 648), (-36, 810, 648), (-36, 810, 702), (-36, 828, 648), (-36, 792, 648)]	(9353, 11176, 9639, 10217, 11459, 10464, 4981, 9478, 5991, 6944, 6204, 8639, 5313, 6282, 7227, 9313, 11568, 19779, 15136, 9113, 16330, 14319, 11971, 2046)
right	t	169619	(576, 273)	[(-36, 810, 666), (-54, 792, 684), (-54, 810, 684), (-36, 792, 666), (0, 810, 648), (-36, 810, 666), (-18, 810, 666), (-36, 810, 684), (-36, 792, 684), (-36, 828, 666), (-36, 810, 666), (0, 810, 684), (-36, 792, 666), (-54, 810, 648), (-36, 810, 702), (-36, 828, 666), (-18, 810, 666), (-72, 810, 684), (-54, 810, 684), (-36, 828, 666), (-54, 810, 648), (-54, 828, 702), (-36, 810, 720), (-54, 828, 684), (-72, 792, 648)]	(9371, 11172, 9645, 10196, 11458, 10357, 4915, 9027, 5736, 6886, 6206, 8485, 5199, 6271, 7227, 9257, 11548, 19751, 15081, 9092, 16277, 14268, 11956, 2037)
right	a	171312	(654, 447)	[(-36, 810, 666), (-36, 810, 702), (-36, 810, 684), (-36, 792, 702), (-36, 792, 684), (-36, 810, 666), (-36, 810, 666), (0, 810, 684), (0, 774, 684), (-36, 810, 666), (-72, 810, 720), (-54, 792, 702), (-36, 792, 720), (-54, 810, 666), (-54, 792, 666), (-54, 792, 648), (-108, 810, 684), (-18, 774, 720), (-144, 846, 648), (-72, 792, 702), (-54, 792, 738), (-54, 792, 702), (-72, 774, 666), (-72, 810, 666), (-72, 792, 720)]	(9380, 11267, 9678, 10209, 11463, 10504, 5020, 7973, 5311, 6892, 6304, 7296, 4937, 6316, 7244, 9927, 11601, 19728, 15094, 9058, 16039, 14179, 11945, 2050)
left	y	172843	(560, 218)	[(-36, 792, 684), (0, 792, 666), (-36, 792, 684), (-54, 792, 684), (-54, 810, 702), (-36, 810, 684), (-36, 810, 666), (-36, 792, 684), (-54, 792, 684), (-36, 810, 684), (-36, 810, 666), (-36, 810, 684), (-36, 810, 702), (-36, 810, 684), (-36, 810, 684), (-36, 810, 684), (-54, 792, 684), (-36, 810, 702), (-18, 810, 684), (-36, 774, 630), (-54, 810, 666), (-54, 810, 702), (0, 810, 720), (-18, 828, 684), (0, 810, 630)]	(9372, 11228, 9660, 10229, 11477, 10515, 4973, 8935, 5633, 6928, 6224, 8387, 5129, 6292, 7238, 9408, 11589, 19761, 15182, 9097, 16265, 14300, 11963, 2049)
left	n	175771	(726, 169)	[(0, 810, 666), (0, 810, 666), (0, 810, 666), (0, 810, 684), (0, 810, 666), (-18, 810, 666), (0, 810, 666), (0, 810, 666), (0, 810, 666), (-18, 810, 666), (-36, 810, 648), (18, 810, 684), (18, 810, 666), (0, 810, 666), (0, 810, 630), (0, 792, 684), (0, 810, 666), (0, 828, 666), (0, 810, 684), (0, 810, 648), (-18, 828, 648), (-36, 828, 684), (-18, 810, 666), (-18, 828, 648), (36, 792, 702)]	(9373, 11104, 9621, 10210, 11483, 10599, 4899, 9273, 5507, 6929, 6122, 9061, 5247, 6244, 7214, 8547, 11516, 19805, 15300, 9117, 16537, 14410, 11967, 2051)
right	i	177931	(567, 121)	[(0, 810, 648), (-36, 828, 666), (-18, 810, 684), (0, 828, 666), (-18, 810, 684), (0, 810, 648), (-18, 810, 666), (0, 810, 666), (-36, 810, 666), (0, 810, 666), (-36, 810, 666), (0, 828, 648), (0, 828, 684), (-18, 810, 666), (0, 810, 666), (0, 828, 666), (-18, 810, 666), (-36, 810, 666), (0, 810, 684), (18, 810, 666), (-36, 810, 666), (-36, 828, 684), (0, 810, 648), (-54, 810, 702), (18, 810, 630)]	(9361, 11050, 9571, 10166, 11459, 10486, 4874, 8812, 5260, 6920, 6137, 8695, 5148, 6261, 7222, 8752, 11539, 19751, 15198, 9086, 16385, 14301, 11955, 2045)
right	g	179587	(646, 252)	[(-18, 810, 666), (0, 828, 702), (-18, 828, 648), (-18, 828, 648), (0, 810, 666), (0, 810, 684), (0, 810, 648), (0, 828, 630), (0, 810, 684), (0, 810, 648), (-18, 810, 666), (-36, 810, 702), (-18, 810, 684), (18, 810, 648), (-36, 810, 648), (-36, 810, 684), (-18, 810, 684), (-36, 810, 666), (-36, 810, 684), (-18, 810, 684), (-36, 810, 684), (-36, 810, 684), (-18, 828, 666), (0, 810, 666), (-54, 810, 666)]	(9369, 11138, 9635, 10192, 11459, 10405, 5016, 9420, 5698, 6943, 6310, 8964, 5214, 6292, 7242, 8984, 11613, 19797, 15223, 9120, 16434, 14344, 11971, 2052)
right	n	182147	(732, 154)	[(0, 810, 648), (0, 810, 666), (-36, 810, 648), (0, 810, 684), (-18, 810, 702), (-36, 792, 648), (0, 810, 684), (0, 792, 684), (-18, 810, 648), (-36, 792, 684), (-36, 810, 666), (-36, 810, 684), (0, 792, 684), (-18, 810, 684), (0, 828, 666), (0, 810, 666), (-36, 810, 666), (-18, 810, 684), (-18, 810, 684), (0, 810, 684), (-36, 810, 648), (-18, 828, 666), (-36, 810, 702), (-36, 810, 666), (0, 792, 666)]	(9362, 11078, 9560, 10161, 11468, 10487, 4937, 9040, 5260, 6923, 6222, 8808, 5143, 6276, 7234, 8802, 11562, 19775, 15210, 9093, 16398, 14305, 11961, 2055)
left	i	184509	(586, 134)	[(18, 810, 666), (0, 810, 702), (0, 810, 684), (18, 792, 702), (18, 828, 702), (-36, 846, 630), (-36, 846, 576), (0, 846, 630), (18, 828, 612), (36, 828, 684), (18, 846, 612), (36, 828, 630), (18, 846, 630), (18, 828, 630), (18, 828, 648), (36, 828, 630), (36, 846, 630), (0, 828, 630), (36, 828, 612), (18, 828, 630), (18, 864, 684), (0, 846, 666), (18, 846, 630), (36, 828, 648), (18, 828, 612)]	(9382, 11112, 9613, 10237, 11491, 10608, 4883, 9232, 5680, 6944, 6126, 9203, 5371, 6235, 7211, 8330, 11527, 19773, 15313, 9085, 16412, 14351, 11971, 2050)
right	x	186646	(725, 354)	[(0, 810, 666), (0, 810, 684), (0, 810, 648), (0, 810, 648), (0, 828, 666), (-36, 810, 666), (18, 810, 684), (36, 828, 630), (-36, 810, 666), (-36, 810, 684), (-36, 810, 666), (0, 810, 666), (0, 810, 684), (-36, 810, 666), (-36, 828, 666), (-36, 810, 666), (-36, 792, 666), (-36, 810, 648), (0, 810, 666), (-36, 792, 684), (-72, 810, 684), (0, 810, 666), (-36, 810, 648), (0, 828, 648), (0, 792, 684)]	(9380, 11155, 9651, 10209, 11477, 10461, 4980, 8989, 5719, 6941, 6273, 8801, 5201, 6295, 7234, 9039, 11632, 19777, 15125, 9101, 16305, 14313, 11967, 2054)
left	i	190097	(580, 128)	[(18, 810, 666), (-18, 792, 702), (18, 828, 612), (0, 810, 612), (0, 828, 684), (0, 828, 684), (36, 846, 612), (18, 828, 666), (0, 810, 648), (0, 828, 630), (0, 828, 666), (18, 828, 648), (18, 828, 648), (0, 810, 666), (-36, 810, 648), (18, 828, 648), (36, 846, 648), (0, 810, 648), (18, 810, 612), (36, 846, 648), (18, 846, 702), (-36, 846, 684), (0, 828, 648), (18, 846, 612), (36, 792, 648)]	(9388, 11159, 9638, 10240, 11495, 10645, 4924, 9292, 5675, 6947, 6138, 9114, 5328, 6249, 7217, 8397, 11562, 19805, 15326, 9111, 16504, 14421, 11970, 2050)
left	o	192215	(580, 77)	[(18, 810, 648), (18, 810, 648), (0, 828, 648), (0, 828, 648), (-36, 828, 738), (0, 810, 684), (0, 810, 576), (36, 846, 576), (54, 846, 666), (36, 828, 630), (36, 828, 612), (0, 846, 684), (36, 828, 684), (36, 846, 648), (54, 846, 576), (72, 846, 612), (54, 810, 666), (36, 828, 612), (54, 828, 648), (36, 846, 630), (54, 846, 648), (18, 846, 648), (18, 846, 648), (54, 828, 630), (36, 828, 648)]	(9383, 11118, 9581, 10226, 11480, 10630, 4868, 9251, 5606, 6947, 6078, 9130, 5345, 6220, 7213, 8102, 11497, 19776, 15311, 9082, 16401, 14380, 11975, 2045)
right	e	194364	(589, 362)	[(18, 828, 648), (18, 828, 648), (18, 828, 648), (36, 828, 648), (36, 828, 630), (-18, 810, 630), (0, 810, 666), (18, 828, 648), (18, 810, 648), (18, 810, 648), (-18, 828, 666), (-54, 828, 666), (-72, 828, 702), (-36, 828, 630), (-36, 846, 630), (-18, 810, 702), (-90, 828, 666), (-54, 810, 648), (-36, 828, 630), (18, 810, 630), (-54, 792, 720), (-108, 828, 684), (-90, 792, 702), (-54, 810, 702), (-54, 810, 684)]	(9370, 11244, 9724, 10225, 11464, 10370, 5069, 9230, 6267, 6967, 6300, 8435, 5265, 6355, 7264, 9801, 11687, 19800, 15286, 9125, 16215, 14293, 11961, 2045)
left	x	197239	(740, 342)	[(-36, 810, 684), (-18, 810, 666), (-36, 810, 666), (-36, 810, 666), (-18, 828, 666), (-18, 810, 684), (-36, 810, 684), (-36, 810, 666), (-36, 810, 666), (-36, 810, 684), (-18, 810, 684), (0, 810, 630), (18, 792, 648), (-36, 792, 702), (-36, 810, 648), (0, 792, 648), (0, 792, 684), (-18, 810, 666), (-36, 810, 666), (0, 810, 684), (0, 828, 648), (-18, 828, 684), (0, 810, 684), (-36, 810, 684), (-36, 810, 666)]	(9370, 11138, 9608, 10188, 11469, 10503, 4914, 9247, 5678, 6944, 6137, 8856, 5250, 6263, 7232, 8829, 11540, 19807, 15294, 9133, 16479, 14387, 11969, 2052)
right	p	199682	(576, 2)	[(-36, 810, 648), (0, 828, 666), (0, 810, 666), (0, 810, 684), (-36, 810, 702), (18, 810, 666), (-36, 810, 702), (18, 792, 702), (-36, 792, 702), (0, 792, 630), (-36, 810, 684), (-36, 810, 720), (-18, 810, 666), (0, 792, 666), (0, 792, 684), (-36, 792, 684), (-18, 810, 666), (0, 810, 666), (-18, 810, 702), (-36, 810, 666), (18, 792, 558), (-90, 828, 666), (-36, 810, 720), (-18, 810, 720), (-36, 810, 666)]	(9350, 11130, 9598, 10220, 11480, 10604, 5017, 9383, 5641, 6954, 6166, 8905, 5223, 6280, 7237, 8890, 11569, 19786, 15284, 9099, 16380, 14335, 11961, 2051)
right	v	203551	(736, 260)	[(-18, 810, 684), (-36, 810, 666), (0, 810, 666), (-36, 810, 684), (0, 810, 648), (18, 810, 702), (-18, 828, 666), (-36, 810, 666), (-18, 810, 666), (-18, 810, 648), (0, 828, 684), (-36, 810, 684), (0, 792, 666), (18, 810, 666), (0, 810, 666), (-36, 810, 648), (-36, 828, 684), (0, 810, 684), (0, 810, 648), (0, 792, 666), (-36, 828, 648), (-18, 828, 684), (-36, 810, 684), (-18, 810, 702), (-36, 792, 648)]	(9359, 11110, 9615, 10170, 11462, 10446, 4958, 9169, 5850, 6924, 6193, 8733, 5255, 6298, 7246, 8913, 11581, 19776, 15258, 9093, 16325, 14283, 11961, 2054)
right	c	208870	(730, 292)	[(0, 810, 666), (0, 810, 684), (-18, 810, 684), (-18, 810, 666), (-36, 810, 666), (-36, 810, 648), (18, 828, 666), (-18, 810, 702), (-36, 810, 684), (0, 810, 666), (-36, 810, 684), (-54, 792, 666), (0, 792, 684), (-54, 810, 702), (-36, 792, 684), (-36, 792, 684), (-18, 810, 684), (-54, 810, 648), (0, 792, 702), (-36, 810, 666), (-36, 810, 666), (-36, 828, 666), (-36, 810, 738), (-18, 774, 630), (-36, 828, 630)]	(9363, 11125, 9609, 10181, 11475, 10487, 4924, 8912, 5541, 6926, 6189, 8713, 5166, 6292, 7242, 8865, 11553, 19775, 15250, 9105, 16355, 14280, 11947, 2047)
right	m	210728	(738, 110)	[(-36, 810, 666), (-18, 792, 702), (18, 792, 684), (0, 810, 684), (-54, 828, 666), (-36, 792, 684), (-36, 810, 684), (-36, 810, 666), (-36, 810, 684), (18, 810, 684), (18, 810, 648), (18, 828, 702), (18, 810, 666), (-36, 810, 666), (18, 828, 666), (18, 810, 684), (18, 792, 648), (18, 810, 666), (72, 810, 702), (-36, 828, 630), (0, 828, 684), (-36, 810, 720), (-36, 810, 666), (36, 810, 684), (18, 792, 666)]	(9375, 11138, 9595, 10205, 11494, 10572, 4965, 9272, 5629, 6937, 6192, 8973, 5158, 6268, 7228, 8473, 11569, 19791, 15313, 9098, 16412, 14359, 11972, 2053)
left	a	212833	(672, 436)	[(18, 810, 684), (18, 810, 684), (0, 810, 666), (18, 792, 684), (-36, 792, 702), (0, 810, 666), (18, 810, 648), (0, 810, 684), (18, 810, 648), (0, 792, 684), (-36, 810, 684), (18, 810, 666), (18, 810, 648), (-36, 810, 666), (0, 792, 666), (18, 810, 684), (0, 810, 666), (18, 792, 702), (0, 810, 666), (18, 810, 666), (-18, 810, 666), (-36, 828, 702), (0, 810, 684), (-18, 792, 666), (18, 774, 648)]	(9362, 11082, 9580, 10164, 11456, 10364, 4968, 9201, 5970, 6958, 6232, 8944, 5246, 6285, 7245, 8779, 11575, 19791, 15306, 9119, 16421, 14353, 11962, 2048)
left	m	216851	(731, 105)	[(0, 810, 666), (0, 810, 666), (18, 810, 702), (18, 810, 684), (-36, 810, 666), (0, 810, 666), (0, 810, 684), (0, 810, 684), (36, 792, 648), (0, 810, 648), (18, 810, 666), (0, 810, 684), (0, 810, 666), (18, 810, 702), (18, 810, 666), (18, 810, 684), (18, 810, 684), (0, 810, 666), (18, 810, 666), (-18, 828, 630), (18, 828, 648), (0, 828, 684), (0, 810, 648), (18, 810, 666), (18, 810, 666)]	(9377, 11143, 9594, 10194, 11483, 10538, 4979, 9353, 5672, 6960, 6192, 9047, 5216, 6265, 7232, 8337, 11556, 19799, 15341, 9108, 16451, 14383, 11970, 2053)
right	m	222216	(743, 99)	[(18, 810, 666), (18, 792, 684), (-36, 810, 684), (0, 810, 666), (18, 792, 684), (18, 810, 684), (18, 810, 648), (0, 810, 666), (-18, 810, 666), (18, 810, 648), (18, 810, 702), (54, 810, 720), (18, 810, 684), (18, 828, 666), (18, 810, 666), (18, 810, 666), (18, 810, 666), (18, 810, 702), (36, 792, 702), (18, 810, 648), (0, 828, 684), (-36, 810, 702), (18, 828, 684), (18, 810, 684)]	(9372, 11098, 9589, 10181, 11475, 10600, 4925, 9075, 5590, 6935, 6191, 9020, 5229, 6273, 7241, 8349, 11534, 19793, 15359, 9093, 16410, 14338, 11975, 2055)
right	q	225416	(568, 472)	[(0, 810, 684), (18, 810, 684), (0, 810, 648), (18, 810, 684), (18, 810, 684), (0, 810, 684), (18, 792, 702), (90, 774, 702), (72, 810, 612), (54, 810, 540), (-54, 864, 720), (-36, 828, 738), (-90, 828, 702), (-72, 810, 666), (-108, 846, 684), (-18, 810, 630), (-72, 828, 666), (-108, 828, 666), (-144, 846, 666), (-90, 828, 702), (-54, 828, 648), (-90, 810, 648), (-90, 810, 648), (-54, 846, 630), (-90, 828, 648)]	(9345, 11248, 9650, 10140, 11400, 9954, 5004, 8819, 6927, 6935, 6290, 7666, 5182, 6374, 7276, 10216, 11676, 19770, 14909, 9128, 16080, 14251, 11968, 2052)
left	l	227782	(656, 54)	[(18, 810, 702), (0, 810, 684), (-36, 792, 666), (0, 810, 702), (-54, 810, 666), (0, 792, 756), (-36, 810, 666), (36, 792, 702), (36, 810, 648), (18, 810, 612), (54, 792, 630), (54, 828, 648), (54, 828, 648), (36, 828, 666), (36, 828, 684), (36, 828, 666), (54, 828, 612), (36, 828, 666), (54, 828, 666), (36, 810, 648), (72, 828, 630), (36, 828, 630), (18, 846, 666), (36, 828, 702), (36, 846, 612)]	(9384, 11094, 9519, 10202, 11490, 10544, 4918, 9730, 5716, 6972, 6075, 9421, 5324, 6221, 7218, 7937, 11493, 19838, 15412, 9124, 16595, 14553, 12007, 2052)
right	o	230969	(566, 86)	[(18, 828, 666), (0, 810, 702), (0, 792, 684), (36, 810, 666), (0, 810, 666), (18, 792, 684), (18, 810, 666), (18, 792, 702), (0, 792, 702), (18, 810, 684), (36, 792, 702), (18, 810, 684), (18, 810, 666), (18, 810, 648), (18, 810, 666), (0, 810, 684), (0, 792, 666), (36, 810, 684), (18, 792, 702), (-18, 792, 648), (-36, 810, 666), (18, 846, 738), (18, 810, 720), (0, 846, 630), (18, 756, 630)]	(9359, 11075, 9630, 10221, 11483, 10480, 5121, 10056, 6510, 7005, 6299, 9420, 5442, 6302, 7250, 8521, 11605, 19820, 15423, 9116, 16363, 14385, 11988, 2025)
left	l	232497	(655, 75)	[(0, 792, 684), (0, 810, 702), (18, 792, 684), (0, 792, 684), (18, 810, 666), (36, 810, 684), (0, 792, 702), (0, 810, 720), (-18, 792, 684), (18, 792, 684), (18, 792, 720), (0, 792, 684), (18, 810, 612), (54, 792, 666), (36, 810, 684), (36, 810, 684), (54, 810, 666), (18, 792, 630), (108, 756, 774), (0, 828, 630), (36, 846, 702), (0, 810, 756), (0, 810, 630), (18, 810, 648), (90, 792, 702)]	(9370, 11144, 9545, 10201, 11480, 10447, 5005, 10075, 5955, 6974, 6187, 9426, 5288, 6249, 7235, 8080, 11549, 19831, 15321, 9119, 16453, 14473, 11996, 2049)
left	r	234437	(582, 311)	[(0, 810, 702), (0, 774, 720), (0, 792, 684), (18, 792, 684), (18, 810, 666), (36, 810, 684), (18, 810, 702), (0, 792, 666), (-18, 810, 720), (0, 792, 702), (0, 792, 666), (18, 792, 684), (18, 810, 684), (18, 810, 684), (18, 792, 684), (36, 792, 702), (54, 810, 702), (36, 792, 684), (18, 792, 702), (-18, 810, 684), (18, 810, 684), (0, 828, 666), (18, 774, 684), (18, 774, 738), (36, 810, 684)]	(9355, 11050, 9548, 10146, 11474, 10504, 4960, 9250, 5810, 6964, 6216, 9116, 5333, 6291, 7251, 8442, 11600, 19785, 15346, 9104, 16280, 14330, 11970, 2046)
right	p	235929	(578, 15)	[(36, 810, 684), (36, 792, 684), (18, 792, 666), (36, 792, 684), (18, 792, 684), (0, 792, 702), (36, 792, 702), (18, 792, 702), (18, 792, 720), (36, 792, 666), (18, 774, 684), (36, 810, 684), (36, 792, 684), (18, 810, 720), (0, 774, 684), (36, 810, 684), (18, 810, 684), (18, 792, 702), (36, 792, 702), (36, 792, 666), (72, 792, 684), (18, 810, 684), (18, 810, 720), (36, 792, 630), (0, 774, 702)]	(9360, 11017, 9514, 10141, 11477, 10469, 4956, 9195, 5681, 6975, 6219, 9102, 5295, 6300, 7246, 8460, 11588, 19786, 15343, 9093, 16267, 14314, 11969, 2037)
right	o	238657	(567, 98)	[(36, 792, 702), (36, 792, 684), (18, 792, 702), (54, 810, 684), (18, 792, 702), (36, 792, 684), (18, 792, 702), (36, 792, 684), (18, 792, 684), (36, 792, 684), (36, 792, 684), (18, 792, 702), (18, 792, 684), (18, 810, 702), (36, 792, 702), (18, 792, 702), (18, 792, 702), (18, 792, 666), (18, 792, 684), (36, 792, 684), (-18, 792, 720), (18, 810, 720), (36, 756, 666), (0, 792, 702), (36, 810, 666)]	(9361, 11050, 9552, 10160, 11479, 10443, 4999, 9170, 5894, 6978, 6250, 9134, 5330, 6304, 7260, 8532, 11607, 19788, 15350, 9090, 16265, 14303, 11979, 2052)
right	k	240145	(665, 123)	[(18, 792, 684), (18, 810, 702), (18, 810, 684), (18, 792, 684), (18, 792, 702), (18, 792, 702), (36, 792, 666), (36, 792, 702), (18, 792, 684), (18, 792, 684), (0, 792, 684), (36, 792, 720), (36, 792, 702), (0, 774, 702), (18, 792, 684), (54, 792, 702), (18, 792, 702), (36, 774, 684), (18, 792, 702), (54, 756, 684), (-54, 828, 702), (36, 792, 720), (0, 792, 720), (36, 756, 648), (36, 810, 684)]	(9370, 11061, 9560, 10164, 11484, 10538, 5014, 9136, 5697, 6969, 6273, 9172, 5326, 6302, 7259, 8501, 11607, 19768, 15356, 9081, 16208, 14265, 11964, 2048)
right	h	241635	(656, 219)	[(36, 792, 720), (18, 774, 702), (18, 792, 702), (18, 792, 702), (18, 792, 702), (18, 792, 684), (18, 792, 702), (36, 792, 702), (18, 774, 702), (18, 792, 684), (18, 792, 702), (36, 792, 702), (18, 774, 702), (18, 792, 684), (36, 792, 702), (0, 792, 720), (0, 792, 684), (18, 792, 720), (0, 774, 720), (54, 774, 702), (-54, 792, 684), (18, 810, 756), (18, 810, 738), (36, 792, 648), (-36, 738, 666)]	(9367, 11121, 9602, 10187, 11488, 10456, 5100, 9487, 5986, 6986, 6360, 9374, 5362, 6331, 7270, 8630, 11647, 19793, 15384, 9084, 16212, 14268, 11968, 2053)
left	e	243251	(576, 358)	[(0, 810, 684), (36, 792, 684), (36, 792, 702), (-18, 792, 684), (36, 792, 684), (0, 792, 684), (36, 792, 702), (18, 792, 684), (18, 792, 684), (18, 792, 702), (18, 792, 702), (18, 792, 684), (36, 792, 684), (36, 792, 720), (0, 792, 684), (18, 792, 684), (0, 792, 684), (18, 810, 630), (54, 792, 720), (18, 810, 684), (0, 792, 720), (18, 828, 666), (36, 792, 684), (18, 756, 666), (36, 774, 666)]	(9379, 11110, 9583, 10189, 11500, 10522, 5054, 9465, 5820, 6989, 6291, 9324, 5333, 6307, 7263, 8529, 11641, 19791, 15378, 9092, 16230, 14303, 11982, 2047)
right	h	244706	(662, 177)	[(36, 792, 702), (18, 792, 702), (18, 792, 684), (18, 792, 702), (0, 792, 702), (18, 792, 684), (36, 792, 702), (18, 792, 702), (36, 792, 702), (18, 792, 684), (18, 774, 684), (18, 774, 702), (18, 792, 666), (18, 774, 702), (18, 792, 702), (18, 774, 720), (18, 792, 666), (36, 792, 720), (0, 792, 702), (18, 792, 702), (18, 792, 720), (36, 792, 684), (18, 792, 702), (18, 792, 702), (18, 810, 648)]	(9374, 11135, 9609, 10206, 11493, 10497, 5128, 9644, 6000, 6976, 6334, 9305, 5401, 6331, 7262, 8632, 11664, 19823, 15432, 9114, 16271, 14334, 11983, 2053)
left	q	246199	(583, 479)	[(18, 792, 702), (18, 792, 702), (18, 792, 702), (18, 792, 702), (18, 792, 702), (18, 792, 702), (18, 792, 702), (18, 792, 702), (36, 792, 720), (18, 792, 666), (36, 792, 684), (18, 810, 684), (36, 792, 684), (18, 792, 702), (18, 792, 702), (18, 792, 666), (18, 792, 702), (18, 774, 648), (72, 774, 684), (18, 810, 666), (18, 810, 738), (0, 810, 720), (36, 828, 684), (18, 738, 684), (36, 756, 648)]	(9365, 11083, 9549, 10163, 11472, 10489, 5030, 9281, 5759, 6975, 6285, 9195, 5310, 6319, 7260, 8670, 11654, 19779, 15340, 9108, 16208, 14294, 11970, 2047)
right	a	250291	(651, 424)	[(0, 810, 666), (18, 792, 720), (0, 774, 684), (18, 774, 702), (0, 792, 702), (18, 792, 702), (-36, 774, 684), (-54, 810, 738), (18, 810, 756), (36, 792, 720), (18, 774, 630), (0, 792, 648), (0, 792, 720), (-18, 792, 702), (-36, 792, 684), (-36, 792, 666), (-36, 792, 738), (-36, 792, 720), (-36, 792, 684), (0, 792, 666), (-18, 828, 684), (0, 810, 666), (-36, 792, 684), (-36, 810, 720), (0, 792, 684)]	(9346, 11175, 9649, 10157, 11448, 10476, 5199, 9294, 7088, 6967, 6434, 8540, 5352, 6431, 7293, 9418, 11898, 19796, 15299, 9092, 15981, 14223, 11983, 2047)
left	g	253534	(639, 238)	[(36, 810, 684), (36, 792, 702), (54, 792, 720), (36, 792, 684), (18, 792, 702), (54, 792, 702), (36, 792, 702), (36, 792, 666), (54, 792, 684), (54, 792, 702), (36, 792, 702), (54, 792, 702), (36, 792, 702), (36, 792, 684), (54, 792, 684), (36, 792, 702), (54, 792, 702), (36, 774, 666), (72, 756, 702), (18, 792, 666), (18, 828, 720), (0, 792, 720), (0, 792, 702), (90, 792, 666), (54, 756, 666)]	(9385, 11032, 9493, 10155, 11515, 10843, 5520, 11305, 7233, 7042, 8455, 12990, 5270, 6302, 7246, 8260, 11634, 19806, 15362, 9095, 16214, 14356, 11985, 2055)
right	w	257621	(570, 423)	[(0, 792, 666), (0, 792, 684), (18, 774, 720), (-36, 774, 756), (0, 774, 702), (0, 792, 666), (-36, 792, 666), (-36, 810, 702), (-36, 810, 720), (-36, 792, 666), (-72, 792, 684), (-36, 792, 720), (-54, 792, 666), (-54, 792, 684), (-54, 792, 702), (-54, 774, 684), (-36, 792, 666), (-36, 792, 702), (-36, 792, 702), (-36, 792, 702), (-18, 792, 684), (0, 810, 594), (-54, 810, 720), (-36, 828, 702), (-72, 792, 648)]	(9365, 11281, 9852, 10360, 11507, 10950, 7895, 14114, 11951, 7551, 10186, 14315, 5532, 6496, 7336, 9999, 12005, 19834, 15226, 9125, 16014, 14275, 11989, 2059)
right	z	259710	(738, 399)	[(18, 774, 702), (36, 756, 720), (18, 774, 702), (18, 756, 720), (18, 774, 720), (18, 774, 720), (36, 774, 702), (36, 774, 720), (18, 756, 738), (18, 756, 720), (18, 756, 720), (36, 756, 720), (18, 774, 720), (36, 774, 720), (36, 774, 702), (18, 774, 738), (18, 738, 756), (36, 774, 684), (36, 774, 666), (0, 792, 702), (0, 774, 774), (18, 792, 774), (36, 756, 666), (36, 756, 648), (18, 756, 702)]	(9365, 10998, 9489, 10086, 11497, 10891, 5004, 9455, 5542, 6983, 6264, 9064, 5272, 6321, 7277, 8633, 11687, 19807, 15293, 9118, 16217, 14345, 11987, 2054)
left	f	262165	(649, 296)	[(36, 774, 720), (36, 756, 720), (54, 756, 684), (54, 756, 738), (36, 774, 702), (18, 756, 720), (36, 756, 738), (18, 792, 702), (36, 756, 756), (18, 756, 720), (36, 756, 720), (18, 774, 720), (36, 774, 720), (36, 774, 738), (18, 756, 738), (18, 774, 720), (18, 774, 720), (18, 756, 738), (18, 756, 720), (0, 774, 738), (-18, 792, 702), (0, 792, 720), (18, 774, 720), (18, 774, 702), (0, 756, 702)]	(9373, 11103, 9591, 10167, 11504, 10667, 5200, 9767, 5856, 7006, 6445, 9240, 5291, 6388, 7289, 8936, 11825, 19806, 15347, 9109, 16131, 14288, 11983, 2046)
left	q	264408	(580, 442)	[(54, 774, 720), (36, 756, 756), (18, 792, 684), (18, 774, 684), (36, 774, 720), (36, 756, 738), (36, 774, 702), (54, 756, 720), (54, 774, 720), (18, 756, 702), (0, 756, 720), (36, 774, 720), (36, 774, 738), (54, 756, 720), (36, 774, 720), (36, 774, 720), (18, 792, 702), (36, 792, 666), (54, 774, 684), (36, 792, 720), (0, 810, 756), (-36, 810, 738), (36, 792, 702), (54, 756, 648), (90, 720, 666)]	(9369, 11005, 9457, 10068, 11491, 10665, 4989, 9367, 5414, 6988, 6251, 9112, 5250, 6321, 7264, 8590, 11682, 19783, 15330, 9105, 16150, 14285, 11970, 2046)
left	b	267469	(724, 190)	[(54, 756, 720), (54, 756, 720), (36, 756, 684), (54, 738, 702), (72, 738, 756), (36, 756, 792), (72, 774, 720), (18, 756, 738), (18, 738, 720), (36, 774, 702), (54, 774, 684), (36, 738, 738), (72, 792, 738), (36, 774, 720), (54, 774, 702), (72, 756, 702), (36, 774, 684), (72, 756, 774), (36, 756, 720), (36, 774, 702), (36, 774, 720), (54, 792, 720), (72, 756, 738), (54, 756, 702), (54, 774, 702)]	(9400, 11013, 9406, 10007, 11506, 10630, 4939, 9393, 5416, 6976, 6199, 9321, 5165, 6288, 7253, 8194, 11623, 19781, 15400, 9080, 16197, 14301, 11981, 2051)
left	x	269092	(726, 342)	[(36, 774, 702), (54, 756, 720), (36, 774, 738), (54, 756, 702), (54, 756, 720), (54, 756, 702), (54, 756, 720), (54, 774, 720), (36, 774, 720), (36, 774, 702), (54, 756, 738), (36, 756, 720), (36, 774, 702), (54, 756, 738), (36, 756, 720), (36, 756, 720), (54, 756, 756), (36, 774, 738), (54, 738, 720), (54, 774, 666), (54, 792, 702), (54, 774, 738), (36, 774, 720), (54, 756, 720), (54, 738, 684)]	(9394, 11004, 9411, 10011, 11501, 10605, 4959, 9410, 5465, 6980, 6219, 9314, 5195, 6309, 7256, 8238, 11633, 19794, 15396, 9097, 16202, 14318, 11967, 2047)
right	l	270526	(653, 45)	[(54, 774, 756), (54, 756, 738), (36, 774, 702), (54, 774, 720), (54, 774, 720), (54, 756, 720), (54, 774, 738), (36, 774, 720), (54, 756, 720), (54, 774, 720), (54, 756, 738), (36, 774, 720), (36, 756, 702), (72, 756, 702), (54, 756, 720), (54, 738, 738), (36, 774, 720), (36, 756, 720), (0, 774, 774), (18, 756, 720), (54, 792, 738), (54, 756, 738), (36, 792, 720), (36, 702, 774), (54, 774, 666)]	(9386, 10947, 9356, 9969, 11497, 10538, 4923, 9025, 5360, 6958, 6200, 9111, 5185, 6295, 7258, 8230, 11631, 19783, 15390, 9094, 16171, 14280, 11965, 2042)
left	t	272363	(562, 261)	[(54, 774, 720), (54, 756, 720), (54, 774, 738), (36, 756, 720), (54, 756, 720), (54, 756, 720), (54, 774, 702), (54, 756, 738), (36, 756, 738), (72, 774, 702), (54, 774, 702), (54, 774, 738), (54, 756, 702), (54, 792, 702), (72, 756, 738), (54, 756, 720), (54, 774, 702), (54, 774, 684), (54, 756, 684), (72, 774, 720), (54, 774, 738), (54, 792, 738), (54, 774, 720), (54, 774, 720), (54, 774, 720)]	(9393, 11073, 9439, 10051, 11509, 10611, 5028, 9786, 5636, 6978, 6258, 9528, 5253, 6320, 7263, 8237, 11665, 19834, 15525, 9135, 16301, 14398, 11990, 2052)
right	j	274071	(673, 156)	[(54, 774, 702), (54, 774, 702), (54, 756, 738), (54, 774, 702), (36, 774, 702), (54, 774, 720), (54, 756, 720), (72, 756, 720), (54, 756, 720), (54, 774, 720), (54, 756, 720), (54, 774, 720), (36, 756, 720), (54, 756, 720), (54, 774, 756), (54, 774, 756), (54, 756, 738), (54, 756, 720), (54, 756, 684), (36, 774, 738), (36, 774, 720), (36, 774, 738), (36, 774, 720), (54, 738, 720), (54, 792, 684)]	(9391, 10998, 9391, 9997, 11494, 10518, 4924, 9229, 5414, 6974, 6259, 9311, 5171, 6317, 7259, 8152, 11625, 19788, 15400, 9095, 16174, 14281, 11987, 2047)
left	u	276635	(580, 155)	[(54, 774, 702), (54, 774, 702), (54, 792, 720), (54, 774, 720), (36, 774, 720), (54, 774, 702), (54, 774, 738), (54, 774, 738), (36, 792, 702), (36, 774, 684), (36, 756, 738), (36, 774, 720), (54, 792, 702), (36, 792, 666), (72, 774, 738), (54, 774, 756), (54, 810, 630), (72, 792, 702), (90, 774, 738), (54, 810, 594), (54, 792, 720), (54, 810, 756), (36, 792, 684), (72, 828, 666), (90, 756, 720)]	(9376, 11091, 9418, 10046, 11508, 10514, 5006, 10251, 5701, 6981, 6216, 9571, 5240, 6309, 7247, 8095, 11698, 19837, 15474, 9133, 16286, 14457, 12010, 2058)
right	f	278172	(664, 279)	[(54, 792, 684), (72, 792, 702), (72, 792, 720), (54, 792, 702), (72, 774, 702), (72, 792, 702), (36, 774, 684), (90, 756, 684), (72, 792, 684), (54, 774, 738), (18, 756, 720), (36, 774, 738), (36, 792, 720), (36, 792, 684), (36, 774, 720), (36, 774, 738), (36, 774, 702), (54, 774, 738), (36, 774, 702), (54, 774, 702), (0, 792, 684), (18, 810, 720), (36, 792, 738), (36, 792, 684), (18, 756, 702)]	(9375, 11053, 9577, 10187, 11504, 10434, 5211, 10234, 6334, 7037, 6450, 9596, 5366, 6400, 7302, 8609, 11882, 19849, 15410, 9146, 16226, 14375, 12004, 2052)
left	j	280027	(669, 140)	[(54, 774, 702), (54, 774, 720), (72, 792, 684), (54, 774, 702), (36, 774, 720), (54, 774, 720), (36, 774, 702), (54, 774, 702), (18, 792, 720), (90, 774, 684), (72, 792, 702), (54, 756, 702), (36, 792, 684), (72, 774, 684), (54, 792, 702), (72, 792, 702), (72, 774, 684), (72, 810, 666), (90, 774, 720), (54, 792, 702), (54, 792, 684), (36, 810, 720), (36, 792, 720), (36, 810, 666), (90, 810, 648)]	(9397, 11070, 9451, 10060, 11509, 10410, 5025, 10307, 5765, 6992, 6230, 9613, 5302, 6308, 7247, 8097, 11684, 19836, 15478, 9115, 16248, 14417, 12006, 2060)
left	b	281364	(739, 228)	[(72, 774, 702), (54, 792, 702), (36, 792, 702), (72, 810, 702), (54, 774, 702), (54, 774, 702), (54, 774, 720), (54, 792, 666), (72, 774, 666), (72, 756, 702), (36, 774, 684), (54, 792, 702), (72, 792, 738), (54, 774, 720), (36, 756, 720), (54, 792, 702), (54, 774, 720), (36, 774, 720), (72, 774, 720), (36, 774, 720), (36, 756, 720), (36, 792, 720), (36, 774, 720), (72, 756, 702), (36, 774, 666)]	(9384, 10971, 9386, 9994, 11493, 10409, 4958, 9408, 5544, 6959, 6256, 9172, 5240, 6326, 7280, 8236, 11735, 19800, 15370, 9100, 16161, 14314, 11987, 2044)
left	v	283307	(738, 242)	[(54, 792, 702), (72, 774, 702), (54, 756, 702), (54, 792, 702), (54, 792, 720), (54, 774, 738), (54, 774, 684), (54, 774, 720), (54, 774, 720), (54, 774, 702), (54, 774, 702), (54, 774, 720), (72, 774, 720), (54, 774, 702), (54, 792, 720), (54, 774, 702), (54, 774, 702), (54, 792, 720), (72, 756, 720), (54, 792, 648), (54, 828, 684), (36, 774, 756), (54, 774, 684), (72, 774, 702), (54, 738, 684)]	(9378, 10985, 9390, 9991, 11487, 10399, 4972, 9557, 5612, 6961, 6254, 9222, 5241, 6335, 7264, 8159, 11700, 19791, 15380, 9095, 16158, 14311, 11982, 2045)
left	e	286107	(579, 370)	[(36, 792, 702), (36, 792, 702), (36, 792, 702), (36, 792, 684), (36, 792, 702), (36, 792, 702), (36, 810, 702), (54, 792, 684), (36, 792, 684), (36, 792, 702), (54, 792, 702), (54, 792, 684), (54, 792, 666), (36, 792, 702), (54, 792, 720), (36, 792, 684), (36, 792, 684), (54, 792, 702), (36, 792, 684), (36, 792, 684), (18, 792, 666), (36, 792, 702), (36, 792, 684), (36, 792, 702), (54, 792, 738)]	(9360, 11069, 9544, 10167, 11487, 10454, 5191, 10417, 6206, 7026, 6434, 9451, 5437, 6398, 7296, 8471, 11914, 19845, 15404, 9128, 16169, 14369, 12010, 2045)
left	g	287718	(653, 262)	[(36, 792, 684), (36, 792, 702), (36, 810, 684), (54, 774, 684), (54, 792, 684), (36, 792, 684), (54, 792, 702), (18, 792, 720), (36, 792, 684), (54, 792, 702), (54, 792, 684), (36, 774, 684), (54, 792, 702), (36, 792, 702), (36, 792, 684), (36, 792, 684), (0, 792, 684), (72, 792, 720), (36, 810, 684), (18, 810, 702), (36, 792, 702), (36, 810, 666), (36, 774, 720), (54, 756, 702), (36, 792, 684)]	(9365, 11033, 9538, 10134, 11490, 10395, 5127, 10246, 5903, 7011, 6363, 9309, 5366, 6398, 7300, 8405, 11903, 19820, 15404, 9116, 16087, 14313, 11995, 2058)
left	d	289586	(640, 333)	[(54, 792, 684), (36, 792, 666), (54, 792, 702), (54, 792, 702), (18, 792, 702), (54, 792, 684), (36, 792, 702), (54, 792, 702), (36, 792, 702), (54, 810, 702), (36, 792, 684), (54, 792, 702), (36, 792, 720), (18, 792, 684), (36, 774, 702), (54, 774, 702), (54, 792, 702), (36, 774, 702), (54, 774, 702), (54, 792, 684), (36, 810, 648), (36, 810, 720), (36, 810, 720), (36, 810, 702), (54, 774, 684)]	(9372, 11068, 9564, 10171, 11500, 10424, 5216, 10554, 6145, 7030, 6459, 9568, 5401, 6390, 7294, 8406, 11868, 19830, 15455, 9118, 16134, 14340, 12001, 2054)
left	j	291247	(655, 151)	[(36, 774, 702), (54, 792, 702), (54, 792, 702), (36, 792, 684), (54, 774, 702), (54, 774, 720), (54, 792, 702), (36, 774, 702), (54, 792, 702), (54, 792, 684), (54, 774, 702), (54, 774, 702), (36, 792, 684), (36, 792, 666), (36, 774, 738), (54, 792, 702), (54, 792, 684), (36, 792, 684), (144, 774, 738), (36, 792, 666), (36, 846, 684), (36, 792, 756), (18, 792, 720), (72, 792, 666), (108, 774, 684)]	(9389, 11131, 9528, 10168, 11516, 10503, 5175, 10674, 5907, 7019, 6311, 9636, 5357, 6350, 7290, 8206, 11790, 19858, 15531, 9120, 16214, 14411, 12016, 2046)
left	f	293433	(658, 290)	[(54, 774, 702), (54, 774, 720), (54, 774, 702), (54, 774, 702), (36, 774, 702), (36, 792, 702), (54, 792, 702), (72, 774, 720), (54, 792, 684), (54, 774, 720), (36, 792, 720), (36, 792, 720), (72, 774, 720), (54, 792, 684), (36, 774, 702), (54, 774, 738), (54, 792, 720), (0, 792, 720), (36, 774, 666), (54, 810, 684), (36, 792, 756), (36, 792, 666), (18, 756, 684), (36, 774, 702), (54, 810, 702)]	(9356, 11048, 9515, 10135, 11484, 10392, 5133, 10200, 5935, 7018, 6424, 9459, 5355, 6411, 7305, 8372, 11914, 19821, 15390, 9121, 16126, 14311, 11998, 2060)
left	k	295557	(658, 106)	[(54, 774, 684), (54, 774, 684), (54, 774, 720), (54, 792, 720), (54, 774, 702), (36, 774, 720), (54, 774, 720), (54, 774, 684), (72, 774, 702), (36, 792, 684), (54, 774, 720), (54, 756, 702), (54, 792, 702), (72, 774, 666), (54, 792, 702), (54, 792, 702), (72, 774, 684), (36, 792, 648), (72, 810, 648), (18, 810, 738), (36, 810, 738), (72, 810, 666), (72, 774, 720), (72, 774, 684), (72, 792, 666)]	(9363, 11029, 9359, 9968, 11489, 10376, 4950, 9729, 5543, 6975, 6185, 9111, 5227, 6329, 7268, 8090, 11760, 19811, 15381, 9085, 16145, 14360, 12004, 2048)
left	h	297763	(655, 201)	[(54, 774, 702), (72, 774, 720), (54, 792, 720), (54, 792, 684), (54, 774, 702), (54, 792, 684), (72, 792, 702), (72, 792, 702), (54, 774, 702), (54, 774, 702), (54, 774, 720), (54, 792, 702), (54, 792, 684), (72, 792, 702), (54, 792, 720), (54, 774, 684), (54, 774, 702), (72, 774, 720), (54, 792, 702), (54, 792, 684), (54, 792, 738), (36, 774, 720), (54, 792, 702), (72, 774, 684), (72, 774, 648)]	(9386, 11037, 9397, 9984, 11502, 10448, 5005, 9859, 5648, 7006, 6239, 9342, 5290, 6324, 7263, 8079, 11703, 19790, 15432, 9101, 16144, 14324, 11993, 2056)
left	o	299480	(582, 82)	[(54, 792, 702), (72, 792, 684), (72, 792, 702), (36, 774, 684), (54, 774, 702), (54, 774, 720), (72, 792, 702), (54, 792, 720), (36, 792, 666), (54, 792, 738), (72, 774, 702), (72, 810, 630), (54, 810, 666), (108, 774, 684), (90, 828, 702), (90, 828, 684), (90, 792, 648), (90, 774, 648), (90, 792, 666), (54, 828, 738), (54, 810, 702), (72, 810, 684), (72, 810, 684), (126, 756, 684), (90, 774, 666)]	(9402, 11129, 9360, 9995, 11516, 10469, 5002, 10127, 5606, 6992, 6259, 9534, 5284, 6295, 7258, 7881, 11640, 19836, 15505, 9120, 16258, 14499, 12017, 2054)
right	c	302477	(729, 300)	[(36, 774, 702), (54, 756, 702), (72, 792, 702), (54, 774, 702), (72, 792, 684), (54, 774, 702), (36, 792, 666), (54, 792, 738), (54, 792, 702), (36, 774, 666), (72, 792, 666), (72, 792, 720), (72, 774, 720), (18, 792, 702), (36, 774, 684), (54, 774, 684), (36, 792, 702), (54, 774, 738), (54, 774, 720), (36, 774, 720), (54, 792, 720), (54, 792, 702), (54, 792, 666), (36, 792, 720), (54, 756, 702)]	(9400, 11115, 9552, 10157, 11507, 10382, 5094, 9844, 5809, 7015, 6408, 9398, 5335, 6414, 7283, 8329, 11949, 19846, 15361, 9142, 16173, 14383, 12006, 2047)
right	d	304351	(663, 332)	[(54, 774, 738), (54, 774, 702), (54, 774, 702), (54, 774, 720), (54, 774, 702), (72, 792, 684), (54, 774, 702), (72, 774, 720), (54, 756, 720), (54, 774, 684), (54, 774, 720), (54, 774, 702), (54, 774, 702), (54, 774, 738), (54, 774, 702), (72, 774, 720), (72, 774, 720), (72, 774, 702), (54, 774, 684), (54, 792, 702), (54, 792, 720), (54, 774, 738), (54, 792, 702), (72, 756, 720), (72, 756, 684)]	(9390, 11034, 9347, 9962, 11498, 10431, 4974, 9405, 5540, 6998, 6266, 9169, 5253, 6340, 7259, 8062, 11759, 19807, 15350, 9106, 16154, 14349, 12002, 2047)
right	j	306410	(659, 159)	[(54, 774, 738), (54, 774, 684), (54, 774, 738), (72, 756, 738), (90, 774, 702), (72, 774, 720), (54, 792, 720), (72, 774, 702), (72, 774, 720), (54, 756, 702), (72, 774, 720), (54, 774, 702), (72, 774, 684), (36, 774, 702), (72, 774, 702), (54, 756, 702), (54, 792, 702), (54, 774, 684), (108, 774, 756), (54, 792, 702), (36, 792, 738), (72, 774, 738), (36, 792, 684), (54, 774, 702), (72, 756, 702)]	(9398, 11092, 9359, 9976, 11512, 10418, 4976, 9686, 5530, 6980, 6240, 9254, 5228, 6333, 7271, 8022, 11714, 19821, 15413, 9121, 16202, 14403, 12003, 2052)
right	f	308296	(670, 276)	[(72, 792, 720), (54, 774, 720), (54, 774, 702), (72, 774, 702), (72, 774, 702), (72, 774, 738), (54, 756, 720), (54, 774, 702), (72, 774, 702), (72, 774, 720), (54, 774, 720), (54, 792, 720), (54, 774, 702), (72, 774, 702), (54, 774, 702), (72, 774, 738), (54, 792, 702), (108, 756, 738), (36, 774, 702), (54, 828, 720), (72, 774, 684), (72, 792, 702), (72, 756, 702), (72, 756, 720), (72, 774, 702)]	(9400, 11070, 9352, 9983, 11509, 10465, 4973, 9485, 5495, 6960, 6260, 9271, 5233, 6320, 7260, 8027, 11699, 19802, 15432, 9104, 16152, 14335, 11991, 2056)
left	s	310975	(651, 395)	[(54, 774, 702), (54, 774, 702), (72, 774, 702), (54, 774, 738), (72, 774, 702), (72, 774, 702), (72, 774, 684), (72, 792, 720), (72, 774, 720), (72, 774, 720), (72, 774, 720), (72, 774, 702), (72, 774, 720), (54, 774, 702), (54, 774, 720), (72, 774, 720), (72, 774, 720), (72, 774, 702), (36, 756, 684), (90, 792, 702), (54, 810, 702), (54, 774, 738), (72, 792, 684), (72, 774, 666), (72, 756, 684)]	(9383, 11020, 9364, 9973, 11498, 10373, 4964, 9636, 5522, 6982, 6272, 9205, 5261, 6334, 7275, 8039, 11699, 19793, 15431, 9105, 16127, 14318, 11984, 2051)
left	c	312603	(719, 308)	[(54, 774, 702), (72, 774, 702), (72, 792, 702), (72, 774, 684), (54, 792, 702), (72, 774, 684), (90, 774, 702), (54, 756, 702), (72, 774, 702), (54, 774, 720), (54, 774, 702), (90, 774, 738), (72, 774, 720), (54, 774, 702), (72, 774, 702), (72, 774, 702), (54, 774, 702), (72, 756, 720), (72, 792, 684), (54, 828, 684), (54, 792, 720), (54, 792, 684), (72, 792, 684), (90, 756, 738), (72, 774, 684)]	(9387, 11048, 9356, 9968, 11503, 10397, 4969, 9725, 5497, 6994, 6287, 9286, 5272, 6318, 7266, 7991, 11651, 19804, 15465, 9107, 16150, 14328, 11989, 2055)
right	x	314277	(725, 340)	[(54, 792, 702), (54, 774, 720), (72, 774, 702), (72, 792, 684), (72, 774, 702), (90, 792, 720), (54, 774, 720), (36, 774, 720), (72, 774, 702), (72, 774, 720), (36, 774, 720), (54, 792, 720), (72, 774, 684), (54, 756, 702), (18, 774, 684), (54, 774, 720), (54, 774, 738), (36, 774, 702), (54, 792, 702), (54, 774, 702), (54, 774, 702), (72, 792, 666), (54, 756, 702), (36, 774, 720), (54, 810, 720)]	(9365, 11034, 9525, 10105, 11488, 10282, 5162, 10160, 5788, 7043, 6464, 9378, 5369, 6398, 7300, 8205, 11861, 19835, 15509, 9125, 16132, 14323, 11998, 2052)
left	d	316232	(654, 325)	[(72, 792, 702), (54, 774, 720), (54, 756, 702), (54, 774, 666), (54, 774, 738), (54, 774, 702), (36, 774, 702), (72, 774, 720), (36, 774, 720), (72, 792, 702), (54, 774, 720), (54, 792, 720), (54, 774, 702), (54, 774, 720), (72, 774, 702), (54, 774, 702), (54, 774, 702), (72, 774, 720), (90, 774, 702), (72, 792, 684), (36, 828, 720), (54, 774, 738), (54, 774, 720), (54, 756, 720), (54, 738, 684)]	(9375, 11036, 9371, 9968, 11485, 10335, 5056, 9899, 5645, 6993, 6373, 9246, 5327, 6360, 7275, 8083, 11715, 19812, 15472, 9106, 16137, 14321, 11995, 2050)
right	n	318645	(736, 154)	[(54, 774, 720), (54, 774, 702), (72, 774, 720), (72, 774, 684), (54, 774, 720), (54, 774, 720), (54, 774, 720), (72, 774, 720), (36, 738, 720), (54, 774, 720), (72, 792, 720), (36, 774, 738), (54, 774, 684), (54, 774, 702), (72, 774, 720), (54, 774, 720), (54, 774, 720), (54, 756, 720), (54, 756, 684), (90, 774, 720), (36, 774, 684), (36, 792, 702), (72, 792, 720), (54, 792, 702), (72, 756, 702)]	(9384, 11117, 9506, 10133, 11518, 10401, 5226, 10634, 5801, 7033, 6465, 9728, 5415, 6360, 7295, 8091, 11720, 19859, 15620, 9115, 16183, 14359, 12007, 2045)
left	t	320451	(580, 258)	[(54, 774, 702), (72, 774, 720), (72, 792, 720), (54, 774, 702), (72, 774, 684), (72, 774, 720), (72, 792, 702), (72, 774, 702), (54, 774, 702), (54, 774, 702), (72, 774, 702), (54, 774, 720), (54, 774, 702), (54, 792, 684), (72, 774, 702), (72, 774, 702), (54, 774, 702), (72, 792, 702), (72, 774, 666), (54, 792, 720), (54, 774, 738), (54, 774, 720), (72, 792, 702), (72, 774, 702), (72, 774, 684)]	(9385, 11115, 9352, 9980, 11494, 10366, 5082, 10304, 5704, 7000, 6365, 9475, 5320, 6350, 7285, 8073, 11737, 19827, 15538, 9114, 16153, 14355, 12007, 2047)
left	a	322041	(657, 463)	[(72, 774, 702), (72, 792, 702), (72, 792, 684), (54, 774, 702), (72, 774, 702), (72, 792, 702), (54, 774, 684), (72, 774, 702), (72, 774, 702), (72, 792, 702), (54, 774, 702), (72, 774, 702), (72, 774, 684), (72, 792, 702), (54, 774, 702), (54, 774, 702), (54, 774, 702), (72, 774, 702), (72, 792, 720), (54, 774, 648), (90, 774, 684), (72, 810, 702), (54, 792, 738), (72, 792, 756), (54, 774, 720)]	(9386, 11078, 9350, 9970, 11507, 10327, 5101, 10328, 5753, 7026, 6440, 9543, 5346, 6368, 7289, 8067, 11731, 19825, 15525, 9111, 16140, 14342, 11996, 2058)
left	y	324278	(594, 210)	[(72, 774, 738), (72, 774, 702), (54, 792, 720), (72, 774, 702), (72, 774, 684), (54, 792, 720), (72, 774, 702), (54, 774, 720), (54, 774, 720), (54, 792, 720), (72, 792, 684), (72, 792, 684), (72, 792, 720), (54, 792, 702), (54, 792, 702), (72, 792, 702), (90, 792, 630), (72, 792, 666), (72, 792, 702), (72, 792, 738), (36, 792, 702), (54, 792, 702), (72, 810, 684), (54, 756, 684), (72, 792, 666)]	(9393, 11131, 9380, 9990, 11503, 10309, 5080, 10507, 5675, 7010, 6356, 9448, 5367, 6349, 7275, 8049, 11757, 19823, 15501, 9111, 16140, 14367, 12004, 2061)
right	d	326263	(657, 328)	[(54, 774, 702), (54, 792, 702), (54, 774, 720), (72, 792, 720), (54, 792, 684), (72, 792, 702), (72, 792, 702), (72, 774, 684), (72, 792, 684), (54, 792, 684), (72, 774, 720), (36, 792, 702), (90, 774, 666), (90, 792, 666), (90, 792, 720), (36, 756, 702), (18, 792, 702), (36, 774, 702), (36, 792, 720), (36, 792, 702), (36, 774, 702), (36, 792, 666), (36, 774, 702), (18, 774, 738), (36, 810, 720)]	(9375, 11106, 9585, 10162, 11514, 10318, 5304, 10592, 6045, 7061, 6539, 9565, 5442, 6442, 7312, 8268, 11998, 19861, 15425, 9144, 16145, 14374, 12019, 2060)
right	t	328003	(571, 259)	[(72, 774, 702), (90, 774, 720), (54, 774, 720), (54, 774, 702), (72, 774, 702), (72, 756, 720), (72, 792, 720), (72, 792, 702), (72, 774, 702), (54, 792, 702), (72, 792, 702), (54, 774, 720), (72, 774, 684), (72, 774, 702), (72, 774, 702), (72, 774, 720), (72, 792, 702), (54, 774, 720), (54, 774, 702), (54, 774, 684), (72, 774, 684), (54, 810, 702), (54, 774, 738), (54, 792, 702), (72, 774, 702)]	(9399, 11112, 9371, 9999, 11517, 10463, 5097, 10255, 5667, 7023, 6356, 9478, 5361, 6367, 7288, 8105, 11807, 19864, 15548, 9148, 16223, 14430, 12014, 2058)
left	p	330481	(576, 1)	[(72, 792, 684), (72, 792, 720), (54, 774, 702), (72, 774, 720), (54, 774, 684), (72, 774, 702), (54, 774, 720), (72, 810, 702), (72, 792, 702), (72, 774, 702), (72, 792, 684), (90, 774, 702), (72, 774, 720), (54, 774, 702), (54, 774, 720), (72, 792, 702), (72, 774, 684), (72, 774, 702), (54, 774, 702), (72, 774, 720), (54, 774, 702), (54, 792, 720), (72, 792, 720), (72, 774, 684), (54, 774, 702)]	(9396, 11041, 9330, 9964, 11505, 10414, 5003, 9647, 5517, 6987, 6258, 9332, 5298, 6341, 7272, 8026, 11739, 19808, 15505, 9112, 16125, 14326, 12003, 2048)
left	w	332541	(574, 435)	[(54, 774, 702), (72, 774, 684), (90, 774, 702), (72, 774, 684), (72, 792, 720), (90, 792, 702), (72, 792, 702), (54, 792, 702), (72, 774, 702), (72, 792, 684), (72, 774, 684), (72, 792, 702), (72, 792, 720), (72, 792, 702), (54, 792, 702), (72, 774, 684), (54, 792, 702), (54, 774, 702), (54, 774, 666), (72, 756, 720), (54, 792, 702), (72, 792, 702), (72, 810, 702), (72, 756, 720), (72, 774, 684)]	(9401, 11063, 9325, 9953, 11504, 10410, 5051, 9799, 5553, 7011, 6328, 9460, 5334, 6350, 7278, 8021, 11703, 19822, 15508, 9112, 16139, 14343, 12003, 2045)
right	s	335398	(654, 371)	[(72, 774, 702), (72, 774, 720), (54, 774, 684), (72, 792, 702), (54, 792, 684), (72, 774, 720), (72, 792, 702), (72, 792, 702), (72, 792, 702), (72, 774, 702), (72, 774, 684), (72, 774, 720), (54, 774, 720), (54, 774, 684), (72, 774, 702), (72, 792, 702), (72, 774, 720), (72, 774, 720), (54, 792, 702), (54, 828, 666), (54, 792, 720), (72, 810, 702), (72, 792, 684), (72, 774, 684), (54, 792, 666)]	(9390, 11017, 9301, 9947, 11501, 10342, 5029, 9974, 5585, 7008, 6345, 9393, 5377, 6356, 7295, 8032, 11702, 19821, 15470, 9097, 16112, 14324, 11997, 2052)
left	r	337600	(563, 313)	[(72, 792, 684), (72, 774, 702), (72, 792, 684), (54, 792, 684), (54, 774, 702), (72, 792, 702), (72, 792, 702), (72, 774, 702), (72, 792, 702), (54, 792, 684), (72, 792, 702), (72, 774, 684), (54, 774, 702), (72, 792, 684), (54, 792, 702), (72, 792, 702), (72, 792, 702), (54, 792, 702), (90, 792, 684), (72, 792, 684), (54, 792, 702), (54, 774, 702), (72, 792, 702), (54, 774, 684), (90, 774, 720)]	(9386, 11094, 9326, 9974, 11505, 10351, 5096, 10386, 5744, 7017, 6394, 9599, 5425, 6357, 7294, 7989, 11682, 19838, 15534, 9106, 16150, 14360, 11999, 2048)
right	u	339275	(582, 168)	[(72, 774, 684), (54, 792, 702), (72, 774, 702), (90, 792, 684), (90, 774, 666), (90, 774, 702), (54, 774, 738), (72, 774, 702), (72, 774, 702), (72, 792, 702), (72, 792, 684), (72, 774, 702), (72, 792, 684), (72, 774, 702), (72, 792, 720), (90, 792, 648), (90, 792, 684), (108, 792, 756), (72, 774, 684), (54, 792, 666), (72, 792, 684), (72, 792, 720), (72, 792, 702), (90, 792, 702), (72, 774, 702)]	(9387, 11053, 9285, 9940, 11501, 10277, 4998, 10097, 5564, 7000, 6319, 9450, 5392, 6324, 7283, 7863, 11557, 19816, 15495, 9097, 16142, 14360, 11985, 2047)
right	i	340967	(565, 121)	[(72, 792, 702), (72, 774, 702), (72, 792, 702), (72, 792, 702), (72, 792, 702), (72, 792, 684), (54, 792, 702), (72, 792, 666), (72, 792, 702), (90, 792, 702), (72, 810, 684), (54, 792, 720), (72, 792, 702), (72, 774, 666), (54, 792, 702), (72, 792, 684), (72, 792, 684), (72, 792, 684), (54, 774, 702), (108, 774, 684), (36, 810, 702), (90, 792, 684), (72, 792, 702), (54, 810, 702), (90, 774, 666)]	(9382, 11106, 9496, 10126, 11513, 10270, 5190, 10694, 5713, 7036, 6447, 9703, 5446, 6373, 7302, 8018, 11707, 19855, 15484, 9127, 16177, 14399, 12026, 2062)
right	s	342573	(662, 379)	[(72, 774, 720), (54, 792, 684), (54, 774, 702), (54, 792, 702), (90, 810, 666), (108, 774, 684), (54, 792, 774), (18, 810, 630), (54, 810, 648), (54, 810, 738), (36, 792, 720), (54, 810, 684), (90, 792, 684), (36, 792, 666), (36, 792, 666), (36, 774, 666), (18, 810, 702), (54, 774, 684), (18, 810, 720), (36, 810, 684), (18, 792, 720), (54, 810, 666), (18, 792, 630), (18, 792, 702), (0, 810, 702)]	(9355, 11123, 9715, 10205, 11491, 10186, 5404, 11733, 7629, 7089, 6610, 9503, 5570, 6523, 7350, 8577, 12251, 19923, 15529, 9167, 16164, 14441, 12047, 2061)
right	z	343993	(739, 398)	[(36, 792, 684), (54, 774, 684), (36, 792, 684), (36, 792, 702), (54, 792, 702), (72, 792, 666), (0, 792, 720), (36, 792, 756), (108, 774, 702), (36, 828, 648), (72, 792, 702), (36, 792, 720), (54, 756, 684), (54, 810, 648), (36, 792, 702), (54, 774, 684), (54, 810, 702), (36, 792, 684), (54, 774, 648), (54, 792, 702), (-36, 810, 684), (54, 810, 756), (18, 810, 702), (54, 810, 630), (36, 792, 702)]	(9359, 11152, 9707, 10215, 11486, 10205, 5345, 11461, 7629, 7087, 6540, 9462, 5608, 6471, 7321, 8328, 12083, 19904, 15665, 9160, 16179, 14427, 12037, 2048)
