Please hold the phone in both hands. At each letter you will be instructed which thumb to use
left	c	589406	(747, 301)	[(0, 774, 720), (18, 774, 720), (18, 774, 720), (18, 774, 720), (18, 774, 720), (18, 774, 702), (18, 774, 702), (0, 792, 720), (18, 774, 720), (0, 774, 738), (0, 756, 720), (18, 756, 720), (36, 774, 702), (18, 774, 702), (0, 774, 720), (18, 774, 720), (18, 774, 702), (18, 774, 702), (18, 792, 702), (0, 792, 738), (-36, 792, 756), (0, 792, 774), (18, 810, 720), (36, 756, 666), (18, 774, 630)]	(9429, 11107, 9466, 10140, 11635, 13099, 4934, 9789, 5412, 7066, 6078, 9194, 7295, 6264, 7232, 7861, 11161, 19671, 15034, 8967, 16156, 14011, 11940, 2050)
left	o	591049	(745, 300)	[(18, 792, 702), (0, 774, 702), (18, 774, 702), (18, 774, 702), (-18, 774, 720), (0, 774, 720), (18, 774, 702), (0, 774, 702), (18, 774, 702), (18, 774, 720), (0, 792, 702), (0, 774, 720), (0, 774, 720), (18, 792, 720), (0, 792, 720), (0, 774, 720), (0, 792, 702), (18, 774, 684), (18, 774, 720), (0, 792, 738), (54, 774, 684), (-54, 810, 648), (-36, 792, 720), (0, 792, 810), (18, 774, 720)]	(9416, 11110, 9464, 10150, 11635, 12970, 4966, 10466, 5740, 7082, 6162, 9653, 7778, 6286, 7251, 7911, 11181, 19680, 15060, 8970, 16117, 13989, 11935, 2047)
right	o	592485	(586, 116)	[(18, 792, 720), (0, 774, 702), (18, 792, 702), (18, 774, 720), (0, 774, 702), (18, 774, 702), (0, 774, 738), (-54, 774, 756), (-36, 792, 756), (36, 792, 702), (36, 774, 666), (54, 774, 684), (36, 792, 684), (36, 810, 666), (72, 828, 666), (90, 810, 684), (36, 810, 684), (36, 810, 666), (54, 810, 684), (54, 828, 648), (54, 792, 666), (36, 792, 702), (54, 810, 666), (54, 828, 666), (72, 828, 648)]	(9447, 11166, 9442, 10156, 11644, 13062, 4938, 9896, 5456, 7080, 6005, 9011, 7042, 6222, 7233, 7658, 11196, 19731, 15393, 8975, 16296, 14182, 11963, 2058)
right	b	593249	(579, 88)	[(72, 828, 648), (72, 828, 666), (72, 810, 684), (54, 810, 684), (54, 810, 684), (54, 810, 666), (54, 810, 666), (36, 810, 684), (36, 810, 684), (72, 828, 702), (54, 828, 666), (54, 810, 666), (54, 810, 666), (54, 810, 666), (36, 828, 684), (36, 810, 666), (54, 810, 666), (54, 810, 648), (36, 810, 648), (54, 810, 648), (72, 828, 648), (72, 828, 684), (54, 810, 684), (54, 828, 666), (54, 810, 684)]	(9438, 11160, 9422, 10146, 11655, 13059, 4949, 9563, 5434, 7065, 6002, 8863, 6965, 6222, 7238, 7616, 11190, 19724, 15404, 8967, 16307, 14208, 11965, 2055)
right	d	595290	(651, 322)	[(18, 774, 702), (18, 792, 684), (36, 792, 702), (36, 774, 702), (36, 792, 684), (54, 810, 702), (18, 792, 720), (-36, 792, 720), (18, 792, 720), (-54, 810, 702), (-36, 774, 702), (0, 810, 702), (-18, 810, 666), (-36, 792, 666), (-36, 792, 702), (-54, 810, 684), (-54, 810, 684), (-54, 792, 684), (-72, 792, 684), (-108, 810, 702), (-108, 792, 666), (-54, 792, 738), (0, 810, 738), (-18, 810, 702), (-72, 774, 666)]	(9423, 11238, 9500, 10135, 11641, 12398, 5030, 11027, 5731, 7089, 6265, 9883, 7097, 6298, 7274, 8357, 11267, 19773, 15244, 9054, 16211, 14161, 11970, 2054)
right	z	597600	(736, 399)	[(0, 792, 684), (36, 792, 720), (-54, 792, 702), (18, 792, 666), (0, 810, 702), (0, 756, 684), (-54, 774, 702), (-72, 792, 738), (0, 774, 720), (0, 792, 738), (-36, 792, 702), (0, 810, 720), (54, 810, 666), (36, 810, 666), (36, 792, 702), (-72, 810, 666), (-54, 774, 666), (-108, 864, 738), (-54, 774, 720), (18, 774, 720), (0, 774, 720), (-36, 792, 702), (-36, 792, 774), (-72, 774, 702), (-36, 774, 648)]	(9412, 11230, 9477, 10057, 11645, 12377, 4898, 8830, 4878, 7034, 6106, 8650, 5798, 6254, 7245, 8305, 11251, 19766, 15324, 9038, 16074, 14072, 11956, 2055)
right	a	599428	(660, 465)	[(18, 774, 702), (18, 792, 684), (18, 774, 702), (18, 774, 720), (18, 810, 702), (18, 792, 684), (18, 792, 702), (18, 792, 702), (18, 792, 702), (18, 774, 702), (18, 792, 702), (18, 792, 702), (36, 792, 684), (36, 792, 702), (18, 792, 702), (18, 792, 702), (18, 792, 684), (18, 774, 702), (36, 792, 684), (18, 774, 720), (0, 792, 720), (18, 792, 684), (36, 792, 720), (18, 792, 720), (36, 792, 720)]	(9410, 11124, 9446, 10110, 11677, 13207, 4981, 9720, 5090, 7120, 6185, 9446, 6279, 6311, 7265, 8105, 11235, 19762, 15328, 9035, 16263, 14126, 11960, 2057)
left	x	602051	(744, 334)	[(0, 792, 666), (-18, 810, 702), (18, 792, 720), (0, 810, 702), (18, 774, 684), (0, 792, 666), (0, 792, 702), (18, 792, 720), (0, 792, 702), (18, 792, 702), (36, 792, 720), (18, 792, 720), (0, 792, 702), (36, 792, 684), (36, 774, 702), (36, 792, 702), (18, 792, 702), (36, 792, 702), (54, 792, 702), (54, 792, 612), (18, 810, 720), (0, 810, 756), (0, 828, 720), (36, 792, 684), (36, 756, 684)]	(9418, 11141, 9448, 10098, 11667, 12910, 5009, 10045, 5107, 7084, 6275, 9804, 6079, 6286, 7273, 8136, 11257, 19785, 15388, 9052, 16364, 14166, 11962, 2066)
right	v	603967	(731, 251)	[(36, 774, 684), (36, 792, 684), (18, 792, 720), (0, 792, 720), (18, 792, 702), (18, 792, 702), (18, 774, 720), (18, 774, 720), (18, 792, 702), (18, 774, 738), (36, 792, 720), (18, 792, 720), (18, 774, 720), (18, 792, 720), (18, 792, 720), (18, 792, 720), (18, 774, 702), (0, 774, 756), (0, 792, 666), (18, 792, 666), (18, 810, 720), (36, 792, 702), (0, 792, 666), (18, 792, 720), (-36, 792, 702)]	(9420, 11189, 9445, 10099, 11663, 12700, 5143, 10603, 5260, 7151, 6395, 9763, 5965, 6287, 7280, 8256, 11285, 19813, 15429, 9067, 16350, 14170, 11982, 2064)
right	p	605551	(555, 13)	[(18, 774, 702), (18, 792, 702), (36, 792, 702), (36, 792, 684), (36, 792, 702), (36, 792, 684), (54, 792, 684), (18, 792, 702), (36, 792, 684), (36, 792, 684), (36, 792, 720), (54, 792, 702), (54, 810, 684), (36, 792, 702), (18, 774, 720), (36, 810, 702), (54, 792, 666), (18, 792, 684), (36, 792, 702), (0, 792, 720), (36, 792, 594), (-36, 810, 684), (18, 792, 720), (36, 792, 774), (18, 828, 702)]	(9415, 11187, 9473, 10178, 11706, 13317, 5229, 10724, 5363, 7154, 6286, 9714, 6195, 6293, 7283, 8110, 11277, 19813, 15538, 9059, 16409, 14176, 11970, 2051)
left	t	607446	(562, 249)	[(36, 810, 720), (18, 810, 684), (18, 810, 720), (54, 792, 648), (54, 810, 666), (54, 792, 720), (36, 810, 702), (18, 810, 684), (36, 810, 702), (36, 810, 684), (36, 828, 648), (54, 810, 648), (36, 810, 666), (54, 828, 684), (36, 810, 666), (36, 810, 666), (108, 828, 630), (36, 828, 666), (54, 828, 684), (18, 810, 738), (0, 810, 702), (18, 792, 684), (72, 810, 648), (72, 810, 630), (36, 810, 594)]	(9423, 11174, 9424, 10120, 11664, 12953, 5056, 10125, 5167, 7126, 6271, 9377, 6047, 6276, 7275, 7997, 11262, 19795, 15439, 9047, 16392, 14230, 11980, 2054)
left	g	608681	(671, 275)	[(54, 810, 648), (36, 810, 684), (54, 810, 684), (36, 810, 684), (54, 810, 666), (54, 792, 666), (18, 792, 702), (54, 792, 684), (36, 810, 684), (54, 810, 684), (36, 792, 702), (36, 792, 684), (54, 810, 684), (36, 810, 702), (18, 792, 720), (18, 792, 738), (0, 792, 684), (0, 792, 684), (18, 792, 702), (-36, 810, 684), (18, 810, 684), (18, 810, 684), (36, 792, 702), (18, 810, 702), (18, 828, 666)]	(9402, 11133, 9397, 10083, 11657, 12689, 5133, 10097, 5148, 7100, 6385, 9312, 5745, 6302, 7289, 8141, 11295, 19820, 15465, 9068, 16380, 14207, 11984, 2058)
left	x	610315	(659, 264)	[(36, 810, 684), (36, 810, 684), (36, 792, 684), (54, 810, 666), (36, 810, 684), (54, 828, 666), (36, 792, 684), (54, 810, 684), (54, 810, 666), (54, 810, 702), (54, 810, 684), (54, 810, 666), (54, 810, 666), (36, 810, 666), (72, 828, 648), (72, 810, 666), (54, 810, 666), (36, 828, 684), (36, 828, 720), (36, 810, 702), (54, 828, 666), (72, 810, 666), (72, 792, 666), (54, 810, 612)]	(9414, 11121, 9396, 10092, 11672, 12898, 5072, 9917, 5058, 7110, 6285, 9345, 5793, 6280, 7274, 7922, 11261, 19801, 15474, 9045, 16408, 14215, 11978, 2059)
left	k	612845	(651, 108)	[(54, 810, 666), (54, 792, 702), (36, 810, 684), (54, 810, 684), (54, 810, 666), (54, 810, 684), (36, 810, 666), (54, 810, 666), (36, 810, 702), (54, 810, 684), (54, 810, 666), (36, 810, 684), (54, 792, 684), (54, 828, 666), (36, 810, 684), (36, 792, 666), (36, 810, 684), (54, 810, 684), (36, 792, 684), (54, 810, 684), (36, 828, 684), (54, 810, 684), (36, 792, 702), (18, 828, 684), (36, 792, 648)]	(9412, 11121, 9389, 10089, 11648, 12605, 5138, 10207, 5145, 7112, 6359, 9423, 5777, 6286, 7284, 8010, 11288, 19814, 15498, 9042, 16404, 14212, 11971, 2061)
right	o	614854	(573, 88)	[(54, 792, 684), (54, 810, 684), (54, 828, 702), (72, 828, 648), (36, 792, 666), (54, 810, 648), (54, 828, 630), (54, 810, 666), (54, 810, 684), (36, 810, 666), (54, 810, 684), (54, 810, 684), (54, 828, 702), (36, 810, 702), (36, 792, 684), (54, 810, 684), (54, 810, 702), (36, 810, 684), (54, 810, 684), (36, 792, 666), (18, 810, 702), (36, 810, 702), (36, 810, 684), (36, 810, 684), (36, 792, 684)]	(9419, 11176, 9417, 10128, 11664, 12758, 5310, 10754, 5403, 7151, 6437, 9658, 5874, 6313, 7289, 8068, 11311, 19845, 15562, 9064, 16462, 14260, 11973, 2064)
left	r	616505	(561, 303)	[(36, 810, 702), (54, 810, 684), (36, 810, 666), (54, 810, 666), (36, 810, 702), (36, 828, 684), (36, 810, 684), (54, 810, 648), (36, 792, 666), (54, 810, 666), (54, 810, 666), (36, 810, 684), (54, 810, 666), (36, 810, 684), (54, 810, 684), (36, 810, 648), (54, 810, 666), (54, 810, 630), (54, 828, 666), (36, 810, 702), (54, 810, 684), (36, 828, 702), (36, 810, 684), (54, 810, 612), (54, 792, 630)]	(9414, 11154, 9404, 10100, 11655, 12601, 5165, 10332, 5222, 7120, 6356, 9427, 5832, 6291, 7282, 7990, 11291, 19813, 15463, 9059, 16408, 14232, 11976, 2062)
left	t	617959	(578, 243)	[(54, 810, 666), (36, 810, 684), (54, 792, 684), (54, 828, 666), (36, 810, 684), (36, 810, 684), (54, 810, 666), (18, 810, 684), (36, 792, 720), (54, 828, 630), (54, 810, 594), (72, 828, 630), (72, 828, 648), (54, 828, 648), (36, 810, 666), (72, 828, 648), (72, 828, 666), (54, 828, 666), (36, 828, 666), (54, 810, 666), (54, 828, 666), (54, 828, 666), (72, 828, 648), (72, 828, 648), (54, 810, 666)]	(9416, 11159, 9404, 10107, 11660, 12688, 5125, 9922, 5161, 7120, 6314, 9291, 5851, 6279, 7273, 7918, 11263, 19799, 15435, 9039, 16396, 14229, 11965, 2057)
right	l	620213	(642, 45)	[(54, 828, 666), (54, 810, 648), (72, 828, 684), (54, 828, 648), (54, 828, 666), (54, 828, 666), (54, 810, 666), (54, 828, 666), (72, 828, 648), (72, 828, 666), (54, 828, 666), (54, 810, 648), (54, 810, 666), (36, 828, 666), (90, 828, 666), (54, 828, 666), (72, 828, 648), (72, 828, 630), (72, 828, 684), (72, 810, 612), (18, 828, 684), (54, 828, 666), (36, 828, 666), (72, 828, 648), (54, 810, 648)]	(9430, 11169, 9382, 10098, 11663, 12358, 5176, 10072, 5168, 7114, 6346, 9262, 5727, 6259, 7285, 7891, 11282, 19810, 15463, 9035, 16413, 14251, 11973, 2059)
left	m	622077	(725, 129)	[(54, 810, 666), (54, 828, 666), (54, 828, 666), (36, 828, 666), (54, 810, 666), (54, 810, 648), (36, 828, 648), (54, 828, 684), (72, 828, 684), (54, 810, 666), (36, 828, 666), (72, 828, 684), (54, 810, 666), (54, 828, 648), (54, 828, 666), (54, 810, 666), (54, 828, 648), (36, 792, 648), (36, 846, 648), (54, 846, 630), (36, 846, 702), (54, 810, 684), (36, 828, 684), (72, 810, 648), (54, 828, 612)]	(9420, 11165, 9377, 10079, 11640, 12190, 5104, 9899, 5151, 7091, 6267, 9063, 5805, 6247, 7265, 7788, 11258, 19786, 15425, 9022, 16399, 14238, 11970, 2057)
right	m	624429	(729, 96)	[(54, 810, 684), (36, 810, 684), (36, 810, 684), (36, 810, 684), (36, 810, 666), (36, 810, 666), (36, 810, 648), (54, 810, 648), (36, 810, 666), (36, 828, 684), (36, 810, 666), (36, 810, 684), (36, 810, 684), (54, 810, 666), (54, 810, 684), (54, 810, 648), (36, 810, 684), (36, 810, 684), (36, 828, 648), (36, 810, 648), (54, 828, 702), (54, 828, 684), (36, 828, 684), (18, 810, 648), (18, 810, 684)]	(9420, 11162, 9395, 10087, 11648, 12169, 5215, 10532, 5295, 7098, 6413, 9545, 5829, 6273, 7285, 8015, 11283, 19824, 15461, 9049, 16413, 14231, 11976, 2054)
left	u	626062	(576, 174)	[(54, 828, 666), (54, 828, 666), (36, 810, 666), (54, 810, 666), (54, 810, 666), (36, 828, 684), (54, 828, 666), (72, 810, 684), (36, 810, 666), (18, 828, 666), (54, 810, 702), (36, 810, 684), (54, 828, 594), (54, 828, 594), (90, 846, 630), (108, 846, 666), (108, 846, 648), (72, 846, 648), (90, 828, 630), (90, 828, 666), (54, 864, 666), (54, 846, 630), (36, 846, 648), (54, 828, 630), (90, 828, 612)]	(9438, 11246, 9415, 10125, 11672, 12494, 5204, 9920, 5271, 7107, 6306, 9288, 5978, 6263, 7265, 7815, 11274, 19787, 15430, 9011, 16313, 14275, 11971, 2056)
right	w	627965	(580, 423)	[(54, 828, 666), (0, 846, 648), (36, 828, 648), (36, 828, 666), (36, 828, 666), (54, 828, 666), (36, 810, 648), (36, 810, 648), (72, 846, 630), (54, 828, 630), (18, 810, 648), (36, 846, 666), (36, 828, 666), (36, 846, 612), (18, 828, 648), (0, 828, 684), (18, 810, 684), (18, 828, 666), (-36, 810, 702), (-36, 828, 630), (-108, 828, 684), (-108, 846, 648), (-36, 846, 630), (-54, 846, 684), (-90, 810, 666)]	(9430, 11481, 9486, 10131, 11642, 11871, 5005, 9565, 5609, 7053, 6229, 8811, 6239, 6289, 7292, 8647, 11312, 19791, 15131, 9080, 16077, 14190, 11974, 2061)
left	f	630066	(665, 283)	[(36, 810, 666), (36, 828, 648), (36, 810, 666), (54, 828, 666), (72, 828, 666), (36, 810, 666), (36, 810, 648), (54, 828, 666), (36, 828, 666), (36, 828, 666), (54, 828, 666), (54, 828, 666), (54, 810, 666), (36, 810, 666), (36, 828, 666), (36, 828, 666), (54, 810, 684), (54, 828, 630), (36, 828, 648), (36, 828, 684), (36, 846, 684), (36, 828, 684), (36, 828, 684), (54, 810, 630), (54, 810, 594)]	(9425, 11230, 9412, 10104, 11666, 12329, 5180, 10177, 5223, 7104, 6368, 9623, 5844, 6261, 7287, 7942, 11275, 19816, 15416, 9044, 16470, 14278, 11980, 2054)
right	y	631572	(572, 229)	[(54, 828, 630), (54, 828, 648), (36, 828, 666), (54, 828, 666), (18, 828, 684), (36, 810, 666), (36, 828, 648), (54, 828, 648), (36, 828, 648), (36, 846, 666), (36, 846, 666), (36, 828, 666), (36, 828, 666), (0, 810, 648), (18, 828, 612), (18, 828, 648), (18, 810, 648), (36, 828, 684), (36, 846, 666), (18, 828, 648), (18, 828, 630), (18, 828, 666), (18, 828, 702), (36, 846, 666), (18, 810, 612)]	(9412, 11219, 9386, 10087, 11646, 12061, 5788, 11705, 7112, 7147, 9159, 13819, 5935, 6280, 7291, 8042, 11288, 19803, 15321, 9012, 16364, 14217, 11972, 2060)
right	h	632891	(660, 178)	[(36, 828, 666), (36, 828, 648), (36, 828, 648), (36, 810, 684), (36, 828, 648), (36, 828, 666), (36, 846, 666), (18, 846, 684), (0, 828, 702), (54, 828, 648), (90, 828, 576), (54, 810, 612), (72, 828, 630), (72, 828, 630), (54, 864, 648), (54, 828, 648), (72, 828, 630), (108, 846, 666), (54, 828, 594), (54, 846, 666), (36, 864, 684), (18, 864, 666), (18, 882, 648), (72, 828, 630), (72, 828, 558)]	(9432, 11221, 9400, 10096, 11670, 12489, 5494, 10794, 6519, 7131, 8510, 12752, 5880, 6269, 7278, 7897, 11268, 19788, 15377, 9027, 16357, 14242, 11961, 2067)
left	k	634437	(664, 93)	[(54, 846, 648), (54, 846, 666), (54, 828, 648), (36, 828, 648), (36, 846, 648), (54, 828, 630), (36, 828, 648), (54, 846, 684), (36, 828, 666), (36, 846, 648), (72, 828, 648), (72, 828, 630), (54, 828, 648), (72, 828, 666), (54, 846, 648), (54, 828, 666), (54, 828, 648), (54, 828, 648), (36, 828, 630), (90, 810, 630), (36, 828, 612), (54, 846, 702), (54, 846, 684), (36, 828, 666), (54, 810, 630)]	(9427, 11240, 9392, 10102, 11658, 12144, 5734, 11501, 6956, 7156, 9033, 13691, 5859, 6269, 7289, 7931, 11282, 19798, 15392, 9040, 16383, 14224, 11975, 2055)
right	f	635992	(640, 289)	[(54, 828, 648), (54, 828, 666), (54, 828, 648), (36, 828, 666), (54, 828, 666), (54, 846, 648), (36, 846, 648), (54, 846, 648), (54, 828, 648), (54, 846, 648), (36, 828, 648), (36, 828, 648), (54, 828, 666), (72, 828, 630), (54, 828, 648), (54, 828, 648), (54, 846, 630), (72, 828, 666), (54, 846, 612), (54, 846, 630), (54, 846, 684), (54, 846, 684), (54, 864, 684), (36, 810, 630), (54, 828, 594)]	(9437, 11205, 9396, 10091, 11665, 12185, 5600, 11011, 6687, 7133, 8766, 13300, 5890, 6265, 7285, 7861, 11265, 19791, 15395, 9016, 16388, 14219, 11970, 2062)
right	w	637482	(578, 402)	[(36, 828, 666), (54, 828, 648), (54, 828, 630), (54, 828, 630), (54, 828, 666), (36, 846, 648), (54, 828, 648), (54, 828, 648), (54, 846, 648), (90, 846, 648), (72, 828, 648), (108, 810, 612), (90, 846, 648), (0, 864, 702), (36, 828, 702), (-54, 846, 648), (-54, 828, 648), (-54, 810, 630), (-54, 828, 630), (-36, 828, 612), (-54, 828, 576), (-72, 846, 648), (-36, 846, 666), (-54, 810, 648), (-54, 828, 612)]	(9428, 11433, 9466, 10160, 11681, 12422, 6737, 12754, 8526, 7298, 9473, 14042, 5648, 6299, 7294, 8446, 11342, 19831, 15251, 9078, 16234, 14282, 11990, 2051)
left	j	639203	(645, 139)	[(54, 810, 648), (54, 828, 648), (36, 828, 666), (54, 828, 648), (54, 846, 630), (72, 828, 648), (72, 828, 594), (72, 828, 630), (54, 828, 648), (72, 882, 666), (72, 846, 648), (54, 828, 648), (54, 846, 648), (54, 846, 612), (72, 846, 630), (54, 828, 648), (54, 828, 648), (108, 828, 684), (54, 846, 612), (54, 828, 666), (36, 846, 648), (36, 846, 666), (54, 828, 648), (90, 828, 648), (72, 828, 594)]	(9445, 11280, 9409, 10108, 11685, 12301, 6075, 11313, 7439, 7150, 9055, 13525, 5654, 6238, 7276, 7720, 11268, 19816, 15430, 9038, 16511, 14310, 11975, 2049)
left	h	641366	(649, 209)	[(54, 828, 666), (54, 846, 630), (54, 828, 666), (72, 846, 684), (54, 828, 630), (54, 810, 648), (54, 828, 648), (72, 828, 648), (54, 828, 648), (54, 828, 648), (72, 846, 630), (54, 828, 630), (54, 846, 648), (54, 828, 648), (54, 828, 648), (72, 846, 630), (72, 828, 648), (54, 810, 612), (54, 828, 630), (54, 864, 612), (54, 846, 702), (36, 846, 666), (36, 864, 612), (72, 810, 630), (54, 828, 612)]	(9414, 11203, 9369, 10067, 11665, 12101, 5676, 10634, 6757, 7124, 8727, 12836, 5695, 6223, 7274, 7741, 11273, 19805, 15387, 9034, 16448, 14303, 11979, 2052)
left	f	643179	(653, 299)	[(72, 846, 666), (72, 846, 648), (54, 828, 666), (54, 846, 666), (54, 828, 648), (72, 846, 648), (54, 828, 648), (72, 846, 630), (54, 828, 648), (54, 828, 648), (54, 846, 648), (54, 828, 648), (72, 846, 648), (54, 828, 630), (54, 828, 648), (54, 828, 666), (36, 810, 612), (72, 810, 612), (54, 864, 666), (54, 846, 684), (54, 846, 684), (36, 846, 648), (72, 828, 594), (54, 810, 576), (54, 846, 612)]	(9434, 11209, 9377, 10074, 11663, 12064, 5704, 10654, 6794, 7118, 8844, 13073, 5742, 6242, 7277, 7702, 11255, 19797, 15421, 9018, 16432, 14233, 11974, 2052)
left	z	645066	(742, 389)	[(54, 828, 648), (72, 846, 648), (72, 846, 630), (54, 828, 648), (72, 828, 648), (72, 828, 666), (54, 828, 648), (54, 828, 648), (54, 810, 666), (54, 828, 666), (36, 828, 648), (54, 828, 648), (72, 846, 648), (54, 828, 612), (54, 810, 648), (72, 828, 648), (54, 846, 612), (72, 810, 684), (72, 828, 648), (54, 846, 594), (54, 864, 630), (36, 846, 684), (72, 882, 666), (72, 864, 648), (72, 792, 684)]	(9430, 11211, 9383, 10087, 11669, 12149, 5156, 9388, 5080, 7095, 6411, 9383, 5746, 6251, 7283, 7724, 11268, 19804, 15432, 9022, 16426, 14217, 11962, 2061)
left	g	647227	(644, 237)	[(72, 828, 666), (54, 828, 648), (72, 828, 648), (54, 846, 630), (72, 828, 666), (54, 828, 648), (54, 828, 630), (54, 828, 630), (54, 828, 630), (54, 828, 648), (54, 828, 648), (54, 828, 648), (72, 846, 630), (36, 828, 648), (54, 828, 612), (72, 846, 612), (54, 828, 630), (54, 846, 684), (36, 846, 666), (36, 864, 666), (54, 846, 666), (72, 846, 630), (72, 810, 648), (72, 828, 612), (54, 828, 630)]	(9438, 11248, 9392, 10087, 11668, 12134, 5190, 9340, 5137, 7103, 6422, 9290, 5800, 6247, 7276, 7676, 11260, 19807, 15433, 9015, 16432, 14225, 11974, 2061)
right	q	649374	(566, 464)	[(54, 828, 648), (54, 828, 684), (72, 846, 630), (54, 828, 630), (72, 846, 648), (72, 828, 648), (72, 846, 612), (54, 846, 666), (36, 864, 630), (36, 828, 648), (72, 828, 666), (54, 864, 630), (18, 864, 594), (-54, 846, 666), (0, 846, 648), (18, 846, 630), (0, 846, 630), (-36, 846, 630), (0, 846, 576), (-72, 846, 594), (-162, 864, 684), (-72, 864, 666), (-36, 864, 594), (-72, 864, 648), (-54, 828, 594)]	(9429, 11591, 9428, 10126, 11643, 11656, 5061, 9318, 5156, 7040, 6220, 8478, 5731, 6277, 7275, 8345, 11340, 19820, 15186, 9086, 16307, 14332, 11987, 2049)
right	b	650984	(736, 204)	[(54, 828, 648), (36, 828, 648), (54, 828, 666), (54, 810, 648), (54, 828, 666), (36, 828, 702), (54, 828, 702), (54, 810, 648), (72, 810, 612), (72, 828, 666), (72, 828, 666), (72, 828, 648), (54, 810, 630), (72, 810, 666), (54, 810, 702), (90, 828, 666), (72, 810, 684), (54, 810, 648), (72, 810, 666), (54, 810, 684), (72, 774, 702), (54, 828, 666), (72, 828, 666), (54, 828, 684), (54, 792, 666)]	(9460, 11189, 9411, 10086, 11686, 12444, 5040, 8081, 4766, 7070, 6268, 8848, 5409, 6250, 7271, 7758, 11297, 19844, 15480, 9068, 16532, 14346, 11992, 2059)
left	r	652478	(570, 293)	[(54, 828, 666), (54, 810, 684), (72, 828, 648), (54, 828, 666), (72, 810, 666), (54, 810, 666), (36, 810, 648), (54, 810, 666), (54, 828, 666), (72, 828, 648), (36, 828, 630), (54, 828, 684), (54, 810, 702), (54, 828, 648), (72, 828, 648), (54, 828, 648), (54, 810, 648), (54, 828, 630), (108, 810, 648), (36, 846, 666), (72, 828, 666), (54, 828, 702), (54, 828, 684), (72, 828, 648), (54, 810, 630)]	(9457, 11292, 9420, 10107, 11689, 12400, 5126, 8458, 4900, 7075, 6305, 9057, 5526, 6244, 7270, 7710, 11291, 19829, 15497, 9047, 16537, 14364, 11987, 2058)
left	a	653968	(673, 461)	[(72, 828, 648), (54, 828, 648), (54, 810, 648), (54, 828, 666), (72, 828, 666), (72, 846, 666), (72, 828, 630), (54, 810, 648), (72, 828, 648), (54, 828, 666), (54, 828, 648), (54, 828, 666), (54, 828, 648), (54, 810, 648), (72, 828, 648), (72, 810, 648), (54, 828, 666), (54, 810, 684), (72, 828, 648), (72, 810, 630), (36, 828, 648), (54, 846, 666), (72, 864, 684), (36, 810, 684), (54, 792, 612)]	(9434, 11232, 9387, 10077, 11665, 12226, 5084, 8704, 4908, 7085, 6320, 9154, 5534, 6250, 7272, 7802, 11289, 19801, 15397, 9056, 16431, 14309, 11977, 2054)
right	q	655967	(573, 459)	[(54, 828, 666), (36, 828, 648), (54, 828, 648), (54, 828, 648), (54, 828, 666), (54, 828, 648), (54, 828, 666), (90, 828, 666), (72, 828, 684), (144, 828, 684), (36, 864, 576), (-36, 864, 666), (-18, 846, 666), (-36, 828, 666), (-36, 846, 540), (18, 828, 594), (-18, 846, 612), (18, 864, 594), (-54, 864, 576), (-108, 864, 558), (-108, 882, 612), (-72, 846, 612), (-18, 864, 594), (-54, 828, 576), (-72, 882, 540)]	(9466, 11693, 9465, 10145, 11684, 12001, 5082, 7971, 4976, 7034, 6214, 7899, 5551, 6261, 7277, 8321, 11344, 19804, 15121, 9101, 16294, 14366, 11995, 2058)
right	u	658442	(570, 171)	[(54, 828, 702), (54, 810, 666), (54, 792, 666), (-36, 810, 684), (0, 828, 702), (0, 810, 720), (108, 828, 594), (90, 828, 558), (90, 810, 702), (90, 828, 666), (72, 828, 630), (72, 828, 648), (54, 828, 684), (90, 846, 648), (126, 828, 684), (108, 810, 630), (90, 810, 612), (54, 846, 666), (54, 846, 684), (36, 846, 684), (36, 828, 666), (72, 846, 666), (90, 828, 612), (72, 810, 630), (72, 828, 612)]	(9470, 11333, 9454, 10141, 11735, 13007, 5078, 7556, 4831, 7085, 6215, 8532, 5431, 6236, 7258, 7576, 11255, 19802, 15382, 9017, 16518, 14372, 11981, 2060)
left	c	662511	(720, 291)	[(54, 828, 666), (72, 828, 648), (72, 828, 648), (72, 828, 630), (90, 828, 666), (72, 828, 702), (72, 846, 648), (72, 828, 648), (72, 828, 612), (72, 828, 648), (72, 828, 666), (72, 828, 666), (72, 828, 666), (72, 828, 648), (72, 828, 648), (72, 828, 648), (72, 828, 648), (90, 810, 666), (54, 828, 630), (72, 846, 630), (54, 846, 666), (54, 846, 702), (90, 828, 666), (72, 810, 630), (72, 828, 612)]	(9459, 11236, 9415, 10100, 11701, 12480, 5085, 7830, 4857, 7074, 6315, 9018, 5529, 6234, 7270, 7627, 11269, 19792, 15447, 9020, 16452, 14256, 11975, 2061)
left	l	665083	(659, 42)	[(72, 828, 648), (72, 828, 666), (54, 810, 666), (54, 828, 684), (36, 828, 702), (90, 828, 648), (72, 828, 648), (18, 828, 648), (36, 828, 630), (54, 846, 630), (90, 864, 612), (90, 828, 612), (108, 810, 630), (90, 810, 630), (90, 846, 648), (54, 828, 648), (72, 828, 630), (108, 828, 630), (72, 846, 666), (90, 864, 630), (72, 828, 684), (72, 828, 648), (54, 846, 630), (72, 846, 630), (72, 828, 666)]	(9470, 11218, 9398, 10109, 11697, 12085, 5032, 8342, 4867, 7050, 6136, 8683, 5556, 6211, 7258, 7534, 11257, 19814, 15508, 9019, 16505, 14417, 11994, 2056)
right	t	666867	(583, 269)	[(72, 846, 612), (54, 828, 630), (54, 828, 648), (36, 828, 630), (36, 828, 630), (54, 828, 648), (18, 828, 648), (54, 828, 666), (18, 846, 648), (18, 846, 630), (18, 828, 648), (18, 828, 666), (36, 828, 648), (18, 846, 648), (18, 828, 666), (36, 828, 630), (18, 846, 612), (0, 828, 558), (0, 846, 630), (-36, 846, 648), (54, 846, 702), (36, 846, 666), (18, 864, 630), (0, 810, 630), (36, 846, 594)]	(9416, 11350, 9356, 10052, 11630, 11156, 5204, 9636, 5120, 7050, 6357, 9370, 5680, 6247, 7264, 7868, 11340, 19812, 15262, 9070, 16360, 14382, 11993, 2058)
right	t	669747	(594, 272)	[(36, 828, 648), (36, 828, 666), (36, 828, 666), (36, 828, 648), (36, 828, 630), (54, 846, 648), (36, 828, 666), (36, 828, 666), (36, 828, 684), (36, 828, 666), (54, 846, 666), (36, 828, 630), (36, 846, 648), (36, 846, 666), (36, 828, 666), (18, 828, 630), (18, 846, 594), (18, 846, 612), (-36, 828, 684), (36, 828, 666), (36, 846, 666), (18, 846, 648), (18, 846, 630), (18, 828, 612), (18, 846, 630)]	(9434, 11397, 9375, 10085, 11650, 11323, 5244, 9695, 5098, 7083, 6392, 9416, 5610, 6247, 7276, 7912, 11370, 19846, 15367, 9089, 16434, 14440, 12006, 2059)
right	f	671803	(651, 289)	[(36, 846, 648), (36, 828, 666), (36, 846, 666), (54, 846, 630), (36, 846, 648), (36, 846, 648), (36, 846, 666), (36, 846, 630), (36, 828, 666), (54, 846, 648), (54, 846, 630), (36, 828, 630), (54, 828, 630), (36, 828, 630), (54, 828, 648), (72, 828, 630), (54, 828, 630), (72, 846, 630), (36, 846, 666), (36, 846, 648), (54, 846, 648), (36, 828, 648), (54, 828, 630), (54, 828, 630), (54, 846, 630)]	(9424, 11325, 9355, 10051, 11642, 11330, 5227, 9470, 5072, 7059, 6378, 9327, 5676, 6244, 7273, 7768, 11320, 19818, 15356, 9054, 16409, 14369, 11993, 2061)
right	k	673960	(653, 107)	[(36, 828, 648), (36, 828, 648), (36, 828, 648), (54, 828, 666), (54, 828, 666), (36, 828, 648), (54, 828, 666), (36, 846, 666), (54, 828, 630), (54, 828, 684), (54, 846, 666), (54, 828, 630), (36, 828, 648), (36, 828, 666), (36, 846, 666), (54, 828, 648), (54, 828, 648), (54, 828, 612), (54, 828, 630), (72, 828, 648), (18, 846, 702), (54, 846, 612), (36, 846, 630), (72, 810, 648), (36, 810, 648)]	(9433, 11349, 9361, 10074, 11660, 11502, 5298, 9575, 5111, 7075, 6462, 9508, 5677, 6262, 7283, 7793, 11332, 19835, 15425, 9065, 16421, 14373, 11993, 2048)
right	x	675396	(731, 333)	[(54, 828, 648), (54, 828, 648), (36, 846, 648), (36, 828, 648), (54, 828, 666), (54, 846, 648), (54, 828, 648), (54, 828, 666), (54, 828, 648), (54, 828, 666), (54, 828, 648), (54, 828, 648), (54, 828, 648), (54, 846, 648), (54, 846, 648), (54, 828, 648), (54, 828, 666), (90, 810, 684), (18, 864, 576), (36, 846, 648), (36, 864, 684), (36, 864, 648), (54, 828, 684), (72, 810, 648), (54, 810, 576)]	(9415, 11286, 9351, 10052, 11647, 11427, 5219, 9348, 5033, 7068, 6382, 9293, 5676, 6243, 7275, 7774, 11320, 19820, 15397, 9061, 16408, 14375, 11999, 2054)
right	n	676985	(741, 160)	[(36, 828, 648), (36, 828, 666), (54, 828, 648), (54, 828, 684), (54, 828, 630), (54, 846, 630), (36, 846, 648), (54, 846, 648), (54, 828, 630), (36, 846, 630), (54, 846, 648), (54, 828, 648), (36, 846, 648), (54, 846, 648), (36, 846, 648), (54, 846, 612), (54, 828, 630), (54, 846, 630), (54, 810, 666), (18, 828, 576), (18, 864, 612), (36, 864, 684), (36, 846, 648), (54, 828, 648), (54, 828, 630)]	(9418, 11350, 9373, 10065, 11656, 11487, 5237, 9409, 5051, 7078, 6374, 9341, 5694, 6255, 7275, 7748, 11327, 19833, 15400, 9058, 16422, 14408, 11999, 2059)
right	h	678995	(652, 211)	[(54, 828, 666), (36, 828, 666), (54, 828, 648), (54, 828, 648), (54, 828, 648), (36, 828, 630), (54, 828, 648), (36, 846, 684), (72, 846, 648), (54, 828, 630), (54, 846, 648), (36, 828, 666), (54, 846, 666), (54, 846, 630), (54, 846, 648), (36, 846, 648), (36, 828, 666), (36, 810, 648), (54, 846, 594), (54, 846, 630), (54, 846, 666), (36, 846, 648), (36, 810, 648), (36, 828, 630), (54, 846, 630)]	(9418, 11295, 9355, 10048, 11629, 11378, 5242, 9399, 5067, 7065, 6415, 9390, 5705, 6260, 7283, 7788, 11330, 19822, 15406, 9060, 16393, 14376, 11987, 2053)
right	a	680111	(689, 466)	[(36, 846, 666), (54, 828, 666), (54, 846, 648), (36, 828, 648), (54, 828, 648), (54, 828, 648), (54, 846, 648), (36, 828, 648), (54, 828, 648), (36, 846, 648), (72, 828, 648), (36, 828, 630), (54, 828, 648), (72, 828, 666), (54, 828, 666), (36, 846, 648), (54, 828, 648), (54, 828, 648), (54, 828, 666), (90, 828, 648), (36, 828, 630), (54, 846, 648), (54, 846, 684), (54, 864, 666), (36, 828, 666)]	(9432, 11328, 9372, 10075, 11656, 11465, 5265, 9615, 5128, 7086, 6439, 9634, 5732, 6262, 7292, 7858, 11356, 19836, 15422, 9085, 16406, 14412, 11996, 2054)
left	u	681452	(577, 147)	[(54, 846, 648), (54, 846, 630), (72, 828, 648), (54, 846, 648), (54, 828, 648), (54, 846, 648), (54, 846, 630), (36, 828, 648), (54, 828, 648), (54, 846, 648), (36, 846, 666), (54, 846, 648), (36, 828, 648), (72, 846, 648), (54, 828, 648), (36, 828, 630), (54, 846, 666), (36, 846, 684), (54, 828, 648), (54, 846, 648), (54, 846, 612), (36, 828, 630), (54, 846, 648), (36, 864, 666), (36, 828, 648)]	(9435, 11354, 9370, 10087, 11655, 11506, 5305, 9696, 5168, 7081, 6455, 9626, 5754, 6271, 7295, 7824, 11348, 19844, 15439, 9050, 16396, 14375, 11997, 2062)
right	z	682713	(742, 384)	[(54, 846, 648), (54, 828, 630), (54, 828, 648), (54, 846, 630), (54, 828, 648), (36, 828, 630), (54, 846, 630), (72, 828, 666), (54, 828, 666), (54, 846, 648), (36, 828, 648), (54, 828, 666), (54, 828, 666), (54, 828, 648), (36, 828, 648), (54, 828, 648), (54, 828, 630), (36, 828, 684), (54, 828, 612), (36, 846, 612), (54, 846, 666), (54, 864, 666), (36, 846, 648), (54, 810, 666), (72, 792, 666)]	(9433, 11328, 9367, 10076, 11655, 11494, 5275, 9736, 5125, 7082, 6451, 9817, 5716, 6271, 7285, 7815, 11350, 19837, 15431, 9069, 16423, 14383, 11994, 2061)
right	e	683984	(570, 339)	[(54, 828, 666), (36, 828, 666), (54, 828, 648), (54, 828, 666), (36, 828, 666), (54, 846, 666), (36, 828, 648), (54, 828, 648), (36, 828, 648), (54, 828, 666), (54, 846, 630), (36, 828, 648), (54, 846, 648), (54, 846, 648), (54, 846, 630), (54, 828, 648), (72, 828, 666), (36, 846, 666), (54, 828, 612), (36, 846, 648), (54, 846, 648), (54, 846, 648), (54, 846, 648), (36, 828, 648), (54, 828, 630)]	(9431, 11326, 9367, 10071, 11652, 11510, 5262, 9591, 5122, 7083, 6427, 9667, 5740, 6272, 7293, 7791, 11333, 19832, 15435, 9063, 16401, 14375, 11995, 2051)
left	m	685210	(724, 102)	[(54, 828, 648), (54, 828, 666), (36, 828, 648), (54, 828, 648), (36, 828, 648), (36, 828, 666), (54, 846, 648), (54, 828, 630), (36, 846, 648), (54, 828, 666), (36, 828, 648), (36, 828, 666), (54, 828, 648), (54, 828, 648), (54, 828, 648), (54, 828, 648), (54, 828, 648), (36, 828, 630), (54, 810, 684), (36, 846, 630), (72, 846, 630), (36, 846, 666), (54, 810, 666), (36, 846, 612)]	(9420, 11264, 9358, 10046, 11644, 11559, 5240, 9483, 5087, 7077, 6444, 9608, 5724, 6270, 7291, 7795, 11338, 19829, 15448, 9060, 16391, 14343, 12001, 2055)
left	d	686383	(652, 327)	[(54, 846, 648), (54, 828, 666), (36, 828, 648), (54, 846, 648), (36, 828, 648), (36, 846, 648), (54, 846, 648), (54, 828, 666), (54, 828, 648), (54, 846, 648), (54, 846, 648), (54, 828, 648), (36, 828, 648), (36, 846, 648), (54, 846, 666), (54, 828, 630), (36, 846, 630), (72, 810, 630), (36, 846, 630), (36, 828, 630), (36, 864, 684), (36, 846, 666), (54, 846, 648), (54, 828, 648), (72, 810, 612)]	(9417, 11282, 9357, 10055, 11647, 11507, 5243, 9518, 5081, 7080, 6427, 9536, 5739, 6259, 7292, 7779, 11334, 19834, 15430, 9058, 16408, 14356, 11996, 2060)
left	b	688497	(740, 213)	[(54, 828, 648), (54, 828, 648), (54, 846, 630), (54, 828, 648), (54, 828, 648), (54, 828, 648), (54, 846, 648), (54, 846, 648), (54, 846, 666), (54, 828, 630), (54, 846, 648), (54, 828, 648), (36, 828, 648), (54, 828, 648), (54, 846, 648), (54, 846, 648), (36, 846, 648), (54, 828, 648), (54, 828, 648), (90, 828, 648), (36, 828, 594), (36, 864, 666), (36, 846, 684), (36, 846, 630), (72, 828, 630)]	(9434, 11329, 9375, 10082, 11661, 11686, 5275, 9563, 5124, 7098, 6426, 9659, 5745, 6265, 7291, 7761, 11346, 19849, 15478, 9066, 16448, 14384, 11990, 2065)
left	e	690704	(569, 353)	[(36, 846, 630), (36, 846, 630), (18, 828, 630), (0, 846, 630), (18, 828, 648), (18, 828, 648), (18, 846, 630), (36, 846, 684), (36, 864, 666), (54, 828, 630), (36, 828, 666), (36, 828, 648), (54, 846, 612), (54, 828, 648), (36, 828, 666), (36, 846, 630), (36, 846, 630), (54, 846, 648), (18, 846, 612), (54, 828, 648), (36, 846, 666), (54, 846, 666), (54, 846, 666), (36, 864, 648), (54, 846, 630)]	(9439, 11393, 9391, 10095, 11668, 11598, 5269, 9610, 5177, 7087, 6417, 9800, 5865, 6276, 7291, 7791, 11352, 19848, 15463, 9067, 16425, 14418, 12005, 2057)
right	c	693041	(711, 305)	[(54, 846, 666), (36, 846, 630), (36, 828, 630), (54, 846, 666), (54, 846, 630), (54, 828, 648), (54, 846, 666), (36, 846, 648), (54, 846, 630), (36, 810, 648), (54, 846, 630), (54, 864, 630), (54, 846, 702), (54, 828, 702), (36, 846, 630), (54, 810, 630), (54, 828, 612), (36, 828, 648), (36, 846, 666), (36, 828, 666), (36, 846, 648), (54, 846, 648), (54, 846, 630), (36, 810, 648), (36, 846, 630)]	(9424, 11313, 9357, 10041, 11643, 11284, 5250, 9432, 5095, 7061, 6441, 9620, 5760, 6255, 7286, 7783, 11337, 19821, 15381, 9054, 16352, 14335, 11998, 2060)
left	e	694411	(565, 349)	[(36, 828, 666), (54, 828, 648), (36, 828, 648), (54, 828, 648), (54, 846, 630), (54, 828, 666), (36, 828, 648), (54, 846, 648), (54, 828, 666), (54, 828, 684), (54, 846, 630), (72, 846, 630), (54, 846, 648), (54, 846, 648), (36, 846, 630), (54, 828, 648), (54, 828, 648), (54, 846, 612), (72, 810, 666), (36, 846, 666), (54, 846, 648), (36, 846, 666), (54, 846, 666), (54, 846, 648), (36, 810, 630)]	(9443, 11396, 9376, 10097, 11674, 11523, 5305, 9507, 5147, 7085, 6424, 9720, 5804, 6256, 7275, 7788, 11349, 19849, 15450, 9082, 16457, 14439, 12005, 2056)
right	i	696650	(578, 141)	[(54, 846, 630), (72, 846, 648), (36, 846, 594), (54, 846, 630), (54, 846, 630), (36, 846, 630), (72, 846, 630), (54, 828, 630), (54, 846, 630), (54, 846, 648), (54, 846, 630), (72, 846, 648), (54, 846, 630), (54, 846, 630), (54, 846, 648), (54, 846, 630), (36, 846, 612), (54, 846, 666), (54, 828, 666), (36, 846, 612), (36, 846, 594), (54, 828, 648), (54, 846, 684), (36, 864, 630), (54, 828, 558)]	(9432, 11382, 9380, 10095, 11670, 11603, 5329, 9692, 5181, 7093, 6440, 9649, 5774, 6263, 7276, 7758, 11345, 19858, 15431, 9069, 16447, 14452, 12005, 2063)
right	y	698537	(586, 217)	[(54, 846, 648), (54, 828, 630), (54, 846, 630), (72, 846, 630), (72, 846, 630), (36, 846, 666), (54, 828, 630), (72, 846, 648), (54, 846, 666), (72, 846, 612), (36, 846, 648), (72, 846, 630), (72, 846, 648), (54, 864, 612), (90, 846, 612), (72, 864, 594), (90, 846, 594), (126, 864, 558), (90, 846, 594), (72, 864, 648), (54, 864, 702), (72, 882, 648), (54, 846, 612), (90, 846, 594), (90, 846, 594)]	(9450, 11374, 9383, 10083, 11669, 11601, 5129, 9050, 5003, 7060, 6261, 9375, 5783, 6229, 7262, 7589, 11295, 19815, 15394, 9027, 16407, 14425, 12000, 2059)
left	l	700097	(641, 45)	[(90, 846, 612), (72, 846, 612), (72, 864, 612), (54, 846, 666), (90, 846, 648), (90, 846, 612), (90, 828, 612), (72, 828, 648), (90, 846, 630), (90, 828, 630), (90, 828, 648), (72, 846, 630), (90, 846, 630), (108, 828, 630), (90, 846, 648), (72, 846, 648), (72, 846, 648), (72, 846, 630), (90, 810, 486), (54, 846, 666), (54, 846, 630), (72, 864, 648), (72, 864, 666), (72, 864, 612), (90, 828, 648)]	(9435, 11354, 9390, 10113, 11675, 11459, 5332, 9670, 5207, 7056, 6404, 9686, 5856, 6245, 7278, 7656, 11320, 19852, 15519, 9055, 16472, 14467, 12011, 2059)
left	b	702570	(740, 214)	[(72, 846, 648), (72, 846, 648), (72, 846, 630), (90, 828, 648), (90, 828, 648), (72, 828, 648), (72, 846, 648), (72, 846, 648), (72, 828, 702), (72, 828, 648), (72, 828, 630), (72, 846, 630), (72, 846, 648), (72, 846, 630), (72, 828, 648), (90, 828, 648), (72, 846, 684), (72, 828, 666), (90, 828, 666), (54, 828, 612), (72, 828, 612), (54, 864, 648), (72, 864, 684), (72, 846, 648), (90, 828, 648)]	(9448, 11320, 9380, 10084, 11666, 11418, 5200, 9120, 5016, 7071, 6329, 9430, 5675, 6238, 7270, 7660, 11329, 19856, 15487, 9067, 16477, 14515, 12016, 2066)
left	d	704359	(656, 351)	[(36, 828, 666), (72, 828, 648), (54, 810, 648), (36, 846, 648), (36, 810, 666), (54, 828, 666), (36, 828, 648), (18, 828, 666), (36, 828, 684), (36, 828, 630), (36, 828, 648), (36, 828, 648), (36, 828, 648), (36, 828, 666), (36, 846, 684), (36, 846, 666), (54, 828, 630), (54, 828, 648), (54, 828, 648), (18, 846, 648), (36, 846, 684), (36, 828, 684), (36, 828, 666), (54, 846, 612), (36, 828, 630)]	(9434, 11397, 9362, 10062, 11644, 10961, 5302, 9437, 5030, 7047, 6370, 9389, 5595, 6255, 7274, 7860, 11407, 19864, 15454, 9106, 16355, 14508, 12026, 2051)
right	k	706377	(657, 107)	[(90, 846, 630), (90, 846, 630), (72, 828, 648), (54, 846, 648), (72, 846, 612), (90, 846, 630), (90, 828, 648), (72, 864, 648), (72, 846, 666), (72, 828, 648), (72, 828, 630), (90, 828, 648), (72, 846, 612), (54, 846, 666), (72, 828, 666), (90, 846, 630), (72, 846, 648), (54, 828, 630), (108, 810, 594), (36, 828, 630), (72, 864, 684), (54, 864, 666), (72, 828, 612), (72, 810, 666), (54, 864, 594)]	(9433, 11233, 9345, 10032, 11625, 11103, 5136, 8917, 4915, 7040, 6301, 9276, 5624, 6226, 7267, 7684, 11321, 19823, 15411, 9057, 16419, 14462, 12003, 2062)
right	g	708235	(669, 248)	[(90, 828, 666), (72, 846, 648), (72, 846, 630), (54, 828, 648), (72, 828, 648), (72, 828, 630), (72, 846, 648), (54, 828, 684), (90, 846, 630), (90, 846, 648), (72, 828, 648), (54, 828, 666), (54, 828, 630), (54, 828, 630), (72, 828, 648), (72, 828, 684), (72, 846, 630), (90, 828, 648), (72, 828, 576), (18, 864, 648), (72, 846, 630), (72, 846, 648), (54, 846, 612), (72, 846, 648), (72, 810, 630)]	(9425, 11302, 9352, 10051, 11651, 11000, 5267, 9378, 5063, 7065, 6448, 9667, 5670, 6243, 7265, 7724, 11337, 19839, 15430, 9075, 16401, 14446, 12010, 2054)
right	i	709821	(571, 131)	[(90, 846, 630), (72, 828, 648), (54, 828, 630), (72, 846, 648), (72, 828, 684), (54, 846, 648), (72, 846, 630), (72, 846, 630), (72, 846, 648), (54, 846, 648), (72, 846, 648), (72, 846, 612), (90, 846, 612), (54, 846, 684), (72, 846, 648), (72, 846, 648), (54, 828, 630), (54, 846, 666), (72, 846, 630), (72, 846, 612), (72, 846, 648), (54, 846, 630), (54, 846, 630), (72, 828, 648), (54, 846, 630)]	(9434, 11299, 9344, 10061, 11643, 11071, 5255, 9328, 5057, 7055, 6405, 9577, 5676, 6238, 7273, 7707, 11337, 19849, 15452, 9074, 16412, 14476, 12012, 2055)
right	s	711356	(648, 383)	[(72, 828, 630), (72, 846, 648), (72, 846, 648), (72, 846, 612), (54, 846, 630), (72, 828, 666), (72, 846, 648), (72, 846, 630), (54, 828, 648), (72, 828, 648), (72, 846, 648), (90, 846, 702), (18, 864, 630), (36, 828, 666), (18, 846, 648), (18, 864, 630), (18, 846, 648), (36, 828, 630), (54, 828, 630), (-36, 846, 630), (18, 846, 684), (54, 828, 666), (54, 846, 630), (36, 828, 630), (0, 846, 630)]	(9421, 11428, 9358, 10053, 11621, 10830, 5289, 9484, 4983, 7034, 6311, 9122, 5527, 6245, 7273, 7844, 11426, 19875, 15388, 9129, 16375, 14562, 12035, 2062)
left	p	714970	(580, 33)	[(54, 846, 612), (72, 846, 594), (72, 846, 612), (54, 828, 630), (54, 846, 612), (72, 864, 630), (90, 864, 648), (90, 864, 630), (72, 846, 630), (54, 864, 612), (36, 828, 630), (54, 846, 594), (72, 882, 594), (108, 864, 630), (90, 864, 576), (72, 864, 576), (126, 828, 648), (108, 846, 612), (54, 882, 648), (36, 864, 612), (54, 864, 630), (72, 882, 630), (90, 846, 576), (108, 846, 558), (90, 846, 612)]	(9445, 11205, 9377, 10083, 11671, 11468, 5106, 9407, 4984, 7049, 6248, 9409, 5755, 6213, 7250, 7479, 11271, 19829, 15515, 9024, 16527, 14559, 12010, 2046)
right	r	719429	(573, 330)	[(54, 864, 630), (36, 846, 630), (54, 846, 612), (54, 846, 630), (72, 846, 630), (54, 846, 630), (54, 846, 612), (54, 846, 612), (72, 864, 630), (54, 846, 666), (54, 864, 612), (54, 864, 594), (54, 846, 648), (36, 864, 612), (18, 846, 630), (18, 864, 612), (18, 846, 630), (18, 864, 630), (36, 846, 612), (18, 864, 612), (18, 846, 630), (18, 846, 630), (18, 864, 630), (36, 846, 630), (18, 864, 612)]	(9423, 11383, 9359, 10075, 11634, 11013, 5402, 10544, 5196, 7082, 6436, 9776, 5716, 6256, 7289, 7804, 11407, 19893, 15315, 9134, 16479, 14618, 12042, 2058)
left	y	720918	(569, 190)	[(54, 828, 630), (54, 828, 648), (36, 846, 648), (36, 828, 684), (72, 846, 666), (54, 846, 648), (72, 864, 576), (72, 828, 576), (90, 828, 648), (72, 846, 630), (90, 846, 630), (72, 846, 630), (90, 846, 630), (72, 846, 594), (90, 846, 612), (90, 846, 648), (90, 846, 594), (54, 846, 576), (108, 828, 630), (90, 864, 612), (72, 864, 648), (54, 864, 630), (54, 846, 648), (90, 846, 612), (90, 846, 576)]	(9435, 11315, 9377, 10085, 11682, 11765, 5250, 9685, 5020, 7107, 6376, 9541, 5645, 6253, 7263, 7642, 11352, 19876, 15472, 9096, 16527, 14610, 12024, 2060)
right	v	722252	(726, 262)	[(72, 846, 630), (72, 846, 630), (72, 846, 630), (72, 846, 612), (72, 846, 630), (54, 846, 648), (90, 846, 612), (72, 846, 612), (54, 828, 666), (54, 828, 684), (90, 846, 594), (72, 846, 648), (54, 828, 666), (72, 846, 630), (54, 846, 630), (36, 846, 630), (36, 846, 630), (72, 864, 630), (72, 846, 648), (72, 828, 612), (54, 846, 630), (72, 864, 630), (54, 846, 648), (54, 846, 630), (72, 828, 648)]	(9432, 11328, 9378, 10084, 11671, 11393, 5454, 10256, 5253, 7112, 6537, 9960, 5771, 6275, 7305, 7778, 11402, 19903, 15539, 9124, 16540, 14611, 12040, 2068)
right	x	724105	(734, 361)	[(72, 846, 648), (72, 828, 630), (72, 864, 630), (54, 864, 630), (54, 846, 612), (54, 846, 630), (54, 846, 648), (72, 864, 630), (72, 864, 666), (90, 864, 684), (36, 864, 594), (72, 864, 450), (36, 846, 612), (36, 846, 630), (72, 846, 594), (72, 864, 576), (18, 846, 666), (18, 864, 684), (18, 846, 630), (0, 864, 576), (18, 846, 594), (54, 846, 630), (54, 846, 630), (36, 846, 666), (18, 882, 612)]	(9419, 11372, 9362, 10060, 11635, 10967, 5369, 10194, 5174, 7087, 6471, 9929, 5744, 6276, 7297, 7815, 11420, 19884, 15491, 9113, 16385, 14523, 12021, 2066)
right	s	725697	(652, 391)	[(54, 828, 630), (36, 828, 648), (36, 846, 630), (54, 846, 648), (54, 846, 666), (54, 846, 630), (54, 846, 648), (54, 828, 666), (54, 846, 612), (54, 828, 648), (36, 846, 648), (54, 828, 648), (72, 846, 630), (72, 846, 630), (72, 828, 666), (36, 864, 612), (54, 864, 630), (72, 864, 648), (0, 846, 648), (18, 846, 612), (0, 846, 594), (18, 810, 576), (-108, 864, 612), (0, 846, 666), (54, 864, 666)]	(9450, 11595, 9410, 10103, 11657, 11160, 5224, 9016, 5002, 7042, 6200, 8550, 5617, 6266, 7276, 8048, 11483, 19935, 15415, 9217, 16543, 14735, 12064, 2064)
left	q	727854	(568, 463)	[(36, 846, 630), (36, 846, 630), (36, 846, 648), (36, 846, 648), (18, 846, 630), (18, 846, 630), (36, 846, 648), (36, 846, 630), (36, 846, 648), (18, 846, 648), (36, 846, 648), (18, 846, 648), (36, 828, 648), (18, 828, 648), (18, 846, 630), (36, 846, 648), (54, 846, 630), (72, 846, 648), (18, 846, 666), (72, 864, 648), (54, 846, 594), (36, 846, 612), (36, 864, 630), (18, 864, 648), (36, 846, 630)]	(9426, 11462, 9373, 10077, 11635, 11154, 5362, 9707, 5162, 7075, 6363, 9694, 5715, 6248, 7276, 7880, 11427, 19904, 15407, 9206, 16589, 14763, 12053, 2056)
left	o	731094	(589, 92)	[(72, 864, 630), (54, 846, 666), (-36, 864, 612), (18, 846, 612), (72, 846, 684), (54, 864, 666), (90, 864, 540), (90, 846, 576), (144, 846, 648), (144, 846, 612), (126, 882, 594), (126, 864, 630), (108, 864, 576), (90, 864, 612), (90, 864, 594), (126, 882, 576), (126, 846, 612), (108, 864, 612), (108, 864, 630), (72, 864, 594), (72, 864, 612), (90, 864, 612), (90, 864, 576), (144, 846, 612), (90, 846, 630)]	(9465, 11182, 9403, 10098, 11680, 11842, 5110, 8759, 4991, 7076, 6270, 9970, 5946, 6235, 7270, 7476, 11271, 19816, 15551, 9033, 16535, 14527, 12004, 2056)
left	s	732693	(641, 390)	[(90, 846, 612), (72, 846, 630), (90, 846, 630), (72, 846, 630), (72, 846, 630), (72, 846, 630), (72, 828, 612), (72, 846, 630), (72, 846, 630), (90, 846, 612), (72, 846, 630), (72, 846, 630), (90, 846, 630), (72, 846, 612), (72, 846, 630), (90, 846, 630), (72, 864, 630), (72, 846, 612), (72, 864, 612), (72, 864, 630), (54, 864, 648), (72, 864, 630), (72, 864, 648), (72, 828, 612), (72, 828, 594)]	(9428, 11192, 9357, 10050, 11650, 11393, 5174, 9603, 5057, 7077, 6403, 10225, 5882, 6246, 7290, 7640, 11307, 19849, 15557, 9058, 16544, 14468, 11985, 2055)
left	i	734740	(585, 127)	[(72, 864, 612), (90, 864, 612), (90, 882, 648), (90, 864, 630), (54, 846, 630), (54, 846, 630), (72, 882, 612), (72, 864, 612), (72, 846, 630), (72, 846, 594), (90, 846, 594), (72, 864, 576), (108, 864, 612), (90, 864, 612), (72, 864, 612), (72, 846, 612), (72, 846, 594), (72, 864, 558), (72, 864, 594), (90, 864, 612), (72, 864, 648), (54, 864, 612), (90, 864, 612), (108, 864, 594), (72, 846, 612)]	(9434, 11216, 9356, 10056, 11650, 11215, 5148, 9625, 5071, 7068, 6335, 9970, 5930, 6236, 7281, 7572, 11294, 19850, 15565, 9043, 16570, 14553, 12018, 2063)
right	m	736689	(728, 115)	[(72, 846, 630), (90, 864, 612), (90, 846, 612), (72, 810, 720), (72, 846, 648), (72, 846, 630), (72, 828, 630), (90, 828, 648), (90, 846, 630), (72, 846, 648), (72, 846, 648), (72, 828, 666), (72, 828, 630), (72, 828, 648), (90, 846, 630), (72, 828, 684), (54, 828, 648), (72, 828, 630), (72, 846, 648), (126, 792, 648), (36, 864, 684), (72, 846, 594), (72, 864, 720), (90, 828, 666), (72, 846, 558)]	(9431, 11229, 9363, 10050, 11640, 11113, 5251, 9850, 5089, 7066, 6426, 9987, 5759, 6255, 7294, 7750, 11361, 19900, 15619, 9120, 16601, 14620, 12040, 2063)
right	p	738546	(558, 23)	[(72, 846, 630), (72, 846, 612), (54, 846, 630), (72, 828, 648), (72, 846, 630), (72, 846, 630), (90, 846, 648), (90, 828, 630), (72, 846, 612), (90, 846, 648), (72, 846, 630), (72, 846, 648), (72, 846, 630), (54, 846, 630), (72, 846, 648), (90, 864, 612), (72, 828, 648), (72, 846, 612), (54, 846, 630), (126, 828, 612), (36, 846, 630), (72, 864, 648), (72, 864, 648), (72, 828, 612), (54, 846, 630)]	(9431, 11247, 9343, 10053, 11651, 11157, 5293, 9634, 5071, 7078, 6440, 9836, 5737, 6249, 7295, 7749, 11357, 19878, 15545, 9117, 16544, 14576, 12037, 2060)
right	j	741223	(656, 142)	[(90, 828, 666), (90, 846, 630), (72, 828, 648), (72, 828, 630), (72, 846, 648), (90, 846, 648), (72, 846, 630), (90, 846, 630), (72, 828, 648), (54, 828, 612), (90, 846, 630), (72, 828, 648), (72, 828, 612), (72, 846, 630), (72, 828, 648), (54, 846, 666), (72, 846, 648), (90, 846, 630), (54, 846, 612), (72, 846, 666), (36, 846, 630), (90, 864, 612), (72, 846, 648), (54, 864, 630), (72, 810, 630)]	(9439, 11265, 9355, 10066, 11640, 11142, 5306, 9679, 5057, 7068, 6486, 9931, 5698, 6254, 7287, 7751, 11356, 19866, 15512, 9101, 16500, 14537, 12027, 2058)
right	e	742762	(567, 371)	[(72, 828, 648), (72, 846, 630), (54, 846, 630), (72, 828, 630), (90, 828, 648), (54, 828, 630), (72, 846, 648), (72, 846, 630), (72, 846, 648), (126, 828, 630), (108, 828, 612), (90, 846, 612), (18, 864, 576), (36, 864, 630), (36, 828, 738), (18, 810, 702), (36, 828, 666), (36, 828, 630), (18, 846, 612), (0, 828, 612), (-18, 846, 522), (-72, 864, 594), (0, 828, 702), (18, 846, 684), (18, 846, 630)]	(9429, 11488, 9376, 10082, 11644, 11199, 5411, 9697, 5020, 7051, 6340, 8785, 5514, 6282, 7291, 8010, 11521, 19916, 15325, 9200, 16363, 14715, 12064, 2059)
right	l	744489	(662, 48)	[(90, 864, 558), (90, 828, 648), (72, 828, 648), (90, 846, 594), (54, 846, 648), (54, 846, 648), (72, 846, 630), (72, 846, 648), (72, 846, 612), (90, 846, 576), (72, 828, 648), (54, 828, 666), (72, 846, 648), (54, 846, 648), (72, 846, 630), (54, 828, 630), (72, 846, 648), (72, 828, 648), (54, 846, 630), (126, 792, 612), (-36, 864, 684), (90, 846, 612), (54, 864, 666), (72, 828, 684), (36, 828, 594)]	(9425, 11279, 9317, 10038, 11639, 11136, 5298, 9361, 4927, 7060, 6359, 9180, 5514, 6246, 7279, 7723, 11382, 19895, 15475, 9139, 16568, 14679, 12048, 2062)
right	u	746840	(557, 172)	[(54, 828, 630), (90, 828, 630), (72, 828, 648), (72, 828, 666), (72, 846, 630), (72, 846, 630), (72, 828, 648), (72, 846, 630), (72, 846, 630), (72, 828, 648), (72, 846, 630), (72, 846, 630), (72, 846, 630), (72, 828, 594), (54, 846, 630), (72, 828, 666), (90, 828, 612), (54, 846, 648), (72, 864, 666), (72, 846, 648), (72, 846, 612), (72, 846, 630), (72, 846, 630), (54, 846, 630), (72, 846, 630)]	(9406, 11266, 9320, 10032, 11615, 10638, 5345, 9908, 5055, 7045, 6375, 9293, 5552, 6230, 7268, 7696, 11380, 19883, 15390, 9138, 16551, 14703, 12042, 2052)
left	v	749345	(741, 250)	[(36, 846, 630), (72, 828, 666), (54, 846, 648), (54, 846, 612), (72, 846, 630), (72, 846, 630), (72, 846, 648), (54, 846, 612), (54, 828, 630), (72, 846, 648), (54, 846, 648), (54, 846, 630), (54, 846, 630), (90, 846, 594), (54, 846, 648), (72, 828, 648), (54, 846, 612), (54, 846, 630), (54, 846, 630), (72, 846, 612), (72, 864, 630), (54, 864, 630), (54, 846, 630), (54, 846, 612), (72, 828, 630)]	(9432, 11343, 9349, 10062, 11646, 10772, 5490, 10248, 5225, 7085, 6482, 9603, 5608, 6246, 7284, 7739, 11402, 19915, 15521, 9162, 16630, 14745, 12062, 2063)
left	a	751266	(662, 471)	[(72, 864, 630), (54, 846, 612), (36, 846, 684), (54, 846, 648), (54, 846, 648), (36, 846, 630), (18, 846, 594), (36, 864, 612), (36, 846, 648), (36, 846, 612), (54, 846, 612), (36, 828, 630), (36, 846, 630), (54, 864, 630), (72, 864, 648), (36, 846, 612), (54, 864, 630), (18, 846, 612), (36, 846, 630), (72, 846, 630), (54, 846, 630), (36, 864, 630), (36, 846, 630), (54, 846, 648), (54, 846, 612)]	(9419, 11401, 9340, 10036, 11614, 10583, 5391, 9717, 5122, 7043, 6358, 9484, 5626, 6243, 7267, 7776, 11400, 19879, 15361, 9164, 16489, 14634, 12038, 2051)
right	d	753415	(652, 350)	[(36, 846, 612), (54, 828, 612), (36, 846, 630), (54, 846, 630), (54, 846, 612), (54, 846, 630), (36, 846, 612), (54, 846, 612), (54, 846, 648), (54, 846, 648), (54, 846, 612), (54, 864, 630), (54, 864, 612), (36, 846, 630), (36, 846, 630), (54, 846, 630), (54, 846, 630), (54, 846, 612), (54, 828, 576), (18, 864, 630), (72, 864, 648), (54, 846, 648), (36, 846, 630), (36, 846, 666), (72, 846, 612)]	(9409, 11354, 9329, 10031, 11614, 10556, 5605, 9958, 5195, 7061, 6525, 9842, 5608, 6265, 7293, 7869, 11423, 19884, 15427, 9155, 16447, 14603, 12045, 2062)
left	y	755211	(583, 201)	[(72, 828, 666), (54, 846, 648), (72, 828, 648), (90, 828, 666), (72, 828, 666), (54, 810, 666), (72, 828, 648), (54, 810, 684), (90, 828, 666), (54, 828, 630), (90, 828, 594), (54, 846, 630), (90, 828, 648), (72, 846, 648), (90, 828, 648), (72, 828, 648), (72, 828, 612), (72, 828, 630), (54, 846, 630), (54, 846, 630), (72, 864, 684), (54, 864, 684), (54, 846, 666), (54, 846, 630), (72, 846, 594)]	(9442, 11348, 9370, 10079, 11686, 11214, 5520, 9886, 5165, 7091, 6555, 10035, 5653, 6246, 7290, 7797, 11400, 19917, 15562, 9150, 16637, 14724, 12050, 2064)
left	h	757263	(651, 202)	[(54, 846, 648), (54, 846, 630), (54, 846, 648), (72, 828, 666), (72, 828, 630), (72, 828, 630), (54, 846, 666), (54, 846, 648), (54, 828, 648), (72, 828, 666), (54, 846, 630), (36, 828, 684), (72, 846, 612), (72, 828, 630), (72, 828, 648), (54, 828, 648), (72, 828, 648), (36, 828, 612), (54, 846, 648), (54, 864, 648), (90, 846, 648), (54, 846, 648), (54, 846, 666), (72, 810, 576), (36, 846, 612)]	(9417, 11248, 9323, 10032, 11642, 10888, 5552, 9683, 5148, 7076, 6577, 9772, 5613, 6250, 7299, 7841, 11385, 19878, 15453, 9130, 16521, 14604, 12029, 2052)
right	c	760349	(742, 296)	[(90, 828, 630), (72, 846, 630), (72, 828, 648), (54, 828, 648), (72, 846, 630), (72, 828, 648), (72, 846, 648), (72, 846, 630), (72, 810, 630), (72, 828, 648), (72, 810, 648), (72, 846, 648), (54, 828, 666), (54, 828, 630), (72, 828, 648), (72, 828, 666), (90, 846, 648), (72, 828, 630), (72, 828, 612), (72, 828, 666), (72, 846, 558), (72, 846, 648), (72, 864, 666), (72, 846, 666), (72, 810, 684)]	(9434, 11301, 9345, 10060, 11654, 11070, 5629, 9852, 5230, 7111, 6598, 9914, 5625, 6252, 7286, 7821, 11383, 19889, 15511, 9132, 16550, 14649, 12034, 2052)
left	z	762957	(725, 413)	[(108, 828, 666), (54, 846, 612), (72, 846, 630), (54, 828, 666), (36, 810, 612), (0, 810, 558), (72, 846, 666), (54, 846, 738), (54, 792, 666), (54, 828, 648), (54, 828, 666), (72, 792, 648), (36, 810, 684), (36, 846, 666), (72, 828, 666), (54, 810, 702), (72, 828, 648), (36, 792, 720), (90, 828, 648), (90, 846, 522), (72, 846, 612), (54, 864, 720), (36, 864, 720), (54, 792, 684), (72, 792, 576)]	(9415, 11284, 9322, 10025, 11623, 10646, 5591, 9808, 5126, 7066, 6548, 9801, 5536, 6250, 7285, 7843, 11400, 19890, 15381, 9150, 16530, 14653, 12045, 2057)
right	r	764512	(587, 319)	[(72, 828, 630), (72, 828, 630), (54, 828, 648), (54, 828, 648), (54, 828, 666), (72, 828, 666), (72, 846, 612), (54, 846, 630), (72, 828, 684), (54, 828, 684), (72, 846, 648), (18, 828, 702), (54, 828, 648), (36, 828, 612), (36, 828, 630), (36, 828, 630), (54, 828, 648), (18, 846, 648), (0, 846, 648), (18, 846, 612), (36, 828, 666), (36, 828, 684), (36, 828, 630), (36, 864, 630), (36, 864, 684)]	(9402, 11350, 9334, 10040, 11614, 10606, 5727, 10201, 5186, 7075, 6523, 9489, 5469, 6257, 7289, 7870, 11491, 19918, 15390, 9197, 16423, 14692, 12059, 2056)
left	w	766817	(564, 401)	[(72, 828, 666), (72, 828, 648), (72, 828, 630), (72, 846, 648), (72, 846, 648), (54, 828, 666), (72, 828, 648), (72, 828, 648), (90, 828, 630), (72, 828, 648), (36, 828, 702), (90, 828, 648), (90, 846, 594), (90, 828, 612), (72, 828, 630), (90, 846, 648), (54, 846, 648), (90, 810, 648), (90, 846, 630), (72, 846, 630), (72, 864, 666), (72, 864, 666), (54, 846, 648), (90, 810, 630), (54, 846, 576)]	(9413, 11320, 9346, 10073, 11652, 10926, 5670, 10263, 5326, 7110, 6573, 9871, 5543, 6245, 7284, 7765, 11398, 19903, 15469, 9163, 16578, 14734, 12049, 2057)
left	p	768980	(567, 15)	[(72, 846, 648), (90, 846, 630), (72, 846, 648), (72, 828, 648), (72, 846, 630), (90, 846, 630), (90, 828, 630), (72, 846, 630), (72, 828, 648), (72, 828, 648), (72, 828, 630), (54, 846, 630), (90, 846, 648), (90, 846, 630), (72, 846, 630), (90, 846, 648), (72, 846, 630), (72, 846, 648), (72, 846, 612), (90, 846, 630), (90, 846, 684), (54, 846, 648), (90, 846, 630), (54, 846, 666), (90, 828, 630)]	(9438, 11318, 9363, 10086, 11657, 11143, 5374, 9816, 5115, 7077, 6415, 9745, 5711, 6230, 7278, 7699, 11371, 19909, 15575, 9138, 16622, 14716, 12042, 2060)
left	q	770771	(583, 468)	[(72, 846, 648), (54, 846, 630), (72, 828, 630), (72, 846, 630), (72, 846, 648), (72, 846, 630), (90, 846, 630), (90, 846, 630), (72, 846, 630), (72, 846, 630), (72, 846, 612), (72, 846, 630), (72, 846, 648), (72, 846, 630), (54, 846, 630), (72, 846, 630), (72, 846, 630), (72, 846, 630), (72, 864, 648), (72, 864, 630), (90, 846, 648), (90, 864, 666), (54, 846, 630), (54, 846, 612), (54, 828, 576)]	(9429, 11269, 9339, 10042, 11629, 10841, 5286, 9866, 5081, 7059, 6372, 9589, 5687, 6226, 7273, 7714, 11376, 19868, 15416, 9140, 16442, 14669, 12033, 2057)
left	w	775940	(568, 397)	[(54, 828, 612), (72, 846, 648), (72, 846, 630), (90, 846, 630), (72, 846, 648), (54, 846, 612), (72, 846, 630), (72, 846, 630), (72, 846, 630), (72, 846, 648), (72, 846, 612), (72, 846, 630), (72, 846, 576), (72, 828, 612), (72, 846, 630), (72, 846, 630), (72, 846, 630), (72, 828, 630), (72, 846, 648), (72, 828, 630), (72, 846, 612), (54, 846, 612), (72, 846, 684), (90, 882, 648), (72, 828, 630)]	(9435, 11314, 9354, 10081, 11643, 10871, 5463, 10261, 5260, 7070, 6479, 9960, 5705, 6233, 7274, 7724, 11377, 19910, 15521, 9173, 16610, 14740, 12055, 2071)
left	n	777569	(738, 178)	[(54, 846, 630), (72, 846, 630), (72, 864, 630), (72, 846, 630), (72, 846, 648), (72, 846, 648), (72, 846, 648), (54, 828, 648), (54, 846, 630), (54, 846, 630), (72, 846, 630), (72, 846, 594), (72, 846, 630), (72, 846, 648), (90, 846, 576), (90, 846, 648), (72, 864, 684), (72, 846, 612), (54, 846, 648), (72, 846, 630), (54, 864, 576), (72, 846, 630), (72, 864, 666), (54, 810, 594), (72, 846, 594)]	(9431, 11306, 9347, 10061, 11642, 10784, 5505, 10405, 5284, 7086, 6496, 9888, 5668, 6236, 7267, 7723, 11367, 19889, 15456, 9146, 16520, 14662, 12041, 2054)
left	n	780172	(740, 172)	[(72, 846, 612), (72, 846, 630), (54, 846, 630), (72, 846, 648), (54, 846, 612), (72, 864, 594), (72, 864, 630), (72, 846, 594), (72, 846, 630), (108, 864, 594), (72, 846, 630), (72, 846, 612), (90, 864, 594), (72, 864, 612), (72, 864, 630), (72, 864, 612), (72, 846, 630), (72, 846, 594), (90, 864, 558), (54, 846, 666), (54, 864, 630), (54, 864, 612), (90, 846, 648), (72, 828, 612), (90, 846, 522)]	(9429, 11308, 9341, 10063, 11644, 10793, 5441, 10331, 5233, 7076, 6450, 9848, 5679, 6230, 7267, 7660, 11354, 19883, 15455, 9133, 16549, 14694, 12053, 2059)
right	g	781916	(659, 258)	[(72, 864, 612), (72, 864, 630), (72, 864, 612), (72, 864, 630), (90, 846, 630), (54, 846, 594), (90, 846, 612), (72, 864, 630), (90, 864, 630), (90, 846, 612), (90, 864, 612), (54, 846, 630), (90, 864, 630), (54, 864, 612), (72, 846, 630), (54, 846, 612), (54, 846, 612), (54, 864, 630), (18, 882, 648), (54, 846, 594), (72, 882, 594), (72, 864, 630), (54, 864, 612), (36, 828, 594), (54, 846, 612)]	(9430, 11331, 9349, 10081, 11626, 10649, 5689, 10859, 5428, 7108, 6565, 10077, 5591, 6242, 7276, 7734, 11391, 19911, 15448, 9171, 16561, 14720, 12049, 2057)
left	s	783471	(666, 384)	[(72, 846, 612), (72, 846, 612), (72, 846, 630), (72, 846, 630), (54, 846, 648), (72, 846, 630), (90, 846, 630), (90, 846, 612), (72, 846, 648), (90, 846, 612), (72, 846, 630), (90, 846, 630), (72, 846, 630), (90, 864, 630), (90, 846, 630), (90, 846, 630), (72, 846, 630), (90, 846, 648), (72, 864, 612), (54, 864, 612), (72, 864, 630), (72, 882, 630), (90, 864, 648), (72, 828, 648), (72, 846, 558)]	(9417, 11262, 9331, 10042, 11623, 10766, 5465, 10126, 5203, 7055, 6478, 9744, 5560, 6231, 7275, 7685, 11362, 19894, 15452, 9153, 16546, 14696, 12044, 2061)
left	v	786326	(728, 256)	[(72, 846, 612), (72, 846, 630), (72, 864, 630), (72, 846, 630), (72, 846, 630), (72, 846, 612), (72, 846, 630), (72, 864, 630), (72, 846, 630), (54, 846, 648), (90, 846, 594), (72, 864, 594), (72, 846, 630), (90, 846, 630), (72, 846, 630), (72, 864, 612), (72, 864, 594), (108, 828, 666), (72, 864, 558), (54, 882, 630), (72, 846, 648), (72, 864, 630), (72, 864, 612), (90, 846, 648), (72, 810, 594)]	(9425, 11278, 9325, 10048, 11621, 10650, 5584, 10518, 5363, 7085, 6505, 9825, 5619, 6240, 7289, 7710, 11362, 19896, 15452, 9149, 16534, 14697, 12040, 2060)
left	j	788265	(662, 155)	[(72, 846, 630), (90, 846, 630), (90, 846, 630), (72, 846, 648), (90, 828, 648), (72, 846, 648), (54, 846, 648), (72, 828, 684), (108, 846, 576), (90, 846, 594), (108, 846, 648), (90, 846, 612), (90, 864, 612), (90, 846, 648), (72, 846, 594), (126, 864, 594), (90, 864, 630), (90, 846, 612), (72, 882, 630), (54, 882, 666), (72, 864, 612), (90, 864, 594), (90, 864, 594), (126, 864, 594), (90, 828, 594)]	(9435, 11340, 9361, 10084, 11659, 10942, 5480, 10431, 5265, 7091, 6460, 9950, 5604, 6222, 7271, 7648, 11339, 19900, 15511, 9143, 16603, 14756, 12055, 2053)
left	i	792089	(564, 143)	[(72, 864, 612), (90, 864, 594), (72, 864, 630), (90, 846, 630), (72, 846, 612), (90, 864, 630), (72, 864, 630), (0, 846, 504), (18, 810, 594), (126, 882, 630), (90, 864, 612), (144, 882, 576), (144, 864, 612), (144, 864, 594), (108, 864, 558), (108, 846, 594), (108, 828, 522), (90, 882, 576), (144, 864, 594), (90, 882, 666), (108, 864, 666), (90, 882, 594), (126, 882, 576), (108, 810, 612), (108, 864, 576)]	(9426, 11218, 9342, 10080, 11635, 10896, 5434, 11159, 5409, 7117, 6506, 10329, 5733, 6229, 7273, 7619, 11328, 19887, 15489, 9113, 16487, 14732, 12052, 2065)
right	n	794038	(721, 147)	[(72, 846, 648), (108, 846, 630), (90, 864, 612), (108, 846, 630), (90, 846, 594), (90, 864, 630), (90, 846, 630), (90, 864, 612), (108, 864, 612), (126, 846, 558), (54, 846, 666), (108, 846, 702), (90, 846, 612), (54, 864, 594), (108, 846, 648), (72, 846, 630), (90, 846, 630), (90, 864, 612), (90, 828, 648), (90, 828, 648), (54, 864, 594), (90, 846, 630), (90, 864, 630), (90, 864, 594), (72, 828, 630)]	(9422, 11251, 9341, 10063, 11636, 10842, 5527, 10968, 5338, 7094, 6535, 10241, 5647, 6244, 7280, 7709, 11366, 19908, 15501, 9141, 16484, 14685, 12045, 2065)
right	j	795881	(645, 143)	[(90, 846, 612), (72, 846, 630), (90, 846, 612), (90, 846, 612), (90, 846, 630), (72, 864, 630), (72, 846, 630), (90, 864, 612), (90, 846, 630), (90, 846, 630), (72, 846, 612), (72, 846, 612), (90, 846, 630), (72, 846, 630), (72, 846, 630), (90, 846, 594), (72, 864, 594), (90, 828, 648), (72, 864, 630), (90, 846, 594), (72, 864, 648), (90, 864, 648), (72, 828, 612), (72, 846, 576), (90, 864, 594)]	(9415, 11215, 9317, 10033, 11620, 10767, 5440, 10684, 5261, 7089, 6487, 10027, 5639, 6239, 7280, 7678, 11353, 19888, 15488, 9130, 16463, 14664, 12039, 2053)
