Please hold the phone in your right hand and type with you right thumb
n	1437562	(730, 155)	[(-126, 738, 684), (-90, 774, 702), (36, 792, 738), (54, 810, 774), (0, 792, 738), (-36, 774, 666), (-54, 774, 648), (18, 792, 684), (36, 792, 684), (36, 792, 684), (0, 810, 648), (-18, 810, 630), (18, 792, 666), (72, 810, 684), (54, 828, 702), (36, 810, 684), (18, 810, 666), (0, 810, 648), (-90, 828, 576), (0, 810, 594), (36, 846, 684), (90, 846, 666), (72, 828, 648), (0, 792, 594), (-72, 792, 594)]	(9363, 11195, 9495, 10427, 11480, 9599, 8513, 6814, 4994, 6935, 6625, 8151, 4564, 6453, 7164, 6918, 11048, 19661, 14953, 8778, 15808, 13261, 12127, 1980)
m	1438890	(747, 95)	[(-36, 810, 666), (-18, 810, 666), (0, 810, 684), (-36, 810, 666), (0, 810, 684), (-54, 810, 702), (-54, 792, 666), (-18, 810, 702), (0, 810, 702), (0, 810, 666), (0, 810, 648), (0, 828, 630), (18, 810, 666), (54, 828, 630), (36, 810, 648), (18, 828, 648), (0, 810, 648), (0, 810, 684), (-54, 792, 666), (-36, 810, 720), (-36, 828, 702), (18, 828, 648), (36, 828, 630), (18, 828, 666), (-54, 774, 630)]	(9341, 11025, 9300, 10139, 11459, 9592, 8521, 7328, 5415, 6955, 6689, 9010, 4617, 6410, 7155, 6908, 11028, 19646, 14919, 8725, 15645, 13239, 12129, 1973)
g	1440414	(672, 232)	[(-54, 828, 648), (-72, 828, 666), (-90, 828, 666), (-72, 810, 666), (-72, 828, 684), (-72, 828, 684), (-36, 810, 666), (-54, 828, 648), (-54, 828, 630), (-54, 810, 648), (-36, 828, 648), (-36, 810, 666), (-54, 810, 666), (-72, 810, 702), (-54, 810, 684), (-54, 810, 666), (-72, 810, 666), (-108, 828, 630), (-72, 810, 576), (0, 864, 720), (36, 846, 720), (-54, 810, 612), (-108, 792, 540), (-144, 810, 540), (-108, 810, 666)]	(9386, 11283, 9512, 10529, 11520, 9720, 9177, 6627, 5248, 6992, 7020, 6912, 4556, 6814, 7173, 6883, 11023, 19660, 15043, 8718, 15787, 13242, 12131, 1976)
a	1441580	(647, 431)	[(-36, 828, 666), (-36, 828, 666), (-36, 828, 648), (-36, 810, 648), (0, 828, 648), (-54, 810, 666), (-18, 828, 648), (-36, 828, 648), (-36, 828, 684), (-54, 828, 684), (-90, 828, 648), (-90, 810, 648), (-90, 828, 720), (-72, 846, 702), (-54, 828, 666), (-54, 828, 648), (-54, 828, 666), (-90, 828, 648), (-54, 828, 648), (-90, 846, 522), (-72, 828, 468), (108, 918, 882), (90, 882, 774), (-72, 828, 540), (-126, 810, 450)]	(9394, 11460, 9881, 10833, 11503, 9654, 8345, 6346, 5081, 6957, 7811, 6674, 4521, 6491, 7149, 6921, 11030, 19641, 15149, 8685, 15652, 13221, 12137, 1985)
c	1442910	(730, 287)	[(0, 846, 648), (0, 846, 666), (-18, 846, 666), (-36, 828, 648), (-54, 828, 666), (-72, 828, 684), (-54, 846, 666), (-54, 828, 630), (-36, 846, 612), (-36, 846, 612), (0, 828, 612), (0, 846, 630), (-36, 846, 630), (-72, 864, 630), (-72, 846, 648), (-72, 828, 648), (-90, 828, 612), (-72, 828, 594), (-72, 810, 648), (-72, 900, 558), (54, 882, 684), (54, 864, 666), (36, 882, 630), (-36, 828, 576), (-162, 792, 432)]	(9381, 11238, 9372, 10305, 11475, 9568, 9036, 6460, 4991, 6995, 8504, 6897, 4553, 6547, 7158, 6945, 11015, 19630, 14985, 8679, 15617, 13216, 12124, 1974)
k	1444123	(641, 99)	[(-36, 864, 630), (0, 846, 612), (0, 846, 594), (-18, 864, 594), (0, 864, 594), (0, 864, 630), (18, 864, 612), (18, 864, 576), (0, 846, 612), (0, 828, 630), (-36, 828, 612), (0, 846, 648), (0, 864, 666), (-36, 846, 648), (-54, 846, 630), (-36, 846, 630), (-36, 846, 648), (18, 846, 648), (18, 828, 576), (-72, 864, 558), (18, 864, 558), (54, 882, 684), (18, 864, 630), (-36, 846, 630), (-90, 828, 540)]	(9375, 11130, 9286, 10095, 11471, 9585, 9234, 6592, 5043, 6995, 9348, 7035, 4579, 6599, 7164, 6950, 10999, 19622, 14905, 8675, 15569, 13201, 12128, 1966)
u	1445457	(581, 165)	[(-36, 846, 630), (-54, 846, 612), (-36, 846, 594), (-36, 846, 612), (18, 846, 666), (36, 864, 648), (0, 846, 594), (-18, 846, 612), (0, 864, 630), (0, 846, 612), (0, 846, 612), (-18, 846, 630), (-54, 846, 630), (-18, 864, 630), (-36, 846, 630), (-36, 864, 612), (-36, 864, 612), (0, 864, 630), (18, 864, 612), (0, 864, 576), (0, 846, 594), (18, 864, 666), (18, 864, 666), (0, 864, 594), (-36, 846, 594)]	(9382, 11191, 9343, 10176, 11480, 9586, 9242, 6481, 4912, 6965, 8535, 6982, 4556, 6505, 7157, 6922, 11010, 19615, 14901, 8675, 15585, 13197, 12117, 1970)
w	1446689	(582, 389)	[(0, 846, 612), (-18, 846, 594), (-36, 846, 630), (18, 846, 630), (0, 846, 648), (0, 846, 612), (0, 846, 612), (-18, 846, 630), (-36, 846, 612), (-54, 864, 666), (-72, 846, 630), (-54, 828, 594), (-90, 828, 666), (-108, 846, 702), (-72, 846, 702), (-126, 846, 630), (-108, 864, 558), (-72, 864, 576), (0, 882, 612), (0, 864, 594), (-90, 900, 558), (-90, 846, 486), (36, 918, 684), (90, 918, 792), (-36, 882, 648)]	(9388, 11376, 9739, 10696, 11458, 9534, 8137, 6298, 4890, 6983, 9868, 6727, 4514, 6163, 7133, 7116, 10996, 19623, 15040, 8662, 15505, 13194, 12135, 1972)
q	1447901	(586, 450)	[(-36, 864, 612), (0, 864, 612), (18, 864, 630), (18, 846, 630), (54, 846, 612), (36, 846, 648), (-36, 828, 630), (-36, 828, 612), (0, 846, 648), (-54, 846, 648), (-36, 846, 612), (-36, 828, 630), (-18, 846, 684), (-54, 828, 666), (-72, 846, 684), (-54, 846, 702), (-54, 810, 702), (-108, 828, 666), (-162, 882, 594), (-162, 828, 342), (36, 918, 594), (54, 900, 810), (-36, 918, 558), (-36, 846, 432), (-144, 864, 360)]	(9393, 11401, 9704, 10627, 11430, 9427, 6874, 5899, 4362, 6874, 9231, 6372, 4461, 6055, 7140, 7257, 10981, 19577, 15069, 8629, 15285, 13171, 12120, 1972)
b	1449376	(745, 204)	[(0, 846, 594), (-36, 846, 630), (-36, 846, 648), (-54, 846, 630), (-54, 846, 630), (0, 846, 630), (18, 846, 630), (0, 846, 648), (-36, 846, 630), (18, 864, 612), (0, 846, 630), (-36, 846, 648), (-54, 846, 648), (-54, 828, 648), (-36, 846, 630), (18, 846, 630), (0, 846, 630), (18, 846, 630), (-18, 828, 648), (-54, 846, 648), (-36, 846, 540), (18, 864, 702), (0, 864, 666), (-54, 828, 594), (-126, 810, 576)]	(9376, 11107, 9204, 9940, 11417, 9424, 7635, 6501, 4607, 6922, 9323, 6945, 4607, 6066, 7126, 7126, 10978, 19571, 14834, 8642, 15316, 13171, 12119, 1982)
s	1450489	(674, 374)	[(18, 846, 630), (0, 846, 612), (18, 846, 594), (36, 846, 630), (18, 846, 630), (18, 846, 612), (18, 828, 612), (-36, 846, 648), (-72, 828, 684), (-72, 828, 702), (-72, 828, 684), (-90, 846, 612), (-72, 828, 594), (-36, 846, 684), (18, 864, 630), (-36, 846, 630), (-36, 846, 594), (-54, 846, 594), (-72, 864, 612), (-90, 882, 648), (-108, 846, 558), (-72, 864, 576), (18, 882, 630), (0, 864, 630), (-90, 846, 558)]	(9377, 11261, 9462, 10460, 11423, 9482, 7758, 6505, 4849, 6989, 11485, 6797, 4583, 6099, 7152, 7333, 10992, 19599, 15052, 8646, 15320, 13172, 12122, 1979)
l	1451725	(663, 6)	[(36, 864, 612), (36, 864, 612), (18, 864, 612), (0, 864, 612), (-54, 846, 648), (-72, 846, 612), (-72, 846, 576), (-36, 846, 630), (-54, 828, 666), (-36, 846, 666), (18, 846, 666), (0, 828, 648), (0, 828, 612), (0, 846, 648), (-36, 846, 630), (-54, 828, 648), (-72, 828, 648), (-54, 846, 648), (-72, 810, 630), (0, 828, 540), (36, 864, 666), (54, 864, 648), (54, 864, 648), (18, 846, 648), (-72, 828, 558)]	(9359, 10996, 9135, 9847, 11402, 9429, 7370, 6472, 4588, 6970, 11915, 6856, 4587, 6059, 7141, 7323, 10969, 19585, 14888, 8637, 15315, 13159, 12118, 1964)
y	1453034	(585, 220)	[(0, 846, 648), (-54, 846, 630), (-72, 846, 594), (-90, 846, 612), (-54, 864, 648), (-36, 846, 666), (-36, 846, 630), (0, 846, 630), (-36, 846, 630), (0, 864, 612), (-18, 864, 612), (-36, 864, 594), (-54, 864, 594), (-54, 828, 594), (-90, 846, 594), (-90, 846, 630), (-54, 846, 648), (-36, 864, 648), (0, 846, 612), (-54, 864, 648), (-90, 846, 504), (0, 864, 630), (72, 882, 666), (18, 864, 612), (-72, 864, 522)]	(9361, 11082, 9216, 9973, 11415, 9434, 7699, 6591, 4760, 7003, 12765, 7018, 4620, 6081, 7156, 7388, 10990, 19593, 14902, 8634, 15309, 13168, 12123, 1971)
n	1454146	(730, 161)	[(0, 846, 648), (18, 864, 612), (-18, 846, 612), (-54, 864, 648), (-36, 846, 648), (-36, 846, 612), (-36, 864, 612), (0, 864, 594), (36, 864, 612), (18, 864, 630), (-18, 846, 612), (-36, 864, 558), (-18, 864, 648), (-18, 846, 630), (-36, 864, 630), (-36, 846, 648), (0, 846, 648), (-18, 864, 612), (-18, 846, 594), (-36, 846, 630), (0, 864, 612), (-18, 846, 630), (-36, 882, 648), (-18, 846, 594), (-36, 846, 630)]	(9352, 11033, 9184, 9895, 11403, 9425, 7562, 6570, 4725, 6957, 12453, 6986, 4590, 6080, 7154, 7385, 10968, 19595, 14909, 8639, 15314, 13164, 12125, 1977)
t	1455628	(581, 263)	[(-54, 846, 666), (-36, 846, 666), (0, 864, 594), (18, 864, 594), (18, 846, 612), (0, 846, 612), (-54, 864, 648), (-54, 846, 612), (-36, 864, 594), (0, 846, 612), (36, 864, 594), (0, 864, 594), (0, 864, 630), (-36, 864, 594), (0, 864, 612), (0, 864, 630), (-36, 864, 612), (-36, 864, 612), (-36, 864, 594), (-54, 864, 558), (-90, 882, 558), (18, 864, 612), (54, 900, 666), (54, 900, 630), (0, 846, 540)]	(9360, 11106, 9236, 10029, 11415, 9433, 7718, 6656, 4836, 6993, 12594, 7099, 4656, 6079, 7144, 7363, 10996, 19589, 14932, 8640, 15326, 13168, 12120, 1975)
e	1456794	(594, 344)	[(-36, 864, 594), (0, 864, 612), (-36, 846, 630), (-54, 846, 648), (-54, 846, 630), (-18, 864, 630), (18, 864, 594), (18, 864, 558), (18, 882, 558), (0, 864, 612), (0, 882, 630), (0, 846, 576), (0, 864, 594), (-36, 882, 630), (-54, 864, 612), (-54, 864, 594), (-54, 864, 594), (-36, 864, 594), (-36, 882, 630), (-54, 882, 558), (-18, 882, 576), (54, 900, 630), (54, 918, 630), (-54, 864, 522), (-108, 846, 432)]	(9364, 11240, 9473, 10472, 11404, 9404, 7489, 6241, 4516, 6938, 11041, 6717, 4572, 6064, 7127, 7294, 10992, 19598, 14998, 8637, 15311, 13175, 12130, 1973)
o	1458799	(603, 98)	[(18, 846, 648), (18, 846, 612), (36, 846, 612), (36, 864, 612), (18, 846, 648), (18, 864, 630), (0, 846, 630), (-54, 810, 666), (36, 846, 702), (90, 846, 702), (-36, 846, 594), (-36, 810, 630), (-36, 828, 666), (36, 864, 684), (72, 828, 648), (36, 828, 630), (18, 828, 612), (18, 846, 576), (36, 864, 576), (18, 846, 612), (-18, 846, 630), (18, 864, 684), (0, 846, 720), (-54, 846, 666), (-90, 810, 576)]	(9355, 11067, 9180, 9928, 11422, 9447, 7689, 6468, 4652, 6968, 10361, 6813, 4563, 6068, 7140, 7205, 10983, 19577, 14819, 8635, 15338, 13168, 12106, 1978)
i	1461210	(597, 148)	[(-54, 846, 684), (0, 828, 684), (72, 846, 666), (54, 846, 594), (18, 828, 576), (18, 864, 630), (-54, 846, 648), (-36, 846, 612), (18, 846, 594), (18, 828, 666), (-36, 828, 720), (-36, 828, 666), (-36, 828, 630), (-36, 828, 612), (18, 846, 612), (36, 846, 648), (18, 846, 648), (18, 846, 648), (-36, 846, 612), (-72, 846, 594), (-126, 864, 540), (126, 882, 684), (126, 900, 810), (54, 846, 630), (-90, 810, 432)]	(9356, 11058, 9238, 10035, 11401, 9448, 7589, 6585, 4836, 6983, 11724, 7183, 4630, 6073, 7146, 7262, 10965, 19591, 14873, 8641, 15347, 13170, 12125, 1970)
c	1462477	(743, 275)	[(36, 864, 630), (18, 846, 630), (36, 846, 594), (-18, 828, 612), (-36, 846, 648), (18, 846, 666), (18, 846, 630), (0, 846, 594), (0, 846, 594), (36, 864, 612), (36, 864, 648), (18, 846, 630), (-18, 846, 612), (-36, 846, 630), (-36, 828, 666), (-18, 846, 630), (-36, 846, 594), (-18, 846, 612), (18, 846, 684), (-54, 864, 594), (18, 846, 594), (0, 864, 648), (36, 864, 666), (-36, 864, 648), (-90, 810, 522)]	(9362, 11122, 9286, 10189, 11402, 9417, 7687, 6624, 4842, 6936, 11661, 6959, 4618, 6071, 7148, 7308, 10993, 19601, 14968, 8647, 15373, 13175, 12120, 1982)
f	1463760	(675, 272)	[(-36, 828, 630), (18, 828, 648), (54, 846, 648), (36, 846, 630), (-18, 846, 630), (-36, 846, 630), (-54, 828, 648), (-54, 846, 630), (-18, 828, 648), (18, 846, 666), (18, 846, 666), (18, 864, 630), (-36, 846, 630), (-36, 846, 594), (-36, 846, 612), (0, 846, 684), (-36, 846, 666), (-36, 846, 648), (-54, 846, 504), (36, 864, 630), (54, 882, 648), (36, 864, 612), (0, 846, 576), (-54, 846, 540), (-54, 846, 630)]	(9358, 11134, 9292, 10164, 11412, 9470, 7741, 6606, 4824, 6960, 11488, 7029, 4606, 6080, 7151, 7256, 10978, 19600, 14979, 8640, 15360, 13172, 12128, 1977)
k	1464925	(662, 107)	[(18, 846, 630), (0, 864, 576), (18, 864, 630), (18, 864, 648), (0, 846, 630), (-18, 846, 612), (-36, 846, 594), (36, 864, 630), (0, 864, 630), (0, 846, 594), (0, 864, 594), (18, 864, 594), (36, 882, 630), (18, 864, 648), (18, 864, 612), (0, 864, 612), (-36, 846, 630), (-36, 846, 594), (-54, 846, 612), (-54, 882, 576), (-36, 864, 558), (18, 882, 648), (0, 864, 630), (-18, 864, 594), (-54, 846, 540)]	(9352, 11045, 9243, 10011, 11402, 9425, 7715, 6610, 4820, 6987, 11860, 7151, 4619, 6072, 7143, 7313, 10992, 19582, 14940, 8645, 15356, 13178, 12125, 1978)
d	1466208	(664, 313)	[(18, 864, 594), (18, 882, 612), (0, 846, 612), (-54, 846, 612), (-90, 828, 630), (0, 846, 684), (-36, 846, 630), (-36, 864, 594), (18, 864, 558), (36, 882, 558), (36, 882, 540), (-36, 864, 576), (-36, 846, 648), (-54, 864, 666), (-54, 846, 630), (-72, 846, 594), (-36, 864, 612), (-36, 864, 648), (-36, 900, 594), (0, 864, 468), (36, 882, 684), (54, 882, 630), (18, 882, 594), (-54, 846, 522), (-126, 846, 450)]	(9368, 11175, 9356, 10251, 11416, 9443, 7792, 6624, 4905, 7003, 11720, 7030, 4617, 6067, 7142, 7281, 10983, 19603, 14992, 8640, 15368, 13178, 12123, 1975)
v	1467455	(745, 237)	[(-36, 846, 630), (0, 864, 612), (0, 864, 594), (18, 864, 594), (18, 864, 612), (18, 846, 612), (18, 846, 612), (18, 864, 612), (18, 864, 630), (18, 864, 630), (18, 846, 630), (0, 846, 594), (0, 846, 630), (18, 846, 612), (0, 846, 630), (18, 864, 612), (-18, 846, 648), (-36, 828, 630), (-54, 864, 576), (90, 882, 684), (90, 882, 702), (36, 864, 594), (-72, 846, 558), (-108, 846, 522), (-18, 846, 612)]	(9352, 11085, 9249, 10086, 11398, 9406, 7649, 6547, 4780, 6941, 11843, 7081, 4614, 6071, 7149, 7330, 10984, 19587, 14917, 8643, 15357, 13168, 12126, 1968)
u	1468754	(577, 170)	[(18, 846, 648), (36, 846, 630), (18, 846, 612), (0, 846, 648), (-36, 828, 648), (-18, 828, 630), (-36, 846, 648), (-18, 864, 666), (18, 846, 630), (0, 864, 558), (0, 846, 558), (0, 846, 594), (0, 864, 666), (0, 846, 666), (-36, 846, 630), (-36, 846, 576), (0, 864, 612), (36, 864, 648), (18, 864, 630), (-72, 846, 486), (-90, 846, 504), (36, 882, 630), (126, 900, 756), (90, 864, 648), (-36, 846, 504)]	(9349, 11047, 9240, 10032, 11401, 9425, 7631, 6536, 4825, 7016, 12219, 7108, 4613, 6082, 7151, 7329, 10987, 19588, 14905, 8639, 15338, 13173, 12114, 1980)
h	1469934	(666, 203)	[(0, 864, 648), (18, 864, 576), (18, 846, 576), (36, 846, 576), (36, 864, 630), (18, 846, 612), (0, 864, 612), (-36, 846, 612), (0, 846, 630), (36, 846, 666), (54, 846, 630), (18, 864, 612), (0, 864, 594), (18, 864, 612), (36, 864, 612), (18, 846, 612), (18, 846, 594), (-36, 882, 504), (54, 882, 666), (54, 882, 720), (18, 864, 594), (-36, 846, 576), (-36, 864, 522), (54, 864, 666), (36, 864, 702)]	(9352, 11027, 9206, 10003, 11394, 9403, 7532, 6517, 4747, 6981, 11842, 7053, 4603, 6070, 7145, 7332, 10982, 19588, 14906, 8648, 15345, 13171, 12116, 1973)
g	1471349	(658, 246)	[(18, 846, 558), (0, 864, 558), (18, 846, 594), (36, 864, 630), (36, 864, 648), (0, 846, 630), (-36, 864, 594), (-18, 846, 594), (18, 864, 612), (36, 864, 630), (18, 864, 612), (-36, 846, 594), (0, 846, 612), (36, 864, 630), (36, 864, 648), (36, 864, 612), (0, 846, 576), (-54, 846, 594), (-36, 846, 630), (-36, 846, 576), (54, 882, 684), (54, 864, 702), (0, 846, 576), (-36, 864, 540), (-36, 846, 522)]	(9361, 11087, 9310, 10168, 11402, 9424, 7757, 6679, 4870, 6988, 12177, 7072, 4638, 6083, 7150, 7342, 10988, 19595, 14936, 8643, 15357, 13180, 12120, 1960)
m	1472478	(745, 109)	[(54, 846, 648), (54, 846, 630), (36, 846, 648), (18, 846, 630), (18, 846, 612), (36, 864, 612), (18, 864, 594), (0, 864, 576), (36, 864, 594), (18, 864, 594), (36, 846, 576), (36, 828, 576), (36, 828, 612), (18, 846, 666), (18, 828, 720), (18, 846, 720), (-36, 828, 612), (-36, 828, 612), (-18, 846, 630), (36, 846, 666), (54, 828, 684), (36, 828, 612), (18, 828, 540), (72, 864, 684), (54, 846, 684)]	(9350, 11079, 9304, 10121, 11399, 9445, 7563, 6575, 4775, 6968, 11201, 7138, 4642, 6071, 7145, 7255, 10976, 19591, 14950, 8640, 15363, 13180, 12121, 1980)
p	1472870	(739, 108)	[(0, 864, 576), (36, 864, 594), (18, 864, 594), (36, 846, 576), (36, 828, 576), (36, 828, 612), (18, 846, 666), (18, 828, 720), (18, 846, 720), (-36, 828, 612), (-36, 828, 612), (-18, 846, 630), (36, 846, 666), (54, 828, 684), (36, 828, 612), (18, 828, 540), (72, 864, 684), (54, 846, 684), (-72, 810, 558), (72, 828, 702), (36, 846, 648), (36, 828, 630), (18, 828, 666), (0, 828, 648), (0, 846, 630)]	(9344, 11010, 9254, 10009, 11385, 9442, 7431, 6606, 4800, 6977, 11380, 7072, 4626, 6057, 7151, 7279, 10990, 19589, 14913, 8640, 15356, 13175, 12120, 1975)
j	1474601	(635, 142)	[(36, 828, 684), (36, 846, 684), (36, 846, 612), (54, 828, 576), (54, 846, 648), (18, 846, 612), (54, 828, 630), (72, 828, 648), (36, 846, 666), (0, 846, 630), (36, 828, 612), (72, 846, 630), (54, 828, 666), (0, 846, 666), (0, 846, 630), (-18, 846, 630), (36, 828, 612), (36, 828, 648), (36, 846, 702), (0, 846, 594), (18, 828, 576), (54, 846, 612), (90, 846, 684), (72, 864, 702), (18, 828, 648)]	(9359, 11081, 9310, 10113, 11406, 9457, 7656, 6655, 4815, 6938, 11412, 7260, 4627, 6061, 7139, 7225, 10981, 19593, 14935, 8640, 15372, 13179, 12122, 1981)
f	1475884	(668, 273)	[(-36, 828, 684), (0, 828, 612), (18, 828, 612), (18, 828, 648), (18, 828, 648), (36, 828, 666), (18, 846, 648), (18, 828, 684), (18, 846, 684), (0, 828, 648), (-54, 810, 594), (-54, 828, 612), (0, 846, 648), (36, 846, 648), (18, 846, 648), (36, 846, 612), (36, 846, 630), (18, 828, 648), (0, 846, 648), (-36, 864, 558), (54, 864, 666), (126, 882, 684), (72, 846, 630), (0, 828, 522), (-108, 846, 504)]	(9355, 11105, 9315, 10148, 11396, 9426, 7604, 6646, 4879, 6955, 11527, 7170, 4608, 6083, 7152, 7293, 10985, 19591, 14913, 8641, 15364, 13178, 12121, 1970)
s	1477166	(674, 363)	[(18, 846, 648), (0, 828, 648), (-36, 846, 648), (-18, 828, 666), (54, 846, 612), (36, 828, 648), (18, 828, 648), (18, 846, 666), (-18, 846, 684), (-36, 828, 630), (0, 846, 612), (18, 846, 630), (18, 846, 648), (18, 846, 648), (-18, 846, 648), (-18, 846, 612), (-36, 846, 630), (0, 846, 630), (-54, 846, 594), (-36, 864, 558), (36, 864, 612), (54, 864, 684), (36, 846, 684), (-54, 846, 594), (-90, 828, 558)]	(9372, 11258, 9475, 10447, 11419, 9443, 7895, 6542, 4765, 6964, 10966, 6938, 4616, 6073, 7144, 7208, 10983, 19599, 15002, 8640, 15364, 13178, 12126, 1980)
x	1479053	(739, 333)	[(18, 846, 630), (18, 846, 612), (18, 828, 612), (0, 828, 612), (0, 846, 630), (18, 864, 594), (0, 828, 648), (0, 828, 630), (-36, 846, 594), (0, 828, 612), (0, 846, 630), (18, 828, 630), (18, 828, 666), (18, 846, 612), (18, 828, 630), (0, 846, 630), (0, 828, 630), (-36, 828, 648), (-72, 846, 648), (-54, 846, 522), (54, 864, 702), (72, 846, 702), (54, 846, 666), (-54, 828, 612), (-108, 846, 558)]	(9366, 11208, 9461, 10299, 11392, 9381, 6628, 6675, 4725, 6948, 11771, 7114, 4660, 6076, 7160, 7820, 11000, 19589, 14988, 8645, 15356, 13175, 12115, 1974)
i	1481108	(575, 118)	[(36, 810, 666), (18, 810, 684), (0, 810, 666), (18, 810, 684), (18, 810, 684), (18, 810, 684), (18, 810, 648), (0, 810, 666), (36, 810, 684), (-54, 828, 630), (-54, 828, 666), (18, 828, 666), (18, 810, 648), (36, 828, 648), (0, 828, 630), (0, 828, 630), (0, 828, 630), (0, 846, 684), (-36, 828, 666), (-54, 828, 558), (36, 828, 648), (72, 864, 756), (54, 828, 720), (18, 846, 648), (-54, 810, 594)]	(9348, 11074, 9394, 10110, 11394, 9401, 6868, 6974, 4916, 6976, 12399, 7323, 4672, 6088, 7167, 7820, 10990, 19596, 14961, 8647, 15357, 13176, 12116, 1966)
e	1482297	(569, 314)	[(18, 828, 648), (0, 828, 630), (0, 828, 648), (0, 828, 648), (0, 828, 666), (36, 828, 666), (0, 828, 684), (-54, 828, 648), (18, 828, 648), (18, 828, 648), (-18, 828, 666), (-18, 828, 666), (18, 828, 666), (18, 810, 666), (-36, 828, 666), (-18, 828, 630), (0, 828, 648), (18, 828, 684), (0, 828, 702), (-36, 810, 684), (-54, 828, 630), (18, 882, 612), (36, 846, 594), (-36, 846, 540), (0, 846, 576)]	(9361, 11163, 9484, 10348, 11381, 9356, 6637, 6668, 4756, 6951, 11860, 7037, 4662, 6086, 7155, 7733, 10983, 19582, 14962, 8639, 15334, 13169, 12115, 1974)
y	1482690	(581, 314)	[(-54, 828, 648), (18, 828, 648), (18, 828, 648), (-18, 828, 666), (-18, 828, 666), (18, 828, 666), (18, 810, 666), (-36, 828, 666), (-18, 828, 630), (0, 828, 648), (18, 828, 684), (0, 828, 702), (-36, 810, 684), (-54, 828, 630), (18, 882, 612), (36, 846, 594), (-36, 846, 540), (0, 846, 576), (-54, 846, 612), (18, 864, 684), (-36, 846, 666), (-126, 846, 450), (0, 846, 576), (54, 846, 720), (36, 864, 774)]	(9344, 11082, 9383, 10236, 11378, 9403, 6760, 6736, 4879, 6944, 12296, 6931, 4663, 6084, 7166, 7883, 10985, 19591, 15009, 8636, 15347, 13176, 12122, 1988)
o	1484470	(577, 89)	[(0, 828, 630), (18, 810, 648), (18, 828, 648), (0, 810, 648), (18, 810, 666), (18, 846, 666), (36, 828, 648), (0, 828, 648), (-36, 828, 666), (18, 828, 666), (0, 828, 684), (0, 828, 666), (18, 828, 666), (-36, 828, 630), (-18, 846, 630), (18, 846, 648), (36, 828, 648), (0, 828, 648), (-54, 846, 594), (18, 810, 648), (18, 828, 720), (18, 846, 720), (0, 828, 648), (-54, 828, 558), (-54, 810, 594)]	(9347, 11057, 9406, 10151, 11385, 9403, 6768, 6939, 4949, 6962, 12610, 7285, 4674, 6085, 7163, 7903, 10997, 19588, 14946, 8629, 15347, 13174, 12122, 1976)
a	1485700	(660, 419)	[(-36, 810, 666), (18, 828, 684), (36, 828, 666), (0, 828, 666), (-36, 810, 648), (0, 828, 648), (-36, 828, 666), (-18, 828, 648), (18, 828, 666), (0, 828, 666), (-36, 828, 666), (-36, 828, 648), (-18, 828, 630), (0, 828, 630), (0, 828, 648), (18, 828, 648), (-72, 828, 612), (-72, 810, 630), (-72, 846, 756), (-72, 828, 540), (36, 882, 612), (72, 900, 756), (90, 882, 774), (-36, 846, 540), (-126, 792, 414)]	(9367, 11345, 9654, 10614, 11399, 9396, 6770, 6347, 4633, 6906, 10383, 6754, 4570, 6067, 7154, 7607, 10992, 19589, 15055, 8641, 15308, 13172, 12114, 1971)
b	1486914	(737, 212)	[(-54, 828, 666), (-54, 828, 666), (-54, 828, 666), (-72, 828, 648), (-54, 828, 666), (-54, 828, 630), (-36, 828, 666), (-36, 828, 648), (-36, 828, 648), (-36, 828, 666), (-36, 828, 666), (-54, 828, 630), (-36, 828, 648), (0, 828, 702), (-36, 828, 702), (-54, 828, 702), (-72, 810, 684), (-90, 810, 684), (-72, 810, 684), (-90, 810, 720), (-126, 828, 666), (-72, 828, 540), (18, 846, 684), (36, 846, 702), (-36, 828, 702)]	(9359, 11090, 9234, 9950, 11388, 9426, 6921, 6716, 4709, 6961, 13223, 6832, 4610, 6088, 7172, 7926, 10985, 19567, 14832, 8626, 15236, 13159, 12117, 1977)
z	1488126	(736, 372)	[(-54, 810, 666), (-54, 828, 666), (0, 828, 666), (-54, 828, 666), (-54, 810, 648), (-36, 810, 648), (-36, 828, 648), (-36, 810, 648), (-18, 828, 630), (-54, 810, 648), (-54, 810, 666), (-72, 810, 666), (-72, 810, 666), (-72, 828, 684), (-72, 810, 702), (-36, 810, 684), (-54, 810, 684), (-72, 792, 702), (-72, 810, 666), (-90, 792, 630), (-126, 846, 666), (-54, 828, 594), (-36, 846, 666), (-36, 828, 666), (-72, 810, 666)]	(9368, 11304, 9571, 10450, 11396, 9407, 6861, 6345, 4538, 6971, 12201, 6712, 4573, 6098, 7165, 7837, 10993, 19579, 14948, 8633, 15224, 13150, 12117, 1976)
q	1489491	(561, 442)	[(-36, 810, 720), (0, 828, 648), (18, 828, 666), (18, 810, 648), (0, 828, 666), (-36, 810, 684), (-54, 810, 684), (-90, 792, 720), (-90, 810, 756), (-72, 810, 738), (-54, 810, 666), (-72, 828, 684), (-36, 828, 648), (-72, 828, 648), (-54, 828, 630), (0, 864, 612), (-54, 846, 648), (-54, 828, 576), (-54, 828, 594), (-144, 864, 612), (-144, 864, 378), (72, 900, 630), (36, 918, 738), (-90, 882, 522), (-108, 846, 414)]	(9389, 11512, 9786, 10735, 11412, 9411, 6317, 6252, 4407, 6920, 9905, 6876, 4538, 6033, 7141, 7070, 10957, 19546, 14666, 8610, 15118, 13130, 12115, 1975)
d	1490774	(663, 316)	[(-36, 828, 666), (-54, 828, 666), (-54, 828, 666), (-72, 828, 666), (-72, 828, 666), (-90, 828, 666), (-54, 828, 666), (-72, 828, 648), (-90, 828, 630), (-90, 828, 612), (-72, 846, 630), (-72, 846, 648), (-72, 846, 630), (-54, 846, 630), (-54, 846, 630), (-90, 846, 594), (-108, 846, 648), (-108, 846, 630), (-126, 846, 630), (-162, 882, 612), (-126, 864, 522), (-36, 882, 594), (36, 918, 612), (18, 882, 522), (-72, 864, 468)]	(9374, 11250, 9192, 9907, 11414, 9407, 7099, 6461, 4526, 6956, 10891, 6942, 4577, 6042, 7136, 7432, 10946, 19508, 14398, 8608, 15096, 13122, 12098, 1972)
r	1491952	(590, 296)	[(-36, 846, 648), (-36, 864, 630), (-72, 846, 648), (-90, 846, 630), (-72, 846, 594), (18, 864, 612), (-36, 846, 666), (-72, 846, 648), (-54, 828, 612), (-54, 864, 612), (-90, 846, 630), (-72, 864, 666), (-72, 864, 648), (-72, 846, 594), (-54, 864, 594), (-36, 864, 594), (-54, 864, 594), (-72, 864, 594), (-108, 864, 612), (-108, 864, 576), (-144, 900, 558), (-126, 900, 486), (54, 918, 612), (18, 918, 576), (-72, 882, 432)]	(9370, 11217, 9200, 9896, 11410, 9453, 7006, 6601, 4645, 6994, 11930, 7059, 4622, 6063, 7150, 7514, 10932, 19522, 14415, 8609, 15099, 13126, 12112, 1974)
w	1493164	(600, 387)	[(-36, 864, 594), (-36, 864, 594), (0, 864, 612), (18, 864, 630), (0, 864, 630), (-72, 846, 630), (-72, 846, 594), (-36, 846, 612), (-36, 864, 648), (-54, 864, 630), (-108, 882, 612), (-108, 864, 576), (-90, 864, 576), (-72, 882, 612), (-54, 864, 630), (-72, 882, 576), (-90, 882, 540), (-90, 864, 576), (-90, 864, 576), (-108, 864, 576), (-108, 882, 504), (-90, 900, 504), (-18, 918, 630), (18, 918, 666), (-108, 900, 540)]	(9378, 11390, 9326, 10151, 11409, 9386, 6878, 6227, 4320, 6912, 10609, 6973, 4592, 6062, 7144, 7417, 10932, 19505, 14390, 8604, 15078, 13120, 12106, 1977)
l	1494546	(663, 44)	[(0, 846, 630), (0, 846, 630), (-54, 846, 630), (-54, 846, 612), (-36, 864, 612), (-36, 864, 594), (-54, 846, 612), (-54, 846, 630), (-36, 864, 612), (0, 864, 630), (-54, 864, 630), (-54, 846, 594), (-54, 864, 576), (-54, 864, 594), (-18, 864, 612), (0, 882, 630), (-72, 846, 612), (-108, 864, 612), (-54, 882, 630), (0, 828, 576), (-108, 918, 468), (18, 882, 558), (36, 864, 612), (-36, 900, 594), (-54, 864, 594)]	(9364, 11115, 9132, 9822, 11410, 9468, 6765, 6817, 4486, 6897, 8290, 6702, 4538, 6023, 7119, 7245, 10930, 19521, 14373, 8611, 15103, 13123, 12107, 1970)
j	1495831	(659, 137)	[(-54, 846, 558), (-36, 846, 576), (-54, 846, 630), (-36, 864, 666), (-54, 846, 666), (-54, 846, 612), (-54, 846, 594), (-36, 846, 612), (-54, 846, 630), (-36, 864, 630), (-54, 864, 612), (-36, 846, 630), (-54, 846, 648), (-72, 846, 684), (-54, 864, 648), (-54, 846, 630), (-54, 846, 612), (-54, 846, 594), (-54, 846, 612), (-54, 846, 630), (-36, 846, 648), (-54, 882, 558), (0, 864, 612), (0, 900, 666), (-36, 864, 630)]	(9366, 11151, 9165, 9831, 11411, 9462, 6604, 6798, 4510, 6869, 8652, 6912, 4567, 6048, 7136, 7320, 10922, 19513, 14350, 8612, 15104, 13124, 12105, 1979)
t	1496994	(599, 263)	[(-54, 828, 648), (-36, 846, 630), (-36, 864, 630), (-54, 846, 630), (-36, 846, 612), (0, 846, 630), (-36, 846, 630), (-54, 846, 648), (-54, 846, 630), (-54, 846, 648), (-54, 846, 630), (-36, 846, 648), (-36, 864, 630), (-72, 864, 612), (-72, 864, 594), (-72, 864, 612), (-36, 864, 630), (-54, 864, 648), (-54, 864, 630), (-72, 846, 612), (-108, 864, 540), (-72, 846, 486), (18, 882, 594), (36, 882, 720), (-54, 882, 702)]	(9369, 11225, 9212, 9870, 11411, 9450, 6845, 6817, 4628, 6938, 10090, 7137, 4602, 6057, 7140, 7653, 10939, 19513, 14363, 8599, 15094, 13119, 12111, 1972)
p	1499252	(555, 10)	[(-36, 864, 612), (72, 864, 648), (90, 882, 612), (36, 864, 576), (-90, 864, 576), (72, 864, 630), (18, 864, 612), (18, 864, 594), (0, 882, 594), (-18, 864, 594), (-36, 846, 612), (0, 864, 648), (18, 846, 630), (18, 864, 594), (0, 864, 594), (0, 864, 576), (18, 864, 630), (-36, 846, 576), (-18, 828, 612), (36, 882, 576), (54, 864, 648), (36, 882, 648), (18, 882, 666), (-54, 846, 648), (-72, 792, 594)]	(9365, 11151, 9181, 9881, 11422, 9451, 6741, 6740, 4433, 6904, 8232, 6825, 4538, 6025, 7121, 7239, 10937, 19509, 14351, 8604, 15099, 13126, 12112, 1972)
h	1500486	(645, 191)	[(18, 846, 648), (0, 846, 612), (0, 864, 576), (0, 846, 576), (-18, 864, 612), (-36, 864, 630), (54, 864, 648), (-18, 864, 666), (-36, 846, 612), (-36, 846, 558), (-54, 864, 558), (-36, 864, 594), (18, 864, 648), (18, 864, 594), (0, 864, 612), (-54, 864, 594), (-36, 864, 612), (-18, 864, 630), (-36, 846, 612), (-54, 846, 612), (-90, 900, 576), (18, 882, 540), (72, 882, 648), (36, 900, 648), (-54, 846, 558)]	(9364, 11134, 9160, 9833, 11417, 9452, 6785, 6789, 4534, 6928, 9816, 7000, 4576, 6024, 7143, 7548, 10933, 19521, 14347, 8613, 15098, 13126, 12111, 1977)
x	1503337	(739, 337)	[(54, 882, 612), (54, 846, 630), (36, 864, 594), (18, 864, 594), (36, 846, 594), (0, 864, 558), (-36, 864, 558), (54, 864, 576), (72, 846, 612), (36, 882, 648), (0, 864, 666), (-36, 846, 612), (-36, 864, 630), (0, 846, 702), (0, 846, 666), (-72, 846, 558), (-72, 846, 558), (0, 846, 630), (18, 846, 648), (-36, 828, 684), (-72, 864, 504), (0, 882, 630), (54, 900, 738), (72, 864, 720), (-90, 810, 522)]	(9378, 11430, 9329, 10004, 11415, 9447, 6938, 6409, 4396, 6904, 10330, 6988, 4540, 6055, 7148, 7712, 10940, 19517, 14355, 8604, 15087, 13116, 12109, 1977)
v	1504817	(739, 233)	[(-36, 828, 630), (-18, 828, 648), (-18, 846, 684), (-18, 846, 648), (18, 828, 630), (-36, 828, 648), (18, 846, 648), (0, 846, 648), (-36, 828, 612), (18, 846, 630), (18, 846, 648), (36, 864, 666), (36, 846, 666), (18, 864, 630), (18, 846, 630), (0, 846, 612), (18, 846, 612), (18, 846, 684), (18, 846, 648), (-36, 846, 630), (-36, 846, 558), (72, 882, 630), (144, 882, 720), (144, 900, 702), (54, 828, 612)]	(9367, 11236, 9204, 9879, 11401, 9414, 7010, 6573, 4611, 6961, 11461, 7017, 4559, 6063, 7169, 7862, 10939, 19517, 14363, 8610, 15097, 13124, 12096, 1972)
r	1506718	(588, 298)	[(36, 828, 630), (36, 828, 630), (54, 846, 648), (54, 828, 630), (54, 828, 630), (54, 810, 666), (36, 828, 684), (18, 828, 648), (54, 828, 666), (72, 810, 666), (90, 810, 666), (36, 846, 648), (-54, 846, 612), (-36, 846, 612), (-36, 846, 612), (18, 846, 612), (0, 846, 630), (0, 864, 630), (18, 846, 648), (36, 846, 666), (-36, 864, 576), (-108, 918, 522), (36, 864, 702), (18, 882, 666), (-54, 846, 576)]	(9403, 11426, 9915, 10361, 11412, 9397, 5610, 6649, 4486, 6923, 9561, 6994, 4689, 6113, 7178, 8402, 10974, 19538, 14630, 8619, 15174, 13111, 12103, 1976)
z	1507982	(743, 387)	[(54, 846, 612), (54, 864, 612), (54, 882, 612), (36, 846, 612), (36, 864, 612), (36, 864, 576), (54, 864, 576), (54, 882, 612), (36, 864, 594), (36, 864, 594), (18, 864, 612), (36, 882, 612), (36, 882, 612), (18, 864, 594), (18, 864, 558), (18, 864, 594), (36, 864, 576), (18, 864, 558), (-54, 900, 558), (72, 882, 666), (90, 900, 648), (54, 882, 630), (0, 882, 558), (-72, 864, 522), (-72, 864, 486)]	(9424, 11804, 10246, 10707, 11462, 9538, 5610, 6194, 4485, 6865, 7423, 6569, 4612, 6184, 7187, 9513, 11022, 19586, 15431, 8636, 15294, 13152, 12100, 1975)
