From now on you will be typing sentences rather than letters. Please hold the phone in your right hand and type with you right thumb
i	1698833	(568, 134)	[(-126, 864, 702), (-144, 864, 594), (-216, 882, 522), (36, 774, 738), (-198, 792, 828), (-198, 810, 792), (-126, 792, 702), (-216, 720, 756), (-144, 702, 756), (-90, 684, 828), (-144, 720, 738), (-162, 756, 684), (-162, 828, 666), (-90, 882, 702), (-54, 846, 594), (-72, 846, 558), (-144, 828, 594), (-198, 810, 630), (-108, 864, 648), (-108, 846, 720), (-162, 846, 738), (-162, 810, 630), (-144, 846, 576), (-108, 828, 594), (-90, 828, 666)]	(9443, 11229, 10469, 10484, 12475, 11902, 4410, 6585, 4282, 7058, 5812, 6194, 4630, 6060, 7155, 9097, 11022, 19641, 14654, 8870, 15410, 13435, 12134, 1973)
 	1699142	(800, 222)	[(-144, 720, 738), (-162, 756, 684), (-162, 828, 666), (-90, 882, 702), (-54, 846, 594), (-72, 846, 558), (-144, 828, 594), (-198, 810, 630), (-108, 864, 648), (-108, 846, 720), (-162, 846, 738), (-162, 810, 630), (-144, 846, 576), (-108, 828, 594), (-90, 828, 666), (-126, 846, 630), (-90, 810, 630), (0, 828, 594), (72, 864, 540), (-90, 846, 666), (-108, 864, 720), (-162, 828, 666), (-36, 828, 702), (-126, 774, 756), (-144, 756, 738)]	(9460, 11335, 10500, 10421, 12994, 12394, 4465, 6558, 4398, 7190, 5794, 6212, 4631, 6056, 7160, 8822, 11039, 19666, 14757, 8903, 15465, 13453, 12148, 1970)
w	1699332	(608, 389)	[(-54, 846, 594), (-72, 846, 558), (-144, 828, 594), (-198, 810, 630), (-108, 864, 648), (-108, 846, 720), (-162, 846, 738), (-162, 810, 630), (-144, 846, 576), (-108, 828, 594), (-90, 828, 666), (-126, 846, 630), (-90, 810, 630), (0, 828, 594), (72, 864, 540), (-90, 846, 666), (-108, 864, 720), (-162, 828, 666), (-36, 828, 702), (-126, 774, 756), (-144, 756, 738), (-126, 774, 666), (-108, 792, 576), (-162, 846, 648), (-180, 864, 630)]	(9429, 11312, 10600, 10747, 12798, 11980, 4391, 6436, 4427, 7080, 5748, 6150, 4560, 6030, 7142, 7868, 11035, 19676, 14998, 8882, 15552, 13367, 12150, 1973)
i	1699673	(577, 157)	[(-126, 846, 630), (-90, 810, 630), (0, 828, 594), (72, 864, 540), (-90, 846, 666), (-108, 864, 720), (-162, 828, 666), (-36, 828, 702), (-126, 774, 756), (-144, 756, 738), (-126, 774, 666), (-108, 792, 576), (-162, 846, 648), (-180, 864, 630), (-36, 828, 648), (-90, 846, 684), (-90, 828, 630), (-90, 828, 684), (-144, 846, 738), (-162, 828, 684), (-72, 810, 612), (0, 846, 684), (-90, 882, 522), (-90, 882, 612), (-108, 882, 594)]	(9420, 11260, 10561, 10910, 12182, 11657, 4403, 6876, 4426, 6995, 5662, 6163, 4596, 6034, 7146, 8038, 11016, 19641, 14813, 8820, 15458, 13335, 12143, 1963)
l	1700232	(661, 30)	[(0, 846, 684), (-90, 882, 522), (-90, 882, 612), (-108, 882, 594), (-108, 864, 594), (-126, 846, 576), (-90, 846, 540), (-54, 864, 522), (0, 882, 576), (-126, 864, 594), (-126, 882, 522), (-108, 846, 720), (-72, 828, 648), (-90, 828, 666), (-36, 828, 684), (0, 810, 684), (-72, 810, 702), (-54, 828, 684), (-54, 810, 648), (-72, 810, 648), (-72, 810, 630), (-90, 810, 666), (-54, 810, 684), (-54, 810, 612), (-72, 864, 594)]	(9424, 11305, 10476, 10540, 11870, 11250, 4374, 8051, 4416, 6944, 5765, 6236, 4638, 6056, 7150, 8661, 11016, 19637, 14670, 8844, 15438, 13358, 12135, 1966)
l	1700526	(659, 41)	[(0, 882, 576), (-126, 864, 594), (-126, 882, 522), (-108, 846, 720), (-72, 828, 648), (-90, 828, 666), (-36, 828, 684), (0, 810, 684), (-72, 810, 702), (-54, 828, 684), (-54, 810, 648), (-72, 810, 648), (-72, 810, 630), (-90, 810, 666), (-54, 810, 684), (-54, 810, 612), (-72, 864, 594), (-18, 828, 648), (0, 810, 738), (-36, 828, 684), (-72, 846, 630), (-90, 828, 630), (-36, 810, 666), (-72, 810, 666), (-72, 810, 612)]	(9416, 11306, 10455, 10562, 11768, 10996, 4369, 8548, 4421, 6932, 5812, 6257, 4610, 6062, 7154, 8704, 11017, 19632, 14636, 8839, 15423, 13356, 12129, 1974)
 	1701342	(788, 207)	[(-36, 810, 666), (0, 810, 648), (-36, 828, 666), (-36, 828, 666), (-36, 774, 684), (-36, 810, 666), (-36, 792, 684), (-54, 792, 666), (-36, 810, 666), (-54, 792, 702), (-54, 810, 684), (-54, 810, 666), (-72, 792, 666), (-54, 810, 684), (-36, 810, 684), (-36, 810, 684), (-36, 828, 684), (-18, 810, 666), (-36, 810, 666), (-36, 810, 666), (-36, 810, 684), (-36, 792, 702), (0, 810, 666), (-36, 792, 666), (-36, 828, 720)]	(9431, 11453, 10604, 10555, 11930, 11385, 4402, 7550, 4406, 6969, 5765, 6234, 4618, 6055, 7155, 8717, 11020, 19640, 14674, 8869, 15462, 13375, 12135, 1966)
f	1701913	(652, 271)	[(-36, 792, 702), (0, 810, 666), (-36, 792, 666), (-36, 828, 720), (-36, 810, 648), (18, 828, 666), (-36, 810, 684), (-36, 810, 702), (-54, 810, 666), (-36, 792, 702), (-18, 828, 648), (-36, 810, 648), (0, 810, 666), (0, 828, 648), (-54, 810, 666), (-54, 810, 684), (-18, 810, 666), (-36, 828, 648), (-36, 828, 684), (-36, 828, 666), (-36, 828, 666), (-54, 810, 648), (-54, 846, 630), (-36, 882, 522), (18, 810, 684)]	(9420, 11359, 10605, 10753, 12346, 11945, 4487, 8778, 4529, 7085, 5833, 6291, 4673, 6060, 7164, 8916, 11033, 19651, 14782, 8860, 15472, 13368, 12144, 1969)
o	1702153	(552, 91)	[(-36, 810, 702), (-54, 810, 666), (-36, 792, 702), (-18, 828, 648), (-36, 810, 648), (0, 810, 666), (0, 828, 648), (-54, 810, 666), (-54, 810, 684), (-18, 810, 666), (-36, 828, 648), (-36, 828, 684), (-36, 828, 666), (-36, 828, 666), (-54, 810, 648), (-54, 846, 630), (-36, 882, 522), (18, 810, 684), (0, 828, 684), (0, 828, 720), (-108, 864, 630), (-54, 864, 630), (-54, 828, 630), (-108, 828, 540), (-90, 810, 630)]	(9405, 11243, 10494, 10803, 12160, 11713, 4415, 8740, 4441, 7047, 5822, 6298, 4663, 6065, 7164, 8941, 11031, 19650, 14760, 8851, 15450, 13370, 12141, 1980)
l	1702445	(647, 55)	[(-18, 810, 666), (-36, 828, 648), (-36, 828, 684), (-36, 828, 666), (-36, 828, 666), (-54, 810, 648), (-54, 846, 630), (-36, 882, 522), (18, 810, 684), (0, 828, 684), (0, 828, 720), (-108, 864, 630), (-54, 864, 630), (-54, 828, 630), (-108, 828, 540), (-90, 810, 630), (-72, 828, 612), (-54, 846, 630), (-54, 828, 648), (-54, 828, 612), (18, 828, 612), (-36, 828, 684), (-54, 810, 612), (-54, 828, 630), (-36, 828, 648)]	(42252, 44104, 10457, 10648, 11826, 11135, 4420, 8908, 4435, 6977, 5817, 6271, 4654, 6066, 7153, 9043, 11020, 19639, 14685, 8847, 15435, 13366, 12141, 1971)
l	1702704	(667, 62)	[(-36, 882, 522), (18, 810, 684), (0, 828, 684), (0, 828, 720), (-108, 864, 630), (-54, 864, 630), (-54, 828, 630), (-108, 828, 540), (-90, 810, 630), (-72, 828, 612), (-54, 846, 630), (-54, 828, 648), (-54, 828, 612), (18, 828, 612), (-36, 828, 684), (-54, 810, 612), (-54, 828, 630), (-36, 828, 648), (-18, 846, 684), (-36, 792, 702), (-90, 846, 648), (-36, 828, 648), (-36, 810, 666), (-36, 846, 648), (-36, 828, 594)]	(9404, 11311, 10466, 10619, 11793, 11107, 4380, 8766, 4404, 6954, 5821, 6255, 4632, 6055, 7156, 8968, 11017, 19635, 14648, 8847, 15417, 13370, 12136, 1970)
o	1702946	(570, 87)	[(-54, 828, 630), (-108, 828, 540), (-90, 810, 630), (-72, 828, 612), (-54, 846, 630), (-54, 828, 648), (-54, 828, 612), (18, 828, 612), (-36, 828, 684), (-54, 810, 612), (-54, 828, 630), (-36, 828, 648), (-18, 846, 684), (-36, 792, 702), (-90, 846, 648), (-36, 828, 648), (-36, 810, 666), (-36, 846, 648), (-36, 828, 594), (-36, 828, 666), (-54, 828, 666), (-54, 828, 666), (-54, 810, 666), (-36, 846, 612), (-54, 810, 666)]	(9415, 11360, 10539, 10787, 11841, 11285, 4412, 9081, 4492, 6966, 5850, 6265, 4667, 6062, 7167, 9163, 11021, 19639, 14710, 8855, 15437, 13370, 12135, 1977)
w	1703286	(594, 352)	[(-36, 828, 648), (-18, 846, 684), (-36, 792, 702), (-90, 846, 648), (-36, 828, 648), (-36, 810, 666), (-36, 846, 648), (-36, 828, 594), (-36, 828, 666), (-54, 828, 666), (-54, 828, 666), (-54, 810, 666), (-36, 846, 612), (-54, 810, 666), (-36, 810, 702), (0, 828, 666), (-54, 828, 648), (-18, 810, 684), (-72, 810, 684), (-72, 810, 666), (-108, 846, 648), (-108, 846, 666), (-72, 846, 702), (-36, 828, 684), (-72, 864, 630)]	(9409, 11334, 10594, 10911, 12101, 11542, 4426, 8595, 4562, 6990, 5734, 6242, 4625, 6053, 7146, 8539, 11035, 19664, 14914, 8859, 15500, 13354, 12145, 1969)
 	1703646	(796, 245)	[(-36, 846, 612), (-54, 810, 666), (-36, 810, 702), (0, 828, 666), (-54, 828, 648), (-18, 810, 684), (-72, 810, 684), (-72, 810, 666), (-108, 846, 648), (-108, 846, 666), (-72, 846, 702), (-36, 828, 684), (-72, 864, 630), (-180, 900, 504), (-90, 828, 684), (-72, 828, 648), (-108, 846, 648), (-144, 846, 576), (-108, 810, 720), (18, 828, 666), (-90, 810, 720), (-36, 810, 684), (-36, 828, 612), (-54, 810, 630), (-36, 828, 684)]	(9427, 11447, 10638, 10620, 12049, 11459, 4369, 7956, 4476, 7034, 5728, 6248, 4619, 6049, 7153, 8533, 11025, 19650, 14786, 8859, 15480, 13378, 12142, 1980)
u	1704291	(578, 337)	[(-54, 810, 702), (-36, 810, 702), (-90, 810, 648), (-36, 828, 702), (-54, 810, 630), (-36, 810, 666), (-36, 828, 666), (-54, 810, 666), (-36, 828, 702), (-36, 810, 702), (-36, 810, 720), (-36, 810, 738), (-36, 828, 630), (-126, 828, 594), (-54, 846, 666), (0, 828, 684), (-72, 828, 648), (-108, 846, 630), (-54, 846, 648), (-36, 828, 666), (-72, 828, 648), (-108, 864, 630), (-72, 846, 612), (-72, 864, 630), (-72, 864, 594)]	(9398, 11107, 10450, 10702, 12407, 11880, 4424, 8421, 4557, 7197, 5820, 6367, 4681, 6047, 7155, 8089, 11024, 19646, 14778, 8837, 15491, 13325, 12140, 1975)
p	1704902	(567, 135)	[(-72, 864, 630), (-72, 864, 594), (-90, 846, 540), (-36, 864, 558), (-72, 846, 648), (-126, 864, 612), (-108, 846, 576), (-108, 828, 558), (-54, 846, 630), (-54, 846, 630), (-54, 846, 684), (-72, 846, 666), (-54, 846, 630), (-54, 828, 612), (-54, 828, 666), (-72, 810, 666), (-36, 828, 630), (-72, 846, 594), (-54, 846, 612), (-54, 846, 630), (-18, 846, 684), (-54, 846, 630), (-72, 846, 612), (-54, 846, 558), (-54, 864, 558)]	(9401, 11120, 10413, 10745, 11860, 11515, 4397, 9404, 4528, 7046, 5778, 6433, 4734, 6057, 7149, 8230, 11020, 19636, 14713, 8844, 15473, 13315, 12128, 1980)
 	1705144	(570, 261)	[(-108, 828, 558), (-54, 846, 630), (-54, 846, 630), (-54, 846, 684), (-72, 846, 666), (-54, 846, 630), (-54, 828, 612), (-54, 828, 666), (-72, 810, 666), (-36, 828, 630), (-72, 846, 594), (-54, 846, 612), (-54, 846, 630), (-18, 846, 684), (-54, 846, 630), (-72, 846, 612), (-54, 846, 558), (-54, 864, 558), (0, 864, 648), (-36, 864, 612), (-54, 846, 612), (-54, 846, 612), (-36, 846, 576), (-72, 864, 540), (-72, 828, 612)]	(9387, 11104, 10402, 10715, 11961, 11588, 4410, 9020, 4479, 7043, 5764, 6379, 4717, 6049, 7150, 8131, 11016, 19651, 14769, 8839, 15490, 13320, 12140, 1979)
w	1705456	(644, 197)	[(-36, 828, 630), (-72, 846, 594), (-54, 846, 612), (-54, 846, 630), (-18, 846, 684), (-54, 846, 630), (-72, 846, 612), (-54, 846, 558), (-54, 864, 558), (0, 864, 648), (-36, 864, 612), (-54, 846, 612), (-54, 846, 612), (-36, 846, 576), (-72, 864, 540), (-72, 828, 612), (0, 846, 648), (-54, 846, 648), (-72, 846, 630), (-126, 828, 648), (-54, 864, 612), (-90, 864, 558), (-36, 846, 666), (-72, 828, 612), (-126, 864, 486)]	(9414, 11223, 10471, 10653, 11854, 11327, 4350, 8604, 4467, 6991, 5741, 6361, 4655, 6037, 7137, 7945, 11010, 19626, 14677, 8834, 15474, 13309, 12130, 1968)
i	1705648	(785, 213)	[(-18, 846, 684), (-54, 846, 630), (-72, 846, 612), (-54, 846, 558), (-54, 864, 558), (0, 864, 648), (-36, 864, 612), (-54, 846, 612), (-54, 846, 612), (-36, 846, 576), (-72, 864, 540), (-72, 828, 612), (0, 846, 648), (-54, 846, 648), (-72, 846, 630), (-126, 828, 648), (-54, 864, 612), (-90, 864, 558), (-36, 846, 666), (-72, 828, 612), (-126, 864, 486), (-90, 810, 630), (-72, 810, 756), (-72, 846, 630), (-36, 828, 630)]	(9428, 11350, 10546, 10523, 11915, 11517, 4376, 7870, 4467, 7005, 5738, 6309, 4694, 6036, 7140, 8062, 11022, 19639, 14711, 8859, 15511, 13317, 12130, 1971)
t	1706461	(642, 188)	[(-54, 810, 666), (-54, 828, 666), (-72, 828, 666), (-72, 828, 630), (-36, 810, 648), (-18, 828, 648), (-54, 828, 666), (-72, 828, 648), (-36, 810, 630), (-36, 828, 666), (-54, 828, 648), (-54, 828, 648), (-72, 828, 648), (-72, 828, 648), (-72, 828, 648), (-72, 828, 666), (-54, 810, 648), (-54, 828, 666), (-72, 828, 648), (-54, 846, 684), (-36, 846, 666), (-54, 810, 666), (-54, 846, 630), (-54, 828, 612), (-72, 882, 612)]	(9416, 11248, 10493, 10673, 11977, 11838, 4401, 8677, 4494, 7085, 5803, 6378, 4721, 6059, 7150, 8270, 11025, 19643, 14713, 8857, 15502, 13326, 12135, 1972)
h	1706707	(563, 133)	[(-72, 828, 648), (-36, 810, 630), (-36, 828, 666), (-54, 828, 648), (-54, 828, 648), (-72, 828, 648), (-72, 828, 648), (-72, 828, 648), (-72, 828, 666), (-54, 810, 648), (-54, 828, 666), (-72, 828, 648), (-54, 846, 684), (-36, 846, 666), (-54, 810, 666), (-54, 846, 630), (-54, 828, 612), (-72, 882, 612), (-54, 828, 684), (-90, 846, 648), (-72, 846, 612), (-90, 864, 648), (-90, 828, 558), (-72, 846, 648), (-36, 864, 630)]	(9407, 11218, 10477, 10741, 11947, 11810, 4432, 9184, 4519, 7053, 5796, 6404, 4710, 6058, 7155, 8296, 11028, 19646, 14703, 8854, 15491, 13324, 12143, 1964)
 	1706971	(716, 105)	[(-72, 828, 648), (-72, 828, 666), (-54, 810, 648), (-54, 828, 666), (-72, 828, 648), (-54, 846, 684), (-36, 846, 666), (-54, 810, 666), (-54, 846, 630), (-54, 828, 612), (-72, 882, 612), (-54, 828, 684), (-90, 846, 648), (-72, 846, 612), (-90, 864, 648), (-90, 828, 558), (-72, 846, 648), (-36, 864, 630), (-90, 846, 648), (-72, 828, 594), (-54, 828, 612), (-54, 846, 684), (-36, 810, 630), (-54, 846, 630), (-36, 864, 648)]	(9410, 11349, 10434, 10497, 11608, 11006, 4445, 9187, 4615, 6998, 5785, 6326, 4717, 6057, 7155, 8263, 11014, 19630, 14666, 8850, 15484, 13326, 12135, 1977)
h	1707231	(824, 187)	[(-54, 846, 630), (-54, 828, 612), (-72, 882, 612), (-54, 828, 684), (-90, 846, 648), (-72, 846, 612), (-90, 864, 648), (-90, 828, 558), (-72, 846, 648), (-36, 864, 630), (-90, 846, 648), (-72, 828, 594), (-54, 828, 612), (-54, 846, 684), (-36, 810, 630), (-54, 846, 630), (-36, 864, 648), (18, 846, 666), (-54, 864, 612), (-162, 810, 612), (-18, 792, 684), (-90, 810, 648), (-90, 810, 684), (-54, 846, 648), (-72, 810, 684)]	(9414, 11440, 10529, 10435, 11706, 11452, 4441, 8192, 4490, 7026, 5748, 6261, 4660, 6051, 7149, 8171, 11015, 19634, 14674, 8860, 15505, 13320, 12137, 1982)
i	1707422	(673, 414)	[(-90, 846, 648), (-72, 846, 612), (-90, 864, 648), (-90, 828, 558), (-72, 846, 648), (-36, 864, 630), (-90, 846, 648), (-72, 828, 594), (-54, 828, 612), (-54, 846, 684), (-36, 810, 630), (-54, 846, 630), (-36, 864, 648), (18, 846, 666), (-54, 864, 612), (-162, 810, 612), (-18, 792, 684), (-90, 810, 648), (-90, 810, 684), (-54, 846, 648), (-72, 810, 684), (-108, 828, 684), (-144, 846, 666), (-126, 846, 666), (-144, 864, 612)]	(9408, 11514, 10644, 10795, 11887, 11891, 4422, 7759, 4584, 7015, 5693, 6242, 4613, 6026, 7136, 7917, 11032, 19666, 14894, 8864, 15567, 13329, 12139, 1953)
m	1707727	(661, 350)	[(-54, 828, 612), (-54, 846, 684), (-36, 810, 630), (-54, 846, 630), (-36, 864, 648), (18, 846, 666), (-54, 864, 612), (-162, 810, 612), (-18, 792, 684), (-90, 810, 648), (-90, 810, 684), (-54, 846, 648), (-72, 810, 684), (-108, 828, 684), (-144, 846, 666), (-126, 846, 666), (-144, 864, 612), (-126, 810, 612), (-162, 846, 630), (-144, 828, 648), (-126, 810, 612), (-126, 846, 648), (-90, 846, 702), (-108, 846, 612), (-126, 846, 594)]	(9422, 11558, 10711, 10869, 11938, 12062, 4453, 7917, 4526, 7046, 5716, 6308, 4615, 6041, 7136, 7946, 11026, 19661, 14860, 8862, 15542, 13325, 12144, 1948)
 	1707917	(812, 238)	[(-36, 864, 648), (18, 846, 666), (-54, 864, 612), (-162, 810, 612), (-18, 792, 684), (-90, 810, 648), (-90, 810, 684), (-54, 846, 648), (-72, 810, 684), (-108, 828, 684), (-144, 846, 666), (-126, 846, 666), (-144, 864, 612), (-126, 810, 612), (-162, 846, 630), (-144, 828, 648), (-126, 810, 612), (-126, 846, 648), (-90, 846, 702), (-108, 846, 612), (-126, 846, 594), (-54, 846, 612), (-144, 810, 684), (-90, 810, 756), (-90, 828, 594)]	(9413, 11385, 10476, 10407, 11784, 11798, 4431, 7245, 4349, 7039, 5699, 6257, 4624, 6042, 7144, 7970, 11014, 19640, 14737, 8860, 15524, 13322, 12128, 1968)
a	1711159	(668, 424)	[(18, 684, 810), (-54, 684, 864), (-72, 666, 846), (-54, 666, 810), (-36, 702, 756), (-108, 756, 774), (-72, 756, 774), (-108, 774, 666), (-162, 774, 684), (-126, 792, 666), (-54, 828, 594), (-90, 846, 666), (-144, 864, 702), (-90, 846, 630), (-54, 864, 540), (-54, 900, 468), (-54, 900, 450), (-90, 918, 468), (-72, 900, 522), (-72, 900, 522), (-36, 900, 450), (-36, 936, 432), (-72, 918, 504), (-108, 936, 540), (-72, 936, 540)]	(9434, 10685, 9330, 10689, 11543, 10615, 4245, 5559, 3900, 6859, 5662, 8842, 4415, 6010, 7103, 6694, 10909, 19511, 14190, 8611, 15070, 13131, 12127, 1977)
s	1711524	(648, 367)	[(-144, 864, 702), (-90, 846, 630), (-54, 864, 540), (-54, 900, 468), (-54, 900, 450), (-90, 918, 468), (-72, 900, 522), (-72, 900, 522), (-36, 900, 450), (-36, 936, 432), (-72, 918, 504), (-108, 936, 540), (-72, 936, 540), (-90, 918, 414), (-72, 918, 468), (-72, 918, 468), (-72, 936, 486), (-72, 918, 522), (-108, 918, 504), (-108, 936, 522), (-72, 900, 630), (-72, 918, 504), (-144, 918, 522), (-72, 882, 486), (-90, 900, 558)]	(9426, 10657, 9284, 10409, 11531, 10676, 4211, 5568, 3897, 6840, 5725, 9033, 4410, 5995, 7120, 6712, 10927, 19507, 14193, 8612, 15073, 13131, 12120, 1982)
 	1712236	(802, 217)	[(-72, 864, 612), (-108, 864, 630), (-108, 864, 630), (-90, 918, 576), (0, 864, 576), (-36, 846, 594), (-90, 882, 648), (-54, 864, 648), (-72, 864, 612), (-54, 828, 576), (-72, 846, 630), (-54, 846, 612), (-54, 864, 648), (-90, 846, 666), (-108, 864, 630), (-90, 846, 612), (-54, 846, 594), (-72, 864, 594), (-54, 846, 594), (-54, 846, 594), (-36, 846, 648), (-54, 864, 612), (-54, 864, 612), (-54, 846, 630), (-90, 846, 630)]	(9416, 10721, 9255, 10182, 11521, 10770, 4318, 5532, 3907, 6826, 5724, 8706, 4397, 6023, 7118, 6729, 10922, 19505, 14197, 8609, 15080, 13128, 12115, 1972)
s	1712730	(680, 361)	[(-54, 846, 594), (-54, 846, 594), (-36, 846, 648), (-54, 864, 612), (-54, 864, 612), (-54, 846, 630), (-90, 846, 630), (-54, 864, 540), (-36, 864, 594), (-54, 864, 630), (-54, 864, 630), (-72, 846, 612), (-90, 864, 630), (-72, 828, 612), (-90, 846, 648), (-126, 864, 612), (-108, 882, 630), (-72, 900, 612), (-54, 864, 594), (-54, 900, 594), (-90, 900, 576), (-90, 900, 576), (-54, 882, 630), (-72, 900, 450), (-36, 882, 522)]	(9440, 10732, 9312, 10570, 11518, 10548, 4257, 5686, 3960, 6860, 5762, 9373, 4457, 6013, 7122, 6740, 10934, 19511, 14201, 8617, 15078, 13131, 12128, 1976)
o	1713190	(550, 97)	[(-72, 900, 612), (-54, 864, 594), (-54, 900, 594), (-90, 900, 576), (-90, 900, 576), (-54, 882, 630), (-72, 900, 450), (-36, 882, 522), (-54, 900, 504), (-54, 918, 594), (-72, 918, 540), (-90, 918, 468), (-54, 882, 522), (0, 882, 684), (-126, 900, 540), (-90, 900, 558), (-90, 900, 522), (-126, 900, 522), (-108, 900, 540), (-90, 882, 558), (-90, 900, 522), (-108, 900, 468), (-108, 900, 522), (-90, 900, 540), (-90, 900, 576)]	(9423, 10717, 9260, 10395, 11481, 10427, 4234, 5588, 3851, 6834, 5724, 9181, 4434, 6002, 7108, 6728, 10934, 19508, 14190, 8612, 15081, 13133, 12126, 1970)
o	1713483	(558, 90)	[(-54, 900, 504), (-54, 918, 594), (-72, 918, 540), (-90, 918, 468), (-54, 882, 522), (0, 882, 684), (-126, 900, 540), (-90, 900, 558), (-90, 900, 522), (-126, 900, 522), (-108, 900, 540), (-90, 882, 558), (-90, 900, 522), (-108, 900, 468), (-108, 900, 522), (-90, 900, 540), (-90, 900, 576), (-90, 900, 612), (-90, 900, 594), (-72, 882, 576), (-90, 900, 540), (-108, 900, 594), (-72, 900, 504), (-72, 882, 612), (-72, 882, 594)]	(9428, 10765, 9293, 10427, 11497, 10511, 4256, 5593, 3843, 6834, 5718, 9255, 4437, 6001, 7115, 6738, 10941, 19517, 14203, 8616, 15081, 13128, 12121, 1971)
n	1714047	(727, 158)	[(-90, 900, 540), (-108, 900, 594), (-72, 900, 504), (-72, 882, 612), (-72, 882, 594), (-54, 900, 540), (-72, 900, 522), (-36, 900, 648), (-72, 882, 540), (-36, 900, 540), (-36, 882, 558), (-54, 882, 612), (-72, 882, 558), (-36, 900, 540), (-36, 864, 576), (-54, 900, 576), (-54, 882, 540), (-54, 882, 558), (-54, 882, 576), (-72, 882, 558), (-36, 900, 540), (-54, 900, 558), (-54, 900, 594), (-54, 900, 612), (-72, 900, 576)]	(9417, 10739, 9252, 10213, 11463, 10252, 4239, 5593, 3841, 6781, 5706, 9000, 4428, 6013, 7120, 6727, 10925, 19499, 14187, 8613, 15081, 13125, 12121, 1960)
 	1714809	(815, 218)	[(-72, 900, 558), (-108, 900, 522), (-72, 846, 594), (-54, 864, 576), (-54, 882, 612), (-36, 882, 612), (-36, 864, 576), (0, 882, 612), (-54, 882, 612), (-54, 882, 630), (-54, 882, 594), (-36, 882, 576), (-36, 882, 576), (-54, 864, 612), (-54, 846, 630), (-54, 864, 612), (-36, 846, 576), (-72, 864, 594), (-54, 864, 630), (-36, 864, 594), (0, 864, 594), (-36, 882, 612), (-54, 864, 576), (-36, 864, 558), (0, 864, 612)]	(9428, 10805, 9270, 10307, 11477, 10287, 4326, 5580, 3885, 6820, 5712, 9039, 4479, 6012, 7133, 6740, 10928, 19514, 14197, 8598, 15070, 13128, 12118, 1967)
a	1715371	(682, 415)	[(-36, 882, 612), (-54, 864, 576), (-36, 864, 558), (0, 864, 612), (-36, 864, 630), (-36, 864, 648), (-36, 864, 648), (-36, 864, 612), (-72, 864, 630), (-36, 846, 612), (-54, 846, 612), (-54, 864, 612), (-108, 846, 684), (-90, 864, 720), (-72, 846, 648), (-54, 864, 630), (-72, 900, 576), (-72, 864, 612), (-54, 864, 576), (-72, 864, 630), (-90, 882, 630), (-54, 864, 576), (-72, 882, 576), (-54, 882, 630), (-72, 882, 504)]	(9419, 10710, 9283, 10497, 11467, 10156, 4268, 5634, 3860, 6775, 5692, 9179, 4453, 6006, 7103, 6721, 10922, 19512, 14178, 8600, 15069, 13130, 12121, 1969)
s	1715666	(685, 372)	[(-36, 846, 612), (-54, 846, 612), (-54, 864, 612), (-108, 846, 684), (-90, 864, 720), (-72, 846, 648), (-54, 864, 630), (-72, 900, 576), (-72, 864, 612), (-54, 864, 576), (-72, 864, 630), (-90, 882, 630), (-54, 864, 576), (-72, 882, 576), (-54, 882, 630), (-72, 882, 504), (-72, 882, 558), (-36, 882, 594), (-54, 882, 576), (-108, 882, 612), (-90, 882, 594), (-90, 882, 594), (-36, 882, 594), (-54, 900, 576), (-108, 900, 540)]	(9436, 10770, 9300, 10483, 11493, 10339, 4269, 5674, 3881, 6834, 5725, 9453, 4453, 6015, 7118, 6736, 10923, 19502, 14187, 8608, 15063, 13125, 12120, 1965)
 	1716009	(809, 244)	[(-90, 882, 630), (-54, 864, 576), (-72, 882, 576), (-54, 882, 630), (-72, 882, 504), (-72, 882, 558), (-36, 882, 594), (-54, 882, 576), (-108, 882, 612), (-90, 882, 594), (-90, 882, 594), (-36, 882, 594), (-54, 900, 576), (-108, 900, 540), (-54, 900, 648), (-54, 882, 540), (-90, 864, 648), (-108, 864, 630), (-36, 864, 576), (-54, 864, 594), (-54, 864, 630), (-18, 864, 594), (0, 882, 630), (-72, 882, 576), (-36, 864, 576)]	(9427, 10733, 9250, 10249, 11472, 10513, 4312, 5564, 3846, 6848, 5745, 9148, 4472, 6029, 7123, 6758, 10926, 19507, 14200, 8608, 15066, 13121, 12113, 1937)
t	1716770	(581, 265)	[(-54, 846, 630), (-72, 882, 540), (-54, 846, 594), (-54, 864, 576), (-36, 864, 594), (-72, 864, 630), (-72, 864, 630), (-36, 864, 594), (-36, 864, 630), (-54, 864, 648), (-36, 882, 612), (-54, 900, 576), (-36, 882, 576), (-54, 864, 594), (-54, 882, 612), (-54, 882, 594), (-54, 864, 576), (-72, 864, 576), (-90, 882, 576), (-90, 882, 576), (-72, 882, 576), (-54, 882, 540), (-54, 900, 522), (-90, 900, 558), (-72, 936, 468)]	(9421, 10654, 9344, 10522, 11554, 12060, 4376, 5615, 3954, 6883, 5827, 9121, 4441, 6020, 7121, 6749, 10934, 19518, 14208, 8605, 15083, 13124, 12125, 1975)
h	1717078	(670, 198)	[(-36, 882, 612), (-54, 900, 576), (-36, 882, 576), (-54, 864, 594), (-54, 882, 612), (-54, 882, 594), (-54, 864, 576), (-72, 864, 576), (-90, 882, 576), (-90, 882, 576), (-72, 882, 576), (-54, 882, 540), (-54, 900, 522), (-90, 900, 558), (-72, 936, 468), (0, 882, 540), (-36, 882, 540), (-54, 918, 576), (-54, 900, 558), (-54, 900, 540), (-72, 900, 558), (-54, 900, 558), (-54, 900, 558), (-36, 882, 558), (-90, 900, 540)]	(9411, 10629, 9295, 10429, 11527, 11643, 4295, 5605, 3909, 6838, 5825, 8970, 4441, 6027, 7120, 6747, 10917, 19511, 14200, 8609, 15076, 13133, 12123, 1973)
e	1717524	(592, 352)	[(0, 882, 540), (-36, 882, 540), (-54, 918, 576), (-54, 900, 558), (-54, 900, 540), (-72, 900, 558), (-54, 900, 558), (-54, 900, 558), (-36, 882, 558), (-90, 900, 540), (-54, 864, 558), (-54, 882, 576), (-54, 900, 612), (-54, 900, 612), (-54, 900, 576), (-90, 900, 540), (-54, 882, 540), (-72, 900, 540), (-90, 900, 576), (0, 918, 558), (0, 918, 522), (-54, 918, 504), (-36, 918, 504), (-54, 918, 504), (-72, 972, 396)]	(9414, 10623, 9366, 10522, 11551, 12069, 4331, 5607, 3959, 6893, 5749, 9237, 4439, 6026, 7121, 6744, 10925, 19512, 14205, 8602, 15078, 13138, 12122, 1975)
 	1718038	(792, 244)	[(0, 918, 558), (0, 918, 522), (-54, 918, 504), (-36, 918, 504), (-54, 918, 504), (-72, 972, 396), (36, 918, 504), (-54, 936, 486), (-54, 936, 522), (-54, 936, 504), (-54, 936, 486), (18, 918, 486), (-72, 882, 522), (-90, 936, 612), (-54, 864, 558), (-54, 882, 576), (-36, 882, 576), (-36, 882, 558), (-54, 882, 558), (-36, 882, 558), (-36, 882, 558), (-36, 864, 594), (-72, 882, 594), (-90, 900, 522), (0, 882, 558)]	(9422, 10633, 9314, 10408, 11553, 11990, 4375, 5629, 3923, 6861, 5813, 8715, 4460, 6016, 7129, 6779, 10922, 19507, 14206, 8611, 15079, 13125, 12122, 1980)
d	1718533	(663, 315)	[(-54, 882, 558), (-36, 882, 558), (-36, 882, 558), (-36, 864, 594), (-72, 882, 594), (-90, 900, 522), (0, 882, 558), (0, 900, 612), (18, 882, 594), (0, 864, 630), (-72, 900, 612), (-54, 882, 558), (-72, 882, 594), (-36, 882, 594), (-54, 882, 594), (-54, 900, 558), (-36, 882, 576), (-72, 882, 576), (-90, 882, 576), (-54, 882, 576), (-54, 882, 558), (-72, 900, 558), (-72, 900, 594), (-54, 882, 594), (-90, 936, 540)]	(9393, 10585, 9338, 10516, 11537, 12076, 4288, 5627, 3949, 6873, 5767, 8633, 4421, 5994, 7125, 6745, 10925, 19507, 14187, 8607, 15075, 13125, 12121, 1972)
u	1718896	(571, 186)	[(-54, 882, 558), (-72, 882, 594), (-36, 882, 594), (-54, 882, 594), (-54, 900, 558), (-36, 882, 576), (-72, 882, 576), (-90, 882, 576), (-54, 882, 576), (-54, 882, 558), (-72, 900, 558), (-72, 900, 594), (-54, 882, 594), (-90, 936, 540), (-36, 882, 540), (-72, 918, 504), (-36, 900, 558), (-54, 918, 576), (-90, 918, 558), (-36, 900, 612), (-72, 918, 540), (-54, 900, 540), (-108, 900, 522), (-108, 900, 504), (-72, 918, 414)]	(9394, 10576, 9322, 10460, 11526, 11997, 4273, 5637, 3915, 6863, 5773, 8746, 4434, 6011, 7120, 6756, 10930, 19512, 14182, 8612, 15067, 13123, 12124, 1974)
s	1719339	(669, 372)	[(-36, 900, 558), (-54, 918, 576), (-90, 918, 558), (-36, 900, 612), (-72, 918, 540), (-54, 900, 540), (-108, 900, 522), (-108, 900, 504), (-72, 918, 414), (-72, 918, 450), (-108, 900, 558), (-72, 918, 504), (-36, 918, 504), (-72, 936, 486), (-90, 918, 540), (-90, 900, 558), (-90, 918, 558), (-72, 918, 522), (-90, 936, 504), (-72, 900, 540), (-54, 918, 540), (-72, 936, 504), (-54, 918, 504), (0, 936, 594), (-108, 972, 396)]	(9409, 10588, 9338, 10572, 11519, 11610, 4289, 5612, 3952, 6875, 5787, 8892, 4469, 6028, 7132, 6755, 10934, 19508, 14199, 8609, 15070, 13128, 12121, 1968)
t	1719652	(566, 251)	[(-72, 918, 450), (-108, 900, 558), (-72, 918, 504), (-36, 918, 504), (-72, 936, 486), (-90, 918, 540), (-90, 900, 558), (-90, 918, 558), (-72, 918, 522), (-90, 936, 504), (-72, 900, 540), (-54, 918, 540), (-72, 936, 504), (-54, 918, 504), (0, 936, 594), (-108, 972, 396), (-36, 918, 504), (-54, 936, 486), (-72, 918, 540), (-90, 918, 504), (-90, 918, 450), (0, 936, 540), (-90, 918, 522), (-108, 972, 378), (-72, 900, 450)]	(9414, 10605, 9341, 10572, 11522, 11835, 4328, 5636, 3913, 6885, 5772, 8992, 4478, 6025, 7130, 6759, 10934, 19508, 14198, 8608, 15074, 13130, 12125, 1969)
 	1719994	(802, 249)	[(-72, 900, 540), (-54, 918, 540), (-72, 936, 504), (-54, 918, 504), (0, 936, 594), (-108, 972, 396), (-36, 918, 504), (-54, 936, 486), (-72, 918, 540), (-90, 918, 504), (-90, 918, 450), (0, 936, 540), (-90, 918, 522), (-108, 972, 378), (-72, 900, 450), (-72, 900, 504), (18, 936, 504), (18, 954, 504), (-72, 954, 468), (-108, 936, 378), (-90, 936, 540), (-108, 882, 648), (-126, 864, 666), (-126, 882, 648), (-108, 918, 468)]	(9411, 10610, 9314, 10468, 11538, 12175, 4390, 5656, 3974, 6876, 5869, 8377, 4466, 6040, 7117, 6790, 10932, 19505, 14192, 8603, 15058, 13131, 12121, 1966)
s	1720757	(671, 362)	[(-36, 900, 684), (-54, 864, 558), (-54, 864, 630), (-72, 846, 612), (-54, 864, 612), (-72, 882, 612), (-72, 864, 594), (-54, 864, 558), (-72, 882, 576), (-144, 882, 594), (-108, 882, 540), (-54, 882, 540), (-90, 882, 594), (-90, 882, 594), (-90, 900, 558), (-72, 882, 576), (-90, 900, 576), (-90, 882, 594), (-90, 882, 540), (-72, 900, 522), (-90, 882, 558), (-108, 864, 594), (-90, 900, 594), (-90, 882, 558), (-54, 882, 576)]	(9406, 10611, 9356, 10600, 11534, 12298, 4365, 5637, 3951, 6906, 5766, 8272, 4442, 6020, 7125, 6779, 10931, 19514, 14202, 8609, 15074, 13131, 12127, 1975)
e	1721102	(585, 350)	[(-54, 882, 540), (-90, 882, 594), (-90, 882, 594), (-90, 900, 558), (-72, 882, 576), (-90, 900, 576), (-90, 882, 594), (-90, 882, 540), (-72, 900, 522), (-90, 882, 558), (-108, 864, 594), (-90, 900, 594), (-90, 882, 558), (-54, 882, 576), (-162, 936, 450), (-54, 900, 558), (-90, 918, 504), (-54, 918, 576), (-90, 900, 576), (-126, 936, 612), (-108, 936, 504), (-90, 918, 522), (-108, 918, 486), (-72, 918, 558), (-90, 918, 540)]	(9424, 10628, 9432, 10680, 11547, 12434, 4398, 5740, 4039, 6890, 5928, 8822, 4465, 6018, 7127, 6788, 10934, 19511, 14201, 8611, 15072, 13127, 12116, 1973)
t	1721462	(582, 255)	[(-90, 900, 594), (-90, 882, 558), (-54, 882, 576), (-162, 936, 450), (-54, 900, 558), (-90, 918, 504), (-54, 918, 576), (-90, 900, 576), (-126, 936, 612), (-108, 936, 504), (-90, 918, 522), (-108, 918, 486), (-72, 918, 558), (-90, 918, 540), (-162, 936, 432), (-90, 900, 522), (-90, 918, 522), (-54, 918, 540), (-90, 918, 522), (-90, 918, 540), (-90, 918, 522), (-108, 918, 540), (-90, 918, 522), (-72, 918, 504), (-90, 900, 522)]	(9409, 10574, 9353, 10567, 11516, 12013, 4344, 5639, 3932, 6888, 5844, 8540, 4462, 6016, 7120, 6767, 10939, 19505, 14188, 8609, 15072, 13124, 12117, 1970)
t	1722752	(578, 255)	[(-90, 900, 540), (-72, 918, 522), (-72, 900, 540), (-90, 918, 558), (-90, 918, 522), (-72, 918, 540), (-54, 918, 522), (-90, 918, 522), (-108, 918, 522), (-72, 918, 504), (-54, 918, 504), (-72, 918, 522), (-90, 918, 522), (-72, 918, 540), (-72, 918, 522), (-72, 918, 504), (-90, 918, 540), (-72, 918, 504), (-72, 918, 504), (-72, 918, 504), (-72, 918, 522), (-72, 936, 522), (-90, 936, 522), (-54, 936, 558), (-108, 900, 486)]	(9395, 10563, 9349, 10506, 11510, 12097, 4375, 5613, 3959, 6859, 5805, 8501, 4459, 6030, 7119, 6789, 10921, 19505, 14184, 8607, 15072, 13123, 12115, 1976)
l	1723197	(658, 58)	[(-90, 918, 540), (-72, 918, 504), (-72, 918, 504), (-72, 918, 504), (-72, 918, 522), (-72, 936, 522), (-90, 936, 522), (-54, 936, 558), (-108, 900, 486), (-144, 954, 414), (-36, 918, 504), (-90, 936, 486), (-72, 936, 558), (-108, 954, 558), (-90, 990, 468), (-126, 954, 432), (-54, 882, 756), (18, 882, 504), (0, 900, 594), (-36, 900, 558), (-36, 918, 522), (-36, 900, 540), (-54, 882, 522), (-36, 882, 414)]	(9417, 10612, 9272, 10336, 11506, 11545, 4331, 5605, 3929, 6865, 5784, 8319, 4435, 6026, 7129, 6792, 10923, 19509, 14182, 8611, 15075, 13121, 12114, 1966)
e	1723659	(581, 337)	[(-54, 882, 756), (18, 882, 504), (0, 900, 594), (-36, 900, 558), (-36, 918, 522), (-36, 900, 540), (-54, 882, 522), (-36, 882, 414), (-90, 918, 486), (-72, 900, 594), (-36, 900, 612), (-18, 900, 576), (-72, 882, 540), (-90, 882, 558), (-126, 900, 576), (-54, 900, 540), (-72, 936, 468), (-90, 936, 558), (-72, 918, 612), (-72, 900, 558), (-72, 936, 540), (-54, 936, 540), (-90, 918, 540), (-90, 918, 540), (-108, 918, 468)]	(9410, 10585, 9409, 10756, 11520, 12234, 4295, 5688, 3939, 6907, 5818, 8532, 4452, 6027, 7125, 6780, 10932, 19512, 14200, 8608, 15071, 13126, 12122, 1965)
s	1724004	(677, 348)	[(-18, 900, 576), (-72, 882, 540), (-90, 882, 558), (-126, 900, 576), (-54, 900, 540), (-72, 936, 468), (-90, 936, 558), (-72, 918, 612), (-72, 900, 558), (-72, 936, 540), (-54, 936, 540), (-90, 918, 540), (-90, 918, 540), (-108, 918, 468), (-54, 936, 432), (-90, 918, 504), (-18, 918, 540), (-18, 972, 468), (-36, 936, 486), (-54, 972, 432), (-36, 918, 468), (36, 900, 504), (-72, 936, 540), (-90, 936, 468), (-108, 936, 414)]	(9422, 10620, 9413, 10711, 11565, 12602, 4355, 5706, 3993, 6901, 5882, 8748, 4455, 6031, 7130, 6782, 10929, 19511, 14194, 8605, 15070, 13123, 12121, 1972)
i	1724408	(806, 228)	[(-72, 918, 612), (-72, 900, 558), (-72, 936, 540), (-54, 936, 540), (-90, 918, 540), (-90, 918, 540), (-108, 918, 468), (-54, 936, 432), (-90, 918, 504), (-18, 918, 540), (-18, 972, 468), (-36, 936, 486), (-54, 972, 432), (-36, 918, 468), (36, 900, 504), (-72, 936, 540), (-90, 936, 468), (-108, 936, 414), (-54, 828, 666), (-54, 846, 630), (-108, 882, 558), (-234, 900, 648), (36, 792, 666), (-36, 774, 756), (-36, 756, 846)]	(9419, 10615, 9383, 10196, 11691, 13580, 4496, 5767, 4107, 6965, 5997, 6978, 4512, 6038, 7141, 7545, 10934, 19496, 14202, 8613, 15086, 13116, 12105, 1973)
f	1726435	(656, 279)	[(-72, 846, 648), (-72, 846, 612), (-90, 846, 594), (-90, 846, 630), (-72, 828, 648), (-90, 828, 648), (-72, 828, 666), (-72, 846, 666), (-72, 846, 630), (-72, 828, 576), (-72, 846, 666), (-72, 846, 648), (-54, 864, 612), (-72, 864, 576), (-72, 846, 612), (-72, 882, 612), (-108, 864, 648), (-108, 864, 612), (-90, 900, 612), (-54, 882, 540), (-54, 900, 504), (-90, 918, 522), (-72, 900, 540), (-108, 954, 414), (-54, 900, 396)]	(9439, 10722, 9635, 10697, 11693, 13704, 4536, 6722, 4309, 6979, 5997, 6590, 4892, 6102, 7185, 9431, 10961, 19508, 14329, 8630, 15119, 13125, 12098, 1965)
 	1726832	(810, 249)	[(-72, 846, 612), (-72, 882, 612), (-108, 864, 648), (-108, 864, 612), (-90, 900, 612), (-54, 882, 540), (-54, 900, 504), (-90, 918, 522), (-72, 900, 540), (-108, 954, 414), (-54, 900, 396), (-54, 900, 450), (-36, 936, 432), (-36, 918, 468), (-72, 918, 522), (-18, 900, 504), (-18, 864, 630), (0, 882, 630), (18, 900, 630), (-18, 882, 612), (-54, 864, 594), (-54, 864, 594), (-54, 864, 648), (-54, 882, 594), (0, 864, 540)]	(9435, 10719, 9581, 10641, 11722, 13875, 4558, 6513, 4342, 6991, 6009, 6472, 4858, 6095, 7183, 9652, 10951, 19510, 14320, 8632, 15116, 13121, 12089, 1965)
t	1728066	(584, 272)	[(-36, 864, 594), (-36, 864, 576), (-36, 882, 576), (-36, 882, 576), (-54, 882, 576), (-54, 882, 612), (-36, 882, 612), (-54, 864, 594), (-54, 882, 594), (-54, 882, 594), (-36, 882, 576), (-54, 864, 594), (-54, 882, 612), (-36, 882, 576), (-36, 882, 612), (-36, 882, 594), (-54, 882, 594), (-54, 882, 594), (-36, 882, 558), (-54, 900, 576), (-72, 900, 576), (-72, 900, 576), (-54, 900, 540), (-72, 918, 504), (-54, 882, 522)]	(9441, 10797, 9886, 11129, 11753, 13781, 4567, 6688, 4336, 6976, 6017, 6432, 4742, 6097, 7184, 9570, 10964, 19525, 14388, 8641, 15147, 13136, 12113, 1967)
h	1728357	(644, 216)	[(-54, 882, 594), (-36, 882, 576), (-54, 864, 594), (-54, 882, 612), (-36, 882, 576), (-36, 882, 612), (-36, 882, 594), (-54, 882, 594), (-54, 882, 594), (-36, 882, 558), (-54, 900, 576), (-72, 900, 576), (-72, 900, 576), (-54, 900, 540), (-72, 918, 504), (-54, 882, 522), (-54, 900, 558), (-36, 900, 558), (-54, 900, 576), (-108, 882, 540), (-90, 864, 522), (-72, 864, 630), (-72, 900, 558), (-36, 882, 558), (0, 864, 594)]	(9428, 10790, 9825, 10995, 11745, 13852, 4603, 6811, 4351, 6999, 6071, 6367, 4722, 6111, 7192, 9848, 10960, 19519, 14375, 8640, 15135, 13130, 12104, 1963)
e	1728650	(597, 347)	[(-36, 882, 558), (-54, 900, 576), (-72, 900, 576), (-72, 900, 576), (-54, 900, 540), (-72, 918, 504), (-54, 882, 522), (-54, 900, 558), (-36, 900, 558), (-54, 900, 576), (-108, 882, 540), (-90, 864, 522), (-72, 864, 630), (-72, 900, 558), (-36, 882, 558), (0, 864, 594), (18, 900, 576), (-36, 882, 576), (-54, 882, 558), (-54, 882, 558), (-90, 900, 594), (-54, 864, 594), (-108, 882, 558), (-126, 936, 504), (-90, 864, 450)]	(9440, 10771, 9892, 11179, 11733, 13719, 4551, 6537, 4323, 6986, 6013, 6509, 4738, 6081, 7174, 8572, 10960, 19525, 14391, 8629, 15137, 13137, 12106, 1970)
 	1728957	(808, 260)	[(-54, 900, 576), (-108, 882, 540), (-90, 864, 522), (-72, 864, 630), (-72, 900, 558), (-36, 882, 558), (0, 864, 594), (18, 900, 576), (-36, 882, 576), (-54, 882, 558), (-54, 882, 558), (-90, 900, 594), (-54, 864, 594), (-108, 882, 558), (-126, 936, 504), (-90, 864, 450), (-54, 882, 522), (-108, 918, 576), (-54, 900, 594), (-54, 918, 558), (-36, 900, 522), (-36, 864, 630), (-72, 846, 684), (-36, 828, 720), (-54, 846, 630)]	(9433, 10701, 9627, 10730, 11731, 13839, 4567, 6232, 4285, 7003, 6031, 6492, 4718, 6075, 7164, 8784, 10956, 19513, 14357, 8631, 15124, 13139, 12099, 1960)
s	1730547	(655, 377)	[(-36, 864, 612), (-36, 864, 630), (-54, 864, 612), (-36, 864, 612), (-72, 864, 630), (-54, 864, 612), (-36, 864, 594), (-54, 864, 612), (-72, 846, 612), (-72, 846, 612), (-54, 864, 558), (-54, 846, 594), (-54, 864, 630), (-54, 864, 612), (-72, 864, 612), (-54, 864, 594), (-72, 864, 612), (-54, 864, 594), (-54, 864, 612), (-54, 882, 612), (-90, 864, 576), (-90, 864, 594), (-72, 882, 558), (-90, 864, 576), (-72, 882, 648)]	(9431, 10705, 9807, 11018, 11757, 13771, 4518, 6195, 4262, 6985, 5947, 6398, 4646, 6064, 7157, 8524, 10943, 19512, 14343, 8622, 15125, 13131, 12102, 1964)
a	1730910	(656, 428)	[(-54, 864, 630), (-54, 864, 612), (-72, 864, 612), (-54, 864, 594), (-72, 864, 612), (-54, 864, 594), (-54, 864, 612), (-54, 882, 612), (-90, 864, 576), (-90, 864, 594), (-72, 882, 558), (-90, 864, 576), (-72, 882, 648), (-54, 882, 486), (-54, 882, 540), (-72, 900, 576), (0, 900, 630), (-90, 900, 576), (-108, 900, 504), (-126, 864, 576), (-126, 864, 612), (-90, 882, 504), (-72, 900, 612), (-72, 900, 612), (-72, 900, 630)]	(42262, 43506, 9939, 11028, 11689, 13157, 4381, 6658, 4189, 6941, 5823, 6500, 4659, 6056, 7142, 7784, 10940, 19520, 14348, 8633, 15153, 13148, 12105, 1973)
m	1731303	(739, 123)	[(-54, 882, 486), (-54, 882, 540), (-72, 900, 576), (0, 900, 630), (-90, 900, 576), (-108, 900, 504), (-126, 864, 576), (-126, 864, 612), (-90, 882, 504), (-72, 900, 612), (-72, 900, 612), (-72, 900, 630), (-36, 828, 720), (18, 828, 720), (0, 846, 666), (-36, 828, 648), (36, 846, 612), (54, 828, 594), (18, 864, 612), (-18, 846, 648), (-18, 846, 630), (0, 846, 576), (-36, 846, 576), (-90, 864, 558), (-18, 846, 612)]	(9416, 10735, 9677, 10382, 11699, 13766, 4664, 7550, 4365, 7029, 6064, 6819, 4840, 6086, 7181, 8718, 10967, 19520, 14360, 8651, 15155, 13138, 12106, 1971)
e	1731717	(602, 353)	[(0, 846, 666), (-36, 828, 648), (36, 846, 612), (54, 828, 594), (18, 864, 612), (-18, 846, 648), (-18, 846, 630), (0, 846, 576), (-36, 846, 576), (-90, 864, 558), (-18, 846, 612), (-18, 846, 684), (-18, 864, 684), (-18, 846, 630), (-36, 846, 666), (-54, 846, 648), (0, 828, 630), (-90, 882, 504), (-126, 900, 576), (-108, 882, 594), (-90, 882, 576), (-108, 882, 558), (-90, 900, 540), (-126, 900, 576), (-126, 918, 540)]	(9423, 10710, 10004, 11099, 11704, 13503, 4448, 6960, 4288, 6997, 5931, 6520, 4694, 6068, 7155, 7694, 10964, 19525, 14390, 8642, 15167, 13149, 12108, 1971)
 	1732111	(811, 232)	[(-18, 846, 630), (-36, 846, 666), (-54, 846, 648), (0, 828, 630), (-90, 882, 504), (-126, 900, 576), (-108, 882, 594), (-90, 882, 576), (-108, 882, 558), (-90, 900, 540), (-126, 900, 576), (-126, 918, 540), (-108, 882, 504), (-108, 864, 558), (-126, 882, 558), (-126, 918, 594), (-162, 900, 576), (-144, 900, 594), (36, 828, 486), (-36, 846, 540), (-54, 882, 648), (18, 864, 648), (18, 864, 630), (18, 882, 576), (-36, 864, 648)]	(9427, 10652, 9605, 10402, 11745, 13759, 4556, 6576, 4305, 7007, 6046, 6666, 4715, 6065, 7158, 8056, 10953, 19512, 14334, 8643, 15147, 13137, 12105, 1961)
e	1733343	(584, 350)	[(-36, 864, 612), (-54, 846, 612), (-54, 846, 612), (-54, 864, 630), (-36, 864, 630), (-18, 846, 630), (-54, 846, 648), (-36, 846, 648), (-54, 846, 612), (-72, 882, 594), (-36, 864, 630), (-72, 864, 594), (-36, 882, 594), (-54, 864, 612), (-54, 864, 612), (-36, 864, 594), (-54, 882, 576), (-54, 900, 558), (0, 882, 558), (0, 900, 558), (-54, 900, 540), (-72, 900, 558), (-72, 900, 594), (-36, 900, 558), (-90, 936, 468)]	(9428, 10773, 10056, 11150, 11681, 13205, 4459, 7281, 4266, 6994, 5926, 6598, 4728, 6070, 7152, 7916, 10958, 19524, 14385, 8644, 15143, 13141, 12112, 1970)
x	1734424	(743, 327)	[(-36, 900, 558), (-36, 900, 576), (-54, 918, 540), (-36, 900, 522), (-36, 900, 522), (-72, 900, 540), (-72, 900, 576), (-54, 900, 540), (-36, 900, 522), (-54, 918, 540), (-72, 900, 576), (-54, 900, 558), (-36, 900, 558), (-36, 900, 540), (-54, 900, 558), (-72, 900, 558), (-36, 918, 540), (-36, 918, 540), (-36, 900, 558), (-36, 900, 558), (-54, 900, 540), (-54, 900, 558), (-54, 882, 558), (-36, 900, 612), (-90, 918, 468)]	(9421, 10733, 9969, 11057, 11716, 13574, 4488, 6980, 4253, 6974, 5910, 6535, 4681, 6049, 7153, 7984, 10958, 19520, 14377, 8641, 15166, 13148, 12110, 1955)
i	1734917	(581, 135)	[(-36, 900, 558), (-36, 900, 558), (-54, 900, 540), (-54, 900, 558), (-54, 882, 558), (-36, 900, 612), (-90, 918, 468), (0, 900, 504), (-72, 918, 540), (-54, 918, 558), (-72, 900, 594), (-36, 900, 612), (-36, 900, 540), (-72, 900, 558), (0, 900, 558), (-72, 882, 576), (-36, 900, 522), (-54, 882, 540), (-72, 882, 594), (-72, 900, 558), (-54, 900, 558), (-36, 900, 558), (-54, 900, 558), (-54, 900, 558), (-72, 900, 468)]	(9396, 10714, 9798, 10675, 11634, 13318, 4495, 7520, 4242, 6964, 5928, 6620, 4723, 6067, 7156, 8212, 10952, 19520, 14360, 8627, 15147, 13140, 12105, 1971)
s	1735276	(666, 354)	[(-36, 900, 612), (-36, 900, 540), (-72, 900, 558), (0, 900, 558), (-72, 882, 576), (-36, 900, 522), (-54, 882, 540), (-72, 882, 594), (-72, 900, 558), (-54, 900, 558), (-36, 900, 558), (-54, 900, 558), (-54, 900, 558), (-72, 900, 468), (0, 900, 522), (-36, 900, 576), (18, 900, 558), (-36, 900, 558), (-54, 900, 558), (-54, 900, 558), (-72, 900, 576), (-54, 900, 558), (-72, 918, 504), (-36, 900, 540), (-72, 918, 558)]	(9416, 10761, 9911, 10925, 11646, 13301, 4467, 7466, 4265, 6969, 5936, 6595, 4723, 6071, 7165, 8100, 10964, 19525, 14379, 8644, 15148, 13139, 12110, 1975)
t	1735571	(586, 254)	[(-36, 900, 558), (-54, 900, 558), (-54, 900, 558), (-72, 900, 468), (0, 900, 522), (-36, 900, 576), (18, 900, 558), (-36, 900, 558), (-54, 900, 558), (-54, 900, 558), (-72, 900, 576), (-54, 900, 558), (-72, 918, 504), (-36, 900, 540), (-72, 918, 558), (-54, 900, 522), (-72, 900, 558), (-54, 900, 576), (-90, 882, 576), (-108, 900, 558), (-108, 900, 504), (-36, 900, 648), (-90, 900, 558), (-72, 936, 450), (0, 882, 594)]	(9393, 10752, 9892, 10868, 11646, 13335, 4485, 7609, 4241, 6981, 5966, 6590, 4727, 6069, 7157, 8182, 10962, 19530, 14386, 8643, 15155, 13141, 12117, 1983)
s	1735863	(766, 221)	[(-54, 900, 558), (-72, 900, 576), (-54, 900, 558), (-72, 918, 504), (-36, 900, 540), (-72, 918, 558), (-54, 900, 522), (-72, 900, 558), (-54, 900, 576), (-90, 882, 576), (-108, 900, 558), (-108, 900, 504), (-36, 900, 648), (-90, 900, 558), (-72, 936, 450), (0, 882, 594), (-72, 900, 576), (-36, 882, 612), (-54, 918, 576), (-72, 900, 540), (-72, 918, 504), (-72, 864, 558), (-108, 828, 648), (-54, 846, 648), (-72, 864, 576)]	(9413, 10728, 9810, 10642, 11706, 13690, 4563, 7195, 4308, 6979, 6019, 6629, 4737, 6079, 7164, 8277, 10960, 19523, 14374, 8645, 15149, 13150, 12106, 1970)
 	1737717	(656, 275)	[(-36, 828, 666), (-54, 810, 648), (-36, 810, 630), (-36, 810, 648), (-54, 828, 666), (-54, 828, 684), (-36, 810, 702), (-36, 828, 684), (-36, 828, 666), (-36, 846, 630), (-54, 846, 648), (-54, 828, 630), (-72, 864, 612), (-72, 846, 630), (-54, 846, 612), (-72, 864, 612), (-90, 882, 630), (-54, 864, 612), (-72, 864, 594), (-90, 882, 612), (-72, 882, 612), (-54, 864, 576), (-54, 864, 612), (-108, 918, 540), (-54, 864, 522)]	(9417, 10766, 9724, 10665, 11659, 13517, 4538, 7307, 4312, 6997, 6026, 6670, 4791, 6075, 7153, 8411, 10955, 19523, 14355, 8631, 15141, 13148, 12098, 1965)
f	1738013	(577, 125)	[(-36, 846, 630), (-54, 846, 648), (-54, 828, 630), (-72, 864, 612), (-72, 846, 630), (-54, 846, 612), (-72, 864, 612), (-90, 882, 630), (-54, 864, 612), (-72, 864, 594), (-90, 882, 612), (-72, 882, 612), (-54, 864, 576), (-54, 864, 612), (-108, 918, 540), (-54, 864, 522), (18, 900, 522), (-36, 918, 540), (-90, 882, 612), (-72, 864, 594), (-72, 864, 558), (-18, 882, 720), (-36, 882, 504), (-72, 882, 540), (-54, 882, 504)]	(9416, 10771, 9725, 10568, 11649, 13576, 4565, 7445, 4327, 6963, 6659, 12360, 4793, 6080, 7170, 8572, 10969, 19535, 14376, 8643, 15146, 13145, 12103, 1971)
o	1738672	(596, 303)	[(-72, 864, 594), (-90, 864, 630), (-90, 846, 648), (-72, 864, 594), (-72, 882, 594), (-90, 864, 612), (-90, 846, 630), (-36, 882, 576), (-36, 864, 594), (-18, 882, 558), (-72, 882, 594), (-54, 882, 612), (-54, 882, 594), (-72, 882, 576), (-36, 900, 558), (-54, 882, 576), (-72, 882, 612), (-54, 900, 540), (-54, 882, 540), (-54, 882, 558), (-72, 864, 594), (-36, 882, 558), (-54, 918, 540), (-54, 900, 486), (0, 900, 540)]	(9423, 10809, 9920, 10948, 11685, 13615, 4552, 7455, 4310, 6993, 6028, 6622, 4780, 6076, 7165, 8284, 10965, 19524, 14392, 8642, 15155, 13145, 12103, 1970)
r	1739083	(781, 224)	[(-36, 900, 558), (-54, 882, 576), (-72, 882, 612), (-54, 900, 540), (-54, 882, 540), (-54, 882, 558), (-72, 864, 594), (-36, 882, 558), (-54, 918, 540), (-54, 900, 486), (0, 900, 540), (-36, 918, 576), (0, 918, 576), (-54, 918, 522), (-126, 900, 504), (-18, 882, 504), (-72, 846, 648), (-72, 846, 648), (-72, 846, 684), (0, 864, 648), (-18, 864, 630), (-72, 846, 666), (-54, 828, 684), (-72, 882, 540), (0, 828, 612)]	(9422, 10773, 9768, 10620, 11698, 13805, 4585, 7246, 4370, 7006, 6059, 6690, 4817, 6086, 7165, 8481, 10967, 19523, 14361, 8642, 15150, 13136, 12103, 1973)
 	1739945	(574, 258)	[(-54, 828, 666), (-72, 828, 648), (-36, 828, 648), (-54, 846, 648), (-72, 846, 684), (-54, 828, 666), (-54, 828, 666), (-54, 828, 630), (-54, 846, 630), (-54, 846, 648), (-36, 828, 684), (-54, 846, 666), (-36, 846, 630), (-36, 864, 630), (-36, 864, 612), (-54, 846, 612), (-36, 864, 630), (-72, 846, 594), (-72, 864, 558), (-36, 864, 558), (-72, 882, 594), (-108, 864, 648), (-54, 882, 558), (-72, 864, 594), (-90, 900, 522)]	(9409, 10761, 9834, 10796, 11660, 13500, 4528, 7331, 4281, 6958, 6009, 6550, 4751, 6068, 7168, 8326, 10950, 19525, 14362, 8641, 15149, 13146, 12104, 1972)
t	1740506	(588, 389)	[(-108, 864, 648), (-54, 882, 558), (-72, 864, 594), (-90, 900, 522), (-108, 900, 486), (-54, 864, 594), (-54, 900, 558), (-36, 900, 576), (-72, 882, 612), (-108, 864, 576), (-54, 882, 540), (-36, 864, 612), (-36, 846, 630), (-54, 864, 594), (-90, 882, 540), (-90, 900, 540), (-54, 900, 558), (-54, 900, 558), (-72, 900, 522), (-72, 918, 540), (-72, 900, 576), (-90, 900, 540), (-90, 900, 540), (-90, 936, 504), (-126, 954, 414)]	(9418, 10685, 9923, 11110, 11679, 13374, 4464, 6465, 4256, 6988, 5984, 6623, 4695, 6059, 7147, 7203, 10942, 19515, 14351, 8626, 15130, 13131, 12105, 1972)
w	1740852	(580, 102)	[(-36, 864, 612), (-36, 846, 630), (-54, 864, 594), (-90, 882, 540), (-90, 900, 540), (-54, 900, 558), (-54, 900, 558), (-72, 900, 522), (-72, 918, 540), (-72, 900, 576), (-90, 900, 540), (-90, 900, 540), (-90, 936, 504), (-126, 954, 414), (-54, 900, 540), (-108, 936, 504), (-90, 918, 522), (-162, 936, 468), (-162, 918, 468), (-72, 864, 666), (-90, 882, 666), (-108, 882, 648), (-72, 864, 630), (-90, 900, 450), (-72, 864, 594)]	(9417, 10793, 9763, 10548, 11653, 13491, 4570, 7428, 4274, 6967, 5959, 6845, 4812, 6075, 7166, 7880, 10964, 19509, 14360, 8633, 15144, 13135, 12105, 1976)
o	1741142	(811, 215)	[(-72, 900, 576), (-90, 900, 540), (-90, 900, 540), (-90, 936, 504), (-126, 954, 414), (-54, 900, 540), (-108, 936, 504), (-90, 918, 522), (-162, 936, 468), (-162, 918, 468), (-72, 864, 666), (-90, 882, 666), (-108, 882, 648), (-72, 864, 630), (-90, 900, 450), (-72, 864, 594), (-72, 864, 612), (-36, 882, 612), (-54, 900, 594), (-90, 882, 522), (-72, 918, 522), (-72, 828, 576), (-18, 846, 648), (-90, 900, 558), (18, 864, 576)]	(9431, 10738, 9563, 10296, 11688, 13774, 4523, 6638, 4248, 6983, 5995, 6912, 4817, 6072, 7151, 7821, 10956, 19508, 14335, 8635, 15130, 13132, 12102, 1969)
 	1742375	(575, 265)	[(-54, 846, 612), (-54, 846, 612), (-72, 846, 648), (-54, 846, 648), (-36, 828, 648), (-54, 828, 666), (-54, 810, 648), (-36, 846, 648), (-54, 846, 648), (-90, 864, 648), (-54, 882, 630), (0, 882, 558), (18, 882, 540), (-36, 882, 576), (-54, 882, 594), (-72, 864, 612), (-90, 882, 612), (-90, 864, 612), (-90, 864, 612), (-90, 882, 612), (-90, 882, 612), (-54, 900, 558), (-36, 882, 594), (-108, 936, 540), (-90, 882, 522)]	(9407, 10764, 9754, 10724, 11666, 13566, 4532, 6973, 4282, 6976, 5973, 6749, 4762, 6057, 7152, 7756, 10945, 19520, 14357, 8635, 15143, 13135, 12102, 1973)
t	1742887	(651, 184)	[(-90, 882, 612), (-90, 882, 612), (-54, 900, 558), (-36, 882, 594), (-108, 936, 540), (-90, 882, 522), (-72, 882, 540), (-90, 882, 522), (-72, 918, 540), (-126, 882, 594), (-90, 882, 558), (-54, 882, 576), (-72, 882, 594), (-54, 882, 558), (-54, 864, 558), (-72, 882, 594), (-72, 882, 612), (-54, 882, 576), (-72, 882, 558), (-72, 882, 594), (-90, 864, 594), (-72, 900, 594), (-54, 882, 594), (-72, 918, 522), (-18, 882, 630)]	(9412, 10752, 9662, 10481, 11640, 13556, 4565, 7149, 4286, 6971, 6014, 6797, 4795, 6072, 7150, 7938, 10940, 19520, 14341, 8636, 15136, 13138, 12100, 1975)
h	1743178	(568, 98)	[(-126, 882, 594), (-90, 882, 558), (-54, 882, 576), (-72, 882, 594), (-54, 882, 558), (-54, 864, 558), (-72, 882, 594), (-72, 882, 612), (-54, 882, 576), (-72, 882, 558), (-72, 882, 594), (-90, 864, 594), (-72, 900, 594), (-54, 882, 594), (-72, 918, 522), (-18, 882, 630), (-90, 882, 630), (-72, 882, 612), (-54, 900, 594), (-108, 882, 576), (-72, 882, 558), (-54, 882, 576), (-90, 882, 576), (-108, 900, 486), (-90, 900, 522)]	(9409, 10804, 9688, 10507, 11648, 13663, 4655, 7551, 4361, 6986, 6058, 6880, 4848, 6071, 7167, 8033, 10959, 19528, 14366, 8621, 15145, 13136, 12104, 1970)
o	1743525	(575, 179)	[(-90, 864, 594), (-72, 900, 594), (-54, 882, 594), (-72, 918, 522), (-18, 882, 630), (-90, 882, 630), (-72, 882, 612), (-54, 900, 594), (-108, 882, 576), (-72, 882, 558), (-54, 882, 576), (-90, 882, 576), (-108, 900, 486), (-90, 900, 522), (-72, 882, 576), (-108, 882, 558), (-72, 900, 612), (-72, 882, 612), (-90, 900, 558), (-108, 900, 540), (-108, 900, 576), (-72, 900, 486), (-54, 900, 576), (-72, 882, 576), (-108, 900, 558)]	(9421, 10833, 9728, 10590, 11661, 13665, 4605, 7486, 4340, 6996, 6064, 6909, 4786, 6062, 7159, 7937, 10952, 19520, 14343, 8634, 15132, 13134, 12105, 1981)
u	1743786	(664, 372)	[(-108, 882, 576), (-72, 882, 558), (-54, 882, 576), (-90, 882, 576), (-108, 900, 486), (-90, 900, 522), (-72, 882, 576), (-108, 882, 558), (-72, 900, 612), (-72, 882, 612), (-90, 900, 558), (-108, 900, 540), (-108, 900, 576), (-72, 900, 486), (-54, 900, 576), (-72, 882, 576), (-108, 900, 558), (-90, 882, 594), (-108, 864, 594), (-72, 900, 558), (-90, 900, 540), (-90, 900, 540), (-108, 900, 576), (-90, 900, 594), (-162, 918, 432)]	(9417, 10783, 9845, 10944, 11656, 13471, 4539, 6989, 4268, 6979, 5959, 6704, 4732, 6059, 7155, 7556, 10943, 19518, 14371, 8633, 15142, 13130, 12105, 1974)
s	1744080	(672, 414)	[(-72, 882, 612), (-90, 900, 558), (-108, 900, 540), (-108, 900, 576), (-72, 900, 486), (-54, 900, 576), (-72, 882, 576), (-108, 900, 558), (-90, 882, 594), (-108, 864, 594), (-72, 900, 558), (-90, 900, 540), (-90, 900, 540), (-108, 900, 576), (-90, 900, 594), (-162, 918, 432), (-108, 900, 486), (-108, 900, 522), (-72, 918, 540), (-108, 918, 558), (-126, 900, 486), (-90, 900, 504), (-36, 900, 540), (-90, 918, 576), (-90, 936, 540)]	(9423, 10780, 9937, 11076, 11670, 13526, 4474, 6909, 4239, 6998, 5987, 6700, 4711, 6053, 7152, 7540, 10950, 19519, 14360, 8629, 15142, 13138, 12102, 1962)
a	1744424	(738, 169)	[(-72, 900, 558), (-90, 900, 540), (-90, 900, 540), (-108, 900, 576), (-90, 900, 594), (-162, 918, 432), (-108, 900, 486), (-108, 900, 522), (-72, 918, 540), (-108, 918, 558), (-126, 900, 486), (-90, 900, 504), (-36, 900, 540), (-90, 918, 576), (-90, 936, 540), (-36, 882, 594), (-54, 828, 666), (-36, 846, 648), (-54, 864, 612), (-54, 846, 648), (-54, 864, 630), (-36, 882, 612), (-54, 864, 630), (-72, 846, 630), (-72, 864, 576)]	(9415, 10728, 9591, 10281, 11647, 13669, 4601, 7150, 4326, 6997, 6071, 6795, 4835, 6077, 7163, 8263, 10953, 19513, 14342, 8637, 15138, 13140, 12098, 1977)
n	1744735	(687, 315)	[(-126, 900, 486), (-90, 900, 504), (-36, 900, 540), (-90, 918, 576), (-90, 936, 540), (-36, 882, 594), (-54, 828, 666), (-36, 846, 648), (-54, 864, 612), (-54, 846, 648), (-54, 864, 630), (-36, 882, 612), (-54, 864, 630), (-72, 846, 630), (-72, 864, 576), (-36, 864, 558), (-54, 864, 648), (-54, 882, 666), (-36, 864, 576), (-72, 864, 576), (0, 846, 576), (-126, 882, 594), (-72, 882, 558), (-90, 882, 594), (-126, 900, 648)]	(9414, 10760, 9694, 10558, 11669, 13560, 4564, 7075, 4265, 6979, 6009, 6663, 4744, 6057, 7150, 7976, 10953, 19511, 14333, 8636, 15134, 13137, 12098, 1974)
d	1745079	(808, 259)	[(-36, 882, 612), (-54, 864, 630), (-72, 846, 630), (-72, 864, 576), (-36, 864, 558), (-54, 864, 648), (-54, 882, 666), (-36, 864, 576), (-72, 864, 576), (0, 846, 576), (-126, 882, 594), (-72, 882, 558), (-90, 882, 594), (-126, 900, 648), (-108, 882, 540), (-90, 882, 540), (-90, 882, 576), (-54, 900, 612), (-108, 918, 594), (-108, 882, 558), (-144, 900, 504), (-90, 828, 630), (-126, 918, 504), (-54, 864, 576), (-90, 864, 612)]	(9424, 10752, 9653, 10515, 11728, 13924, 4599, 6795, 4353, 7015, 6096, 6762, 4767, 6064, 7159, 7964, 10960, 19520, 14358, 8631, 15141, 13139, 12106, 1986)
 	1746835	(744, 288)	[(-54, 864, 720), (-18, 864, 702), (18, 846, 666), (-36, 846, 630), (-54, 864, 612), (-54, 846, 666), (-36, 828, 648), (-54, 828, 648), (-72, 828, 648), (-90, 810, 612), (-72, 810, 630), (-72, 810, 648), (-90, 810, 684), (-72, 810, 666), (-18, 828, 648), (0, 846, 648), (-36, 846, 648), (-54, 846, 666), (-54, 846, 648), (-72, 846, 648), (-72, 846, 648), (-90, 846, 648), (-54, 864, 612), (-72, 846, 630), (-72, 882, 612)]	(9431, 10794, 9738, 10687, 11778, 11918, 4398, 7498, 4295, 6906, 6007, 6778, 4905, 6087, 7172, 8569, 10962, 19519, 14365, 8627, 15142, 13137, 12106, 1969)
c	1747130	(652, 409)	[(-90, 810, 612), (-72, 810, 630), (-72, 810, 648), (-90, 810, 684), (-72, 810, 666), (-18, 828, 648), (0, 846, 648), (-36, 846, 648), (-54, 846, 666), (-54, 846, 648), (-72, 846, 648), (-72, 846, 648), (-90, 846, 648), (-54, 864, 612), (-72, 846, 630), (-72, 882, 612), (-126, 882, 486), (-54, 846, 558), (-54, 864, 594), (-36, 864, 648), (-90, 864, 684), (-54, 882, 540), (-252, 990, 306), (-36, 882, 540), (-90, 954, 522)]	(9440, 10797, 10000, 11169, 11790, 12149, 4430, 7248, 4315, 6957, 5972, 6597, 4812, 6067, 7154, 8003, 10958, 19523, 14409, 8640, 15154, 13137, 12112, 1965)
a	1747474	(737, 162)	[(-72, 846, 648), (-90, 846, 648), (-54, 864, 612), (-72, 846, 630), (-72, 882, 612), (-126, 882, 486), (-54, 846, 558), (-54, 864, 594), (-36, 864, 648), (-90, 864, 684), (-54, 882, 540), (-252, 990, 306), (-36, 882, 540), (-90, 954, 522), (-72, 936, 576), (-90, 972, 576), (-108, 972, 594), (-72, 828, 450), (54, 864, 648), (18, 882, 738), (-54, 882, 666), (-54, 900, 576), (0, 882, 594), (-18, 900, 594), (-54, 882, 558)]	(9429, 10707, 9543, 10195, 11795, 12896, 4440, 7171, 4301, 6932, 5983, 6955, 4917, 6086, 7169, 8395, 10945, 19505, 14340, 8648, 15131, 13136, 12104, 1982)
n	1747837	(825, 217)	[(-36, 882, 540), (-90, 954, 522), (-72, 936, 576), (-90, 972, 576), (-108, 972, 594), (-72, 828, 450), (54, 864, 648), (18, 882, 738), (-54, 882, 666), (-54, 900, 576), (0, 882, 594), (-18, 900, 594), (-54, 882, 558), (-36, 864, 594), (-54, 846, 522), (-72, 864, 576), (-72, 864, 648), (-72, 900, 594), (-90, 864, 612), (-72, 864, 594), (-72, 846, 648), (0, 882, 522), (-54, 864, 630), (-54, 882, 648), (0, 846, 648)]	(42293, 43543, 9557, 10260, 11871, 12964, 4489, 6994, 4312, 6989, 6034, 6973, 4894, 6071, 7160, 8304, 10950, 19502, 14318, 8634, 15126, 13133, 12098, 1969)
 	1748131	(575, 377)	[(-54, 882, 666), (-54, 900, 576), (0, 882, 594), (-18, 900, 594), (-54, 882, 558), (-36, 864, 594), (-54, 846, 522), (-72, 864, 576), (-72, 864, 648), (-72, 900, 594), (-90, 864, 612), (-72, 864, 594), (-72, 846, 648), (0, 882, 522), (-54, 864, 630), (-54, 882, 648), (0, 846, 648), (-90, 882, 594), (-36, 918, 540), (-90, 936, 540), (-126, 936, 630), (-108, 936, 558), (-108, 918, 558), (-90, 900, 504), (-72, 936, 540)]	(9423, 10706, 9882, 11068, 11794, 12350, 4331, 6681, 4262, 6926, 5942, 6666, 4762, 6053, 7138, 7271, 10951, 19519, 14385, 8635, 15143, 13133, 12113, 1990)
w	1748476	(584, 330)	[(-72, 864, 594), (-72, 846, 648), (0, 882, 522), (-54, 864, 630), (-54, 882, 648), (0, 846, 648), (-90, 882, 594), (-36, 918, 540), (-90, 936, 540), (-126, 936, 630), (-108, 936, 558), (-108, 918, 558), (-90, 900, 504), (-72, 936, 540), (-180, 954, 396), (-108, 900, 522), (-126, 900, 414), (-108, 918, 504), (-126, 900, 504), (-108, 900, 432), (-108, 918, 504), (-126, 954, 414), (-90, 936, 486), (-126, 936, 450), (-72, 918, 432)]	(9440, 10719, 9820, 10980, 11815, 12518, 4335, 6584, 4250, 6921, 5873, 6888, 4773, 6039, 7127, 7285, 10939, 19517, 14358, 8627, 15137, 13135, 12104, 1968)
e	1748668	(783, 230)	[(-54, 882, 648), (0, 846, 648), (-90, 882, 594), (-36, 918, 540), (-90, 936, 540), (-126, 936, 630), (-108, 936, 558), (-108, 918, 558), (-90, 900, 504), (-72, 936, 540), (-180, 954, 396), (-108, 900, 522), (-126, 900, 414), (-108, 918, 504), (-126, 900, 504), (-108, 900, 432), (-108, 918, 504), (-126, 954, 414), (-90, 936, 486), (-126, 936, 450), (-72, 918, 432), (-54, 828, 612), (18, 882, 648), (0, 882, 720), (36, 882, 684)]	(9434, 10651, 9533, 10309, 11885, 13030, 4389, 6362, 4283, 6966, 6012, 6858, 4833, 6068, 7155, 7607, 10950, 19510, 14324, 8634, 15118, 13125, 12093, 1986)
 	1749803	(664, 243)	[(-36, 846, 612), (-36, 846, 648), (-54, 846, 666), (-72, 846, 630), (-54, 846, 612), (-36, 846, 612), (-36, 846, 630), (-36, 846, 666), (-54, 846, 630), (-72, 828, 630), (-36, 846, 630), (-18, 846, 648), (-90, 846, 630), (-54, 846, 630), (-54, 864, 612), (-72, 846, 612), (-90, 846, 648), (-72, 846, 630), (-54, 846, 648), (-36, 846, 612), (-54, 864, 630), (-72, 846, 630), (-36, 864, 648), (-72, 864, 630), (-90, 882, 486)]	(9429, 10837, 9940, 10733, 11988, 13111, 4520, 7719, 4365, 7004, 6029, 6467, 4784, 6077, 7169, 8878, 10970, 19532, 14410, 8652, 15157, 13154, 12100, 1974)
g	1750097	(585, 330)	[(-54, 846, 630), (-72, 828, 630), (-36, 846, 630), (-18, 846, 648), (-90, 846, 630), (-54, 846, 630), (-54, 864, 612), (-72, 846, 612), (-90, 846, 648), (-72, 846, 630), (-54, 846, 648), (-36, 846, 612), (-54, 864, 630), (-72, 846, 630), (-36, 864, 648), (-72, 864, 630), (-90, 882, 486), (-36, 864, 558), (-54, 864, 594), (-36, 846, 666), (-72, 846, 666), (-72, 882, 540), (-54, 900, 594), (-90, 918, 576), (-126, 918, 504)]	(9427, 10811, 10008, 11027, 11892, 12597, 4427, 7595, 4237, 6943, 5939, 6428, 4750, 6064, 7162, 8324, 10960, 19530, 14409, 8643, 15155, 13149, 12099, 1966)
e	1750409	(579, 260)	[(-72, 846, 630), (-54, 846, 648), (-36, 846, 612), (-54, 864, 630), (-72, 846, 630), (-36, 864, 648), (-72, 864, 630), (-90, 882, 486), (-36, 864, 558), (-54, 864, 594), (-36, 846, 666), (-72, 846, 666), (-72, 882, 540), (-54, 900, 594), (-90, 918, 576), (-126, 918, 504), (-90, 864, 558), (-126, 882, 540), (-54, 900, 576), (-108, 882, 522), (-90, 864, 540), (-36, 900, 648), (-90, 900, 558), (-36, 882, 540), (-72, 882, 558)]	(9427, 10836, 10013, 11004, 11950, 12920, 4491, 7692, 4286, 6990, 6026, 6530, 4756, 6059, 7161, 8447, 10964, 19534, 14404, 8648, 15165, 13151, 12102, 1976)
t	1750654	(772, 216)	[(-72, 864, 630), (-90, 882, 486), (-36, 864, 558), (-54, 864, 594), (-36, 846, 666), (-72, 846, 666), (-72, 882, 540), (-54, 900, 594), (-90, 918, 576), (-126, 918, 504), (-90, 864, 558), (-126, 882, 540), (-54, 900, 576), (-108, 882, 522), (-90, 864, 540), (-36, 900, 648), (-90, 900, 558), (-36, 882, 540), (-72, 882, 558), (-72, 882, 594), (-108, 864, 540), (-90, 864, 612), (-18, 846, 576), (-36, 846, 684), (18, 864, 720)]	(9417, 10748, 9859, 10543, 11938, 13028, 4468, 7401, 4304, 6977, 6069, 6515, 4758, 6079, 7168, 8638, 10965, 19517, 14376, 8649, 15158, 13145, 12102, 1969)
 	1751468	(570, 122)	[(-18, 828, 630), (-36, 864, 666), (-54, 828, 666), (-36, 828, 666), (-36, 828, 648), (0, 846, 630), (-36, 846, 648), (-36, 846, 648), (-36, 846, 648), (-36, 846, 648), (-36, 846, 630), (0, 864, 594), (-36, 864, 612), (-72, 864, 630), (-36, 846, 630), (18, 846, 594), (-54, 864, 594), (-72, 864, 612), (-54, 864, 612), (-36, 864, 612), (-36, 864, 612), (-54, 864, 612), (-36, 864, 612), (-36, 864, 522), (-54, 900, 522)]	(9429, 10827, 9815, 10486, 11941, 13251, 4555, 8086, 4459, 6992, 6163, 6650, 4851, 6098, 7180, 8941, 10975, 19530, 14402, 8652, 15157, 13144, 12103, 1966)
i	1751761	(581, 260)	[(-36, 846, 648), (-36, 846, 630), (0, 864, 594), (-36, 864, 612), (-72, 864, 630), (-36, 846, 630), (18, 846, 594), (-54, 864, 594), (-72, 864, 612), (-54, 864, 612), (-36, 864, 612), (-36, 864, 612), (-54, 864, 612), (-36, 864, 612), (-36, 864, 522), (-54, 900, 522), (-54, 846, 630), (-36, 882, 612), (18, 864, 594), (-36, 864, 630), (-72, 882, 612), (-36, 882, 648), (-36, 918, 540), (-72, 882, 594), (-90, 900, 468)]	(9418, 10800, 9893, 10667, 11899, 12880, 4526, 7811, 4331, 6970, 6040, 6529, 4781, 6075, 7164, 8600, 10956, 19532, 14413, 8650, 15162, 13147, 12097, 1981)
t	1752071	(791, 232)	[(-72, 864, 612), (-54, 864, 612), (-36, 864, 612), (-36, 864, 612), (-54, 864, 612), (-36, 864, 612), (-36, 864, 522), (-54, 900, 522), (-54, 846, 630), (-36, 882, 612), (18, 864, 594), (-36, 864, 630), (-72, 882, 612), (-36, 882, 648), (-36, 918, 540), (-72, 882, 594), (-90, 900, 468), (-36, 864, 486), (-54, 864, 576), (0, 900, 630), (-36, 900, 594), (-54, 918, 558), (-18, 846, 594), (-90, 846, 648), (-126, 864, 630)]	(9417, 10754, 9762, 10454, 11989, 13195, 4530, 7298, 4330, 7021, 6119, 6550, 4787, 6093, 7155, 8625, 10968, 19516, 14369, 8655, 15146, 13149, 12098, 1972)
 	1752719	(668, 408)	[(-54, 864, 648), (-72, 864, 648), (-54, 846, 630), (-36, 846, 666), (-54, 864, 558), (-36, 846, 630), (-72, 846, 648), (-72, 828, 666), (-72, 846, 630), (-108, 846, 648), (-108, 846, 666), (-72, 864, 630), (-72, 864, 612), (-72, 864, 594), (-108, 864, 594), (-126, 864, 630), (-108, 846, 594), (-90, 864, 540), (-90, 864, 576), (-108, 882, 594), (-90, 882, 630), (-90, 864, 594), (-90, 846, 648), (-162, 918, 450), (-54, 864, 522)]	(9420, 10839, 10074, 11127, 11942, 12681, 4474, 7410, 4284, 6962, 5976, 6390, 4723, 6070, 7151, 8176, 10964, 19529, 14434, 8645, 15165, 13145, 12099, 1974)
a	1753033	(674, 363)	[(-108, 846, 648), (-108, 846, 666), (-72, 864, 630), (-72, 864, 612), (-72, 864, 594), (-108, 864, 594), (-126, 864, 630), (-108, 846, 594), (-90, 864, 540), (-90, 864, 576), (-108, 882, 594), (-90, 882, 630), (-90, 864, 594), (-90, 846, 648), (-162, 918, 450), (-54, 864, 522), (-90, 882, 576), (-72, 900, 630), (-108, 900, 594), (-54, 882, 612), (-72, 900, 576), (-72, 864, 684), (-90, 918, 612), (-90, 900, 576), (-144, 882, 504)]	(9432, 10864, 10110, 11142, 11944, 12725, 4445, 7707, 4338, 7001, 5977, 6489, 4714, 6060, 7151, 8193, 10961, 19528, 14421, 8652, 15170, 13145, 12108, 1966)
s	1753226	(804, 238)	[(-72, 864, 594), (-108, 864, 594), (-126, 864, 630), (-108, 846, 594), (-90, 864, 540), (-90, 864, 576), (-108, 882, 594), (-90, 882, 630), (-90, 864, 594), (-90, 846, 648), (-162, 918, 450), (-54, 864, 522), (-90, 882, 576), (-72, 900, 630), (-108, 900, 594), (-54, 882, 612), (-72, 900, 576), (-72, 864, 684), (-90, 918, 612), (-90, 900, 576), (-144, 882, 504), (-72, 846, 648), (36, 864, 630), (0, 864, 648), (-90, 882, 648)]	(9420, 10731, 9788, 10464, 12023, 13123, 4539, 7206, 4351, 6997, 6082, 6528, 4761, 6066, 7160, 8497, 10963, 19520, 14390, 8657, 15166, 13146, 12100, 1969)
 	1753670	(607, 374)	[(-54, 882, 612), (-72, 900, 576), (-72, 864, 684), (-90, 918, 612), (-90, 900, 576), (-144, 882, 504), (-72, 846, 648), (36, 864, 630), (0, 864, 648), (-90, 882, 648), (54, 846, 612), (0, 882, 630), (-36, 882, 648), (18, 846, 630), (18, 846, 648), (-36, 864, 666), (-72, 864, 612), (-36, 900, 558), (-54, 900, 576), (-90, 918, 576), (-108, 918, 540), (-126, 900, 558), (-90, 900, 558), (-108, 900, 540), (-108, 900, 558)]	(9420, 10779, 10120, 11190, 11887, 12610, 4380, 7249, 4281, 6976, 5894, 6445, 4732, 6046, 7152, 7779, 10955, 19531, 14417, 8646, 15154, 13143, 12106, 1974)
w	1754086	(577, 335)	[(-36, 864, 666), (-72, 864, 612), (-36, 900, 558), (-54, 900, 576), (-90, 918, 576), (-108, 918, 540), (-126, 900, 558), (-90, 900, 558), (-108, 900, 540), (-108, 900, 558), (-144, 936, 522), (-108, 918, 486), (-126, 900, 522), (-90, 900, 468), (-54, 918, 468), (-108, 918, 540), (-90, 918, 522), (-90, 918, 522), (-90, 936, 522), (-72, 918, 522), (-90, 900, 522), (-108, 900, 522), (-54, 900, 576), (-90, 900, 486), (-72, 918, 504)]	(9431, 10818, 10142, 11256, 11888, 12857, 4456, 7280, 4371, 7004, 6077, 6660, 4784, 6063, 7156, 7696, 10966, 19530, 14433, 8648, 15159, 13136, 12112, 1972)
e	1754700	(655, 31)	[(-54, 900, 576), (-90, 900, 486), (-72, 918, 504), (-72, 936, 504), (-108, 936, 504), (-144, 882, 540), (0, 864, 612), (0, 846, 702), (-54, 864, 720), (-54, 846, 720), (0, 864, 612), (18, 846, 612), (-36, 864, 684), (-72, 846, 720), (-36, 846, 666), (-36, 864, 612), (-36, 846, 612), (-54, 846, 612), (-54, 846, 612), (-72, 846, 612), (-36, 828, 576), (-36, 864, 576), (-72, 828, 594), (-36, 810, 558), (-54, 828, 576)]	(9417, 10734, 9495, 10164, 11825, 13255, 4536, 7237, 4363, 6963, 6059, 6681, 4876, 6076, 7167, 8613, 10952, 19514, 14308, 8647, 15129, 13139, 12103, 1937)
l	1754995	(672, 38)	[(-54, 846, 720), (0, 864, 612), (18, 846, 612), (-36, 864, 684), (-72, 846, 720), (-36, 846, 666), (-36, 864, 612), (-36, 846, 612), (-54, 846, 612), (-54, 846, 612), (-72, 846, 612), (-36, 828, 576), (-36, 864, 576), (-72, 828, 594), (-36, 810, 558), (-54, 828, 576), (-90, 846, 630), (-54, 846, 684), (0, 864, 720), (-36, 846, 684), (-54, 810, 612), (-18, 846, 576), (0, 864, 720), (0, 846, 738), (0, 810, 648)]	(9422, 10848, 9609, 10402, 11854, 13504, 4599, 7567, 4456, 6996, 6144, 6684, 4896, 6091, 7176, 8753, 10966, 19520, 14327, 8646, 15140, 13137, 12100, 1974)
l	1756436	(653, 62)	[(18, 792, 738), (-108, 792, 792), (-108, 810, 720), (-90, 828, 648), (-108, 828, 576), (-90, 810, 594), (-90, 810, 648), (-108, 810, 648), (-72, 828, 630), (0, 828, 630), (-54, 828, 630), (-72, 828, 612), (-72, 846, 594), (-72, 828, 612), (-54, 846, 612), (-54, 864, 630), (-54, 864, 630), (-54, 846, 666), (-36, 846, 630), (-72, 846, 648), (-72, 828, 666), (-72, 828, 630), (-72, 846, 648), (-54, 828, 594), (-108, 864, 558)]	(9365, 10758, 9259, 9873, 11463, 9626, 8083, 8750, 4852, 6979, 7280, 6820, 5056, 6192, 7219, 10346, 10977, 19529, 14329, 8645, 15120, 13152, 12094, 1971)
