Please hold the phone in your right hand and type with your left index finger
c	1998570	(734, 314)	[(72, 630, 810), (72, 612, 810), (90, 648, 846), (72, 648, 846), (72, 648, 828), (72, 630, 846), (72, 630, 828), (72, 630, 828), (90, 630, 846), (72, 630, 864), (72, 630, 828), (72, 648, 846), (90, 648, 810), (90, 648, 828), (90, 648, 828), (90, 648, 846), (90, 648, 846), (72, 648, 846), (126, 648, 792), (126, 666, 684), (126, 666, 792), (108, 666, 846), (90, 648, 882), (72, 630, 846), (72, 648, 774)]	(9364, 10932, 9890, 10156, 11613, 10852, 5945, 11460, 4980, 7045, 6433, 8209, 4907, 6630, 7220, 7256, 11058, 19675, 15269, 8796, 15526, 13247, 12136, 1976)
a	1998911	(630, 435)	[(72, 648, 846), (90, 648, 810), (90, 648, 828), (90, 648, 828), (90, 648, 846), (90, 648, 846), (72, 648, 846), (126, 648, 792), (126, 666, 684), (126, 666, 792), (108, 666, 846), (90, 648, 882), (72, 630, 846), (72, 648, 774), (72, 648, 828), (90, 648, 828), (108, 648, 828), (90, 648, 810), (72, 648, 828), (72, 648, 846), (90, 666, 738), (126, 666, 900), (108, 666, 864), (54, 630, 828), (72, 648, 774)]	(9373, 10960, 9935, 10170, 11616, 10941, 6030, 11626, 5056, 7054, 6451, 8317, 4914, 6612, 7218, 7264, 11060, 19680, 15263, 8800, 15526, 13244, 12128, 1980)
n	1999469	(735, 193)	[(126, 666, 900), (108, 666, 864), (54, 630, 828), (72, 648, 774), (72, 630, 828), (108, 648, 810), (108, 648, 792), (108, 666, 810), (90, 666, 810), (108, 666, 846), (90, 648, 810), (108, 666, 810), (108, 648, 810), (108, 666, 810), (108, 648, 792), (108, 666, 810), (90, 648, 810), (108, 666, 792), (108, 666, 828), (144, 702, 720), (108, 630, 756), (72, 666, 900), (108, 666, 900), (72, 648, 810), (90, 666, 774)]	(9355, 10930, 9898, 10147, 11610, 10883, 5961, 11465, 4995, 7035, 6440, 8219, 4905, 6615, 7221, 7261, 11046, 19688, 15263, 8801, 15536, 13247, 12130, 1977)
 	2000080	(852, 269)	[(72, 648, 810), (90, 666, 774), (90, 648, 810), (90, 648, 864), (72, 648, 828), (90, 630, 792), (126, 666, 810), (108, 666, 792), (90, 648, 792), (90, 648, 792), (90, 666, 810), (108, 648, 828), (90, 648, 810), (108, 648, 810), (126, 666, 810), (90, 648, 810), (108, 648, 810), (90, 648, 828), (108, 666, 810), (162, 666, 828), (108, 648, 684), (90, 648, 846), (90, 666, 864), (72, 648, 846), (90, 666, 792)]	(9365, 10912, 9872, 10139, 11606, 10870, 6001, 11440, 5020, 7036, 6433, 8213, 4917, 6641, 7220, 7267, 11053, 19684, 15261, 8795, 15529, 13248, 12127, 1973)
w	2001163	(570, 406)	[(108, 666, 792), (108, 648, 792), (126, 666, 810), (108, 666, 810), (90, 648, 810), (90, 648, 846), (108, 666, 810), (90, 666, 810), (90, 648, 792), (108, 666, 810), (108, 666, 792), (90, 666, 810), (90, 666, 810), (108, 666, 810), (108, 648, 792), (108, 648, 828), (90, 666, 810), (90, 648, 810), (108, 666, 810), (144, 684, 774), (108, 666, 774), (126, 666, 900), (72, 648, 828), (72, 648, 810), (108, 648, 738)]	(9366, 10955, 9930, 10177, 11641, 10958, 6229, 11691, 5148, 7090, 6491, 8343, 4920, 6733, 7216, 7276, 11065, 19684, 15274, 8804, 15542, 13251, 12130, 1985)
e	2001402	(567, 353)	[(108, 666, 810), (90, 666, 810), (90, 648, 792), (108, 666, 810), (108, 666, 792), (90, 666, 810), (90, 666, 810), (108, 666, 810), (108, 648, 792), (108, 648, 828), (90, 666, 810), (90, 648, 810), (108, 666, 810), (144, 684, 774), (108, 666, 774), (126, 666, 900), (72, 648, 828), (72, 648, 810), (108, 648, 738), (90, 666, 810), (126, 684, 774), (108, 666, 720), (126, 684, 882), (108, 666, 846), (90, 648, 756)]	(9369, 10953, 9920, 10181, 11630, 10940, 6202, 11715, 5160, 7079, 6472, 8305, 4926, 6744, 7220, 7277, 11061, 19687, 15277, 8801, 15545, 13246, 12130, 1980)
 	2001743	(841, 254)	[(90, 648, 810), (108, 666, 810), (144, 684, 774), (108, 666, 774), (126, 666, 900), (72, 648, 828), (72, 648, 810), (108, 648, 738), (90, 666, 810), (126, 684, 774), (108, 666, 720), (126, 684, 882), (108, 666, 846), (90, 648, 756), (126, 684, 810), (90, 666, 828), (90, 666, 792), (108, 666, 792), (108, 666, 792), (108, 666, 792), (198, 666, 918), (126, 702, 594), (54, 648, 936), (90, 648, 954), (72, 666, 810)]	(9365, 10952, 9921, 10171, 11626, 10950, 6202, 11677, 5140, 7055, 6457, 8311, 4874, 6784, 7225, 7276, 11063, 19686, 15270, 8802, 15548, 13247, 12136, 1985)
h	2002409	(659, 209)	[(126, 666, 792), (108, 666, 828), (108, 666, 792), (108, 666, 810), (126, 666, 792), (108, 666, 810), (108, 666, 810), (108, 648, 810), (108, 666, 792), (126, 666, 810), (90, 666, 828), (108, 666, 792), (126, 666, 810), (108, 666, 792), (108, 666, 810), (108, 666, 792), (90, 666, 846), (108, 684, 792), (126, 666, 792), (144, 666, 792), (162, 684, 684), (126, 666, 810), (108, 684, 864), (108, 648, 846), (108, 666, 846)]	(9377, 10976, 9950, 10208, 11640, 10995, 6290, 11911, 5199, 7084, 6496, 8383, 4940, 6823, 7226, 7292, 11065, 19689, 15309, 8815, 15556, 13262, 12136, 1975)
a	2002799	(660, 433)	[(108, 666, 792), (108, 666, 810), (108, 666, 792), (90, 666, 846), (108, 684, 792), (126, 666, 792), (144, 666, 792), (162, 684, 684), (126, 666, 810), (108, 684, 864), (108, 648, 846), (108, 666, 846), (126, 666, 720), (72, 666, 846), (90, 666, 828), (108, 666, 810), (108, 666, 792), (108, 666, 774), (144, 684, 792), (144, 684, 720), (90, 648, 774), (108, 666, 918), (72, 666, 918), (72, 648, 828), (90, 666, 720)]	(9373, 10945, 9918, 10170, 11646, 10997, 6255, 11757, 5171, 7081, 6502, 8365, 4944, 6858, 7236, 7286, 11069, 19692, 15293, 8812, 15551, 13250, 12126, 1961)
v	2003158	(739, 253)	[(126, 666, 720), (72, 666, 846), (90, 666, 828), (108, 666, 810), (108, 666, 792), (108, 666, 774), (144, 684, 792), (144, 684, 720), (90, 648, 774), (108, 666, 918), (72, 666, 918), (72, 648, 828), (90, 666, 720), (162, 684, 756), (108, 666, 828), (108, 666, 810), (108, 666, 792), (126, 666, 792), (126, 666, 810), (162, 684, 810), (108, 684, 648), (108, 648, 846), (126, 684, 900), (90, 666, 828), (90, 666, 792)]	(9370, 10960, 9943, 10198, 11634, 10960, 6241, 11801, 5166, 7068, 6490, 8371, 4930, 6776, 7223, 7284, 11069, 19688, 15282, 8810, 15549, 13250, 12133, 1951)
e	2003447	(563, 347)	[(108, 666, 918), (72, 666, 918), (72, 648, 828), (90, 666, 720), (162, 684, 756), (108, 666, 828), (108, 666, 810), (108, 666, 792), (126, 666, 792), (126, 666, 810), (162, 684, 810), (108, 684, 648), (108, 648, 846), (126, 684, 900), (90, 666, 828), (90, 666, 792), (108, 666, 792), (108, 684, 810), (108, 684, 810), (162, 666, 684), (108, 684, 792), (108, 666, 918), (54, 648, 810), (72, 648, 756), (144, 684, 756)]	(9356, 10969, 9942, 10180, 11644, 11002, 6256, 11803, 5177, 7083, 6491, 8363, 4897, 6784, 7225, 7277, 11062, 19683, 15291, 8810, 15547, 13249, 12136, 1978)
 	2004361	(853, 249)	[(108, 666, 810), (108, 666, 810), (108, 666, 810), (90, 666, 792), (108, 684, 810), (108, 666, 810), (108, 666, 792), (108, 648, 810), (108, 666, 828), (108, 666, 792), (108, 666, 792), (108, 666, 792), (108, 666, 810), (108, 666, 810), (108, 666, 810), (108, 666, 810), (108, 666, 828), (108, 666, 828), (144, 684, 900), (144, 702, 684), (90, 648, 756), (72, 648, 900), (90, 666, 846), (90, 648, 882), (90, 684, 792)]	(9369, 10934, 9913, 10157, 11620, 10938, 6215, 11649, 5120, 7062, 6476, 8318, 4919, 6763, 7230, 7270, 11063, 19686, 15265, 8804, 15543, 13253, 12128, 1982)
t	2005023	(561, 271)	[(108, 666, 810), (126, 666, 792), (126, 666, 792), (126, 666, 792), (126, 684, 792), (108, 666, 792), (126, 666, 792), (126, 666, 810), (108, 666, 810), (108, 666, 828), (108, 666, 810), (126, 666, 792), (144, 684, 792), (108, 666, 792), (126, 684, 846), (108, 666, 792), (108, 648, 828), (108, 666, 774), (162, 684, 720), (162, 702, 792), (162, 684, 864), (90, 666, 810), (90, 648, 810), (126, 684, 810), (162, 684, 774)]	(9362, 10927, 9913, 10166, 11622, 10948, 6227, 11656, 5151, 7099, 6493, 8309, 4919, 6821, 7227, 7277, 11055, 19688, 15272, 8798, 15548, 13246, 12132, 1980)
h	2005283	(639, 194)	[(126, 666, 810), (108, 666, 810), (108, 666, 828), (108, 666, 810), (126, 666, 792), (144, 684, 792), (108, 666, 792), (126, 684, 846), (108, 666, 792), (108, 648, 828), (108, 666, 774), (162, 684, 720), (162, 702, 792), (162, 684, 864), (90, 666, 810), (90, 648, 810), (126, 684, 810), (162, 684, 774), (108, 666, 810), (162, 702, 684), (126, 666, 774), (126, 684, 864), (108, 666, 810), (108, 666, 756), (144, 684, 756)]	(9363, 10911, 9884, 10139, 11614, 10914, 6195, 11610, 5122, 7075, 6452, 8264, 4920, 6795, 7218, 7276, 11063, 19690, 15271, 8809, 15541, 13251, 12132, 1975)
e	2005675	(535, 355)	[(162, 684, 864), (90, 666, 810), (90, 648, 810), (126, 684, 810), (162, 684, 774), (108, 666, 810), (162, 702, 684), (126, 666, 774), (126, 684, 864), (108, 666, 810), (108, 666, 756), (144, 684, 756), (108, 666, 810), (126, 684, 792), (126, 684, 792), (126, 684, 792), (126, 684, 792), (126, 684, 810), (108, 666, 792), (108, 684, 792), (108, 666, 792), (144, 684, 774), (144, 684, 810), (108, 666, 792), (126, 684, 792)]	(9360, 10939, 9923, 10169, 11629, 10971, 6238, 11713, 5149, 7082, 6468, 8316, 4931, 6827, 7229, 7279, 11058, 19687, 15283, 8806, 15543, 13254, 12129, 1980)
m	2006392	(745, 103)	[(126, 666, 774), (126, 684, 792), (108, 684, 792), (108, 666, 792), (108, 666, 792), (126, 684, 810), (126, 684, 810), (126, 684, 774), (126, 666, 774), (126, 684, 810), (126, 684, 810), (126, 684, 792), (126, 684, 792), (144, 684, 792), (126, 666, 792), (126, 684, 810), (126, 666, 810), (126, 684, 792), (162, 684, 774), (126, 666, 738), (126, 684, 828), (126, 666, 828), (108, 666, 792), (126, 666, 774)]	(9365, 10900, 9865, 10138, 11610, 10883, 6158, 11543, 5113, 7057, 6449, 8231, 4888, 6831, 7223, 7275, 11059, 19680, 15269, 8795, 15538, 13248, 12136, 1984)
 	2006683	(851, 188)	[(126, 666, 774), (126, 684, 810), (126, 684, 810), (126, 684, 792), (126, 684, 792), (144, 684, 792), (126, 666, 792), (126, 684, 810), (126, 666, 810), (126, 684, 792), (162, 684, 774), (126, 666, 738), (126, 684, 828), (126, 666, 828), (108, 666, 792), (126, 666, 774), (144, 684, 774), (90, 666, 810), (108, 666, 792), (126, 684, 792), (162, 684, 864), (108, 612, 684), (108, 666, 900), (90, 684, 882), (108, 666, 756)]	(9365, 10901, 9883, 10132, 11622, 10924, 6173, 11514, 5096, 7059, 6413, 8221, 4910, 6847, 7230, 7277, 11070, 19686, 15265, 8800, 15538, 13251, 12130, 1974)
u	2007322	(580, 182)	[(108, 666, 756), (126, 684, 774), (108, 666, 828), (126, 684, 774), (126, 684, 774), (126, 684, 792), (144, 684, 774), (108, 684, 810), (126, 684, 792), (126, 684, 792), (126, 684, 810), (126, 684, 792), (126, 684, 792), (126, 684, 810), (126, 684, 792), (126, 666, 792), (126, 684, 792), (126, 684, 792), (126, 684, 792), (162, 702, 720), (126, 666, 828), (126, 666, 846), (126, 666, 828), (108, 684, 792), (126, 666, 774)]	(9373, 10962, 9943, 10186, 11644, 11009, 6290, 11774, 5143, 7080, 6482, 8360, 4920, 6856, 7222, 7283, 11056, 19688, 15277, 8812, 15541, 13251, 12136, 1974)
n	2008134	(754, 171)	[(108, 666, 792), (126, 666, 810), (126, 684, 792), (108, 684, 792), (126, 684, 792), (144, 684, 792), (126, 684, 792), (108, 684, 774), (126, 666, 810), (126, 666, 810), (108, 666, 810), (108, 666, 792), (126, 684, 792), (126, 684, 774), (126, 684, 810), (126, 666, 792), (108, 684, 792), (126, 684, 792), (126, 684, 792), (126, 666, 792), (162, 684, 810), (126, 702, 720), (108, 666, 828), (126, 666, 864), (108, 666, 774)]	(9361, 10939, 9917, 10162, 11637, 10970, 6238, 11657, 5127, 7083, 6468, 8319, 4927, 6877, 7228, 7280, 11065, 19691, 15278, 8806, 15548, 13253, 12130, 1984)
t	2008695	(579, 260)	[(162, 684, 810), (126, 702, 720), (108, 666, 828), (126, 666, 864), (108, 666, 774), (108, 666, 810), (126, 684, 792), (126, 666, 792), (126, 684, 792), (126, 666, 792), (126, 666, 810), (108, 684, 810), (126, 684, 792), (126, 666, 792), (144, 684, 792), (108, 684, 792), (108, 666, 792), (108, 684, 774), (126, 684, 792), (144, 684, 792), (144, 684, 684), (126, 684, 792), (126, 684, 918), (108, 684, 846), (72, 666, 810)]	(9369, 10950, 9946, 10183, 11641, 11022, 6321, 11772, 5145, 7086, 6502, 8354, 4927, 6920, 7235, 7287, 11066, 19689, 15280, 8800, 15548, 13252, 12134, 1977)
i	2009088	(578, 140)	[(126, 666, 792), (144, 684, 792), (108, 684, 792), (108, 666, 792), (108, 684, 774), (126, 684, 792), (144, 684, 792), (144, 684, 684), (126, 684, 792), (126, 684, 918), (108, 684, 846), (72, 666, 810), (144, 684, 774), (144, 684, 792), (144, 666, 792), (126, 684, 774), (126, 684, 756), (162, 684, 738), (162, 684, 774), (144, 684, 774), (108, 684, 810), (90, 666, 882), (90, 666, 828), (126, 684, 720), (162, 702, 720)]	(9369, 10957, 9938, 10197, 11650, 11027, 6311, 11790, 5145, 7082, 6480, 8351, 4936, 6878, 7225, 7291, 11061, 19695, 15286, 8805, 15547, 13252, 12137, 1978)
l	2009750	(670, 59)	[(180, 702, 756), (126, 684, 774), (144, 684, 756), (126, 684, 774), (126, 684, 792), (126, 684, 810), (108, 666, 792), (126, 666, 792), (144, 684, 792), (126, 684, 774), (126, 684, 792), (126, 684, 810), (126, 684, 774), (126, 684, 792), (108, 666, 792), (144, 684, 792), (144, 684, 792), (126, 684, 792), (126, 684, 792), (126, 684, 792), (144, 684, 810), (180, 702, 720), (162, 666, 756), (126, 684, 864), (108, 666, 774)]	(9367, 10944, 9915, 10170, 11637, 10991, 6291, 11718, 5152, 7084, 6473, 8291, 4924, 6890, 7223, 7275, 11062, 19687, 15286, 8797, 15550, 13254, 12136, 1975)
 	2010359	(830, 214)	[(126, 684, 864), (108, 666, 774), (144, 666, 774), (108, 684, 828), (108, 666, 810), (126, 684, 792), (126, 684, 774), (126, 666, 792), (126, 684, 792), (126, 684, 792), (108, 684, 792), (126, 684, 792), (126, 666, 810), (108, 666, 810), (126, 684, 810), (126, 666, 792), (126, 666, 828), (126, 684, 792), (126, 666, 792), (162, 702, 774), (144, 666, 648), (72, 648, 864), (90, 666, 900), (90, 666, 864), (108, 666, 792)]	(9363, 10896, 9875, 10131, 11630, 10937, 6199, 11481, 5105, 7070, 6460, 8220, 4906, 6869, 7215, 7266, 11050, 19683, 15255, 8799, 15535, 13250, 12133, 1974)
w	2010970	(575, 387)	[(90, 666, 864), (108, 666, 792), (162, 684, 738), (108, 684, 792), (126, 666, 792), (126, 684, 792), (126, 684, 774), (144, 684, 792), (126, 684, 810), (126, 666, 792), (108, 666, 792), (108, 684, 792), (108, 666, 810), (126, 684, 792), (126, 666, 792), (126, 666, 792), (126, 684, 792), (126, 684, 792), (108, 684, 792), (144, 684, 702), (144, 684, 846), (126, 684, 882), (72, 666, 792), (108, 666, 792), (144, 684, 774)]	(9365, 10903, 9890, 10136, 11625, 10960, 6223, 11527, 5120, 7055, 6479, 8254, 4919, 6881, 7226, 7277, 11052, 19683, 15262, 8804, 15544, 13250, 12131, 1972)
e	2011161	(579, 344)	[(126, 666, 792), (126, 684, 792), (126, 684, 774), (144, 684, 792), (126, 684, 810), (126, 666, 792), (108, 666, 792), (108, 684, 792), (108, 666, 810), (126, 684, 792), (126, 666, 792), (126, 666, 792), (126, 684, 792), (126, 684, 792), (108, 684, 792), (144, 684, 702), (144, 684, 846), (126, 684, 882), (72, 666, 792), (108, 666, 792), (144, 684, 774), (144, 684, 774), (108, 684, 756), (126, 666, 828), (108, 666, 792)]	(9365, 10937, 9924, 10172, 11644, 11012, 6293, 11700, 5145, 7075, 6477, 8349, 4925, 6904, 7221, 7283, 11062, 19691, 15280, 8800, 15546, 13250, 12140, 1978)
 	2011822	(843, 243)	[(126, 684, 792), (108, 666, 846), (126, 684, 810), (126, 684, 774), (144, 666, 774), (126, 666, 792), (144, 684, 810), (126, 684, 792), (126, 684, 792), (108, 684, 792), (126, 684, 792), (144, 684, 792), (126, 684, 792), (126, 666, 792), (126, 684, 792), (126, 666, 810), (108, 684, 792), (126, 684, 792), (108, 666, 774), (162, 684, 882), (162, 702, 630), (90, 648, 810), (72, 666, 864), (90, 648, 864), (126, 684, 774)]	(9367, 10943, 9890, 10158, 11624, 10985, 6262, 11645, 5137, 7082, 6476, 8319, 4923, 6888, 7227, 7276, 11056, 19690, 15262, 8790, 15543, 13253, 12136, 1975)
m	2013106	(742, 112)	[(126, 684, 810), (126, 666, 810), (108, 666, 774), (108, 666, 774), (126, 684, 810), (144, 684, 810), (126, 684, 810), (108, 684, 792), (108, 666, 792), (144, 684, 792), (144, 684, 792), (126, 666, 774), (126, 666, 774), (126, 684, 810), (126, 684, 810), (126, 684, 774), (126, 684, 792), (126, 684, 792), (126, 666, 792), (126, 684, 792), (162, 720, 702), (144, 684, 738), (108, 684, 864), (90, 666, 882), (108, 648, 846)]	(9364, 10916, 9893, 10146, 11625, 10948, 6256, 11601, 5126, 7097, 6510, 8285, 4914, 6895, 7226, 7276, 11064, 19688, 15265, 8799, 15546, 13251, 12130, 1980)
o	2013498	(577, 96)	[(126, 684, 810), (126, 684, 810), (126, 684, 774), (126, 684, 792), (126, 684, 792), (126, 666, 792), (126, 684, 792), (162, 720, 702), (144, 684, 738), (108, 684, 864), (90, 666, 882), (108, 648, 846), (126, 684, 756), (126, 702, 792), (126, 684, 774), (162, 684, 774), (126, 684, 792), (126, 684, 792), (144, 684, 792), (180, 684, 738), (180, 702, 738), (90, 684, 846), (108, 666, 864), (126, 666, 810), (126, 684, 738)]	(9365, 10939, 9921, 10165, 11640, 10990, 6309, 11705, 5126, 7094, 6496, 8319, 4919, 6882, 7232, 7279, 11057, 19683, 15270, 8805, 15545, 13245, 12133, 1971)
v	2014110	(754, 253)	[(126, 666, 810), (126, 684, 738), (162, 684, 720), (126, 684, 810), (144, 684, 756), (144, 684, 774), (126, 684, 774), (144, 684, 792), (126, 684, 810), (126, 666, 810), (108, 666, 774), (108, 684, 792), (126, 684, 792), (144, 684, 792), (126, 666, 792), (108, 684, 792), (126, 684, 792), (108, 684, 792), (144, 666, 792), (126, 684, 810), (162, 702, 702), (144, 666, 738), (126, 684, 882), (108, 666, 864), (90, 666, 774)]	(9373, 10941, 9920, 10162, 11640, 10997, 6299, 11727, 5147, 7081, 6494, 8315, 4930, 6905, 7224, 7280, 11060, 19688, 15270, 8795, 15544, 13248, 12134, 1971)
e	2014470	(565, 370)	[(108, 684, 792), (126, 684, 792), (144, 684, 792), (126, 666, 792), (108, 684, 792), (126, 684, 792), (108, 684, 792), (144, 666, 792), (126, 684, 810), (162, 702, 702), (144, 666, 738), (126, 684, 882), (108, 666, 864), (90, 666, 774), (144, 666, 792), (108, 666, 828), (126, 666, 792), (144, 684, 792), (144, 684, 792), (126, 684, 792), (108, 684, 810), (144, 702, 774), (162, 684, 684), (126, 684, 846), (144, 684, 936)]	(9370, 10930, 9927, 10165, 11649, 11053, 6326, 11688, 5166, 7082, 6504, 8318, 4917, 6892, 7225, 7276, 11060, 19684, 15245, 8794, 15540, 13238, 12130, 1992)
l	2016539	(681, 58)	[(72, 666, 828), (90, 666, 810), (90, 684, 792), (126, 684, 774), (108, 684, 774), (108, 702, 774), (126, 702, 756), (144, 702, 774), (126, 702, 792), (126, 702, 774), (126, 702, 738), (144, 702, 756), (126, 702, 756), (144, 702, 774), (126, 702, 774), (126, 702, 756), (126, 720, 738), (126, 702, 756), (126, 720, 756), (144, 720, 756), (144, 720, 720), (144, 702, 738), (144, 702, 792), (126, 684, 774), (108, 720, 774)]	(9361, 11004, 9821, 10062, 11542, 9924, 7750, 11880, 5275, 7035, 7101, 8376, 4981, 7529, 7261, 7326, 11085, 19689, 15255, 8800, 15536, 13251, 12124, 1977)
i	2016935	(572, 130)	[(144, 702, 774), (126, 702, 774), (126, 702, 756), (126, 720, 738), (126, 702, 756), (126, 720, 756), (144, 720, 756), (144, 720, 720), (144, 702, 738), (144, 702, 792), (126, 684, 774), (108, 720, 774), (126, 702, 774), (126, 720, 774), (144, 720, 774), (144, 720, 756), (126, 720, 738), (144, 720, 738), (162, 720, 702), (144, 702, 756), (162, 720, 810), (144, 702, 846), (108, 702, 774), (108, 702, 720), (162, 720, 684)]	(9356, 11004, 9808, 10061, 11541, 9923, 7710, 11662, 5240, 7049, 7085, 8319, 4975, 7504, 7246, 7315, 11083, 19693, 15240, 8795, 15537, 13248, 12133, 1982)
s	2017547	(666, 373)	[(162, 720, 684), (234, 720, 666), (36, 666, 846), (0, 666, 882), (18, 666, 828), (36, 648, 810), (108, 684, 792), (144, 684, 774), (126, 684, 756), (72, 684, 774), (54, 666, 828), (72, 684, 828), (72, 684, 828), (72, 666, 792), (90, 684, 774), (90, 684, 792), (72, 666, 792), (72, 684, 810), (72, 666, 756), (90, 666, 810), (72, 684, 846), (90, 684, 846), (54, 666, 828), (90, 684, 738), (90, 684, 774)]	(9352, 10981, 9768, 10055, 11549, 9985, 7654, 11580, 5175, 7066, 6960, 8224, 4960, 7460, 7244, 7302, 11078, 19686, 15236, 8801, 15532, 13244, 12126, 1975)
a	2017791	(670, 431)	[(108, 684, 792), (144, 684, 774), (126, 684, 756), (72, 684, 774), (54, 666, 828), (72, 684, 828), (72, 684, 828), (72, 666, 792), (90, 684, 774), (90, 684, 792), (72, 666, 792), (72, 684, 810), (72, 666, 756), (90, 666, 810), (72, 684, 846), (90, 684, 846), (54, 666, 828), (90, 684, 738), (90, 684, 774), (90, 684, 810), (90, 684, 720), (108, 666, 882), (36, 666, 846), (36, 648, 846), (72, 666, 792)]	(9356, 11005, 9820, 10082, 11560, 9981, 7736, 11669, 5208, 7092, 7081, 8345, 4963, 7471, 7241, 7309, 11070, 19687, 15237, 8800, 15529, 13248, 12138, 1980)
 	2018456	(853, 253)	[(72, 666, 810), (90, 666, 792), (90, 684, 792), (72, 666, 792), (72, 684, 810), (72, 666, 810), (72, 684, 810), (72, 666, 810), (90, 684, 774), (72, 684, 792), (90, 684, 792), (72, 666, 810), (72, 684, 810), (90, 684, 792), (72, 666, 810), (54, 666, 792), (54, 666, 828), (90, 684, 810), (108, 684, 828), (108, 666, 738), (90, 684, 828), (72, 666, 810), (36, 666, 810), (54, 666, 864)]	(9357, 11013, 9814, 10089, 11561, 9992, 7696, 11707, 5214, 7060, 7005, 8336, 4954, 7455, 7244, 7314, 11080, 19690, 15240, 8792, 15535, 13244, 12128, 1982)
m	2019120	(741, 135)	[(90, 666, 774), (90, 666, 810), (90, 684, 792), (90, 684, 792), (90, 684, 774), (90, 684, 792), (90, 684, 828), (90, 684, 792), (90, 684, 792), (90, 684, 792), (90, 684, 810), (90, 684, 810), (90, 684, 792), (90, 684, 774), (108, 684, 792), (108, 684, 792), (72, 684, 792), (72, 684, 792), (90, 684, 792), (108, 684, 810), (108, 702, 720), (90, 702, 792), (90, 684, 846), (72, 684, 846), (36, 666, 774)]	(9356, 10979, 9790, 10049, 11537, 9957, 7660, 11600, 5198, 7080, 6996, 8270, 4958, 7464, 7241, 7316, 11081, 19685, 15240, 8789, 15531, 13239, 12134, 1975)
e	2019632	(557, 350)	[(108, 684, 810), (108, 702, 720), (90, 702, 792), (90, 684, 846), (72, 684, 846), (36, 666, 774), (108, 702, 810), (90, 684, 828), (90, 684, 792), (90, 684, 792), (90, 684, 792), (90, 684, 792), (90, 684, 792), (90, 684, 792), (90, 702, 792), (90, 684, 792), (108, 684, 792), (90, 684, 774), (108, 684, 720), (126, 702, 828), (72, 666, 828), (90, 684, 810), (18, 666, 846), (72, 684, 738), (90, 702, 738)]	(9354, 10985, 9797, 10070, 11534, 9965, 7658, 11589, 5206, 7065, 6977, 8285, 4958, 7466, 7244, 7321, 11086, 19681, 15243, 8793, 15529, 13246, 12132, 1979)
l	2020176	(669, 53)	[(72, 666, 828), (90, 684, 810), (18, 666, 846), (72, 684, 738), (90, 702, 738), (54, 684, 810), (90, 684, 774), (90, 684, 756), (90, 684, 792), (90, 684, 792), (108, 702, 774), (108, 684, 774), (72, 684, 792), (90, 684, 792), (90, 684, 774), (90, 684, 792), (90, 684, 792), (90, 684, 810), (90, 684, 774), (108, 702, 774), (108, 702, 774), (108, 702, 756), (126, 702, 738), (54, 684, 846), (72, 666, 828)]	(9361, 11039, 9847, 10094, 11554, 9986, 7761, 11854, 5282, 7073, 7060, 8414, 4966, 7473, 7237, 7333, 11086, 19685, 15261, 8800, 15539, 13246, 12134, 1977)
l	2020535	(670, 51)	[(108, 684, 774), (72, 684, 792), (90, 684, 792), (90, 684, 774), (90, 684, 792), (90, 684, 792), (90, 684, 810), (90, 684, 774), (108, 702, 774), (108, 702, 774), (108, 702, 756), (126, 702, 738), (54, 684, 846), (72, 666, 828), (108, 702, 756), (90, 702, 810), (108, 702, 792), (90, 684, 792), (108, 702, 756), (126, 666, 792), (144, 684, 756), (90, 702, 828), (72, 666, 864), (72, 684, 792), (72, 684, 738)]	(9359, 11038, 9847, 10092, 11558, 9967, 7784, 11860, 5299, 7082, 7050, 8401, 4947, 7468, 7242, 7318, 11084, 19693, 15260, 8795, 15540, 13250, 12130, 1980)
e	2021559	(571, 346)	[(72, 702, 792), (72, 684, 792), (108, 684, 792), (90, 684, 792), (90, 684, 792), (90, 684, 792), (108, 684, 792), (108, 684, 792), (90, 684, 792), (90, 702, 792), (90, 702, 792), (90, 684, 792), (90, 684, 792), (90, 684, 774), (90, 684, 792), (90, 684, 792), (90, 684, 792), (90, 684, 792), (108, 702, 756), (108, 702, 720), (90, 684, 810), (72, 684, 882), (72, 666, 864), (72, 666, 774), (90, 702, 720)]	(9359, 11025, 9828, 10085, 11557, 9975, 7772, 11773, 5211, 7057, 7025, 8347, 4960, 7475, 7245, 7316, 11084, 19691, 15245, 8791, 15533, 13248, 12131, 1980)
n	2022121	(746, 165)	[(90, 684, 810), (72, 684, 882), (72, 666, 864), (72, 666, 774), (90, 702, 720), (54, 666, 810), (108, 702, 792), (90, 684, 756), (108, 702, 756), (108, 684, 792), (90, 684, 792), (54, 666, 792), (72, 684, 792), (108, 702, 792), (108, 684, 792), (108, 702, 774), (90, 684, 792), (90, 702, 792), (90, 702, 720), (126, 702, 720), (90, 684, 828), (36, 666, 882), (36, 666, 846), (90, 684, 792), (144, 702, 756)]	(9365, 11044, 9845, 10099, 11550, 10015, 7803, 11904, 5256, 7072, 7055, 8416, 4975, 7493, 7243, 7323, 11087, 19697, 15266, 8797, 15539, 13244, 12125, 1980)
c	2022685	(752, 291)	[(90, 684, 828), (36, 666, 882), (36, 666, 846), (90, 684, 792), (144, 702, 756), (180, 720, 702), (36, 666, 810), (54, 666, 792), (90, 684, 774), (108, 702, 774), (72, 684, 774), (72, 684, 792), (54, 684, 828), (54, 684, 810), (72, 666, 792), (72, 684, 774), (90, 702, 792), (90, 702, 810), (72, 684, 756), (72, 684, 774), (72, 684, 810), (54, 684, 828), (72, 666, 792), (72, 684, 792), (90, 702, 756)]	(9357, 10993, 9805, 10056, 11554, 9990, 7672, 11651, 5178, 7063, 6982, 8285, 4961, 7457, 7245, 7317, 11079, 19681, 15251, 8792, 15537, 13250, 12137, 1986)
a	2023078	(655, 431)	[(54, 684, 810), (72, 666, 792), (72, 684, 774), (90, 702, 792), (90, 702, 810), (72, 684, 756), (72, 684, 774), (72, 684, 810), (54, 684, 828), (72, 666, 792), (72, 684, 792), (90, 702, 756), (54, 666, 828), (90, 684, 792), (72, 684, 774), (54, 684, 792), (54, 684, 792), (72, 684, 792), (72, 684, 774), (90, 684, 810), (72, 684, 810), (54, 666, 864), (36, 648, 846), (18, 666, 792), (72, 684, 738)]	(9356, 11001, 9818, 10066, 11543, 9991, 7692, 11677, 5213, 7055, 7007, 8315, 4964, 7472, 7245, 7316, 11076, 19685, 15248, 8791, 15537, 13245, 12131, 1964)
m	2023638	(747, 108)	[(54, 666, 864), (36, 648, 846), (18, 666, 792), (72, 684, 738), (36, 666, 810), (72, 684, 792), (72, 666, 792), (90, 702, 774), (72, 684, 792), (72, 684, 792), (72, 684, 792), (72, 684, 792), (72, 684, 810), (72, 684, 792), (72, 684, 792), (72, 702, 810), (72, 684, 792), (108, 720, 774), (126, 702, 702), (54, 684, 792), (36, 684, 882), (54, 666, 882), (36, 666, 846), (36, 702, 774), (126, 720, 756)]	(9355, 11032, 9831, 10098, 11551, 9991, 7749, 11848, 5247, 7079, 7024, 8398, 4966, 7461, 7241, 7320, 11073, 19690, 15262, 8790, 15542, 13243, 12134, 1983)
p	2024032	(583, 30)	[(72, 684, 792), (72, 684, 792), (72, 702, 810), (72, 684, 792), (108, 720, 774), (126, 702, 702), (54, 684, 792), (36, 684, 882), (54, 666, 882), (36, 666, 846), (36, 702, 774), (126, 720, 756), (54, 684, 828), (126, 702, 792), (108, 702, 738), (108, 720, 720), (108, 720, 702), (126, 738, 738), (126, 720, 774), (90, 738, 774), (126, 738, 630), (144, 720, 756), (108, 738, 846), (126, 702, 846), (90, 702, 738)]	(9366, 11038, 9833, 10112, 11549, 9962, 7804, 11984, 5313, 7117, 8451, 0, 4991, 7503, 7249, 7324, 11081, 19698, 15273, 8800, 15546, 13241, 12139, 1983)
 	2029375	(811, 265)	[(18, 702, 792), (0, 702, 774), (0, 702, 774), (18, 702, 774), (18, 702, 774), (18, 702, 774), (18, 702, 810), (36, 702, 792), (18, 702, 792), (0, 702, 774), (18, 684, 792), (18, 720, 792), (36, 702, 792), (36, 720, 774), (36, 720, 774), (36, 720, 756), (18, 720, 774), (36, 702, 756), (54, 738, 864), (54, 738, 684), (54, 720, 702), (18, 702, 756), (18, 720, 792), (36, 702, 810), (-36, 702, 846)]	(9384, 11084, 9425, 10145, 11495, 9739, 8073, 9153, 4984, 7019, 7116, 8610, 5042, 8427, 7284, 7135, 11087, 19653, 15020, 8721, 15550, 13209, 12118, 1986)
o	2030088	(587, 112)	[(36, 720, 756), (54, 720, 756), (54, 738, 738), (36, 738, 738), (36, 738, 756), (36, 720, 756), (36, 720, 756), (18, 720, 774), (36, 720, 792), (36, 720, 774), (36, 720, 756), (36, 720, 756), (36, 738, 756), (18, 720, 792), (36, 738, 774), (36, 720, 756), (36, 738, 774), (36, 738, 756), (54, 738, 756), (36, 738, 738), (108, 756, 630), (72, 738, 684), (18, 738, 810), (54, 738, 828), (18, 702, 792)]	(9378, 11072, 9456, 10165, 11497, 9771, 8224, 9325, 5074, 7021, 7255, 8592, 5007, 8508, 7290, 7160, 11092, 19656, 14947, 8719, 15558, 13209, 12121, 1981)
n	2031853	(755, 163)	[(36, 720, 756), (36, 720, 756), (18, 720, 756), (36, 720, 756), (36, 720, 774), (18, 720, 774), (36, 720, 774), (36, 720, 756), (36, 720, 774), (36, 720, 774), (36, 720, 774), (36, 720, 774), (36, 720, 774), (36, 720, 774), (36, 720, 774), (36, 720, 774), (36, 720, 774), (36, 720, 756), (36, 720, 756), (36, 738, 756), (90, 738, 648), (18, 720, 720), (0, 702, 810), (36, 720, 864), (18, 720, 810)]	(9374, 11026, 9405, 10119, 11492, 9736, 8246, 8999, 5078, 7018, 7349, 8530, 5005, 8555, 7296, 7172, 11092, 19654, 14929, 8718, 15551, 13203, 12127, 1983)
 	2032247	(828, 191)	[(36, 720, 774), (36, 720, 774), (36, 720, 774), (36, 720, 774), (36, 720, 756), (36, 720, 756), (36, 738, 756), (90, 738, 648), (18, 720, 720), (0, 702, 810), (36, 720, 864), (18, 720, 810), (54, 720, 684), (0, 702, 828), (-18, 702, 810), (18, 720, 774), (36, 720, 774), (36, 720, 738), (36, 720, 756), (36, 720, 756), (36, 720, 774), (36, 720, 756), (54, 720, 738), (36, 720, 756), (36, 684, 792)]	(9376, 11007, 9405, 10104, 11491, 9719, 8149, 8873, 4990, 6992, 7318, 8551, 4991, 8524, 7284, 7159, 11077, 19651, 14914, 8714, 15544, 13205, 12116, 1978)
a	2032808	(685, 432)	[(36, 720, 756), (54, 720, 738), (36, 720, 756), (36, 684, 792), (36, 720, 756), (0, 702, 792), (0, 702, 792), (18, 702, 810), (18, 720, 810), (18, 702, 810), (-18, 702, 774), (0, 720, 774), (18, 720, 774), (0, 720, 774), (18, 720, 774), (18, 702, 792), (18, 720, 792), (18, 720, 792), (36, 738, 738), (54, 738, 666), (54, 738, 774), (18, 720, 774), (-36, 702, 810), (0, 720, 810), (36, 720, 774)]	(9369, 10982, 9367, 10029, 11479, 9703, 8044, 8610, 4979, 7017, 7269, 8360, 4969, 8567, 7295, 7162, 11086, 19647, 14890, 8712, 15537, 13195, 12120, 1980)
n	2033572	(760, 173)	[(18, 702, 756), (18, 720, 774), (18, 720, 774), (18, 720, 792), (18, 720, 756), (18, 720, 756), (18, 720, 756), (18, 720, 756), (18, 720, 774), (18, 720, 756), (36, 720, 738), (18, 720, 756), (36, 720, 756), (18, 720, 774), (36, 720, 792), (18, 720, 774), (18, 738, 774), (0, 720, 774), (36, 738, 774), (54, 756, 738), (54, 738, 720), (36, 720, 720), (18, 720, 774), (0, 738, 828), (0, 684, 828)]	(9368, 11014, 9416, 10120, 11493, 9736, 8255, 9125, 5087, 7008, 7407, 8628, 4969, 8604, 7290, 7181, 11098, 19655, 14931, 8717, 15557, 13210, 12130, 1985)
y	2034014	(579, 230)	[(18, 720, 774), (18, 738, 774), (0, 720, 774), (36, 738, 774), (54, 756, 738), (54, 738, 720), (36, 720, 720), (18, 720, 774), (0, 738, 828), (0, 684, 828), (18, 720, 720), (18, 720, 774), (36, 738, 774), (36, 720, 774), (36, 738, 756), (54, 720, 774), (54, 738, 738), (36, 738, 720), (36, 756, 738), (36, 756, 738), (54, 738, 738), (54, 738, 738), (54, 738, 738), (54, 756, 738), (54, 756, 720)]	(9371, 10955, 9361, 10036, 11477, 9702, 8096, 8631, 5008, 7027, 7314, 8378, 4936, 8577, 7297, 7166, 11090, 19644, 14829, 8715, 15537, 13203, 12125, 1970)
 	2034796	(853, 179)	[(36, 738, 738), (54, 720, 738), (36, 720, 774), (18, 720, 774), (36, 720, 756), (18, 720, 756), (0, 720, 792), (18, 720, 792), (18, 720, 792), (18, 720, 756), (18, 720, 774), (18, 720, 774), (18, 720, 774), (18, 720, 774), (18, 720, 792), (18, 720, 756), (18, 720, 774), (36, 720, 774), (36, 738, 756), (54, 720, 756), (36, 738, 720), (18, 720, 756), (0, 702, 774), (-36, 684, 828), (18, 756, 864)]	(9371, 11008, 9386, 10070, 11489, 9716, 8228, 8885, 5082, 7017, 7389, 8578, 4991, 8609, 7300, 7183, 11097, 19662, 14909, 8724, 15557, 13208, 12125, 1978)
i	2036082	(582, 124)	[(54, 774, 756), (54, 774, 738), (54, 756, 720), (72, 756, 720), (72, 756, 720), (54, 756, 720), (54, 774, 738), (54, 756, 738), (54, 756, 738), (54, 756, 738), (54, 774, 720), (72, 774, 720), (72, 774, 720), (72, 774, 702), (72, 774, 702), (54, 774, 702), (72, 774, 684), (90, 774, 648), (72, 774, 702), (54, 774, 792), (18, 756, 792), (54, 756, 774), (90, 792, 666), (90, 774, 630), (90, 774, 648)]	(9370, 10964, 9368, 10023, 11454, 9655, 8023, 8653, 4874, 6990, 7306, 8360, 4900, 8566, 7292, 7163, 11084, 19642, 14783, 8716, 15539, 13203, 12118, 1975)
s	2037303	(672, 361)	[(36, 720, 774), (36, 720, 774), (18, 720, 774), (36, 720, 774), (18, 720, 756), (36, 738, 774), (18, 720, 774), (18, 702, 756), (36, 720, 756), (36, 738, 756), (36, 738, 756), (18, 720, 774), (18, 738, 756), (18, 720, 774), (18, 738, 756), (18, 720, 792), (18, 720, 756), (36, 720, 756), (36, 756, 702), (72, 738, 702), (36, 738, 756), (18, 720, 774), (18, 720, 810), (0, 702, 828), (18, 720, 756)]	(9389, 11002, 9363, 10019, 11485, 9720, 8204, 8492, 5051, 6994, 7397, 8487, 4926, 8613, 7292, 7166, 11082, 19644, 14794, 8711, 15533, 13198, 12122, 1983)
s	2037616	(646, 360)	[(36, 738, 756), (18, 720, 774), (18, 738, 756), (18, 720, 774), (18, 738, 756), (18, 720, 792), (18, 720, 756), (36, 720, 756), (36, 756, 702), (72, 738, 702), (36, 738, 756), (18, 720, 774), (18, 720, 810), (0, 702, 828), (18, 720, 756), (54, 738, 684), (18, 720, 792), (18, 720, 774), (36, 720, 756), (54, 756, 738), (54, 738, 684), (72, 756, 720), (54, 738, 774), (-36, 738, 810), (18, 738, 756)]	(9368, 10977, 9361, 10000, 11467, 9666, 8095, 8457, 4985, 6996, 7387, 8370, 4926, 8633, 7301, 7175, 11077, 19640, 14770, 8715, 15534, 13193, 12119, 1980)
u	2038111	(566, 168)	[(36, 720, 756), (54, 756, 738), (54, 738, 684), (72, 756, 720), (54, 738, 774), (-36, 738, 810), (18, 738, 756), (36, 774, 738), (72, 756, 702), (72, 774, 702), (72, 792, 684), (72, 792, 684), (90, 792, 666), (108, 792, 666), (90, 792, 684), (90, 810, 666), (108, 810, 666), (108, 810, 594), (126, 792, 558), (126, 810, 648), (90, 810, 702), (72, 792, 702), (108, 792, 666), (90, 792, 594), (126, 792, 558)]	(9380, 11026, 9390, 10025, 11478, 9686, 8218, 8723, 5033, 7029, 7447, 8525, 4909, 8669, 7304, 7178, 11090, 19645, 14753, 8716, 15546, 13205, 12125, 1981)
e	2038675	(580, 357)	[(72, 792, 702), (108, 792, 666), (90, 792, 594), (126, 792, 558), (-36, 702, 846), (-90, 666, 918), (-72, 666, 864), (-54, 684, 864), (18, 720, 792), (36, 720, 738), (36, 720, 720), (54, 738, 720), (54, 738, 702), (36, 738, 720), (18, 738, 756), (0, 720, 774), (18, 720, 792), (18, 720, 774), (36, 756, 738), (36, 720, 684), (36, 738, 774), (18, 720, 828), (18, 720, 774), (18, 738, 756), (36, 720, 702)]	(9379, 11052, 9360, 10018, 11489, 9713, 8291, 8431, 5131, 7053, 7478, 8574, 4963, 8721, 7312, 7191, 11096, 19653, 14791, 8723, 15552, 13209, 12125, 1980)
s	2039020	(636, 371)	[(54, 738, 720), (54, 738, 702), (36, 738, 720), (18, 738, 756), (0, 720, 774), (18, 720, 792), (18, 720, 774), (36, 756, 738), (36, 720, 684), (36, 738, 774), (18, 720, 828), (18, 720, 774), (18, 738, 756), (36, 720, 702), (18, 720, 756), (18, 738, 774), (0, 738, 756), (18, 738, 756), (18, 738, 756), (36, 720, 702), (36, 738, 756), (36, 738, 792), (36, 720, 792), (18, 720, 792), (-36, 720, 774)]	(9378, 11037, 9346, 10012, 11479, 9688, 8222, 8417, 5085, 7003, 7500, 8569, 4958, 8732, 7313, 7194, 11079, 19650, 14792, 8718, 15549, 13200, 12110, 1983)
 	2040053	(845, 227)	[(18, 720, 774), (36, 720, 774), (18, 720, 756), (18, 720, 774), (18, 720, 774), (18, 720, 756), (18, 720, 756), (18, 720, 756), (18, 720, 774), (18, 720, 774), (18, 738, 774), (36, 738, 756), (18, 720, 774), (18, 720, 774), (18, 720, 774), (18, 720, 792), (18, 738, 774), (18, 720, 774), (36, 756, 810), (72, 720, 720), (18, 720, 738), (18, 738, 756), (36, 738, 774), (-18, 720, 738), (-36, 720, 828)]	(9374, 11013, 9349, 10004, 11479, 9651, 8165, 8503, 5029, 7009, 7465, 8534, 4917, 8671, 7299, 7188, 11085, 19643, 14753, 8711, 15527, 13195, 12123, 1947)
r	2040770	(579, 315)	[(54, 774, 738), (72, 774, 702), (72, 774, 684), (90, 792, 684), (72, 792, 666), (90, 810, 666), (72, 792, 648), (72, 792, 666), (90, 792, 666), (72, 792, 684), (54, 792, 702), (72, 792, 702), (72, 792, 702), (54, 792, 702), (54, 792, 702), (54, 792, 702), (72, 792, 684), (72, 810, 702), (72, 792, 648), (90, 774, 630), (90, 810, 702), (72, 792, 720), (54, 774, 738), (54, 792, 720), (54, 792, 666)]	(9371, 10980, 9346, 9973, 11454, 9636, 8082, 8483, 4978, 6983, 7486, 8436, 4849, 8712, 7306, 7197, 11077, 19642, 14667, 8718, 15533, 13195, 12127, 1973)
e	2041062	(560, 358)	[(72, 792, 684), (54, 792, 702), (72, 792, 702), (72, 792, 702), (54, 792, 702), (54, 792, 702), (54, 792, 702), (72, 792, 684), (72, 810, 702), (72, 792, 648), (90, 774, 630), (90, 810, 702), (72, 792, 720), (54, 774, 738), (54, 792, 720), (54, 792, 666), (90, 810, 684), (72, 792, 702), (72, 810, 684), (72, 792, 612), (90, 810, 738), (72, 792, 756), (54, 774, 738), (36, 774, 738), (18, 774, 684)]	(9389, 11015, 9341, 9980, 11466, 9654, 8249, 8374, 5084, 7034, 7585, 8531, 4922, 8770, 7309, 7208, 11096, 19642, 14697, 8720, 15545, 13200, 12121, 1970)
g	2041675	(672, 247)	[(36, 774, 738), (18, 774, 684), (54, 774, 684), (36, 774, 738), (72, 774, 720), (54, 774, 702), (72, 792, 702), (54, 792, 702), (72, 792, 702), (54, 792, 720), (72, 774, 720), (54, 774, 702), (72, 792, 702), (54, 792, 684), (54, 792, 684), (72, 792, 684), (72, 792, 684), (90, 792, 630), (90, 792, 648), (72, 792, 702), (36, 792, 774), (54, 756, 774), (18, 774, 720), (72, 792, 648), (90, 792, 666)]	(9374, 11013, 9339, 9953, 11467, 9651, 8158, 8354, 4998, 7000, 7530, 8461, 4894, 8707, 7298, 7185, 11080, 19639, 14689, 8714, 15531, 13200, 12121, 1982)
a	2042091	(645, 419)	[(54, 792, 684), (72, 792, 684), (72, 792, 684), (90, 792, 630), (90, 792, 648), (72, 792, 702), (36, 792, 774), (54, 756, 774), (18, 774, 720), (72, 792, 648), (90, 792, 666), (18, 774, 738), (36, 756, 774), (36, 774, 720), (36, 774, 702), (54, 774, 702), (36, 774, 684), (72, 774, 684), (54, 774, 702), (54, 774, 720), (36, 774, 738), (18, 774, 738), (18, 774, 738), (54, 774, 720), (54, 774, 702)]	(9375, 10977, 9328, 9946, 11460, 9640, 8087, 8233, 4998, 6990, 7494, 8343, 4908, 8730, 7306, 7194, 11093, 19640, 14679, 8721, 15530, 13202, 12120, 1981)
r	2042537	(582, 313)	[(54, 774, 702), (36, 774, 684), (72, 774, 684), (54, 774, 702), (54, 774, 720), (36, 774, 738), (18, 774, 738), (18, 774, 738), (54, 774, 720), (54, 774, 702), (54, 792, 702), (72, 792, 684), (72, 792, 684), (54, 792, 666), (72, 792, 666), (72, 810, 666), (72, 792, 684), (72, 810, 684), (72, 810, 612), (72, 792, 666), (72, 792, 738), (54, 792, 756), (36, 792, 738), (36, 792, 702), (72, 792, 648)]	(9375, 11000, 9325, 9956, 11459, 9639, 8124, 8321, 4982, 6996, 7504, 8350, 4904, 8724, 7309, 7196, 11088, 19641, 14671, 8717, 15536, 13202, 12123, 1979)
d	2042834	(639, 310)	[(54, 792, 702), (72, 792, 684), (72, 792, 684), (54, 792, 666), (72, 792, 666), (72, 810, 666), (72, 792, 684), (72, 810, 684), (72, 810, 612), (72, 792, 666), (72, 792, 738), (54, 792, 756), (36, 792, 738), (36, 792, 702), (72, 792, 648), (90, 792, 666), (36, 792, 720), (108, 792, 630), (90, 810, 684), (54, 810, 738), (36, 774, 738), (36, 792, 738), (18, 774, 702), (72, 810, 702), (90, 810, 684)]	(9371, 11008, 9345, 9970, 11472, 9642, 8179, 8330, 5059, 7012, 7609, 8465, 4911, 8756, 7300, 7203, 11089, 19645, 14677, 8715, 15537, 13200, 12123, 1988)
i	2043397	(572, 149)	[(36, 792, 738), (18, 774, 702), (72, 810, 702), (90, 810, 684), (54, 792, 702), (72, 810, 666), (90, 810, 684), (90, 810, 666), (72, 810, 666), (90, 810, 648), (90, 828, 630), (90, 828, 630), (90, 828, 648), (90, 828, 648), (90, 810, 648), (90, 828, 648), (72, 828, 648), (108, 810, 612), (108, 828, 630), (90, 846, 666), (72, 810, 702), (72, 810, 738), (72, 810, 684), (72, 810, 630), (126, 828, 612)]	(9373, 11023, 9363, 9980, 11467, 9652, 8199, 8543, 5054, 7011, 7582, 8493, 4897, 8740, 7309, 7193, 11091, 19643, 14661, 8716, 15536, 13205, 12120, 1985)
n	2043911	(748, 159)	[(108, 828, 630), (90, 846, 666), (72, 810, 702), (72, 810, 738), (72, 810, 684), (72, 810, 630), (126, 828, 612), (72, 810, 666), (36, 792, 738), (36, 774, 738), (36, 792, 720), (36, 792, 738), (72, 792, 684), (72, 810, 666), (90, 810, 666), (54, 792, 684), (54, 792, 684), (54, 792, 702), (90, 846, 612), (108, 774, 630), (36, 792, 738), (54, 810, 738), (72, 774, 756), (18, 792, 738), (54, 792, 684)]	(9376, 11010, 9340, 9977, 11465, 9644, 8208, 8408, 5042, 7010, 7595, 8496, 4902, 8727, 7302, 7198, 11095, 19642, 14665, 8717, 15534, 13205, 12115, 1977)
g	2044306	(661, 258)	[(90, 810, 666), (54, 792, 684), (54, 792, 684), (54, 792, 702), (90, 846, 612), (108, 774, 630), (36, 792, 738), (54, 810, 738), (72, 774, 756), (18, 792, 738), (54, 792, 684), (90, 810, 648), (54, 792, 720), (72, 792, 684), (72, 792, 702), (72, 792, 684), (54, 810, 684), (72, 810, 702), (90, 828, 666), (108, 792, 612), (90, 810, 684), (54, 792, 738), (54, 792, 720), (54, 810, 666), (108, 810, 594)]	(9374, 10988, 9337, 9948, 11456, 9630, 8063, 8234, 4947, 6998, 7530, 8356, 4887, 8710, 7299, 7187, 11091, 19635, 14656, 8722, 15537, 13197, 12122, 1981)
 	2045443	(843, 234)	[(18, 738, 774), (18, 720, 756), (18, 720, 756), (0, 720, 774), (0, 702, 774), (18, 720, 774), (18, 702, 792), (0, 720, 792), (0, 702, 792), (18, 702, 774), (0, 702, 792), (18, 702, 792), (0, 702, 774), (0, 702, 774), (18, 720, 792), (0, 702, 774), (0, 720, 774), (-18, 720, 792), (54, 738, 846), (72, 720, 702), (36, 738, 684), (18, 738, 702), (18, 738, 756), (-36, 702, 792), (-54, 720, 882)]	(9371, 10980, 9374, 9984, 11499, 9745, 8295, 8969, 5095, 7033, 7405, 8687, 4913, 8633, 7298, 7177, 11077, 19655, 14828, 8724, 15551, 13206, 12125, 1964)
p	2046009	(604, 34)	[(18, 738, 756), (-36, 702, 792), (-54, 720, 882), (0, 756, 828), (36, 756, 720), (72, 792, 684), (90, 774, 684), (72, 774, 684), (90, 792, 684), (72, 792, 702), (72, 774, 702), (72, 774, 702), (54, 774, 702), (54, 774, 720), (54, 774, 720), (54, 774, 720), (72, 774, 720), (72, 792, 702), (90, 792, 648), (126, 810, 612), (36, 774, 702), (36, 774, 774), (72, 756, 828), (36, 756, 774), (18, 774, 684)]	(9365, 10968, 9344, 9954, 11466, 9695, 8195, 8767, 5061, 7023, 7398, 8559, 4887, 8634, 7289, 7170, 11081, 19644, 14734, 8714, 15535, 13200, 12118, 1982)
e	2046608	(572, 345)	[(18, 774, 684), (72, 774, 666), (72, 774, 684), (36, 774, 720), (18, 756, 738), (18, 756, 738), (18, 756, 738), (54, 774, 756), (36, 756, 756), (36, 774, 738), (36, 756, 720), (54, 756, 720), (36, 756, 738), (36, 756, 738), (36, 756, 720), (36, 756, 720), (72, 774, 684), (90, 756, 630), (54, 774, 756), (36, 756, 792), (18, 756, 774), (18, 738, 792), (18, 756, 738), (36, 774, 684)]	(9374, 11005, 9351, 9952, 11480, 9703, 8280, 8494, 5075, 7028, 7482, 8565, 4894, 8698, 7298, 7178, 11081, 19642, 14730, 8720, 15535, 13200, 12114, 1986)
n	2047028	(747, 168)	[(36, 756, 720), (36, 756, 720), (72, 774, 684), (90, 756, 630), (54, 774, 756), (36, 756, 792), (18, 756, 774), (18, 738, 792), (18, 756, 738), (36, 774, 684), (72, 774, 702), (18, 756, 756), (54, 774, 702), (54, 774, 702), (54, 756, 720), (36, 756, 738), (36, 756, 738), (36, 756, 738), (90, 810, 648), (72, 738, 648), (18, 756, 774), (18, 756, 810), (36, 738, 792), (0, 756, 756), (54, 774, 666)]	(9376, 11006, 9347, 9956, 11475, 9694, 8262, 8614, 5093, 7018, 7505, 8600, 4899, 8704, 7291, 7175, 11090, 19643, 14727, 8716, 15543, 13203, 12112, 1984)
d	2047373	(647, 321)	[(18, 756, 756), (54, 774, 702), (54, 774, 702), (54, 756, 720), (36, 756, 738), (36, 756, 738), (36, 756, 738), (90, 810, 648), (72, 738, 648), (18, 756, 774), (18, 756, 810), (36, 738, 792), (0, 756, 756), (54, 774, 666), (18, 756, 756), (36, 756, 738), (54, 756, 720), (36, 756, 720), (36, 756, 720), (54, 756, 684), (72, 774, 702), (54, 756, 774), (0, 738, 792), (0, 774, 756), (36, 756, 720)]	(9370, 10988, 9340, 9940, 11468, 9648, 8159, 8480, 5067, 7012, 7432, 8475, 4897, 8727, 7301, 7187, 11089, 19640, 14705, 8716, 15535, 13202, 12116, 1993)
i	2047784	(572, 125)	[(18, 756, 756), (36, 756, 738), (54, 756, 720), (36, 756, 720), (36, 756, 720), (54, 756, 684), (72, 774, 702), (54, 756, 774), (0, 738, 792), (0, 774, 756), (36, 756, 720), (54, 774, 720), (72, 792, 684), (72, 792, 684), (90, 810, 684), (72, 810, 666), (90, 792, 648), (90, 828, 630), (126, 828, 558), (72, 810, 648), (72, 810, 720), (72, 810, 720), (54, 792, 720), (72, 792, 666), (72, 810, 666)]	(9371, 10985, 9332, 9941, 11473, 9653, 8162, 8467, 5056, 6995, 7409, 8398, 4901, 8734, 7299, 7181, 11093, 19641, 14666, 8717, 15531, 13201, 12125, 1990)
n	2048399	(753, 167)	[(72, 792, 666), (72, 810, 666), (54, 792, 666), (36, 774, 738), (18, 774, 756), (18, 738, 756), (18, 774, 774), (36, 774, 774), (54, 792, 720), (54, 792, 684), (54, 774, 702), (54, 774, 720), (54, 774, 720), (36, 756, 738), (36, 774, 702), (54, 792, 720), (72, 810, 612), (72, 756, 648), (54, 792, 738), (36, 774, 720), (36, 774, 738), (18, 756, 720), (54, 792, 720), (72, 792, 666), (54, 774, 702)]	(9367, 10989, 9334, 9931, 11464, 9635, 8172, 8355, 5069, 7010, 7452, 8405, 4898, 8752, 7300, 7192, 11084, 19637, 14689, 8713, 15531, 13200, 12122, 1981)
g	2048843	(668, 251)	[(72, 810, 612), (72, 756, 648), (54, 792, 738), (36, 774, 720), (36, 774, 738), (18, 756, 720), (54, 792, 720), (72, 792, 666), (54, 774, 702), (36, 774, 720), (54, 774, 702), (54, 792, 702), (54, 774, 702), (54, 774, 720), (36, 774, 720), (54, 792, 720), (54, 774, 720), (54, 774, 702), (90, 810, 648), (108, 792, 612), (36, 774, 774), (18, 774, 792), (36, 756, 774), (18, 756, 720), (72, 774, 684)]	(9375, 10985, 9326, 9935, 11470, 9665, 8194, 8319, 5071, 7019, 7491, 8409, 4907, 8749, 7312, 7186, 11080, 19640, 14683, 8709, 15529, 13191, 12119, 1984)
 	2049829	(834, 222)	[(-18, 720, 792), (-36, 702, 792), (0, 702, 774), (-36, 702, 774), (0, 702, 792), (-18, 720, 774), (0, 702, 774), (0, 702, 774), (0, 702, 792), (0, 702, 792), (0, 702, 774), (-36, 720, 774), (-36, 702, 792), (-36, 702, 792), (0, 702, 792), (0, 702, 774), (-18, 720, 774), (0, 738, 810), (36, 720, 756), (18, 720, 756), (18, 702, 756), (-36, 738, 738), (-36, 738, 756), (-18, 702, 792), (0, 738, 756)]	(9382, 11019, 9346, 9969, 11480, 9704, 8299, 8385, 5097, 7005, 7486, 8507, 4890, 8723, 7301, 7169, 11076, 19645, 14720, 8716, 15527, 13196, 12119, 1985)
l	2051318	(665, 54)	[(18, 738, 774), (18, 738, 756), (18, 738, 756), (18, 720, 756), (18, 720, 774), (0, 738, 738), (18, 720, 756), (18, 738, 774), (18, 738, 756), (18, 738, 756), (18, 738, 738), (36, 738, 756), (36, 738, 756), (18, 738, 756), (36, 738, 756), (18, 738, 774), (36, 738, 756), (18, 738, 756), (36, 738, 756), (54, 738, 720), (72, 756, 684), (0, 738, 756), (0, 738, 828), (0, 720, 846), (0, 720, 774)]	(9383, 11029, 9340, 9990, 11478, 9719, 8366, 8659, 5150, 7039, 7547, 8592, 4953, 8783, 7311, 7206, 11099, 19652, 14768, 8720, 15546, 13207, 12124, 1987)
i	2051715	(571, 129)	[(18, 738, 756), (36, 738, 756), (18, 738, 774), (36, 738, 756), (18, 738, 756), (36, 738, 756), (54, 738, 720), (72, 756, 684), (0, 738, 756), (0, 738, 828), (0, 720, 846), (0, 720, 774), (0, 738, 756), (18, 738, 756), (36, 738, 738), (36, 756, 738), (18, 738, 738), (18, 756, 738), (18, 738, 738), (36, 756, 738), (72, 756, 666), (72, 756, 666), (0, 738, 774), (36, 738, 828), (-36, 720, 774)]	(9373, 11004, 9333, 9947, 11473, 9682, 8265, 8315, 5085, 7017, 7551, 8458, 4929, 8767, 7311, 7195, 11090, 19646, 14711, 8716, 15533, 13201, 12109, 1981)
t	2052232	(576, 263)	[(18, 738, 738), (36, 756, 738), (72, 756, 666), (72, 756, 666), (0, 738, 774), (36, 738, 828), (-36, 720, 774), (18, 738, 738), (0, 738, 756), (36, 756, 738), (18, 738, 720), (36, 756, 720), (36, 738, 738), (18, 738, 756), (18, 738, 756), (36, 738, 738), (36, 738, 756), (18, 738, 756), (18, 756, 756), (18, 738, 738), (36, 756, 720), (72, 756, 648), (36, 756, 738), (-36, 720, 846), (-54, 702, 810)]	(9368, 11032, 9351, 9975, 11484, 9699, 8370, 8412, 5155, 7017, 7626, 8570, 4964, 8820, 7320, 7212, 11096, 19648, 14723, 8721, 15540, 13205, 12120, 1983)
i	2052578	(566, 144)	[(36, 738, 738), (18, 738, 756), (18, 738, 756), (36, 738, 738), (36, 738, 756), (18, 738, 756), (18, 756, 756), (18, 738, 738), (36, 756, 720), (72, 756, 648), (36, 756, 738), (-36, 720, 846), (-54, 702, 810), (0, 738, 738), (54, 756, 702), (18, 756, 738), (36, 756, 738), (54, 756, 756), (36, 756, 738), (72, 756, 648), (54, 738, 684), (18, 756, 792), (18, 756, 810), (0, 720, 756), (18, 738, 684)]	(9380, 11038, 9351, 9983, 11480, 9678, 8383, 8476, 5137, 7034, 7621, 8609, 4968, 8833, 7321, 7221, 11098, 19651, 14735, 8717, 15551, 13207, 12119, 1985)
g	2053663	(684, 248)	[(18, 738, 756), (18, 738, 756), (36, 738, 738), (18, 756, 756), (18, 756, 738), (36, 756, 738), (18, 756, 738), (36, 756, 738), (18, 756, 738), (18, 738, 756), (36, 738, 756), (18, 756, 738), (36, 756, 738), (36, 756, 738), (18, 738, 738), (18, 756, 738), (18, 756, 738), (18, 738, 738), (36, 756, 738), (54, 774, 720), (72, 756, 684), (0, 738, 738), (0, 738, 828), (18, 738, 810), (-18, 738, 774)]	(9381, 11009, 9330, 9948, 11474, 9666, 8240, 8254, 5093, 7015, 7597, 8504, 4909, 8779, 7303, 7196, 11091, 19642, 14692, 8722, 15532, 13203, 12120, 1975)
a	2054007	(660, 429)	[(18, 756, 738), (36, 756, 738), (36, 756, 738), (18, 738, 738), (18, 756, 738), (18, 756, 738), (18, 738, 738), (36, 756, 738), (54, 774, 720), (72, 756, 684), (0, 738, 738), (0, 738, 828), (18, 738, 810), (-18, 738, 774), (36, 738, 738), (18, 738, 756), (18, 738, 738), (18, 756, 720), (36, 738, 756), (36, 756, 702), (18, 756, 720), (18, 738, 774), (18, 738, 756), (0, 720, 774), (-36, 738, 774)]	(9377, 11013, 9324, 9952, 11473, 9664, 8281, 8224, 5109, 7017, 7629, 8506, 4958, 8816, 7311, 7218, 11098, 19649, 14694, 8720, 15529, 13200, 12120, 1979)
t	2054571	(580, 252)	[(18, 756, 720), (18, 738, 774), (18, 738, 756), (0, 720, 774), (-36, 738, 774), (36, 756, 720), (36, 756, 738), (36, 738, 738), (18, 756, 720), (18, 756, 720), (36, 756, 720), (36, 756, 720), (36, 756, 738), (18, 756, 738), (18, 756, 738), (36, 756, 738), (18, 756, 756), (36, 738, 738), (36, 756, 720), (72, 774, 648), (36, 756, 738), (18, 738, 792), (0, 738, 774), (18, 756, 738), (36, 756, 702)]	(9372, 11001, 9322, 9927, 11469, 9664, 8239, 8218, 5100, 7031, 7573, 8426, 4949, 8804, 7317, 7217, 11089, 19648, 14689, 8712, 15532, 13200, 12119, 1979)
i	2055086	(577, 125)	[(72, 774, 648), (36, 756, 738), (18, 738, 792), (0, 738, 774), (18, 756, 738), (36, 756, 702), (72, 756, 720), (18, 756, 756), (36, 756, 756), (36, 774, 720), (36, 774, 720), (36, 756, 720), (36, 774, 720), (36, 756, 738), (36, 756, 720), (36, 756, 738), (54, 774, 702), (54, 756, 684), (54, 774, 684), (18, 756, 756), (36, 774, 810), (36, 738, 792), (18, 756, 720), (36, 756, 684), (72, 774, 702)]	(9373, 10981, 9320, 9930, 11472, 9660, 8219, 8193, 5076, 7010, 7542, 8385, 4869, 8812, 7311, 7205, 11100, 19640, 14686, 8719, 15534, 13193, 12112, 1984)
o	2055433	(577, 67)	[(36, 774, 720), (36, 756, 738), (36, 756, 720), (36, 756, 738), (54, 774, 702), (54, 756, 684), (54, 774, 684), (18, 756, 756), (36, 774, 810), (36, 738, 792), (18, 756, 720), (36, 756, 684), (72, 774, 702), (54, 774, 720), (18, 756, 756), (54, 774, 720), (36, 774, 738), (18, 756, 720), (72, 774, 666), (18, 756, 720), (36, 774, 792), (18, 756, 792), (18, 756, 738), (54, 774, 702), (90, 774, 666)]	(9372, 10996, 9304, 9933, 11462, 9658, 8199, 8175, 5065, 7018, 7540, 8388, 4939, 8810, 7315, 7211, 11080, 19648, 14685, 8718, 15529, 13199, 12118, 1981)
n	2055999	(749, 159)	[(18, 756, 792), (18, 756, 738), (54, 774, 702), (90, 774, 666), (0, 756, 756), (36, 774, 738), (36, 774, 720), (18, 756, 702), (36, 756, 720), (36, 756, 738), (36, 756, 756), (18, 756, 738), (18, 756, 738), (36, 774, 720), (36, 756, 738), (36, 774, 738), (18, 756, 738), (36, 738, 756), (54, 774, 738), (72, 756, 666), (36, 774, 738), (18, 756, 774), (18, 738, 738), (-36, 720, 774), (18, 756, 792)]	(9363, 11033, 9335, 9955, 11475, 9679, 8244, 8228, 5088, 7022, 7583, 8468, 4920, 8797, 7311, 7197, 11093, 19640, 14687, 8718, 15530, 13199, 12120, 1978)
