Please hold the phone in your right hand and type with you right thumb
m	2514143	(743, 115)	[(-90, 882, 324), (-306, 936, 342), (-234, 936, 360), (-198, 756, 576), (18, 648, 666), (-126, 810, 684), (-36, 828, 756), (-72, 864, 774), (-126, 900, 918), (-36, 918, 900), (18, 936, 828), (-72, 936, 648), (-144, 918, 684), (-198, 882, 720), (-126, 864, 702), (-144, 828, 648), (-126, 828, 612), (-126, 846, 522), (-144, 846, 522), (-54, 882, 558), (-54, 954, 432), (0, 936, 486), (18, 954, 486), (0, 918, 432), (-108, 972, 450)]	(9395, 11280, 9471, 10870, 11474, 9609, 8605, 6242, 5155, 6931, 6470, 7034, 4937, 6057, 7142, 6846, 11022, 19673, 14867, 8799, 15810, 13276, 12131, 1988)
a	2514535	(678, 423)	[(-198, 882, 720), (-126, 864, 702), (-144, 828, 648), (-126, 828, 612), (-126, 846, 522), (-144, 846, 522), (-54, 882, 558), (-54, 954, 432), (0, 936, 486), (18, 954, 486), (0, 918, 432), (-108, 972, 450), (-180, 972, 396), (-108, 972, 234), (-126, 972, 270), (-162, 990, 360), (-144, 1008, 378), (-108, 990, 378), (-108, 1026, 504), (-270, 1044, 252), (-216, 972, 252), (-126, 918, 468), (-108, 918, 450), (-216, 918, 414), (-216, 972, 270)]	(9452, 11293, 9518, 11339, 11450, 9466, 5566, 5683, 4443, 6824, 5780, 6230, 4772, 6014, 7126, 6768, 10985, 19615, 15420, 8650, 15367, 13184, 12130, 1982)
y	2514877	(556, 226)	[(-108, 972, 450), (-180, 972, 396), (-108, 972, 234), (-126, 972, 270), (-162, 990, 360), (-144, 1008, 378), (-108, 990, 378), (-108, 1026, 504), (-270, 1044, 252), (-216, 972, 252), (-126, 918, 468), (-108, 918, 450), (-216, 918, 414), (-216, 972, 270), (-54, 954, 288), (-126, 1026, 360), (-126, 1008, 360), (-126, 990, 396), (-180, 1044, 162), (-36, 918, 378), (-36, 972, 324), (18, 990, 252), (-108, 972, 270), (-144, 1008, 252), (-180, 1044, 180)]	(9447, 11295, 9400, 11184, 11444, 9502, 6267, 5681, 4488, 6792, 5789, 6292, 4758, 6022, 7127, 6745, 10989, 19606, 15159, 8657, 15381, 13186, 12129, 1985)
b	2515908	(737, 211)	[(-18, 972, 432), (-54, 972, 450), (-72, 954, 450), (-54, 954, 432), (-54, 954, 432), (-72, 954, 432), (-72, 954, 414), (-54, 954, 414), (-54, 954, 414), (-72, 954, 432), (-54, 954, 432), (-54, 972, 450), (-54, 954, 468), (-54, 972, 450), (-72, 954, 450), (-72, 972, 486), (-54, 972, 486), (-54, 936, 486), (-90, 1008, 324), (-36, 954, 324), (18, 936, 504), (0, 954, 468), (-54, 954, 486), (-90, 972, 414), (-36, 972, 342)]	(9400, 11215, 9352, 10834, 11419, 9540, 7828, 5801, 4482, 6857, 5907, 6320, 4800, 6021, 7123, 6755, 10987, 19615, 15029, 8675, 15521, 13206, 12131, 1982)
e	2516198	(581, 351)	[(-72, 954, 432), (-54, 954, 432), (-54, 972, 450), (-54, 954, 468), (-54, 972, 450), (-72, 954, 450), (-72, 972, 486), (-54, 972, 486), (-54, 936, 486), (-90, 1008, 324), (-36, 954, 324), (18, 936, 504), (0, 954, 468), (-54, 954, 486), (-90, 972, 414), (-36, 972, 342), (-90, 954, 360), (-54, 954, 342), (-36, 1026, 252), (18, 990, 486), (18, 1008, 468), (-36, 1026, 378), (-90, 990, 324), (-90, 1044, 324), (-108, 990, 432)]	(9441, 11428, 9416, 11192, 11448, 9501, 6213, 5715, 4499, 6818, 5744, 6335, 4805, 6018, 7126, 6762, 10982, 19608, 15122, 8661, 15451, 13195, 12119, 1975)
 	2516506	(815, 253)	[(-90, 1008, 324), (-36, 954, 324), (18, 936, 504), (0, 954, 468), (-54, 954, 486), (-90, 972, 414), (-36, 972, 342), (-90, 954, 360), (-54, 954, 342), (-36, 1026, 252), (18, 990, 486), (18, 1008, 468), (-36, 1026, 378), (-90, 990, 324), (-90, 1044, 324), (-108, 990, 432), (0, 918, 432), (-54, 918, 576), (-90, 990, 486), (36, 954, 378), (18, 954, 468), (-36, 972, 504), (-108, 936, 504), (-126, 954, 450), (-90, 936, 342)]	(9426, 11394, 9480, 11030, 11425, 9527, 6254, 5805, 4662, 6813, 5734, 6470, 5019, 6028, 7119, 6760, 10955, 19589, 14742, 8676, 15488, 13195, 12121, 1982)
s	2517217	(669, 376)	[(-90, 936, 486), (-90, 954, 468), (-54, 936, 522), (-90, 918, 540), (-72, 936, 540), (-54, 936, 468), (-72, 936, 486), (-72, 936, 486), (-72, 954, 486), (-108, 954, 468), (-90, 954, 450), (-72, 954, 450), (-54, 936, 450), (-54, 972, 450), (-72, 954, 468), (-54, 954, 432), (-54, 972, 414), (-54, 954, 450), (-72, 954, 450), (-72, 954, 450), (-90, 1008, 396), (-90, 990, 270), (18, 954, 432), (-54, 972, 450), (-90, 972, 468)]	(9424, 11003, 9347, 11164, 11442, 9616, 7735, 5845, 4628, 6860, 5889, 6487, 4931, 6023, 7126, 6776, 10993, 19620, 15125, 8683, 15502, 13205, 12125, 1978)
t	2517561	(561, 260)	[(-72, 954, 450), (-54, 936, 450), (-54, 972, 450), (-72, 954, 468), (-54, 954, 432), (-54, 972, 414), (-54, 954, 450), (-72, 954, 450), (-72, 954, 450), (-90, 1008, 396), (-90, 990, 270), (18, 954, 432), (-54, 972, 450), (-90, 972, 468), (-54, 990, 432), (-54, 990, 396), (-90, 990, 396), (-108, 972, 450), (-144, 1008, 288), (-72, 954, 342), (0, 954, 396), (-36, 972, 378), (-72, 972, 396), (-108, 990, 342), (-90, 972, 396)]	(9422, 11048, 9315, 11064, 11439, 9610, 7572, 5774, 4655, 6860, 5815, 6505, 4941, 6017, 7128, 6767, 10972, 19599, 14961, 8662, 15449, 13186, 12113, 1981)
u	2517905	(563, 172)	[(18, 954, 432), (-54, 972, 450), (-90, 972, 468), (-54, 990, 432), (-54, 990, 396), (-90, 990, 396), (-108, 972, 450), (-144, 1008, 288), (-72, 954, 342), (0, 954, 396), (-36, 972, 378), (-72, 972, 396), (-108, 990, 342), (-90, 972, 396), (18, 990, 414), (-36, 972, 414), (-90, 990, 396), (-108, 990, 306), (-90, 990, 252), (-54, 954, 378), (-54, 954, 432), (-54, 990, 414), (-72, 990, 360), (-72, 972, 324), (-72, 990, 360)]	(9420, 11091, 9305, 10995, 11433, 9624, 7724, 5785, 4705, 6813, 5763, 6524, 5007, 6007, 7118, 6755, 10959, 19587, 14839, 8665, 15446, 13193, 12122, 1978)
f	2518212	(664, 270)	[(0, 954, 396), (-36, 972, 378), (-72, 972, 396), (-108, 990, 342), (-90, 972, 396), (18, 990, 414), (-36, 972, 414), (-90, 990, 396), (-108, 990, 306), (-90, 990, 252), (-54, 954, 378), (-54, 954, 432), (-54, 990, 414), (-72, 990, 360), (-72, 972, 324), (-72, 990, 360), (-18, 972, 414), (-72, 990, 378), (-54, 972, 396), (-36, 972, 360), (-108, 1008, 216), (0, 972, 378), (-36, 972, 432), (0, 972, 450), (-90, 990, 378)]	(9420, 11038, 9308, 10951, 11432, 9591, 7998, 5871, 4676, 6850, 5906, 6538, 4983, 6015, 7118, 6772, 10976, 19597, 14891, 8669, 15468, 13189, 12123, 1977)
f	2518402	(665, 276)	[(-90, 972, 396), (18, 990, 414), (-36, 972, 414), (-90, 990, 396), (-108, 990, 306), (-90, 990, 252), (-54, 954, 378), (-54, 954, 432), (-54, 990, 414), (-72, 990, 360), (-72, 972, 324), (-72, 990, 360), (-18, 972, 414), (-72, 990, 378), (-54, 972, 396), (-36, 972, 360), (-108, 1008, 216), (0, 972, 378), (-36, 972, 432), (0, 972, 450), (-90, 990, 378), (-90, 990, 414), (-36, 990, 432), (-72, 990, 396), (-90, 990, 342)]	(9422, 11027, 9296, 10954, 11427, 9575, 7729, 5815, 4610, 6857, 5847, 6488, 4962, 6019, 7123, 6765, 10968, 19598, 14870, 8666, 15462, 13194, 12117, 1965)
 	2518793	(835, 227)	[(-72, 990, 378), (-54, 972, 396), (-36, 972, 360), (-108, 1008, 216), (0, 972, 378), (-36, 972, 432), (0, 972, 450), (-90, 990, 378), (-90, 990, 414), (-36, 990, 432), (-72, 990, 396), (-90, 990, 342), (18, 936, 486), (-72, 936, 468), (-72, 972, 432), (-36, 954, 450), (-36, 954, 468), (-36, 918, 558), (-36, 918, 540), (-90, 990, 486), (-36, 954, 360), (-36, 936, 414), (-54, 936, 468), (-72, 936, 486), (-90, 954, 504)]	(9411, 11137, 9332, 10836, 11425, 9572, 8120, 5907, 4771, 6842, 5922, 6587, 5237, 6031, 7119, 6772, 10960, 19585, 14645, 8674, 15465, 13191, 12116, 1975)
w	2519353	(591, 389)	[(-36, 936, 414), (-54, 936, 468), (-72, 936, 486), (-90, 954, 504), (-54, 936, 558), (-54, 954, 396), (-72, 954, 414), (-90, 972, 414), (-72, 954, 432), (-90, 990, 396), (-108, 972, 396), (-90, 954, 378), (-72, 972, 432), (-90, 990, 396), (-90, 972, 414), (-90, 972, 432), (-108, 990, 396), (-126, 990, 360), (-144, 972, 414), (-90, 990, 378), (-144, 1008, 144), (-72, 972, 288), (-54, 990, 414), (-108, 990, 414), (-162, 1008, 360)]	(9435, 11281, 9352, 11196, 11433, 9454, 7199, 5820, 4551, 6837, 6062, 6459, 5009, 6031, 7125, 6770, 10980, 19601, 15189, 8656, 15414, 13179, 12114, 1967)
e	2519548	(564, 346)	[(-54, 936, 558), (-54, 954, 396), (-72, 954, 414), (-90, 972, 414), (-72, 954, 432), (-90, 990, 396), (-108, 972, 396), (-90, 954, 378), (-72, 972, 432), (-90, 990, 396), (-90, 972, 414), (-90, 972, 432), (-108, 990, 396), (-126, 990, 360), (-144, 972, 414), (-90, 990, 378), (-144, 1008, 144), (-72, 972, 288), (-54, 990, 414), (-108, 990, 414), (-162, 1008, 360), (-144, 972, 432), (-54, 990, 396), (-54, 990, 378), (-144, 1026, 324)]	(9436, 11306, 9358, 11190, 11415, 9432, 7107, 5772, 4593, 6815, 6006, 6427, 4979, 6034, 7120, 6761, 10980, 19599, 15140, 8658, 15416, 13183, 12120, 1982)
 	2519940	(814, 251)	[(-126, 990, 360), (-144, 972, 414), (-90, 990, 378), (-144, 1008, 144), (-72, 972, 288), (-54, 990, 414), (-108, 990, 414), (-162, 1008, 360), (-144, 972, 432), (-54, 990, 396), (-54, 990, 378), (-144, 1026, 324), (72, 954, 324), (0, 900, 576), (0, 936, 450), (-18, 954, 450), (-36, 954, 468), (-36, 954, 504), (-72, 954, 522), (-54, 972, 378), (18, 972, 396), (36, 954, 486), (0, 954, 504), (-36, 954, 432), (-54, 954, 378)]	(9409, 11128, 9311, 10799, 11410, 9517, 8024, 5791, 4651, 6854, 5833, 6501, 5196, 6008, 7124, 6751, 10959, 19577, 14701, 8668, 15439, 13182, 12115, 1973)
d	2520199	(660, 313)	[(-162, 1008, 360), (-144, 972, 432), (-54, 990, 396), (-54, 990, 378), (-144, 1026, 324), (72, 954, 324), (0, 900, 576), (0, 936, 450), (-18, 954, 450), (-36, 954, 468), (-36, 954, 504), (-72, 954, 522), (-54, 972, 378), (18, 972, 396), (36, 954, 486), (0, 954, 504), (-36, 954, 432), (-54, 954, 378), (-54, 954, 432), (-108, 1008, 234), (18, 954, 396), (18, 972, 486), (-54, 972, 414), (-108, 1008, 360), (-108, 990, 324)]	(9421, 11148, 9331, 11015, 11447, 9600, 8362, 5926, 4760, 6900, 5946, 6544, 5087, 6023, 7122, 6757, 10973, 19600, 14885, 8666, 15465, 13186, 12120, 1985)
o	2520539	(583, 118)	[(-72, 954, 522), (-54, 972, 378), (18, 972, 396), (36, 954, 486), (0, 954, 504), (-36, 954, 432), (-54, 954, 378), (-54, 954, 432), (-108, 1008, 234), (18, 954, 396), (18, 972, 486), (-54, 972, 414), (-108, 1008, 360), (-108, 990, 324), (36, 954, 468), (-108, 972, 396), (-108, 954, 414), (-108, 990, 288), (-54, 954, 342), (-36, 954, 450), (-36, 954, 504), (-36, 972, 414), (-54, 990, 360), (-90, 990, 324), (-54, 972, 396)]	(9415, 11254, 9307, 10806, 11422, 9535, 7724, 5821, 4670, 6826, 5751, 6468, 5104, 6006, 7115, 6752, 10959, 19580, 14706, 8664, 15432, 13185, 12121, 1963)
 	2520833	(803, 230)	[(18, 954, 396), (18, 972, 486), (-54, 972, 414), (-108, 1008, 360), (-108, 990, 324), (36, 954, 468), (-108, 972, 396), (-108, 954, 414), (-108, 990, 288), (-54, 954, 342), (-36, 954, 450), (-36, 954, 504), (-36, 972, 414), (-54, 990, 360), (-90, 990, 324), (-54, 972, 396), (-36, 954, 450), (-36, 954, 486), (-108, 972, 432), (-36, 936, 378), (-36, 954, 414), (0, 954, 468), (0, 954, 486), (-36, 954, 504), (-54, 954, 450)]	(9414, 11255, 9343, 10809, 11440, 9591, 8419, 5906, 4771, 6868, 5861, 6631, 5211, 6021, 7123, 6770, 10977, 19589, 14709, 8685, 15473, 13195, 12119, 1980)
m	2521342	(739, 120)	[(-36, 936, 378), (-36, 954, 414), (0, 954, 468), (0, 954, 486), (-36, 954, 504), (-54, 954, 450), (-36, 954, 468), (-72, 936, 504), (-72, 954, 450), (-36, 954, 432), (0, 936, 504), (-72, 936, 468), (-72, 936, 468), (-72, 936, 432), (-72, 954, 432), (-72, 936, 468), (-72, 954, 468), (-72, 954, 468), (-72, 936, 432), (-54, 954, 396), (-72, 954, 396), (-54, 954, 504), (-72, 954, 522), (-54, 954, 486), (-72, 954, 432)]	(9410, 11271, 9331, 10769, 11434, 9552, 8459, 5981, 4788, 6872, 5935, 6651, 5223, 6021, 7137, 6761, 10978, 19586, 14681, 8680, 15462, 13185, 12118, 1977)
o	2521634	(571, 98)	[(-36, 954, 432), (0, 936, 504), (-72, 936, 468), (-72, 936, 468), (-72, 936, 432), (-72, 954, 432), (-72, 936, 468), (-72, 954, 468), (-72, 954, 468), (-72, 936, 432), (-54, 954, 396), (-72, 954, 396), (-54, 954, 504), (-72, 954, 522), (-54, 954, 486), (-72, 954, 432), (-72, 954, 468), (-90, 954, 414), (-180, 1008, 252), (-90, 954, 360), (-90, 936, 432), (-108, 954, 450), (-108, 954, 450), (-108, 972, 378), (-126, 972, 378)]	(9409, 11077, 9277, 10753, 11415, 9530, 8161, 5841, 4683, 6840, 6027, 6560, 5039, 6027, 7126, 6769, 10972, 19596, 14772, 8670, 15490, 13201, 12122, 1979)
r	2522052	(583, 310)	[(-54, 954, 486), (-72, 954, 432), (-72, 954, 468), (-90, 954, 414), (-180, 1008, 252), (-90, 954, 360), (-90, 936, 432), (-108, 954, 450), (-108, 954, 450), (-108, 972, 378), (-126, 972, 378), (-90, 990, 414), (-72, 972, 396), (-72, 972, 396), (-90, 972, 414), (-36, 990, 396), (-54, 990, 360), (-90, 990, 378), (-126, 1008, 360), (-90, 1008, 324), (-198, 1044, 180), (-54, 972, 306), (-72, 990, 342), (-126, 972, 378), (-126, 1008, 306)]	(9421, 11157, 9314, 10973, 11405, 9448, 7847, 5841, 4542, 6865, 6292, 6523, 4932, 6024, 7130, 6787, 10982, 19606, 15023, 8677, 15497, 13194, 12124, 1973)
e	2522246	(590, 346)	[(-180, 1008, 252), (-90, 954, 360), (-90, 936, 432), (-108, 954, 450), (-108, 954, 450), (-108, 972, 378), (-126, 972, 378), (-90, 990, 414), (-72, 972, 396), (-72, 972, 396), (-90, 972, 414), (-36, 990, 396), (-54, 990, 360), (-90, 990, 378), (-126, 1008, 360), (-90, 1008, 324), (-198, 1044, 180), (-54, 972, 306), (-72, 990, 342), (-126, 972, 378), (-126, 1008, 306), (-108, 990, 396), (0, 990, 342), (-36, 1008, 378), (-126, 1008, 342)]	(9424, 11207, 9345, 11071, 11415, 9462, 7756, 5845, 4628, 6832, 6365, 6564, 4952, 6042, 7120, 6795, 10990, 19620, 15066, 8681, 15510, 13203, 12119, 1980)
 	2522689	(816, 219)	[(-90, 1008, 324), (-198, 1044, 180), (-54, 972, 306), (-72, 990, 342), (-126, 972, 378), (-126, 1008, 306), (-108, 990, 396), (0, 990, 342), (-36, 1008, 378), (-126, 1008, 342), (90, 954, 396), (-90, 936, 540), (-36, 936, 486), (-36, 936, 504), (-90, 918, 540), (-108, 936, 540), (-54, 936, 504), (-36, 936, 540), (-72, 936, 558), (-90, 900, 594), (-108, 954, 432), (-36, 936, 450), (-72, 936, 486), (-72, 918, 522), (-72, 954, 522)]	(9409, 11186, 9347, 10817, 11428, 9524, 8442, 6012, 4878, 6894, 6474, 6739, 5210, 6036, 7133, 6797, 10974, 19598, 14728, 8691, 15519, 13207, 12122, 1977)
o	2523299	(555, 84)	[(-72, 954, 522), (-72, 954, 468), (-72, 936, 522), (-54, 936, 450), (-72, 936, 468), (-108, 936, 468), (-72, 936, 450), (-54, 954, 450), (-72, 954, 450), (-90, 936, 450), (-54, 954, 450), (-36, 954, 450), (-54, 972, 432), (-54, 954, 432), (-54, 954, 450), (-54, 954, 450), (-72, 954, 450), (-108, 972, 432), (-144, 954, 306), (-90, 990, 288), (-36, 954, 396), (-72, 954, 450), (-72, 954, 450), (-36, 972, 414), (-72, 990, 360)]	(9402, 11127, 9291, 10733, 11432, 9496, 8730, 6127, 5098, 6883, 6522, 7063, 5356, 6032, 7119, 6791, 10969, 19584, 14696, 8684, 15470, 13194, 12113, 1965)
f	2523639	(657, 275)	[(-36, 954, 450), (-54, 972, 432), (-54, 954, 432), (-54, 954, 450), (-54, 954, 450), (-72, 954, 450), (-108, 972, 432), (-144, 954, 306), (-90, 990, 288), (-36, 954, 396), (-72, 954, 450), (-72, 954, 450), (-36, 972, 414), (-72, 990, 360), (-72, 954, 432), (-90, 972, 450), (-72, 972, 432), (-108, 972, 432), (-90, 972, 414), (-90, 1008, 288), (18, 954, 342), (-36, 954, 414), (-36, 990, 432), (-54, 990, 414), (-90, 990, 360)]	(9408, 11073, 9300, 10811, 11415, 9474, 8273, 5996, 4892, 6855, 6319, 6859, 5156, 6045, 7123, 6784, 10976, 19595, 14808, 8686, 15491, 13197, 12118, 1957)
 	2523950	(814, 251)	[(-36, 954, 396), (-72, 954, 450), (-72, 954, 450), (-36, 972, 414), (-72, 990, 360), (-72, 954, 432), (-90, 972, 450), (-72, 972, 432), (-108, 972, 432), (-90, 972, 414), (-90, 1008, 288), (18, 954, 342), (-36, 954, 414), (-36, 990, 432), (-54, 990, 414), (-90, 990, 360), (-54, 954, 522), (-108, 936, 558), (-72, 936, 360), (-36, 954, 432), (-36, 954, 522), (-72, 954, 522), (-90, 954, 504), (-90, 954, 486), (-72, 936, 468)]	(9397, 11151, 9316, 10711, 11400, 9461, 8166, 5936, 4823, 6844, 6194, 6685, 5214, 6029, 7134, 6785, 10965, 19587, 14701, 8688, 15484, 13197, 12114, 1978)
n	2524243	(740, 179)	[(-90, 972, 414), (-90, 1008, 288), (18, 954, 342), (-36, 954, 414), (-36, 990, 432), (-54, 990, 414), (-90, 990, 360), (-54, 954, 522), (-108, 936, 558), (-72, 936, 360), (-36, 954, 432), (-36, 954, 522), (-72, 954, 522), (-90, 954, 504), (-90, 954, 486), (-72, 936, 468), (-72, 936, 522), (-90, 936, 396), (-72, 918, 432), (-90, 936, 504), (-108, 936, 522), (-90, 936, 504), (-90, 954, 468), (-90, 954, 432), (-90, 936, 468)]	(9410, 11243, 9347, 10768, 11410, 9462, 8479, 6019, 4834, 6875, 6268, 6817, 5240, 6032, 7126, 6781, 10972, 19592, 14708, 8692, 15498, 13193, 12119, 1972)
e	2524687	(573, 341)	[(-72, 936, 468), (-72, 936, 522), (-90, 936, 396), (-72, 918, 432), (-90, 936, 504), (-108, 936, 522), (-90, 936, 504), (-90, 954, 468), (-90, 954, 432), (-90, 936, 468), (-72, 936, 414), (-144, 954, 450), (-126, 954, 450), (-90, 954, 414), (-90, 954, 396), (-108, 972, 414), (-36, 972, 450), (-126, 990, 450), (-162, 990, 486), (-108, 990, 432), (-108, 1026, 180), (-54, 972, 342), (-90, 1008, 378), (-90, 972, 360), (-108, 1008, 360)]	(9426, 11283, 9370, 11081, 11409, 9408, 7213, 5872, 4671, 6866, 6467, 6609, 5053, 6052, 7130, 6785, 10996, 19608, 15203, 8684, 15530, 13201, 12117, 1962)
x	2524947	(746, 371)	[(-90, 936, 504), (-90, 954, 468), (-90, 954, 432), (-90, 936, 468), (-72, 936, 414), (-144, 954, 450), (-126, 954, 450), (-90, 954, 414), (-90, 954, 396), (-108, 972, 414), (-36, 972, 450), (-126, 990, 450), (-162, 990, 486), (-108, 990, 432), (-108, 1026, 180), (-54, 972, 342), (-90, 1008, 378), (-90, 972, 360), (-108, 1008, 360), (-144, 990, 306), (-144, 1008, 378), (0, 954, 360), (-90, 954, 486), (-90, 972, 522), (-126, 972, 468)]	(9416, 11277, 9420, 11023, 11424, 9478, 7912, 6001, 4659, 6853, 6816, 6509, 4915, 6034, 7122, 6803, 10995, 19637, 15179, 8692, 15571, 13212, 12125, 1967)
t	2526067	(582, 303)	[(-108, 954, 486), (-90, 954, 450), (-108, 954, 414), (-126, 954, 432), (-108, 954, 450), (-108, 954, 468), (-108, 936, 486), (-108, 954, 450), (-108, 936, 450), (-126, 954, 396), (-108, 972, 414), (-108, 990, 396), (-72, 990, 396), (-108, 972, 414), (-90, 990, 396), (-108, 990, 414), (-108, 990, 414), (-108, 972, 414), (-108, 972, 414), (-144, 1008, 306), (-54, 990, 216), (-36, 972, 396), (-90, 990, 450), (-108, 1008, 378), (-126, 972, 306)]	(9417, 11284, 9356, 10998, 11419, 9447, 8098, 5968, 4769, 6851, 6666, 6669, 5016, 6047, 7125, 6801, 10982, 19616, 15135, 8686, 15536, 13199, 12122, 1970)
 	2527050	(800, 225)	[(-90, 954, 378), (-72, 954, 450), (-108, 954, 414), (-108, 972, 432), (-72, 954, 432), (-72, 972, 414), (-90, 954, 396), (-90, 954, 432), (-90, 954, 450), (-72, 954, 450), (-72, 954, 486), (-72, 936, 468), (-72, 954, 468), (-90, 954, 450), (-54, 954, 468), (-54, 972, 468), (-72, 954, 522), (-126, 972, 360), (-54, 936, 378), (-36, 954, 414), (-54, 936, 504), (-54, 954, 504), (-90, 936, 522), (-144, 972, 450), (-108, 936, 378)]	(9410, 11373, 9466, 10832, 11407, 9418, 7884, 5898, 4600, 6848, 6424, 6518, 5083, 6056, 7121, 6788, 10974, 19599, 14790, 8686, 15515, 13199, 12121, 1972)
y	2527617	(575, 231)	[(-54, 954, 504), (-90, 936, 522), (-144, 972, 450), (-108, 936, 378), (-72, 936, 450), (-72, 954, 468), (-54, 954, 468), (-90, 954, 450), (-108, 954, 450), (-108, 954, 432), (-90, 954, 432), (-72, 954, 432), (-108, 936, 486), (-126, 936, 468), (-90, 954, 450), (-108, 954, 432), (-108, 954, 432), (-72, 954, 360), (-126, 1008, 270), (-54, 972, 396), (-90, 954, 468), (-54, 972, 396), (-90, 972, 360), (-126, 972, 414), (-108, 972, 450)]	(9410, 11271, 9357, 10852, 11422, 9446, 8154, 5971, 4689, 6869, 6630, 6599, 5010, 6055, 7126, 6792, 10986, 19606, 14953, 8691, 15534, 13200, 12120, 1976)
e	2527911	(579, 350)	[(-108, 954, 450), (-108, 954, 432), (-90, 954, 432), (-72, 954, 432), (-108, 936, 486), (-126, 936, 468), (-90, 954, 450), (-108, 954, 432), (-108, 954, 432), (-72, 954, 360), (-126, 1008, 270), (-54, 972, 396), (-90, 954, 468), (-54, 972, 396), (-90, 972, 360), (-126, 972, 414), (-108, 972, 450), (-72, 990, 324), (0, 990, 342), (-72, 1008, 324), (-126, 1044, 288), (-108, 972, 270), (-36, 990, 378), (-54, 990, 360), (-108, 1008, 342)]	(9418, 11282, 9344, 10995, 11406, 9406, 7262, 5862, 4647, 6829, 6610, 6596, 5043, 6050, 7121, 6805, 10983, 19604, 15064, 8684, 15511, 13195, 12116, 1977)
a	2528152	(664, 423)	[(-90, 954, 450), (-108, 954, 432), (-108, 954, 432), (-72, 954, 360), (-126, 1008, 270), (-54, 972, 396), (-90, 954, 468), (-54, 972, 396), (-90, 972, 360), (-126, 972, 414), (-108, 972, 450), (-72, 990, 324), (0, 990, 342), (-72, 1008, 324), (-126, 1044, 288), (-108, 972, 270), (-36, 990, 378), (-54, 990, 360), (-108, 1008, 342), (-90, 990, 360), (-72, 972, 360), (-72, 990, 270), (-54, 972, 378), (-108, 990, 414), (-90, 972, 414)]	(9418, 11310, 9375, 11025, 11412, 9448, 7621, 5936, 4666, 6860, 6623, 6596, 5039, 6055, 7119, 6801, 10972, 19612, 15079, 8687, 15516, 13194, 12121, 1977)
r	2529388	(570, 296)	[(-90, 990, 396), (-72, 990, 396), (-90, 972, 396), (-90, 972, 378), (-90, 972, 378), (-90, 990, 378), (-72, 972, 396), (-90, 990, 360), (-90, 972, 360), (-90, 972, 378), (-72, 990, 396), (-90, 972, 378), (-108, 990, 378), (-90, 972, 360), (-72, 990, 396), (-108, 990, 396), (-90, 972, 414), (-72, 972, 396), (-90, 972, 396), (-90, 990, 270), (-54, 972, 270), (-36, 972, 414), (-90, 990, 414), (-90, 990, 414), (-144, 990, 324)]	(9414, 11275, 9356, 10968, 11411, 9420, 7837, 5958, 4680, 6859, 6821, 6677, 4996, 6058, 7129, 6802, 10987, 19612, 15048, 8681, 15541, 13203, 12125, 1964)
i	2531350	(562, 125)	[(-90, 936, 504), (-72, 918, 504), (-90, 936, 468), (-90, 954, 450), (-90, 936, 486), (-90, 936, 486), (-90, 936, 468), (-90, 936, 468), (-90, 936, 468), (-72, 954, 450), (-90, 954, 450), (-90, 954, 450), (-90, 954, 432), (-54, 972, 450), (-54, 972, 450), (-90, 954, 450), (-90, 954, 450), (-90, 954, 432), (-108, 954, 378), (-90, 954, 360), (-36, 954, 432), (0, 954, 486), (-54, 972, 414), (-126, 972, 378), (-108, 972, 396)]	(9397, 11140, 9310, 10894, 11391, 9506, 7471, 5933, 5129, 6833, 5939, 7147, 4960, 6046, 7128, 6800, 10995, 19631, 14953, 8713, 15657, 13227, 12126, 1974)
s	2531690	(654, 355)	[(-90, 954, 450), (-90, 954, 432), (-54, 972, 450), (-54, 972, 450), (-90, 954, 450), (-90, 954, 450), (-90, 954, 432), (-108, 954, 378), (-90, 954, 360), (-36, 954, 432), (0, 954, 486), (-54, 972, 414), (-126, 972, 378), (-108, 972, 396), (-108, 954, 432), (-72, 972, 414), (-108, 990, 414), (-72, 972, 396), (-36, 972, 360), (-54, 990, 378), (-126, 1026, 270), (-54, 972, 324), (18, 972, 342), (36, 1008, 378), (-54, 990, 324)]	(9415, 11205, 9337, 11030, 11417, 9497, 7585, 5902, 4923, 6855, 6006, 6891, 4963, 6037, 7123, 6796, 10999, 19635, 15091, 8710, 15614, 13220, 12121, 1975)
 	2532150	(797, 236)	[(-108, 990, 414), (-72, 972, 396), (-36, 972, 360), (-54, 990, 378), (-126, 1026, 270), (-54, 972, 324), (18, 972, 342), (36, 1008, 378), (-54, 990, 324), (-36, 936, 540), (-72, 918, 576), (-90, 936, 540), (-90, 936, 540), (-90, 936, 540), (-90, 936, 504), (-90, 936, 486), (-126, 936, 558), (-126, 936, 450), (-72, 936, 432), (-72, 954, 432), (-72, 936, 486), (-126, 900, 522), (-126, 936, 450), (-126, 918, 396), (-90, 936, 540)]	(9388, 11222, 9320, 10710, 11392, 9504, 7782, 5929, 5042, 6825, 5940, 6778, 5085, 6015, 7126, 6775, 10968, 19595, 14752, 8685, 15509, 13197, 12112, 1950)
t	2532645	(578, 266)	[(-72, 936, 432), (-72, 954, 432), (-72, 936, 486), (-126, 900, 522), (-126, 936, 450), (-126, 918, 396), (-90, 936, 540), (-126, 954, 432), (-126, 936, 486), (-90, 972, 396), (-108, 954, 432), (-126, 954, 468), (-108, 954, 450), (-90, 954, 432), (-90, 972, 360), (-108, 990, 378), (-108, 972, 414), (-90, 972, 432), (-144, 1008, 270), (-54, 954, 270), (-54, 972, 378), (-72, 990, 414), (-54, 990, 432), (-108, 990, 396), (-90, 972, 396)]	(9408, 11256, 9322, 10940, 11416, 9521, 7866, 5928, 5198, 6866, 6016, 7044, 5118, 6014, 7125, 6795, 10980, 19611, 14885, 8685, 15525, 13198, 12120, 1974)
h	2532936	(659, 172)	[(-90, 972, 396), (-108, 954, 432), (-126, 954, 468), (-108, 954, 450), (-90, 954, 432), (-90, 972, 360), (-108, 990, 378), (-108, 972, 414), (-90, 972, 432), (-144, 1008, 270), (-54, 954, 270), (-54, 972, 378), (-72, 990, 414), (-54, 990, 432), (-108, 990, 396), (-90, 972, 396), (-36, 990, 450), (-90, 972, 378), (-108, 972, 396), (-108, 972, 360), (-90, 954, 396), (-108, 990, 414), (-90, 972, 468), (-126, 972, 486), (-144, 990, 324)]	(9396, 11221, 9280, 10749, 11400, 9528, 7944, 5919, 5168, 6866, 5985, 6890, 5092, 6037, 7125, 6774, 10964, 19596, 14780, 8680, 15478, 13197, 12112, 1974)
i	2533193	(586, 139)	[(-108, 972, 414), (-90, 972, 432), (-144, 1008, 270), (-54, 954, 270), (-54, 972, 378), (-72, 990, 414), (-54, 990, 432), (-108, 990, 396), (-90, 972, 396), (-36, 990, 450), (-90, 972, 378), (-108, 972, 396), (-108, 972, 360), (-90, 954, 396), (-108, 990, 414), (-90, 972, 468), (-126, 972, 486), (-144, 990, 324), (-108, 972, 396), (-108, 954, 324), (-54, 954, 468), (-108, 972, 450), (-108, 972, 432), (-108, 972, 396), (-144, 972, 378)]	(9394, 11243, 9313, 10786, 11423, 9556, 8212, 6023, 5230, 6849, 6113, 7043, 5124, 6047, 7122, 6784, 10979, 19604, 14819, 8687, 15529, 13203, 12119, 1977)
s	2533734	(671, 367)	[(-54, 954, 468), (-108, 972, 450), (-108, 972, 432), (-108, 972, 396), (-144, 972, 378), (-108, 972, 432), (-108, 954, 378), (-90, 954, 432), (-90, 972, 450), (-90, 954, 414), (-90, 972, 378), (-90, 972, 396), (-108, 972, 396), (-108, 990, 396), (-90, 972, 396), (-90, 972, 378), (-90, 972, 396), (-72, 972, 414), (-90, 972, 396), (-72, 990, 396), (-90, 1008, 270), (-72, 972, 342), (-54, 990, 396), (-72, 990, 378), (-162, 990, 342)]	(9408, 11210, 9315, 10905, 11395, 9490, 7690, 5919, 5023, 6846, 6098, 6935, 5029, 6043, 7130, 6787, 10973, 19608, 14894, 8691, 15549, 13203, 12119, 1969)
 	2534245	(797, 223)	[(-72, 990, 396), (-90, 1008, 270), (-72, 972, 342), (-54, 990, 396), (-72, 990, 378), (-162, 990, 342), (-126, 936, 486), (-90, 954, 432), (-72, 936, 504), (-108, 936, 540), (-108, 954, 450), (-90, 936, 432), (-108, 936, 450), (-108, 954, 486), (-90, 936, 486), (-90, 936, 468), (-72, 954, 450), (-90, 918, 504), (-180, 972, 414), (-54, 918, 468), (-90, 936, 468), (-90, 954, 486), (-90, 936, 504), (-108, 936, 558), (-144, 954, 450)]	(9402, 11296, 9343, 10707, 11422, 9505, 8277, 5995, 5126, 6889, 6230, 6933, 5315, 6048, 7128, 6777, 10961, 19585, 14676, 8681, 15473, 13194, 12120, 1975)
a	2534755	(659, 416)	[(-180, 972, 414), (-54, 918, 468), (-90, 936, 468), (-90, 954, 486), (-90, 936, 504), (-108, 936, 558), (-144, 954, 450), (-90, 936, 468), (-126, 936, 450), (-126, 954, 450), (-108, 954, 486), (-108, 954, 486), (-144, 954, 486), (-144, 936, 468), (-126, 954, 450), (-108, 954, 450), (-126, 954, 450), (-144, 954, 414), (-126, 936, 396), (-108, 972, 432), (-126, 972, 288), (-72, 972, 396), (-108, 990, 468), (-144, 972, 432), (-180, 990, 396)]	(9414, 11310, 9370, 11037, 11414, 9488, 7689, 5843, 4883, 6867, 6176, 6689, 4997, 6031, 7124, 6782, 10981, 19613, 15045, 8678, 15502, 13195, 12123, 1970)
 	2535097	(810, 242)	[(-108, 954, 486), (-144, 954, 486), (-144, 936, 468), (-126, 954, 450), (-108, 954, 450), (-126, 954, 450), (-144, 954, 414), (-126, 936, 396), (-108, 972, 432), (-126, 972, 288), (-72, 972, 396), (-108, 990, 468), (-144, 972, 432), (-180, 990, 396), (-108, 936, 468), (-54, 936, 450), (-90, 954, 450), (-90, 954, 432), (-108, 936, 486), (-180, 954, 540), (-126, 954, 378), (-54, 936, 432), (-90, 954, 486), (-126, 918, 540), (-144, 936, 522)]	(9401, 11273, 9323, 10704, 11408, 9484, 8281, 6009, 5272, 6874, 6333, 6897, 5317, 6051, 7132, 6778, 10962, 19583, 14709, 8671, 15451, 13187, 12121, 1973)
s	2535487	(664, 367)	[(-180, 990, 396), (-108, 936, 468), (-54, 936, 450), (-90, 954, 450), (-90, 954, 432), (-108, 936, 486), (-180, 954, 540), (-126, 954, 378), (-54, 936, 432), (-90, 954, 486), (-126, 918, 540), (-144, 936, 522), (-90, 936, 504), (-126, 954, 432), (-108, 972, 432), (-144, 954, 432), (-126, 954, 414), (-108, 972, 414), (-144, 990, 360), (-126, 972, 324), (-126, 972, 378), (-126, 972, 432), (-126, 954, 432), (-162, 972, 360), (-126, 972, 414)]	(9400, 11253, 9298, 10855, 11396, 9448, 7605, 5823, 4896, 6857, 6068, 6713, 5054, 6040, 7127, 6774, 10970, 19596, 14909, 8675, 15485, 13193, 12111, 1965)
t	2535794	(571, 257)	[(-90, 954, 486), (-126, 918, 540), (-144, 936, 522), (-90, 936, 504), (-126, 954, 432), (-108, 972, 432), (-144, 954, 432), (-126, 954, 414), (-108, 972, 414), (-144, 990, 360), (-126, 972, 324), (-126, 972, 378), (-126, 972, 432), (-126, 954, 432), (-162, 972, 360), (-126, 972, 414), (-90, 972, 486), (-144, 954, 414), (-162, 972, 342), (-144, 972, 270), (-90, 954, 414), (-126, 990, 414), (-72, 972, 432), (-126, 972, 396), (-198, 990, 342)]	(9409, 11292, 9328, 10876, 11419, 9478, 8166, 5966, 4944, 6839, 6273, 6752, 5052, 6044, 7114, 6780, 10966, 19603, 14947, 8680, 15504, 13203, 12119, 1954)
a	2536036	(652, 408)	[(-144, 954, 432), (-126, 954, 414), (-108, 972, 414), (-144, 990, 360), (-126, 972, 324), (-126, 972, 378), (-126, 972, 432), (-126, 954, 432), (-162, 972, 360), (-126, 972, 414), (-90, 972, 486), (-144, 954, 414), (-162, 972, 342), (-144, 972, 270), (-90, 954, 414), (-126, 990, 414), (-72, 972, 432), (-126, 972, 396), (-198, 990, 342), (-126, 954, 360), (-162, 1008, 324), (-126, 954, 324), (-90, 972, 378), (-90, 990, 396), (-126, 990, 396)]	(9420, 11310, 9314, 11002, 11412, 9462, 7845, 5874, 4895, 6837, 6154, 6728, 5077, 6050, 7119, 6788, 10969, 19605, 14992, 8677, 15499, 13197, 12118, 1977)
n	2536796	(734, 169)	[(-126, 954, 522), (-144, 936, 468), (-126, 936, 468), (-108, 936, 468), (-126, 918, 486), (-126, 936, 486), (-144, 936, 486), (-144, 936, 468), (-126, 936, 450), (-126, 936, 450), (-126, 936, 468), (-90, 936, 450), (-108, 954, 432), (-108, 954, 468), (-126, 954, 486), (-126, 936, 486), (-90, 936, 522), (-126, 936, 486), (-180, 954, 396), (-72, 936, 432), (-108, 954, 468), (-90, 954, 504), (-144, 954, 450), (-180, 954, 414), (-144, 936, 396)]	(9397, 11265, 9312, 10634, 11396, 9482, 8111, 6028, 5596, 6901, 6231, 7197, 5516, 6051, 7135, 6789, 10946, 19574, 14613, 8669, 15430, 13185, 12117, 1974)
d	2537188	(675, 318)	[(-108, 954, 468), (-126, 954, 486), (-126, 936, 486), (-90, 936, 522), (-126, 936, 486), (-180, 954, 396), (-72, 936, 432), (-108, 954, 468), (-90, 954, 504), (-144, 954, 450), (-180, 954, 414), (-144, 936, 396), (-144, 954, 432), (-108, 972, 450), (-126, 954, 450), (-144, 972, 396), (-144, 972, 396), (-126, 972, 414), (-144, 972, 414), (-180, 990, 396), (-90, 954, 360), (-108, 954, 414), (-144, 954, 414), (-144, 972, 432), (-180, 972, 396)]	(9406, 11273, 9312, 10806, 11397, 9427, 7890, 5890, 5190, 6833, 6182, 7012, 5169, 6047, 7124, 6787, 10976, 19597, 14869, 8679, 15513, 13198, 12112, 1974)
a	2537499	(659, 416)	[(-144, 954, 450), (-180, 954, 414), (-144, 936, 396), (-144, 954, 432), (-108, 972, 450), (-126, 954, 450), (-144, 972, 396), (-144, 972, 396), (-126, 972, 414), (-144, 972, 414), (-180, 990, 396), (-90, 954, 360), (-108, 954, 414), (-144, 954, 414), (-144, 972, 432), (-180, 972, 396), (-144, 972, 414), (-126, 972, 396), (-180, 1008, 360), (-108, 972, 288), (-72, 972, 378), (-90, 990, 396), (-90, 990, 378), (-180, 972, 378), (-126, 954, 396)]	(9413, 11339, 9345, 11012, 11411, 9461, 7671, 5863, 4980, 6860, 6088, 6756, 5113, 6045, 7119, 6785, 10979, 19607, 15069, 8676, 15537, 13192, 12116, 1974)
r	2539127	(587, 305)	[(-72, 954, 486), (-90, 936, 486), (-108, 936, 486), (-54, 936, 468), (-36, 954, 450), (-72, 972, 414), (-72, 954, 432), (-36, 954, 468), (-54, 972, 432), (-72, 954, 414), (-90, 954, 414), (-72, 954, 414), (-90, 954, 414), (-108, 972, 414), (-90, 972, 450), (-72, 954, 468), (-108, 954, 468), (-72, 954, 432), (-108, 990, 324), (-36, 954, 342), (-90, 972, 414), (-90, 1008, 396), (-90, 990, 342), (-108, 1008, 324), (-72, 972, 414)]	(9410, 11269, 9293, 10857, 11406, 9433, 7745, 5871, 5083, 6844, 6274, 6842, 5129, 6048, 7122, 6792, 10978, 19611, 15058, 8677, 15531, 13200, 12115, 1971)
d	2540722	(667, 319)	[(-72, 954, 468), (-72, 954, 450), (-72, 954, 450), (-72, 954, 450), (-72, 954, 432), (-90, 936, 450), (-72, 954, 468), (-72, 954, 450), (-72, 972, 432), (-72, 954, 432), (-72, 954, 468), (-72, 954, 486), (-72, 954, 468), (-72, 954, 450), (-72, 936, 486), (-72, 936, 486), (-108, 954, 450), (-90, 990, 414), (-90, 954, 270), (0, 954, 414), (-54, 972, 468), (-36, 972, 450), (-90, 1008, 342), (-126, 990, 378), (-108, 990, 396)]	(9407, 11315, 9326, 10899, 11428, 9462, 8320, 5916, 5061, 6875, 6283, 6861, 5059, 6057, 7115, 6798, 10995, 19613, 14994, 8689, 15580, 13214, 12120, 1984)
 	2541264	(792, 210)	[(-54, 972, 468), (-36, 972, 450), (-90, 1008, 342), (-126, 990, 378), (-108, 990, 396), (-72, 918, 486), (-54, 936, 504), (-36, 918, 468), (-72, 954, 486), (-90, 954, 504), (-90, 972, 468), (-72, 954, 504), (-90, 918, 522), (-54, 918, 504), (-54, 918, 504), (-72, 936, 486), (-72, 918, 504), (-108, 936, 450), (-162, 936, 450), (-72, 936, 450), (-54, 918, 522), (-54, 918, 576), (-36, 936, 558), (-90, 936, 558), (-144, 954, 522)]	(9385, 11347, 9366, 10693, 11399, 9465, 7933, 5970, 5390, 6835, 6191, 7040, 5409, 6042, 7133, 6786, 10958, 19576, 14635, 8670, 15441, 13192, 12117, 1939)
l	2542092	(651, 22)	[(-126, 900, 486), (-108, 900, 486), (-90, 918, 504), (-90, 918, 522), (-90, 918, 522), (-108, 918, 504), (-90, 936, 522), (-108, 936, 504), (-108, 918, 486), (-54, 918, 468), (-54, 918, 468), (-90, 918, 468), (-90, 918, 522), (-90, 936, 522), (-54, 918, 540), (-108, 936, 522), (-126, 936, 522), (-126, 936, 522), (-126, 936, 414), (-72, 918, 468), (-54, 918, 432), (-90, 918, 468), (-72, 954, 522), (-54, 918, 522), (-108, 936, 432)]	(9381, 11240, 9294, 10542, 11383, 9392, 7052, 6134, 6926, 6856, 6047, 8105, 5795, 6046, 7131, 6806, 10963, 19565, 14567, 8671, 15376, 13188, 12106, 1966)
a	2543257	(669, 402)	[(-90, 954, 486), (-90, 972, 486), (-108, 954, 486), (-90, 936, 468), (-90, 936, 432), (-90, 936, 432), (-108, 936, 468), (-108, 936, 468), (-108, 954, 468), (-126, 936, 468), (-126, 954, 432), (-144, 972, 450), (-126, 954, 450), (-90, 954, 432), (-90, 936, 414), (-72, 954, 396), (-126, 954, 432), (-144, 972, 486), (-126, 954, 504), (-108, 990, 306), (-36, 990, 342), (-90, 1008, 450), (-90, 1008, 432), (-108, 972, 378), (-126, 954, 324)]	(9406, 11338, 9362, 11016, 11406, 9472, 8005, 5930, 5215, 6882, 6279, 6979, 5082, 6045, 7120, 6798, 11000, 19629, 15165, 8694, 15565, 13203, 12126, 1967)
n	2543867	(733, 150)	[(-108, 972, 378), (-126, 954, 324), (-72, 954, 450), (-180, 918, 612), (-108, 900, 666), (-90, 900, 648), (-90, 918, 522), (-90, 936, 486), (-144, 936, 486), (-162, 918, 450), (-144, 918, 486), (-126, 918, 522), (-108, 918, 540), (-108, 900, 540), (-162, 918, 522), (-144, 918, 486), (-144, 936, 432), (-144, 918, 450), (-144, 936, 432), (-108, 918, 396), (-72, 936, 468), (-54, 936, 540), (-72, 954, 540), (-108, 936, 522), (-126, 954, 504)]	(9390, 11307, 9357, 10699, 11390, 9399, 7365, 6048, 6241, 6847, 6198, 7474, 5553, 6052, 7127, 6793, 10961, 19573, 14666, 8673, 15422, 13187, 12109, 1988)
g	2544278	(661, 235)	[(-162, 918, 522), (-144, 918, 486), (-144, 936, 432), (-144, 918, 450), (-144, 936, 432), (-108, 918, 396), (-72, 936, 468), (-54, 936, 540), (-72, 954, 540), (-108, 936, 522), (-126, 954, 504), (-144, 936, 468), (-126, 936, 504), (-108, 936, 522), (-90, 954, 450), (-126, 954, 450), (-144, 972, 468), (-108, 954, 450), (-54, 936, 342), (-90, 936, 414), (-72, 936, 486), (-144, 954, 504), (-198, 972, 360), (-126, 954, 414), (-126, 972, 468)]	(9394, 11282, 9325, 10721, 11385, 9391, 7359, 5987, 5573, 6842, 6131, 7190, 5262, 6049, 7124, 6792, 10967, 19593, 14780, 8674, 15482, 13193, 12120, 1972)
u	2544569	(578, 162)	[(-72, 954, 540), (-108, 936, 522), (-126, 954, 504), (-144, 936, 468), (-126, 936, 504), (-108, 936, 522), (-90, 954, 450), (-126, 954, 450), (-144, 972, 468), (-108, 954, 450), (-54, 936, 342), (-90, 936, 414), (-72, 936, 486), (-144, 954, 504), (-198, 972, 360), (-126, 954, 414), (-126, 972, 468), (-162, 954, 396), (-144, 954, 360), (-144, 972, 306), (-90, 936, 432), (-108, 954, 486), (-108, 972, 450), (-90, 990, 396), (-162, 972, 378)]	(9403, 11301, 9312, 10766, 11398, 9396, 7513, 5960, 5514, 6841, 6218, 7292, 5231, 6060, 7125, 6794, 10973, 19598, 14812, 8686, 15498, 13196, 12116, 1973)
a	2545653	(660, 408)	[(-126, 918, 594), (-144, 900, 576), (-126, 918, 594), (-108, 918, 558), (-90, 918, 540), (-90, 918, 558), (-126, 936, 558), (-126, 936, 522), (-72, 936, 450), (-54, 936, 450), (-72, 936, 450), (-108, 936, 450), (-126, 936, 468), (-90, 954, 450), (-108, 936, 450), (-108, 936, 450), (-108, 936, 504), (-108, 954, 522), (-144, 954, 486), (-198, 972, 504), (-90, 918, 252), (-54, 918, 342), (-126, 972, 396), (-144, 954, 432), (-180, 972, 396)]	(9408, 11326, 9365, 11040, 11400, 9434, 7648, 5894, 5031, 6836, 6247, 6802, 5058, 6060, 7122, 6798, 10990, 19629, 15250, 8694, 15600, 13211, 12118, 1970)
g	2548391	(657, 232)	[(-54, 918, 522), (-72, 936, 504), (-36, 918, 486), (-36, 936, 486), (-36, 936, 504), (-54, 918, 504), (-36, 954, 450), (-36, 936, 504), (-72, 918, 540), (-72, 936, 504), (-54, 936, 486), (-18, 954, 486), (-54, 936, 450), (-54, 936, 468), (-54, 936, 468), (0, 936, 450), (-18, 954, 468), (-72, 936, 486), (-54, 936, 486), (-72, 972, 432), (36, 936, 414), (18, 936, 486), (-54, 954, 468), (-72, 936, 486), (-108, 936, 450)]	(9380, 10966, 9278, 10633, 11415, 9630, 7278, 6876, 5745, 6859, 6073, 8549, 5245, 6070, 7142, 7125, 11000, 19620, 14849, 8759, 15413, 13240, 12129, 1976)
e	2548733	(599, 329)	[(-18, 954, 486), (-54, 936, 450), (-54, 936, 468), (-54, 936, 468), (0, 936, 450), (-18, 954, 468), (-72, 936, 486), (-54, 936, 486), (-72, 972, 432), (36, 936, 414), (18, 936, 486), (-54, 954, 468), (-72, 936, 486), (-108, 936, 450), (-108, 936, 504), (-72, 954, 468), (-108, 954, 486), (-108, 936, 504), (-90, 936, 504), (-72, 954, 432), (-54, 954, 342), (-36, 936, 450), (-36, 954, 486), (-108, 954, 432), (-90, 954, 486)]	(9393, 11100, 9332, 10869, 11407, 9577, 7170, 6387, 5397, 6868, 5950, 7773, 5249, 6040, 7142, 7031, 10990, 19617, 14971, 8767, 15442, 13231, 12117, 1966)
