Please hold the phone in your left hand and type with your left thumb
p	597256	(571, 5)	[(-252, 882, 864), (-108, 792, 774), (-72, 774, 612), (-90, 774, 558), (18, 810, 666), (54, 918, 648), (54, 936, 504), (-18, 936, 450), (-36, 882, 450), (18, 828, 558), (0, 864, 522), (54, 882, 504), (90, 864, 558), (90, 846, 594), (90, 882, 612), (144, 864, 576), (126, 846, 594), (108, 846, 576), (144, 846, 396), (198, 882, 432), (72, 846, 558), (90, 864, 540), (36, 900, 612), (90, 900, 504), (108, 918, 540)]	(9430, 10745, 9271, 10216, 11399, 9393, 4557, 8797, 5623, 6826, 5806, 6577, 4416, 6090, 7232, 6985, 11676, 20028, 17519, 8761, 15993, 13715, 12540, 1957)
d	598672	(651, 345)	[(-54, 864, 558), (-36, 882, 522), (-18, 864, 540), (-54, 882, 612), (-90, 864, 648), (-54, 882, 612), (0, 882, 576), (-72, 864, 612), (-36, 864, 612), (-54, 864, 612), (-36, 864, 594), (-54, 864, 594), (-72, 864, 576), (-54, 882, 594), (-54, 882, 594), (-54, 882, 576), (-72, 882, 612), (-54, 882, 612), (-36, 864, 576), (-54, 846, 594), (-54, 864, 594), (-54, 882, 630), (-54, 864, 630), (0, 864, 522), (0, 846, 594)]	(9414, 10655, 9317, 10142, 11386, 9388, 4733, 8446, 5312, 6827, 5845, 6605, 4367, 6038, 7204, 6919, 11528, 20387, 15023, 8749, 15735, 13741, 12926, 1976)
r	599903	(570, 302)	[(-36, 864, 612), (-36, 864, 594), (-36, 864, 594), (-54, 864, 612), (-36, 864, 612), (-54, 882, 594), (-36, 864, 612), (-54, 882, 612), (-54, 864, 630), (-54, 882, 630), (-54, 900, 576), (-36, 864, 540), (-36, 882, 558), (-36, 864, 558), (0, 900, 522), (-18, 900, 540), (-36, 900, 558), (-36, 900, 540), (0, 882, 540), (-18, 900, 522), (-36, 882, 558), (0, 882, 576), (0, 882, 558), (-18, 918, 468), (0, 864, 540)]	(9405, 10670, 9315, 10135, 11377, 9373, 4706, 8180, 5105, 6821, 5849, 6533, 4372, 6049, 7205, 6934, 11508, 20502, 15317, 8759, 15792, 13715, 12950, 1973)
f	601276	(657, 301)	[(-36, 882, 576), (18, 882, 594), (0, 882, 576), (-18, 900, 576), (-36, 882, 576), (-18, 882, 576), (-18, 882, 612), (0, 882, 594), (18, 882, 576), (0, 864, 576), (-36, 882, 558), (0, 882, 576), (18, 882, 594), (18, 882, 594), (18, 882, 576), (-36, 900, 576), (0, 882, 576), (0, 882, 594), (-18, 882, 576), (-18, 900, 558), (18, 864, 576), (-36, 882, 558), (-18, 900, 558), (18, 882, 558), (18, 900, 522)]	(9411, 10644, 9311, 10118, 11380, 9369, 4758, 8199, 5156, 6825, 5846, 6560, 4341, 6044, 7197, 6926, 11491, 20477, 15111, 8755, 15746, 13710, 12943, 1968)
a	602388	(637, 464)	[(0, 864, 558), (0, 882, 558), (0, 882, 576), (-36, 882, 576), (18, 882, 558), (18, 882, 576), (-18, 900, 558), (-36, 900, 594), (0, 864, 594), (0, 882, 576), (0, 864, 558), (18, 882, 576), (0, 864, 594), (0, 864, 576), (-18, 882, 576), (-18, 900, 594), (0, 882, 576), (0, 864, 612), (-36, 900, 576), (0, 882, 594), (0, 864, 594), (-54, 882, 576), (18, 882, 504), (36, 882, 540), (18, 882, 594)]	(9405, 10607, 9317, 10113, 11388, 9393, 4850, 8330, 5409, 6839, 5918, 6701, 4400, 6009, 7191, 6945, 11505, 20382, 15150, 8764, 15763, 13725, 12930, 1958)
y	603771	(575, 209)	[(-36, 882, 594), (0, 882, 594), (0, 864, 576), (18, 864, 576), (18, 846, 630), (0, 846, 684), (18, 918, 540), (0, 900, 576), (-36, 918, 486), (54, 882, 540), (18, 882, 612), (36, 882, 576), (18, 918, 522), (0, 900, 540), (18, 900, 540), (0, 918, 522), (0, 900, 540), (18, 900, 558), (0, 900, 558), (0, 900, 540), (0, 900, 558), (0, 882, 540), (-54, 918, 540), (36, 972, 450), (-54, 900, 522)]	(9415, 10678, 9334, 10158, 11397, 9396, 4840, 8220, 5214, 6834, 5903, 6564, 4362, 6026, 7185, 6941, 11456, 20403, 15821, 8760, 15870, 13770, 12979, 1968)
l	605037	(630, 40)	[(18, 864, 558), (0, 882, 594), (36, 882, 594), (36, 882, 576), (18, 864, 576), (-54, 864, 576), (-72, 882, 630), (-54, 918, 612), (-54, 900, 576), (-54, 882, 576), (-36, 864, 612), (0, 846, 612), (36, 864, 630), (-36, 936, 468), (-36, 918, 504), (18, 900, 576), (-36, 918, 558), (-18, 918, 522), (0, 900, 540), (0, 900, 504), (-54, 918, 504), (0, 936, 540), (18, 918, 522), (18, 900, 522), (-36, 918, 576)]	(9416, 10715, 9321, 10143, 11393, 9399, 4701, 8249, 5064, 6825, 5842, 6512, 4349, 6030, 7169, 6964, 11340, 20269, 17034, 8765, 15935, 13835, 12968, 1960)
d	606472	(669, 345)	[(-18, 900, 594), (-36, 882, 576), (-36, 900, 558), (-18, 882, 558), (-54, 882, 576), (-36, 900, 576), (-36, 882, 576), (-54, 882, 558), (-72, 864, 594), (-54, 882, 576), (-54, 882, 576), (-36, 882, 576), (-36, 864, 594), (-54, 864, 594), (0, 882, 612), (-36, 864, 594), (-54, 864, 594), (-36, 882, 576), (-36, 882, 558), (-54, 882, 594), (-18, 882, 558), (-36, 882, 594), (-54, 864, 594), (0, 882, 630), (0, 882, 540)]	(9392, 10580, 9331, 10063, 11386, 9389, 4835, 8594, 5280, 6838, 5842, 6768, 4332, 6020, 7135, 6850, 11312, 19991, 14825, 8739, 15684, 14116, 12953, 1969)
n	607911	(720, 168)	[(-36, 900, 612), (0, 882, 594), (-36, 864, 594), (-36, 882, 612), (-54, 882, 612), (-54, 864, 576), (-36, 864, 576), (-36, 882, 612), (-36, 882, 576), (-36, 882, 576), (-36, 882, 558), (-36, 900, 558), (-36, 882, 540), (-18, 900, 540), (-36, 882, 576), (0, 882, 558), (-36, 900, 576), (-18, 900, 576), (18, 900, 558), (0, 882, 594), (-36, 882, 576), (0, 882, 558), (18, 900, 612), (-18, 900, 576), (-18, 936, 522)]	(9389, 10578, 9331, 10075, 11386, 9394, 4887, 8380, 5267, 6840, 5877, 6803, 4357, 6015, 7150, 6880, 11270, 20027, 15061, 15728, 14048, 12967, 1964, 65535)
b	609398	(749, 204)	[(18, 864, 576), (36, 882, 558), (18, 900, 522), (18, 900, 522), (0, 882, 576), (0, 882, 576), (0, 882, 558), (-54, 900, 612), (-18, 900, 594), (0, 900, 540), (-36, 882, 558), (0, 882, 576), (-18, 900, 558), (0, 882, 576), (18, 900, 558), (-18, 900, 558), (0, 900, 558), (-18, 900, 576), (0, 882, 576), (0, 882, 558), (-18, 882, 576), (0, 900, 558), (0, 900, 540), (0, 900, 540), (0, 864, 558)]	(9397, 10585, 9339, 10070, 11389, 9407, 4931, 8480, 5320, 6851, 5881, 6811, 4354, 6016, 7149, 6864, 11287, 20078, 14948, 8738, 15689, 14017, 13015, 1969)
t	610782	(584, 254)	[(18, 864, 558), (-54, 864, 576), (18, 900, 558), (0, 882, 576), (0, 864, 594), (0, 864, 612), (0, 900, 594), (-18, 882, 594), (0, 864, 594), (-18, 882, 576), (-36, 918, 540), (0, 900, 522), (0, 882, 558), (-18, 900, 594), (-36, 900, 576), (-18, 900, 558), (0, 882, 594), (0, 864, 576), (0, 882, 558), (-36, 900, 540), (0, 918, 522), (-54, 900, 576), (0, 900, 540), (18, 918, 504), (18, 864, 540)]	(9392, 10572, 9315, 10058, 11379, 9401, 4855, 8270, 5202, 6838, 5867, 6730, 4326, 6017, 7147, 6876, 11286, 20169, 14875, 8740, 15666, 13918, 13064, 1985)
p	612015	(579, 25)	[(18, 882, 594), (0, 882, 594), (-36, 900, 594), (0, 882, 576), (-18, 882, 594), (0, 882, 558), (0, 882, 540), (-36, 900, 540), (-18, 918, 594), (-18, 882, 612), (0, 864, 594), (18, 846, 630), (18, 846, 648), (-54, 882, 540), (-108, 990, 378), (-126, 954, 486), (-72, 936, 558), (-54, 918, 486), (-54, 954, 468), (-54, 972, 414), (0, 954, 432), (36, 936, 522), (54, 936, 468), (90, 954, 450), (36, 900, 486)]	(9418, 10657, 9322, 10156, 11390, 9410, 4849, 8395, 5296, 6837, 5880, 6675, 4361, 6020, 7146, 6980, 11252, 20041, 17170, 8750, 15919, 14030, 12905, 1951)
l	613279	(646, 13)	[(-36, 900, 576), (0, 900, 576), (0, 900, 612), (-18, 900, 594), (-36, 864, 576), (-36, 846, 594), (-36, 882, 540), (-72, 972, 450), (18, 954, 504), (18, 918, 576), (18, 864, 576), (36, 864, 540), (18, 936, 450), (0, 954, 504), (0, 918, 540), (18, 900, 540), (0, 900, 540), (-36, 882, 540), (-72, 918, 522), (-90, 918, 486), (-36, 936, 504), (-72, 972, 468), (-72, 990, 450), (-36, 990, 486), (54, 954, 396)]	(9411, 10655, 9309, 10117, 11392, 9394, 4880, 7980, 5085, 6834, 5872, 6521, 4349, 6009, 7134, 6982, 11210, 20017, 17227, 8747, 15889, 13899, 12913, 1942)
s	614614	(654, 381)	[(-36, 882, 594), (0, 882, 558), (18, 882, 558), (0, 882, 594), (-36, 882, 594), (-36, 900, 540), (-36, 918, 594), (-36, 882, 594), (-36, 882, 558), (-18, 882, 540), (0, 882, 576), (-36, 864, 612), (-36, 882, 594), (-36, 882, 594), (-54, 882, 594), (0, 882, 558), (-18, 864, 576), (-18, 882, 576), (0, 864, 612), (18, 864, 594), (-36, 882, 594), (-36, 882, 612), (-36, 900, 630), (-36, 918, 558), (0, 882, 558)]	(9388, 10508, 9322, 9997, 11377, 9373, 4964, 7863, 5207, 6830, 5858, 6733, 4289, 6000, 7128, 6829, 11182, 19991, 14637, 8720, 15580, 14009, 13130, 1970)
m	615779	(731, 116)	[(-36, 882, 576), (-54, 900, 576), (-36, 900, 558), (-54, 882, 576), (-54, 882, 594), (-72, 900, 558), (-54, 900, 594), (0, 864, 594), (0, 864, 576), (-36, 864, 612), (0, 900, 630), (-36, 882, 594), (-36, 882, 576), (-36, 864, 594), (18, 864, 612), (-36, 900, 522), (0, 900, 522), (0, 900, 576), (-36, 900, 630), (-36, 882, 558), (-36, 918, 504), (-36, 918, 522), (-36, 900, 558), (-54, 900, 558), (18, 954, 504)]	(9401, 10565, 9343, 10049, 11382, 9387, 5048, 7794, 5077, 6829, 5876, 6733, 4328, 6008, 7134, 6853, 11175, 20045, 14943, 8733, 15656, 13994, 13176, 1980)
k	617112	(666, 115)	[(0, 900, 558), (18, 900, 558), (18, 882, 540), (-18, 900, 540), (-36, 900, 558), (-36, 918, 540), (-54, 918, 594), (-36, 900, 576), (-36, 900, 558), (-36, 900, 540), (0, 882, 576), (18, 882, 594), (0, 900, 576), (-18, 918, 522), (-54, 972, 414), (0, 936, 486), (-18, 918, 558), (-36, 918, 504), (-36, 918, 522), (0, 900, 522), (-36, 900, 522), (-54, 918, 540), (-36, 918, 522), (-36, 954, 468), (-54, 972, 450)]	(9403, 10548, 9329, 10047, 11379, 9417, 5176, 7703, 5125, 6843, 5931, 6753, 4320, 6005, 7131, 6903, 11170, 20037, 15392, 8726, 15717, 13903, 13121, 1972)
w	618597	(576, 402)	[(0, 900, 594), (0, 882, 594), (-36, 882, 594), (-72, 900, 576), (-54, 918, 576), (-54, 918, 576), (-36, 864, 594), (0, 882, 540), (18, 882, 522), (18, 864, 504), (0, 864, 486), (54, 846, 576), (36, 918, 612), (-36, 882, 756), (18, 882, 630), (0, 864, 648), (-36, 864, 630), (-54, 864, 558), (-36, 882, 558), (-54, 900, 558), (-36, 900, 612), (-18, 900, 630), (-36, 882, 594), (-72, 882, 576), (36, 882, 594)]	(9388, 10499, 9316, 10024, 11377, 9408, 5206, 7634, 5264, 6843, 5916, 6710, 4306, 6005, 7137, 6861, 11192, 20226, 14602, 8719, 15531, 13696, 13159, 1967)
v	619980	(740, 238)	[(-18, 882, 576), (-54, 900, 558), (-36, 882, 612), (-36, 882, 612), (0, 882, 630), (0, 882, 648), (-18, 882, 558), (-18, 882, 540), (-36, 882, 504), (-36, 900, 540), (-36, 882, 612), (18, 900, 594), (-18, 900, 576), (-36, 882, 576), (-36, 882, 558), (0, 882, 558), (-36, 882, 594), (-36, 864, 576), (-36, 900, 558), (-36, 900, 576), (-18, 900, 576), (-54, 900, 576), (0, 900, 576), (-18, 918, 594), (0, 882, 540)]	(9392, 10500, 9337, 10034, 11371, 9405, 5262, 7597, 5265, 6857, 5939, 6746, 4318, 6001, 7144, 6870, 11198, 20254, 14595, 8719, 15550, 13724, 13181, 1977)
i	621314	(581, 129)	[(-36, 882, 576), (-36, 882, 612), (-36, 900, 612), (-36, 900, 558), (-36, 864, 576), (-36, 864, 666), (-18, 864, 702), (-108, 900, 540), (-54, 972, 396), (0, 936, 486), (-36, 918, 630), (18, 900, 558), (-36, 918, 486), (-72, 936, 414), (-36, 936, 468), (-54, 936, 540), (0, 918, 504), (18, 918, 504), (-54, 936, 468), (-36, 918, 450), (-54, 936, 522), (0, 936, 540), (36, 972, 396), (0, 954, 450)]	(9404, 10574, 9330, 10069, 11384, 9405, 5144, 7822, 5111, 6841, 5956, 6738, 4353, 6016, 7146, 6940, 11186, 20167, 15752, 8739, 15759, 13741, 13134, 1972)
g	622629	(660, 245)	[(-18, 918, 558), (0, 936, 504), (18, 918, 504), (36, 900, 522), (0, 900, 540), (36, 882, 540), (18, 900, 540), (-18, 900, 558), (-36, 900, 558), (-36, 918, 522), (-36, 918, 522), (-18, 918, 558), (0, 900, 558), (-36, 918, 540), (-36, 900, 558), (-18, 918, 522), (0, 900, 540), (-36, 900, 558), (0, 900, 558), (0, 918, 576), (0, 900, 558), (0, 900, 540), (54, 882, 522), (36, 864, 504), (-18, 918, 468)]	(9401, 10533, 9337, 10048, 11391, 9411, 5306, 7812, 5306, 6839, 5934, 6730, 4326, 6013, 7151, 6873, 11208, 20380, 14733, 8723, 15574, 13630, 13196, 1977)
e	623910	(582, 350)	[(-36, 900, 558), (-36, 900, 540), (-36, 900, 540), (-36, 900, 540), (0, 900, 576), (0, 882, 576), (-18, 900, 576), (0, 900, 522), (-36, 900, 540), (-54, 900, 558), (-36, 900, 540), (-36, 918, 558), (-36, 900, 558), (-36, 918, 522), (-36, 900, 540), (-18, 900, 558), (0, 918, 558), (0, 900, 558), (0, 900, 522), (-36, 900, 558), (-18, 900, 540), (-36, 900, 540), (-54, 918, 558), (-54, 900, 576), (-18, 900, 540)]	(9385, 10505, 9305, 10013, 11380, 9410, 5295, 7662, 5232, 6855, 5906, 6671, 4314, 6015, 7149, 6857, 11192, 20419, 14614, 8719, 15516, 13617, 13176, 1980)
x	625463	(746, 333)	[(-54, 882, 576), (-36, 900, 540), (0, 882, 540), (-18, 882, 576), (-18, 882, 576), (-36, 900, 558), (-36, 918, 594), (-36, 900, 558), (-36, 900, 558), (0, 900, 522), (0, 864, 612), (0, 882, 576), (0, 900, 540), (-36, 900, 576), (0, 882, 576), (0, 900, 558), (-18, 882, 576), (-36, 900, 540), (-36, 900, 558), (-36, 900, 576), (-36, 900, 594), (-36, 900, 576), (0, 882, 576), (-18, 882, 594), (-18, 918, 522)]	(9394, 10511, 9339, 10030, 11385, 9399, 5288, 7569, 5203, 6856, 5918, 6651, 4312, 6007, 7147, 6864, 11208, 20449, 14613, 8719, 15530, 13626, 13192, 1983)
z	628039	(739, 388)	[(18, 882, 594), (-36, 882, 576), (-36, 900, 558), (-36, 882, 612), (0, 882, 558), (0, 882, 558), (-36, 900, 594), (-36, 900, 594), (0, 882, 594), (0, 882, 576), (-18, 882, 558), (18, 882, 576), (18, 882, 576), (-54, 900, 576), (-36, 882, 594), (-36, 882, 576), (-36, 882, 576), (18, 900, 540), (36, 882, 558), (36, 846, 576), (54, 864, 648), (54, 846, 666), (36, 846, 684), (0, 846, 774), (36, 846, 522)]	(9381, 10513, 9321, 10028, 11374, 9395, 5246, 7506, 5154, 6822, 5900, 6570, 4320, 6013, 7136, 6858, 11239, 20430, 14491, 8728, 15508, 13728, 13228, 1989)
e	629370	(583, 358)	[(-90, 846, 630), (-36, 828, 630), (-72, 864, 630), (-72, 882, 630), (-54, 882, 576), (-54, 882, 594), (-54, 864, 612), (-54, 864, 612), (-36, 864, 576), (-36, 864, 594), (-36, 828, 612), (-36, 846, 612), (0, 864, 612), (-36, 882, 594), (-54, 882, 612), (-72, 882, 612), (-36, 918, 576), (-54, 900, 558), (-72, 900, 594), (-54, 882, 558), (-36, 882, 540), (-36, 864, 576), (-36, 864, 576), (18, 864, 504), (0, 864, 612)]	(9393, 10393, 9390, 10017, 11380, 9440, 6883, 6688, 6190, 6877, 6248, 6530, 4531, 5993, 7140, 7003, 11092, 20127, 14710, 8711, 15521, 13282, 12966, 1971)
k	630690	(655, 114)	[(-54, 864, 576), (-36, 864, 594), (-54, 882, 612), (-54, 882, 612), (-72, 864, 594), (-72, 864, 612), (-54, 846, 630), (-72, 864, 612), (-90, 864, 612), (-72, 900, 540), (-126, 972, 450), (-72, 972, 504), (-36, 918, 540), (-36, 900, 558), (0, 882, 540), (-36, 900, 522), (-36, 918, 504), (-36, 918, 522), (18, 900, 558), (18, 882, 594), (-54, 900, 576), (-54, 936, 522), (-36, 936, 558), (0, 918, 558), (36, 918, 468)]	(9393, 10405, 9413, 10007, 11390, 9431, 7198, 6648, 5642, 6875, 6445, 6491, 4503, 6007, 7125, 7169, 11090, 19944, 15710, 8726, 15722, 13306, 12918, 1959)
x	632072	(746, 341)	[(0, 882, 558), (0, 864, 576), (-18, 882, 558), (-36, 900, 576), (-36, 882, 594), (-54, 882, 612), (-54, 882, 576), (-54, 882, 576), (-36, 864, 594), (-36, 882, 594), (-54, 900, 594), (-54, 882, 594), (-36, 882, 594), (-18, 864, 576), (-36, 882, 576), (-54, 864, 594), (-36, 882, 558), (-18, 864, 594), (-36, 864, 594), (-36, 882, 612), (-36, 882, 594), (0, 864, 594), (-36, 864, 594), (-72, 882, 666), (-36, 882, 576)]	(9392, 10392, 9407, 9950, 11368, 9411, 7057, 6587, 5461, 6853, 6349, 6423, 4406, 6011, 7140, 7008, 11077, 20119, 14617, 8700, 15470, 13302, 13005, 1977)
n	633352	(722, 165)	[(-36, 864, 594), (-36, 864, 612), (-54, 882, 594), (-36, 882, 594), (-18, 882, 576), (-36, 864, 594), (-36, 882, 594), (-36, 864, 576), (0, 882, 576), (-18, 882, 594), (-36, 882, 612), (-36, 900, 576), (-54, 882, 576), (-54, 882, 594), (-18, 882, 576), (-54, 882, 576), (-36, 882, 576), (0, 882, 558), (0, 864, 612), (-18, 882, 576), (-36, 882, 576), (-54, 918, 594), (0, 918, 576), (-36, 936, 486), (0, 846, 486)]	(9400, 10399, 9423, 9973, 11378, 9443, 7185, 6554, 5493, 6855, 6452, 6419, 4439, 6007, 7139, 7095, 11067, 20062, 14711, 8700, 15519, 13280, 12969, 1968)
o	634724	(559, 89)	[(-36, 882, 576), (-36, 864, 576), (-36, 918, 576), (-36, 900, 576), (-36, 882, 540), (-54, 900, 558), (-72, 900, 576), (-36, 882, 594), (-36, 864, 612), (-36, 882, 630), (-54, 864, 630), (-36, 882, 594), (-36, 918, 540), (-72, 918, 450), (-36, 954, 504), (-18, 954, 522), (18, 918, 522), (18, 900, 540), (-36, 900, 504), (-18, 918, 486), (-36, 918, 486), (-54, 954, 486), (-72, 936, 540), (-18, 990, 396), (-72, 954, 486)]	(9417, 10410, 9420, 10061, 11390, 9421, 7254, 6434, 5628, 6872, 6510, 6469, 4510, 6028, 7140, 7243, 11091, 19976, 16260, 8737, 15784, 13272, 12833, 1966)
g	636038	(658, 238)	[(0, 918, 540), (0, 900, 540), (18, 900, 522), (0, 900, 522), (18, 900, 576), (36, 900, 540), (18, 882, 540), (-18, 900, 558), (-18, 900, 558), (0, 918, 522), (-36, 900, 558), (-90, 936, 558), (-54, 936, 576), (18, 900, 522), (0, 882, 522), (-36, 900, 558), (18, 900, 594), (36, 882, 558), (18, 882, 558), (0, 900, 558), (0, 900, 576), (0, 900, 576), (18, 918, 522), (-36, 918, 522), (-36, 936, 522)]	(9385, 10402, 9410, 9995, 11382, 9440, 7240, 6494, 5470, 6876, 6432, 6402, 4425, 6005, 7142, 7032, 11035, 20064, 14723, 8694, 15470, 13257, 12923, 1977)
h	637269	(670, 188)	[(-36, 882, 576), (-36, 900, 540), (0, 882, 540), (0, 900, 558), (-36, 900, 576), (-36, 918, 576), (-36, 900, 558), (0, 900, 522), (-54, 900, 576), (-36, 900, 558), (-36, 900, 558), (-36, 900, 540), (0, 882, 576), (-36, 900, 612), (-36, 900, 594), (18, 882, 540), (-36, 918, 504), (18, 900, 504), (0, 900, 558), (18, 900, 558), (36, 900, 522), (18, 882, 522), (18, 900, 522), (0, 918, 486), (-36, 918, 504)]	(9391, 10380, 9398, 9985, 11378, 9418, 7285, 6443, 5431, 6897, 6509, 6402, 4426, 6010, 7147, 7106, 11032, 20002, 14657, 8699, 15468, 13227, 12842, 1977)
o	638648	(558, 74)	[(-36, 900, 540), (0, 918, 540), (-36, 900, 558), (-36, 900, 558), (-36, 900, 540), (-36, 882, 576), (-18, 900, 594), (-36, 882, 576), (-36, 882, 558), (-72, 936, 468), (-36, 936, 486), (-36, 936, 540), (18, 936, 522), (36, 918, 522), (18, 882, 522), (-18, 900, 486), (-36, 918, 522), (-36, 936, 522), (-36, 936, 504), (-72, 918, 504), (-90, 918, 522), (-54, 972, 486), (-36, 918, 468), (18, 936, 396), (-36, 936, 468)]	(9421, 10406, 9444, 10072, 11388, 9442, 7028, 6536, 5327, 6875, 6355, 6463, 4420, 6019, 7134, 7186, 11101, 19945, 16660, 8725, 15772, 13267, 12848, 1955)
s	639864	(661, 386)	[(0, 900, 522), (-54, 882, 558), (-54, 900, 576), (-36, 900, 558), (0, 918, 540), (-54, 900, 558), (-36, 900, 612), (-54, 900, 558), (-18, 918, 504), (-72, 900, 576), (-36, 900, 558), (-18, 918, 540), (-36, 882, 558), (-72, 882, 558), (-36, 900, 558), (-18, 900, 558), (-36, 900, 558), (-54, 900, 576), (-18, 900, 576), (-36, 882, 558), (-54, 882, 558), (-72, 918, 576), (-36, 900, 576), (-54, 900, 612), (0, 882, 486)]	(9387, 10371, 9382, 9944, 11367, 9420, 6962, 6448, 5303, 6841, 6312, 6370, 4374, 6000, 7115, 6964, 11043, 20082, 14527, 8679, 15351, 13256, 12915, 1980)
q	641352	(570, 476)	[(-18, 882, 576), (0, 900, 540), (-18, 882, 522), (-72, 900, 612), (-54, 900, 558), (-36, 900, 540), (-54, 882, 540), (-72, 900, 558), (-36, 882, 576), (-36, 900, 558), (-54, 882, 576), (-54, 900, 594), (-36, 882, 576), (-36, 882, 558), (-54, 900, 540), (-54, 900, 576), (-36, 900, 576), (0, 864, 558), (-54, 864, 558), (-72, 918, 558), (0, 882, 540), (-54, 900, 558), (-72, 900, 540), (-54, 900, 594), (-72, 900, 612)]	(9395, 10374, 9423, 9956, 11372, 9428, 7016, 6422, 5321, 6872, 6427, 6362, 4369, 6017, 7120, 6998, 11024, 20075, 14492, 8677, 15365, 13225, 12909, 1965)
j	643360	(657, 147)	[(-36, 900, 558), (-54, 882, 576), (-36, 900, 594), (-36, 900, 540), (-36, 882, 558), (0, 882, 576), (-36, 864, 594), (-36, 900, 540), (-36, 900, 558), (-54, 918, 558), (-54, 900, 576), (-54, 882, 558), (-36, 882, 540), (0, 900, 522), (0, 864, 558), (-18, 900, 558), (-54, 900, 558), (-36, 882, 576), (-36, 918, 540), (-36, 918, 522), (18, 918, 504), (18, 900, 522), (-36, 918, 540), (-18, 900, 558), (0, 900, 540)]	(9395, 10387, 9424, 9985, 11376, 9430, 7155, 6453, 5247, 6860, 6482, 6413, 4401, 6012, 7125, 7123, 11039, 19982, 14763, 8696, 15520, 13243, 12900, 1975)
i	644934	(579, 127)	[(-36, 882, 558), (-54, 900, 558), (-36, 882, 558), (-54, 900, 558), (-54, 882, 594), (-36, 882, 576), (-72, 936, 522), (-54, 936, 486), (-36, 936, 522), (-36, 918, 558), (-36, 900, 558), (0, 882, 576), (-36, 918, 522), (-18, 936, 504), (0, 900, 540), (-36, 882, 522), (-72, 972, 504), (-36, 972, 540), (54, 918, 558), (18, 900, 504), (18, 900, 522), (36, 954, 486), (36, 954, 486), (18, 936, 522), (18, 918, 486)]	(9429, 10412, 9473, 10086, 11395, 9445, 6953, 6514, 5122, 6856, 6263, 6357, 4382, 6024, 7141, 7179, 11069, 20059, 16153, 8713, 15709, 13251, 12804, 1948)
m	646296	(732, 129)	[(0, 900, 540), (0, 900, 558), (-36, 918, 558), (-18, 918, 558), (0, 900, 540), (0, 882, 540), (18, 882, 558), (0, 900, 558), (-36, 918, 558), (-36, 936, 558), (-36, 918, 522), (0, 918, 504), (-18, 918, 540), (-36, 900, 522), (18, 918, 522), (36, 900, 522), (18, 864, 522), (-18, 918, 504), (-54, 936, 540), (0, 918, 558), (0, 900, 540), (-36, 918, 522), (18, 918, 504), (36, 900, 468), (0, 864, 504)]	(9394, 10404, 9429, 10000, 11390, 9422, 7106, 6504, 5220, 6837, 6391, 6426, 4387, 6018, 7110, 7044, 11020, 20021, 14813, 8698, 15488, 13250, 12910, 1968)
r	647614	(570, 325)	[(0, 882, 612), (0, 882, 576), (-36, 882, 576), (-54, 900, 576), (-18, 882, 594), (0, 900, 540), (-54, 900, 540), (-54, 882, 558), (-36, 882, 576), (-18, 882, 558), (-36, 900, 558), (-54, 900, 540), (-36, 900, 540), (-36, 900, 558), (-36, 882, 576), (-54, 900, 558), (-18, 918, 540), (0, 900, 540), (0, 882, 576), (-18, 882, 576), (-18, 900, 558), (0, 900, 576), (0, 900, 540), (-36, 900, 540), (-36, 900, 540)]	(9391, 10389, 9399, 9973, 11373, 9400, 7072, 6397, 5119, 6858, 6372, 6314, 4358, 6008, 7136, 7044, 11021, 20048, 14616, 8688, 15427, 13226, 12864, 1981)
c	650140	(749, 276)	[(18, 882, 576), (0, 882, 558), (-36, 864, 594), (18, 882, 594), (0, 882, 576), (0, 882, 576), (0, 864, 594), (-36, 882, 576), (0, 900, 576), (0, 882, 576), (0, 882, 576), (36, 882, 576), (0, 882, 576), (-36, 882, 576), (54, 864, 558), (18, 864, 594), (0, 864, 594), (18, 864, 612), (54, 864, 594), (54, 864, 576), (72, 864, 594), (36, 864, 648), (36, 846, 648), (18, 900, 612), (54, 846, 594)]	(9403, 10379, 9430, 9965, 11385, 9418, 6479, 6490, 5597, 6867, 6543, 6570, 4453, 6017, 7138, 7089, 11012, 19788, 14482, 8676, 15434, 13292, 12929, 1964)
u	651528	(574, 157)	[(-54, 882, 612), (-54, 882, 576), (-54, 882, 558), (-54, 882, 576), (-90, 882, 576), (-72, 900, 558), (0, 918, 558), (-72, 900, 594), (-54, 864, 612), (-72, 846, 594), (-126, 900, 468), (-54, 936, 450), (-90, 936, 486), (-90, 954, 594), (-54, 900, 594), (-36, 882, 468), (-36, 990, 342), (0, 972, 432), (36, 954, 540), (36, 918, 594), (36, 918, 522), (54, 918, 540), (72, 900, 540), (54, 882, 558), (72, 936, 486)]	(9414, 10396, 9451, 10026, 11386, 9448, 7567, 6512, 5393, 6890, 6460, 6455, 4446, 6021, 7134, 7205, 11070, 20001, 16182, 8730, 15740, 13243, 12811, 1969)
w	653109	(576, 420)	[(18, 882, 558), (36, 864, 594), (36, 864, 576), (-18, 882, 558), (0, 882, 576), (0, 882, 630), (-36, 882, 558), (-36, 900, 540), (-36, 882, 558), (-18, 882, 576), (0, 900, 576), (-36, 900, 558), (-54, 900, 576), (-54, 882, 612), (-54, 882, 558), (-54, 900, 558), (-36, 900, 594), (-54, 918, 576), (-54, 918, 540), (-54, 900, 540), (-54, 900, 540), (-54, 900, 576), (-36, 882, 576), (-72, 936, 558), (-54, 900, 468)]	(9390, 10370, 9417, 9913, 11370, 9412, 7380, 6472, 5384, 6857, 6462, 6401, 4408, 5991, 7134, 7017, 11022, 19957, 14513, 8671, 15399, 13225, 12887, 1970)
u	654480	(581, 184)	[(-54, 900, 576), (-36, 882, 594), (-36, 882, 576), (-72, 882, 576), (-90, 900, 576), (-54, 900, 576), (-36, 882, 576), (-54, 882, 576), (-54, 882, 558), (-36, 882, 576), (-72, 900, 558), (-36, 882, 576), (-36, 882, 594), (-54, 882, 612), (-36, 882, 594), (0, 900, 540), (-36, 882, 576), (-36, 900, 540), (-72, 936, 468), (-36, 936, 468), (18, 882, 558), (18, 900, 540), (0, 882, 540), (-36, 900, 504), (18, 954, 522)]	(9399, 10391, 9467, 10002, 11379, 9459, 7889, 6458, 5383, 6881, 6694, 6469, 4429, 6020, 7121, 7263, 11021, 19920, 14987, 8700, 15587, 13203, 12795, 1966)
y	656061	(581, 224)	[(-54, 882, 594), (-36, 882, 594), (-36, 864, 594), (-54, 882, 594), (0, 918, 540), (36, 918, 504), (18, 900, 558), (0, 900, 576), (0, 882, 576), (18, 882, 594), (18, 900, 540), (-36, 882, 576), (0, 900, 576), (0, 882, 576), (-36, 900, 558), (-54, 918, 522), (-36, 900, 576), (0, 882, 576), (-36, 882, 594), (0, 882, 576), (-36, 900, 540), (-36, 936, 504), (0, 918, 540), (18, 918, 612), (18, 936, 450)]	(9405, 10392, 9460, 9971, 11385, 9447, 7953, 6456, 5332, 6910, 6706, 6403, 4412, 6012, 7141, 7250, 11029, 19937, 14826, 8709, 15564, 13195, 12785, 1966)
c	657596	(733, 321)	[(-36, 882, 576), (-36, 882, 576), (-72, 900, 576), (-54, 882, 576), (-36, 882, 558), (0, 900, 558), (-54, 882, 612), (-36, 882, 594), (0, 882, 558), (-36, 882, 576), (-36, 900, 594), (-18, 900, 612), (0, 882, 576), (-18, 882, 558), (-72, 882, 558), (-18, 900, 594), (0, 882, 594), (-18, 882, 558), (18, 882, 576), (-36, 882, 594), (-36, 900, 576), (-36, 882, 576), (0, 882, 558), (-54, 900, 558), (-36, 882, 540)]	(9401, 10366, 9411, 9916, 11370, 9394, 6967, 6414, 5594, 6840, 6571, 6494, 4404, 6001, 7137, 7019, 11019, 19918, 14453, 8673, 15368, 13224, 12895, 1966)
q	658981	(569, 472)	[(-54, 864, 594), (-36, 882, 576), (0, 882, 558), (0, 900, 594), (-36, 882, 594), (18, 882, 594), (-18, 900, 558), (-54, 882, 558), (-36, 882, 558), (0, 864, 576), (-36, 882, 576), (-54, 900, 576), (0, 900, 558), (-36, 882, 576), (-54, 882, 594), (-54, 900, 558), (-36, 882, 594), (-54, 882, 630), (-54, 900, 648), (-36, 882, 684), (-18, 900, 540), (18, 864, 486), (-18, 882, 558), (18, 864, 576), (-18, 882, 666)]	(9401, 10361, 9420, 9936, 11369, 9394, 7023, 6392, 5479, 6871, 6675, 6487, 4380, 6023, 7129, 7020, 11004, 19932, 14419, 8667, 15342, 13181, 12793, 1965)
z	660398	(727, 398)	[(-72, 918, 486), (0, 936, 522), (-36, 900, 576), (-108, 918, 612), (-90, 882, 612), (0, 864, 576), (0, 882, 558), (-54, 882, 594), (-54, 864, 612), (18, 846, 612), (18, 828, 630), (-18, 846, 612), (-54, 828, 612), (-72, 846, 720), (-36, 864, 666), (-36, 900, 612), (-72, 864, 648), (-54, 882, 648), (0, 792, 630), (54, 846, 504), (-72, 864, 648), (-18, 828, 594), (-36, 846, 612), (-54, 864, 594), (-36, 864, 648)]	(9387, 10370, 9390, 9943, 11374, 9413, 7788, 6480, 5501, 6879, 6555, 6356, 4455, 6019, 7125, 7125, 11030, 20065, 14639, 8703, 15452, 13195, 12793, 1972)
v	661890	(743, 259)	[(-36, 900, 468), (0, 900, 558), (-36, 900, 648), (-36, 882, 738), (-54, 882, 738), (-36, 882, 720), (-18, 882, 576), (-36, 864, 558), (-36, 864, 522), (-54, 864, 504), (-36, 882, 486), (-36, 882, 450), (-72, 900, 522), (-72, 900, 630), (-54, 900, 630), (-54, 918, 576), (-72, 900, 558), (-90, 918, 612), (-54, 900, 594), (-36, 918, 540), (-54, 882, 522), (-54, 900, 558), (18, 882, 576), (36, 882, 504), (-36, 864, 558)]	(9398, 10384, 9435, 9990, 11390, 9456, 8080, 6504, 5538, 6916, 6715, 6433, 4451, 6032, 7138, 7287, 11032, 20047, 14914, 8703, 15592, 13180, 12687, 1963)
j	663123	(649, 160)	[(-72, 900, 558), (-72, 900, 594), (-36, 882, 576), (-36, 900, 612), (-36, 882, 594), (-54, 882, 594), (-54, 864, 558), (-54, 900, 486), (-72, 918, 468), (-54, 936, 540), (18, 918, 540), (-36, 900, 540), (-36, 918, 540), (-54, 900, 540), (-36, 900, 540), (-72, 936, 558), (-72, 936, 522), (-72, 936, 540), (-72, 918, 540), (-36, 900, 504), (-36, 882, 522), (-54, 900, 540), (-72, 900, 522), (-72, 900, 486), (-72, 954, 432)]	(9392, 10377, 9418, 9959, 11385, 9414, 8171, 6470, 5255, 6898, 6813, 6360, 4395, 6005, 7136, 7343, 11032, 19958, 15482, 8733, 15691, 13170, 12652, 1959)
t	664657	(571, 267)	[(-54, 882, 576), (-72, 900, 558), (-54, 918, 522), (-54, 918, 540), (-72, 918, 522), (-54, 918, 522), (-54, 918, 522), (-36, 900, 504), (-54, 900, 486), (-54, 936, 522), (-54, 936, 522), (-54, 918, 540), (-54, 918, 558), (-54, 918, 522), (-36, 918, 540), (-18, 900, 522), (-54, 918, 522), (-72, 936, 486), (0, 918, 522), (18, 882, 522), (-36, 900, 558), (-36, 900, 540), (-36, 900, 540), (-18, 972, 432), (-72, 936, 504)]	(9398, 10391, 9445, 9980, 11387, 9462, 8285, 6487, 5282, 6897, 6873, 6362, 4418, 6013, 7130, 7424, 11034, 19967, 15448, 8739, 15694, 13172, 12604, 1978)
b	665940	(726, 223)	[(-72, 918, 558), (-54, 918, 540), (-36, 900, 522), (-54, 900, 522), (-72, 900, 558), (-54, 918, 558), (-54, 918, 558), (-72, 900, 576), (-54, 918, 540), (-72, 918, 540), (-54, 918, 540), (-54, 918, 540), (-36, 900, 540), (-54, 900, 540), (-54, 900, 558), (-54, 900, 540), (0, 900, 540), (-36, 900, 522), (-54, 918, 540), (-36, 918, 540), (-54, 900, 576), (-72, 900, 540), (-36, 936, 468), (-36, 900, 540), (-54, 918, 504)]	(9407, 10401, 9460, 9999, 11393, 9448, 8312, 6521, 5350, 6895, 6905, 6383, 4436, 6016, 7138, 7388, 11040, 19972, 15232, 8731, 15658, 13169, 12622, 1966)
h	667344	(650, 197)	[(-54, 918, 540), (-36, 918, 522), (-54, 900, 540), (-54, 918, 522), (-54, 918, 540), (-36, 900, 540), (-36, 900, 522), (-54, 918, 522), (-54, 918, 540), (-54, 918, 540), (-54, 918, 540), (-36, 918, 522), (-54, 918, 540), (-72, 918, 522), (-72, 918, 522), (-54, 918, 540), (-54, 900, 558), (-54, 936, 504), (-54, 918, 540), (-54, 918, 540), (-72, 900, 540), (-54, 918, 540), (-36, 954, 450), (18, 882, 540), (-54, 918, 558)]	(9409, 10402, 9475, 9993, 11390, 9455, 8379, 6471, 5290, 6902, 6993, 6399, 4449, 6017, 7132, 7465, 11035, 19961, 15260, 8735, 15681, 13173, 12612, 1956)
a	668506	(668, 463)	[(0, 918, 540), (-36, 882, 522), (-54, 900, 540), (-36, 900, 558), (-72, 900, 540), (-72, 918, 558), (-72, 918, 576), (-54, 918, 558), (-72, 918, 540), (-54, 918, 522), (-72, 900, 522), (-72, 900, 540), (-54, 918, 540), (-54, 900, 540), (-72, 900, 576), (-54, 900, 612), (-54, 900, 594), (-54, 900, 558), (-72, 918, 558), (-54, 882, 576), (-36, 882, 558), (-54, 900, 540), (-72, 900, 630), (0, 900, 486), (18, 882, 540)]	(9400, 10393, 9440, 9958, 11380, 9433, 8124, 6412, 5180, 6896, 6947, 6337, 4425, 6020, 7140, 7544, 11007, 19904, 14819, 8724, 15557, 13144, 12595, 1968)
f	668900	(662, 466)	[(-54, 918, 558), (-72, 918, 540), (-54, 918, 522), (-72, 900, 522), (-72, 900, 540), (-54, 918, 540), (-54, 900, 540), (-72, 900, 576), (-54, 900, 612), (-54, 900, 594), (-54, 900, 558), (-72, 918, 558), (-54, 882, 576), (-36, 882, 558), (-54, 900, 540), (-72, 900, 630), (0, 900, 486), (18, 882, 540), (-72, 918, 504), (-108, 936, 468), (-90, 900, 522), (-72, 918, 540), (-54, 900, 522), (-54, 900, 522), (-90, 918, 558)]	(9395, 10381, 9426, 9929, 11367, 9389, 7830, 6248, 5028, 6856, 6825, 6299, 4401, 6006, 7119, 7352, 10995, 19913, 14693, 8700, 15483, 13127, 12597, 1967)
