Please hold the phone in your right hand and type with your left index finger
i	1532508	(583, 119)	[(-90, 774, 828), (-162, 828, 864), (-144, 846, 900), (-72, 810, 864), (-72, 810, 846), (-108, 828, 828), (-126, 828, 756), (-90, 828, 684), (-54, 828, 666), (-36, 828, 666), (0, 792, 684), (36, 792, 756), (54, 792, 720), (54, 792, 684), (54, 774, 720), (54, 774, 738), (54, 774, 684), (72, 756, 684), (72, 774, 648), (72, 774, 684), (72, 738, 702), (54, 738, 648), (54, 756, 666), (54, 720, 774), (108, 720, 774)]	(9509, 12258, 10150, 10049, 13965, 10246, 4465, 6059, 3932, 7704, 5999, 6106, 4431, 6093, 7183, 9741, 11061, 19663, 14838, 8927, 15470, 13503, 12134, 1988)
 	1532898	(852, 250)	[(54, 792, 684), (54, 774, 720), (54, 774, 738), (54, 774, 684), (72, 756, 684), (72, 774, 648), (72, 774, 684), (72, 738, 702), (54, 738, 648), (54, 756, 666), (54, 720, 774), (108, 720, 774), (36, 738, 774), (36, 684, 864), (0, 684, 846), (-36, 684, 810), (-18, 684, 810), (-36, 684, 774), (-72, 684, 756), (-90, 702, 792), (0, 720, 738), (18, 702, 702), (-54, 684, 702), (-36, 666, 810), (-36, 702, 936)]	(9508, 12186, 10100, 10026, 13930, 10237, 4396, 6074, 3936, 7771, 5989, 6074, 4440, 6073, 7183, 9713, 11052, 19669, 14843, 8936, 15497, 13501, 12138, 1988)
w	1533245	(595, 395)	[(36, 738, 774), (36, 684, 864), (0, 684, 846), (-36, 684, 810), (-18, 684, 810), (-36, 684, 774), (-72, 684, 756), (-90, 702, 792), (0, 720, 738), (18, 702, 702), (-54, 684, 702), (-36, 666, 810), (-36, 702, 936), (0, 702, 900), (-54, 720, 774), (0, 702, 792), (-18, 702, 774), (-36, 702, 756), (-36, 702, 738), (-36, 702, 738), (36, 738, 702), (72, 738, 720), (18, 720, 756), (0, 702, 774), (-36, 666, 828)]	(9501, 12224, 10136, 10048, 13997, 10257, 4415, 6068, 3893, 7771, 6016, 6078, 4442, 6090, 7187, 9823, 11059, 19667, 14861, 8949, 15510, 13511, 12141, 1989)
o	1533758	(588, 86)	[(-36, 702, 738), (-36, 702, 738), (36, 738, 702), (72, 738, 720), (18, 720, 756), (0, 702, 774), (-36, 666, 828), (-36, 720, 756), (18, 720, 756), (36, 720, 774), (36, 720, 774), (54, 720, 756), (54, 720, 756), (36, 738, 756), (18, 738, 720), (18, 738, 738), (36, 738, 756), (54, 738, 774), (36, 738, 774), (36, 720, 774), (36, 720, 738), (72, 756, 702), (72, 738, 738), (18, 720, 828), (36, 702, 756)]	(9505, 12273, 10176, 10046, 13995, 10286, 4438, 6134, 3896, 7730, 5974, 6098, 4443, 6085, 7190, 9850, 11072, 19676, 14868, 8946, 15515, 13514, 12137, 1992)
u	1534049	(561, 165)	[(36, 720, 774), (54, 720, 756), (54, 720, 756), (36, 738, 756), (18, 738, 720), (18, 738, 738), (36, 738, 756), (54, 738, 774), (36, 738, 774), (36, 720, 774), (36, 720, 738), (72, 756, 702), (72, 738, 738), (18, 720, 828), (36, 702, 756), (36, 738, 738), (18, 738, 756), (36, 738, 756), (36, 720, 756), (36, 720, 756), (36, 738, 720), (36, 738, 702), (54, 738, 738), (72, 720, 774), (54, 738, 774)]	(9513, 12254, 10157, 10058, 13944, 10257, 4401, 6106, 3890, 7719, 5975, 6080, 4429, 6076, 7186, 9851, 11052, 19672, 14877, 8947, 15522, 13517, 12143, 1995)
l	1534359	(669, 61)	[(36, 720, 774), (36, 720, 738), (72, 756, 702), (72, 738, 738), (18, 720, 828), (36, 702, 756), (36, 738, 738), (18, 738, 756), (36, 738, 756), (36, 720, 756), (36, 720, 756), (36, 738, 720), (36, 738, 702), (54, 738, 738), (72, 720, 774), (54, 738, 774), (36, 720, 774), (18, 738, 738), (18, 720, 756), (18, 720, 774), (36, 738, 756), (72, 720, 756), (54, 720, 738), (54, 720, 756), (36, 738, 774)]	(9494, 12183, 10107, 10024, 13893, 10246, 4382, 6087, 3885, 7739, 6008, 6050, 4443, 6101, 7187, 9800, 11040, 19660, 14831, 8941, 15499, 13499, 12134, 1995)
d	1534802	(669, 322)	[(54, 738, 774), (36, 720, 774), (18, 738, 738), (18, 720, 756), (18, 720, 774), (36, 738, 756), (72, 720, 756), (54, 720, 738), (54, 720, 756), (36, 738, 774), (18, 738, 720), (-36, 702, 756), (-36, 702, 774), (-36, 702, 792), (-36, 702, 774), (-54, 702, 774), (-36, 702, 774), (-36, 702, 792), (0, 702, 774), (0, 720, 774), (36, 720, 756), (18, 738, 720), (54, 738, 774), (54, 738, 810), (36, 738, 792)]	(9490, 12136, 10100, 10022, 13870, 10210, 4388, 6053, 3918, 7705, 5971, 6071, 4441, 6096, 7187, 9799, 11050, 19657, 14833, 8930, 15506, 13496, 12132, 1987)
 	1535311	(798, 258)	[(0, 720, 774), (36, 720, 756), (18, 738, 720), (54, 738, 774), (54, 738, 810), (36, 738, 792), (18, 738, 774), (-18, 702, 756), (-18, 702, 756), (18, 720, 756), (18, 720, 756), (18, 720, 774), (36, 720, 792), (54, 720, 774), (36, 720, 774), (18, 720, 792), (0, 720, 792), (0, 720, 774), (-18, 702, 792), (-54, 720, 846), (-36, 702, 720), (-54, 702, 720), (-54, 684, 828), (-36, 684, 864), (0, 702, 792)]	(9478, 12161, 10094, 10029, 13908, 10245, 4396, 6086, 3942, 7760, 5953, 6090, 4426, 6099, 7175, 9820, 11051, 19656, 14837, 8938, 15514, 13495, 12139, 1986)
h	1535654	(668, 192)	[(18, 720, 774), (36, 720, 792), (54, 720, 774), (36, 720, 774), (18, 720, 792), (0, 720, 792), (0, 720, 774), (-18, 702, 792), (-54, 720, 846), (-36, 702, 720), (-54, 702, 720), (-54, 684, 828), (-36, 684, 864), (0, 702, 792), (54, 720, 792), (36, 720, 792), (36, 720, 756), (18, 720, 756), (0, 720, 756), (0, 720, 756), (0, 720, 702), (0, 720, 756), (36, 702, 828), (0, 702, 828), (0, 702, 774)]	(9503, 12238, 10166, 10047, 13993, 10283, 4417, 6125, 3943, 7788, 6027, 6091, 4458, 6099, 7181, 9879, 11062, 19648, 14850, 8946, 15510, 13495, 12134, 1990)
o	1536014	(584, 84)	[(-36, 684, 864), (0, 702, 792), (54, 720, 792), (36, 720, 792), (36, 720, 756), (18, 720, 756), (0, 720, 756), (0, 720, 756), (0, 720, 702), (0, 720, 756), (36, 702, 828), (0, 702, 828), (0, 702, 774), (36, 702, 792), (36, 720, 792), (54, 720, 756), (54, 720, 756), (54, 720, 774), (72, 720, 774), (72, 756, 648), (72, 756, 684), (72, 738, 792), (72, 702, 810), (18, 720, 810), (18, 720, 774)]	(9495, 12179, 10132, 10032, 13912, 10267, 4448, 6136, 3937, 7777, 6008, 6076, 4437, 6094, 7184, 9838, 11063, 19665, 14852, 8945, 15509, 13496, 12130, 1984)
p	1536205	(587, 23)	[(36, 720, 756), (18, 720, 756), (0, 720, 756), (0, 720, 756), (0, 720, 702), (0, 720, 756), (36, 702, 828), (0, 702, 828), (0, 702, 774), (36, 702, 792), (36, 720, 792), (54, 720, 756), (54, 720, 756), (54, 720, 774), (72, 720, 774), (72, 756, 648), (72, 756, 684), (72, 738, 792), (72, 702, 810), (18, 720, 810), (18, 720, 774), (36, 720, 756), (72, 738, 720), (72, 738, 792), (90, 738, 774)]	(9497, 12290, 10196, 10052, 13988, 10305, 4453, 6165, 3929, 7764, 6012, 6069, 4443, 6100, 7188, 9913, 11071, 19682, 14894, 8954, 15528, 13515, 12141, 1990)
e	1536596	(581, 351)	[(54, 720, 774), (72, 720, 774), (72, 756, 648), (72, 756, 684), (72, 738, 792), (72, 702, 810), (18, 720, 810), (18, 720, 774), (36, 720, 756), (72, 738, 720), (72, 738, 792), (90, 738, 774), (72, 738, 774), (0, 720, 774), (-36, 702, 774), (-18, 702, 810), (-54, 684, 792), (-54, 684, 792), (-54, 702, 774), (0, 702, 756), (18, 702, 774), (54, 738, 702), (36, 738, 720), (18, 702, 774), (54, 702, 828)]	(9495, 12219, 10166, 10055, 13954, 10273, 4422, 6147, 3940, 7770, 5973, 6088, 4441, 6099, 7183, 9869, 11065, 19660, 14848, 8945, 15521, 13496, 12141, 1993)
 	1537054	(831, 256)	[(-54, 684, 792), (-54, 684, 792), (-54, 702, 774), (0, 702, 756), (18, 702, 774), (54, 738, 702), (36, 738, 720), (18, 702, 774), (54, 702, 828), (36, 720, 774), (18, 720, 756), (18, 702, 774), (18, 702, 774), (18, 720, 738), (18, 720, 756), (18, 720, 774), (0, 702, 792), (0, 702, 774), (18, 702, 792), (18, 720, 792), (18, 720, 828), (18, 738, 702), (-36, 720, 738), (36, 702, 846), (36, 720, 864)]	(9498, 12175, 10136, 10034, 13899, 10234, 4402, 6126, 3915, 7745, 5969, 6041, 4430, 6107, 7180, 9849, 11050, 19664, 14845, 8947, 15519, 13500, 12139, 1987)
c	1537395	(726, 285)	[(18, 720, 756), (18, 702, 774), (18, 702, 774), (18, 720, 738), (18, 720, 756), (18, 720, 774), (0, 702, 792), (0, 702, 774), (18, 702, 792), (18, 720, 792), (18, 720, 828), (18, 738, 702), (-36, 720, 738), (36, 702, 846), (36, 720, 864), (18, 702, 792), (18, 702, 774), (18, 702, 792), (36, 720, 792), (36, 702, 774), (36, 720, 756), (36, 720, 810), (36, 738, 720), (18, 702, 756), (36, 702, 828)]	(9495, 12230, 10174, 10043, 13932, 10271, 4423, 6138, 3940, 7775, 5996, 6082, 4461, 6098, 7192, 9905, 11054, 19673, 14876, 8954, 15543, 13515, 12143, 1988)
o	1537787	(597, 96)	[(36, 720, 864), (18, 702, 792), (18, 702, 774), (18, 702, 792), (36, 720, 792), (36, 702, 774), (36, 720, 756), (36, 720, 810), (36, 738, 720), (18, 702, 756), (36, 702, 828), (18, 702, 846), (0, 702, 810), (36, 720, 774), (36, 720, 774), (36, 720, 774), (54, 720, 774), (36, 720, 774), (54, 720, 774), (54, 720, 738), (90, 738, 702), (54, 720, 774), (36, 702, 828), (54, 702, 828), (54, 720, 792)]	(9501, 12233, 10180, 10054, 13999, 10313, 4417, 6177, 3946, 7825, 6017, 6078, 4443, 6085, 7186, 9873, 11060, 19671, 14856, 8946, 15528, 13504, 12134, 1986)
s	1538200	(653, 363)	[(36, 720, 774), (36, 720, 774), (54, 720, 774), (36, 720, 774), (54, 720, 774), (54, 720, 738), (90, 738, 702), (54, 720, 774), (36, 702, 828), (54, 702, 828), (54, 720, 792), (54, 720, 756), (18, 702, 792), (18, 702, 774), (0, 702, 792), (0, 684, 792), (-18, 684, 792), (0, 684, 792), (0, 702, 792), (36, 702, 756), (54, 738, 756), (36, 720, 738), (36, 720, 810), (54, 702, 846), (36, 738, 792)]	(9499, 12210, 10166, 10062, 13986, 10290, 4408, 6133, 3956, 7789, 6018, 6061, 4450, 6105, 7180, 9866, 11059, 19668, 14850, 8959, 15528, 13505, 12133, 1997)
t	1538541	(581, 264)	[(54, 720, 756), (18, 702, 792), (18, 702, 774), (0, 702, 792), (0, 684, 792), (-18, 684, 792), (0, 684, 792), (0, 702, 792), (36, 702, 756), (54, 738, 756), (36, 720, 738), (36, 720, 810), (54, 702, 846), (36, 738, 792), (36, 720, 756), (54, 702, 774), (54, 720, 756), (54, 720, 756), (54, 720, 756), (72, 738, 720), (54, 720, 756), (0, 702, 774), (54, 702, 810), (54, 720, 864), (54, 720, 810)]	(9493, 12215, 10168, 10060, 14015, 10297, 4455, 6117, 3948, 7830, 5987, 6088, 4449, 6088, 7183, 9877, 11064, 19668, 14857, 8945, 15527, 13502, 12141, 1990)
s	1538905	(662, 373)	[(36, 720, 810), (54, 702, 846), (36, 738, 792), (36, 720, 756), (54, 702, 774), (54, 720, 756), (54, 720, 756), (54, 720, 756), (72, 738, 720), (54, 720, 756), (0, 702, 774), (54, 702, 810), (54, 720, 864), (54, 720, 810), (18, 702, 756), (18, 702, 792), (18, 720, 774), (36, 720, 774), (36, 702, 810), (54, 738, 738), (36, 702, 738), (18, 702, 810), (54, 702, 846), (36, 720, 828), (36, 720, 792)]	(9492, 12214, 10184, 10039, 13993, 10279, 4442, 6143, 3890, 7817, 5991, 6051, 4447, 6094, 7190, 9835, 11061, 19664, 14853, 8953, 15530, 13491, 12142, 1993)
 	1539247	(801, 282)	[(54, 720, 864), (54, 720, 810), (18, 702, 756), (18, 702, 792), (18, 720, 774), (36, 720, 774), (36, 702, 810), (54, 738, 738), (36, 702, 738), (18, 702, 810), (54, 702, 846), (36, 720, 828), (36, 720, 792), (18, 720, 738), (18, 720, 756), (36, 720, 774), (18, 702, 792), (18, 702, 774), (18, 702, 774), (36, 720, 774), (72, 720, 738), (36, 720, 702), (-36, 702, 738), (0, 684, 828), (18, 720, 846)]	(9492, 12229, 10168, 10067, 13958, 10306, 4403, 6139, 3938, 7792, 5974, 6069, 4462, 6086, 7185, 9890, 11068, 19675, 14891, 8962, 15557, 13515, 12141, 1972)
w	1539589	(595, 386)	[(36, 720, 828), (36, 720, 792), (18, 720, 738), (18, 720, 756), (36, 720, 774), (18, 702, 792), (18, 702, 774), (18, 702, 774), (36, 720, 774), (72, 720, 738), (36, 720, 702), (-36, 702, 738), (0, 684, 828), (18, 720, 846), (54, 720, 792), (36, 720, 756), (36, 702, 774), (18, 702, 774), (54, 720, 720), (54, 720, 684), (18, 720, 720), (18, 702, 810), (54, 684, 918), (54, 702, 936), (36, 720, 810)]	(9493, 12205, 10167, 10067, 14015, 10346, 4396, 6161, 3965, 7832, 6024, 6083, 4447, 6092, 7194, 9855, 11038, 19663, 14860, 8946, 15534, 13514, 12139, 1995)
o	1540049	(584, 87)	[(36, 702, 774), (18, 702, 774), (54, 720, 720), (54, 720, 684), (18, 720, 720), (18, 702, 810), (54, 684, 918), (54, 702, 936), (36, 720, 810), (36, 720, 738), (54, 720, 774), (54, 702, 792), (54, 702, 774), (54, 720, 774), (72, 720, 774), (54, 720, 756), (54, 720, 774), (54, 720, 792), (54, 720, 774), (54, 702, 774), (54, 720, 738), (54, 720, 738), (54, 738, 774), (72, 720, 774), (54, 720, 792)]	(9495, 12184, 10159, 10038, 13951, 10279, 4435, 6102, 3940, 7787, 6009, 6105, 4447, 6097, 7186, 9813, 11059, 19675, 14873, 8957, 15541, 13509, 12134, 1994)
u	1540346	(577, 159)	[(36, 720, 738), (54, 720, 774), (54, 702, 792), (54, 702, 774), (54, 720, 774), (72, 720, 774), (54, 720, 756), (54, 720, 774), (54, 720, 792), (54, 720, 774), (54, 702, 774), (54, 720, 738), (54, 720, 738), (54, 738, 774), (72, 720, 774), (54, 720, 792), (54, 702, 774), (36, 702, 756), (18, 702, 828), (54, 720, 738), (54, 720, 774), (54, 720, 792), (54, 702, 810), (54, 720, 774), (36, 720, 792)]	(9497, 12237, 10195, 10069, 14004, 10334, 4421, 6146, 3934, 7856, 6030, 6074, 4449, 6091, 7200, 9817, 11053, 19671, 14881, 8945, 15547, 13515, 12132, 1997)
l	1540589	(673, 57)	[(54, 720, 756), (54, 720, 774), (54, 720, 792), (54, 720, 774), (54, 702, 774), (54, 720, 738), (54, 720, 738), (54, 738, 774), (72, 720, 774), (54, 720, 792), (54, 702, 774), (36, 702, 756), (18, 702, 828), (54, 720, 738), (54, 720, 774), (54, 720, 792), (54, 702, 810), (54, 720, 774), (36, 720, 792), (36, 702, 774), (36, 702, 774), (36, 702, 756), (72, 720, 756), (36, 702, 756), (54, 702, 774)]	(9496, 12218, 10177, 10045, 14003, 10291, 4428, 6167, 3911, 7852, 6040, 6113, 4434, 6100, 7186, 9836, 11058, 19669, 14873, 8946, 15537, 13505, 12139, 1984)
d	1541009	(671, 322)	[(54, 720, 774), (54, 720, 792), (54, 702, 810), (54, 720, 774), (36, 720, 792), (36, 702, 774), (36, 702, 774), (36, 702, 756), (72, 720, 756), (36, 702, 756), (54, 702, 774), (72, 720, 810), (36, 720, 756), (18, 702, 774), (0, 702, 774), (-36, 684, 792), (-36, 684, 792), (-36, 684, 792), (-18, 702, 792), (54, 702, 774), (72, 720, 720), (54, 720, 738), (90, 720, 810), (90, 720, 810), (90, 738, 774)]	(9488, 12160, 10147, 10046, 13949, 10315, 4372, 6102, 3949, 7802, 5999, 6052, 4415, 6097, 7178, 9842, 11059, 19673, 14854, 8945, 15533, 13504, 12135, 1989)
 	1541503	(779, 276)	[(-36, 684, 792), (-18, 702, 792), (54, 702, 774), (72, 720, 720), (54, 720, 738), (90, 720, 810), (90, 720, 810), (90, 738, 774), (18, 702, 792), (36, 702, 792), (36, 720, 774), (36, 702, 792), (36, 702, 774), (36, 702, 774), (54, 702, 792), (54, 720, 774), (54, 720, 774), (54, 720, 774), (54, 702, 792), (54, 702, 792), (36, 702, 756), (36, 702, 720), (18, 702, 756), (36, 720, 810), (36, 702, 846)]	(9487, 12177, 10166, 10061, 13950, 10299, 4406, 6138, 3919, 7785, 5996, 6100, 4454, 6101, 7190, 9850, 11062, 19667, 14855, 8954, 15530, 13503, 12136, 1992)
b	1541916	(749, 209)	[(54, 702, 792), (54, 720, 774), (54, 720, 774), (54, 720, 774), (54, 702, 792), (54, 702, 792), (36, 702, 756), (36, 702, 720), (18, 702, 756), (36, 720, 810), (36, 702, 846), (54, 720, 774), (54, 720, 774), (54, 720, 756), (36, 702, 792), (36, 702, 774), (36, 702, 774), (36, 702, 774), (36, 702, 774), (36, 702, 774), (36, 720, 792), (90, 738, 738), (54, 702, 738), (36, 720, 792), (36, 702, 828)]	(9483, 12182, 10173, 10051, 13960, 10314, 4408, 6123, 3925, 7836, 6038, 6090, 4457, 6087, 7185, 9848, 11057, 19669, 14855, 8954, 15534, 13508, 12138, 1988)
e	1542258	(581, 351)	[(54, 720, 774), (54, 720, 774), (54, 720, 756), (36, 702, 792), (36, 702, 774), (36, 702, 774), (36, 702, 774), (36, 702, 774), (36, 702, 774), (36, 720, 792), (90, 738, 738), (54, 702, 738), (36, 720, 792), (36, 702, 828), (54, 702, 810), (54, 702, 774), (54, 720, 792), (36, 720, 792), (18, 702, 756), (18, 702, 774), (36, 702, 792), (72, 720, 720), (36, 720, 738), (36, 702, 774), (54, 702, 864)]	(9497, 12234, 10196, 10073, 14052, 10363, 4446, 6171, 3958, 7872, 6031, 6133, 4457, 6102, 7196, 9932, 11072, 19676, 14892, 8966, 15561, 13511, 12140, 1992)
 	1542617	(814, 265)	[(54, 702, 738), (36, 720, 792), (36, 702, 828), (54, 702, 810), (54, 702, 774), (54, 720, 792), (36, 720, 792), (18, 702, 756), (18, 702, 774), (36, 702, 792), (72, 720, 720), (36, 720, 738), (36, 702, 774), (54, 702, 864), (36, 720, 774), (36, 702, 792), (36, 720, 774), (54, 702, 774), (36, 702, 792), (36, 702, 774), (18, 702, 756), (-36, 702, 828), (54, 720, 720), (36, 720, 720), (18, 684, 828)]	(9500, 12234, 10201, 10068, 13989, 10357, 4429, 6204, 3940, 7843, 5984, 6085, 4448, 6105, 7197, 9871, 11065, 19681, 14881, 8967, 15555, 13518, 12150, 1994)
l	1543111	(670, 66)	[(36, 702, 792), (36, 702, 774), (18, 702, 756), (-36, 702, 828), (54, 720, 720), (36, 720, 720), (18, 684, 828), (54, 720, 810), (36, 720, 738), (36, 702, 774), (36, 702, 756), (18, 702, 774), (36, 702, 774), (54, 702, 774), (54, 702, 774), (72, 720, 792), (72, 738, 774), (72, 720, 792), (72, 720, 792), (54, 702, 774), (54, 738, 738), (36, 720, 702), (18, 702, 756), (18, 702, 828), (18, 702, 810)]	(9494, 12197, 10184, 10064, 13977, 10338, 4441, 6133, 3959, 7829, 6003, 6063, 4439, 6091, 7193, 9845, 11059, 19671, 14874, 8958, 15543, 13506, 12138, 1984)
o	1543355	(578, 66)	[(18, 684, 828), (54, 720, 810), (36, 720, 738), (36, 702, 774), (36, 702, 756), (18, 702, 774), (36, 702, 774), (54, 702, 774), (54, 702, 774), (72, 720, 792), (72, 738, 774), (72, 720, 792), (72, 720, 792), (54, 702, 774), (54, 738, 738), (36, 720, 702), (18, 702, 756), (18, 702, 828), (18, 702, 810), (36, 702, 792), (72, 720, 774), (90, 738, 702), (36, 720, 828), (54, 684, 792), (36, 720, 792)]	(9497, 12267, 10220, 10076, 14086, 10375, 4440, 6202, 3922, 7887, 6054, 6082, 4445, 6105, 7192, 9916, 11055, 19680, 14894, 8954, 15549, 13511, 12138, 1977)
w	1543766	(584, 408)	[(36, 720, 702), (18, 702, 756), (18, 702, 828), (18, 702, 810), (36, 702, 792), (72, 720, 774), (90, 738, 702), (36, 720, 828), (54, 684, 792), (36, 720, 792), (54, 720, 792), (36, 720, 774), (36, 720, 774), (18, 720, 774), (18, 720, 774), (18, 702, 792), (-18, 702, 792), (18, 702, 774), (18, 702, 774), (72, 738, 720), (36, 720, 684), (36, 720, 756), (54, 702, 864), (54, 720, 864), (54, 720, 774)]	(9493, 12223, 10195, 10060, 14026, 10360, 4455, 6189, 3923, 7838, 5982, 6079, 4461, 6084, 7194, 9900, 11055, 19667, 14859, 8959, 15534, 13504, 12141, 1991)
e	1544008	(585, 356)	[(90, 738, 702), (36, 720, 828), (54, 684, 792), (36, 720, 792), (54, 720, 792), (36, 720, 774), (36, 720, 774), (18, 720, 774), (18, 720, 774), (18, 702, 792), (-18, 702, 792), (18, 702, 774), (18, 702, 774), (72, 738, 720), (36, 720, 684), (36, 720, 756), (54, 702, 864), (54, 720, 864), (54, 720, 774), (36, 720, 738), (90, 738, 702), (18, 702, 738), (36, 702, 810), (54, 702, 846), (54, 702, 810)]	(9482, 12140, 10155, 10051, 13928, 10310, 4429, 6135, 3945, 7772, 6020, 6107, 4447, 6100, 7184, 9868, 11060, 19667, 14850, 8956, 15536, 13506, 12140, 1984)
r	1544251	(587, 301)	[(18, 720, 774), (18, 720, 774), (18, 702, 792), (-18, 702, 792), (18, 702, 774), (18, 702, 774), (72, 738, 720), (36, 720, 684), (36, 720, 756), (54, 702, 864), (54, 720, 864), (54, 720, 774), (36, 720, 738), (90, 738, 702), (18, 702, 738), (36, 702, 810), (54, 702, 846), (54, 702, 810), (36, 720, 756), (54, 720, 756), (72, 738, 738), (90, 738, 684), (18, 702, 774), (72, 702, 828), (54, 720, 828)]	(9493, 12230, 10190, 10099, 14021, 10367, 4464, 6196, 3978, 7843, 5982, 6110, 4456, 6096, 7191, 9928, 11068, 19676, 14868, 8940, 15549, 13509, 12145, 1993)
 	1544610	(840, 246)	[(54, 720, 774), (36, 720, 738), (90, 738, 702), (18, 702, 738), (36, 702, 810), (54, 702, 846), (54, 702, 810), (36, 720, 756), (54, 720, 756), (72, 738, 738), (90, 738, 684), (18, 702, 774), (72, 702, 828), (54, 720, 828), (54, 720, 774), (54, 720, 774), (36, 702, 756), (18, 702, 756), (18, 702, 756), (0, 702, 756), (0, 702, 792), (36, 702, 774), (54, 720, 702), (18, 702, 792), (54, 702, 882)]	(9480, 12185, 10176, 10054, 13962, 10352, 4425, 6174, 3958, 7808, 6031, 6065, 4447, 6098, 7195, 9885, 11058, 19666, 14861, 8947, 15540, 13507, 12139, 1969)
o	1545002	(581, 70)	[(54, 720, 828), (54, 720, 774), (54, 720, 774), (36, 702, 756), (18, 702, 756), (18, 702, 756), (0, 702, 756), (0, 702, 792), (36, 702, 774), (54, 720, 702), (18, 702, 792), (54, 702, 882), (54, 702, 774), (54, 720, 774), (90, 738, 756), (90, 720, 738), (72, 720, 774), (90, 738, 774), (72, 720, 756), (72, 720, 774), (72, 720, 774), (54, 738, 774), (36, 702, 792), (54, 720, 792), (54, 720, 792)]	(9493, 12186, 10174, 10074, 13969, 10320, 4418, 6167, 3945, 7805, 5952, 6085, 4448, 6097, 7186, 9867, 11066, 19668, 14873, 8935, 15541, 13504, 12139, 1989)
n	1545467	(745, 168)	[(72, 720, 774), (90, 738, 774), (72, 720, 756), (72, 720, 774), (72, 720, 774), (54, 738, 774), (36, 702, 792), (54, 720, 792), (54, 720, 792), (54, 702, 774), (36, 720, 810), (36, 702, 792), (36, 720, 774), (36, 702, 774), (18, 702, 774), (18, 720, 774), (36, 702, 792), (54, 720, 774), (54, 720, 774), (54, 720, 774), (54, 720, 774), (72, 720, 774), (72, 702, 756), (54, 702, 756), (36, 684, 792)]	(9493, 12229, 10199, 10086, 14008, 10348, 4423, 6201, 3908, 7831, 6011, 6120, 4454, 6096, 7190, 9907, 11069, 19672, 14875, 8959, 15552, 13523, 12139, 1989)
 	1545811	(801, 212)	[(36, 702, 792), (36, 720, 774), (36, 702, 774), (18, 702, 774), (18, 720, 774), (36, 702, 792), (54, 720, 774), (54, 720, 774), (54, 720, 774), (54, 720, 774), (72, 720, 774), (72, 702, 756), (54, 702, 756), (36, 684, 792), (36, 702, 774), (36, 720, 774), (36, 702, 774), (54, 720, 774), (36, 702, 774), (18, 702, 774), (36, 702, 774), (54, 702, 774), (90, 720, 720), (36, 720, 756), (54, 720, 810)]	(9490, 12222, 10212, 10066, 14000, 10330, 4445, 6153, 3952, 7835, 5989, 6093, 4455, 6099, 7195, 9933, 11072, 19683, 14899, 8949, 15563, 13524, 12141, 1978)
f	1546274	(654, 281)	[(36, 702, 774), (54, 720, 774), (36, 702, 774), (18, 702, 774), (36, 702, 774), (54, 702, 774), (90, 720, 720), (36, 720, 756), (54, 720, 810), (72, 720, 756), (36, 702, 792), (36, 702, 774), (18, 720, 774), (36, 720, 774), (18, 702, 792), (36, 702, 810), (36, 720, 792), (72, 702, 774), (72, 738, 774), (90, 738, 738), (72, 720, 720), (36, 738, 792), (54, 720, 864), (36, 720, 756), (36, 720, 756)]	(9477, 12164, 10176, 10057, 13967, 10339, 4450, 6204, 3934, 7848, 5958, 6107, 4429, 6094, 7191, 9906, 11060, 19668, 14861, 8939, 15539, 13509, 12139, 1992)
u	1546617	(591, 168)	[(36, 702, 774), (18, 720, 774), (36, 720, 774), (18, 702, 792), (36, 702, 810), (36, 720, 792), (72, 702, 774), (72, 738, 774), (90, 738, 738), (72, 720, 720), (36, 738, 792), (54, 720, 864), (36, 720, 756), (36, 720, 756), (18, 702, 756), (72, 720, 774), (72, 720, 774), (72, 720, 774), (54, 720, 774), (54, 720, 756), (90, 738, 738), (54, 702, 756), (36, 702, 792), (54, 702, 828), (54, 702, 828)]	(9484, 12184, 10187, 10067, 13994, 10360, 4412, 6189, 3962, 7854, 5999, 6090, 4457, 6095, 7194, 9917, 11076, 19675, 14854, 8955, 15538, 13515, 12128, 1986)
t	1546910	(594, 273)	[(72, 720, 720), (36, 738, 792), (54, 720, 864), (36, 720, 756), (36, 720, 756), (18, 702, 756), (72, 720, 774), (72, 720, 774), (72, 720, 774), (54, 720, 774), (54, 720, 756), (90, 738, 738), (54, 702, 756), (36, 702, 792), (54, 702, 828), (54, 702, 828), (36, 720, 756), (54, 702, 792), (54, 720, 774), (54, 720, 792), (54, 738, 756), (72, 738, 756), (54, 720, 774), (36, 720, 792), (36, 720, 810)]	(9493, 12236, 10211, 10085, 14037, 10366, 4405, 6217, 3989, 7876, 6028, 6128, 4466, 6089, 7195, 9940, 11072, 19682, 14886, 8957, 15553, 13524, 12140, 2001)
u	1547277	(591, 180)	[(54, 702, 756), (36, 702, 792), (54, 702, 828), (54, 702, 828), (36, 720, 756), (54, 702, 792), (54, 720, 774), (54, 720, 792), (54, 738, 756), (72, 738, 756), (54, 720, 774), (36, 720, 792), (36, 720, 810), (54, 720, 792), (54, 720, 774), (54, 720, 774), (54, 720, 774), (36, 702, 756), (54, 720, 738), (54, 738, 720), (18, 720, 774), (54, 720, 792), (54, 720, 828), (54, 720, 828), (54, 720, 774)]	(9485, 12181, 10193, 10065, 13991, 10348, 4429, 6200, 3940, 7846, 5986, 6101, 4460, 6100, 7190, 9928, 11063, 19674, 14853, 8954, 15537, 13510, 12132, 1996)
r	1547620	(583, 305)	[(36, 720, 792), (36, 720, 810), (54, 720, 792), (54, 720, 774), (54, 720, 774), (54, 720, 774), (36, 702, 756), (54, 720, 738), (54, 738, 720), (18, 720, 774), (54, 720, 792), (54, 720, 828), (54, 720, 828), (54, 720, 774), (18, 720, 756), (36, 720, 774), (36, 702, 774), (54, 702, 774), (54, 720, 756), (54, 720, 756), (36, 702, 792), (72, 720, 792), (54, 738, 810), (54, 720, 792), (36, 720, 738)]	(9497, 12217, 10208, 10079, 14027, 10370, 4450, 6174, 3977, 7845, 6029, 6080, 4457, 6109, 7186, 9925, 11064, 19673, 14867, 8960, 15543, 13511, 12138, 1988)
e	1547813	(580, 341)	[(54, 720, 774), (54, 720, 774), (36, 702, 756), (54, 720, 738), (54, 738, 720), (18, 720, 774), (54, 720, 792), (54, 720, 828), (54, 720, 828), (54, 720, 774), (18, 720, 756), (36, 720, 774), (36, 702, 774), (54, 702, 774), (54, 720, 756), (54, 720, 756), (36, 702, 792), (72, 720, 792), (54, 738, 810), (54, 720, 792), (36, 720, 738), (18, 702, 756), (54, 720, 756), (54, 720, 774), (54, 720, 792)]	(9494, 12200, 10185, 10056, 14000, 10321, 4441, 6148, 3941, 7854, 6029, 6060, 4448, 6100, 7192, 9953, 11065, 19682, 14889, 8961, 15559, 13520, 12143, 1990)
 	1548577	(851, 246)	[(36, 738, 774), (36, 720, 774), (18, 702, 774), (18, 702, 774), (18, 702, 792), (18, 702, 792), (18, 702, 792), (18, 702, 774), (18, 720, 756), (36, 720, 774), (54, 720, 774), (72, 738, 774), (54, 720, 774), (54, 720, 774), (54, 738, 756), (54, 720, 756), (36, 720, 774), (18, 720, 774), (18, 702, 774), (36, 720, 756), (36, 702, 702), (0, 702, 774), (36, 684, 864), (54, 720, 846), (54, 720, 756)]	(9476, 12133, 10171, 10050, 13945, 10314, 4416, 6145, 3927, 7796, 6001, 6087, 4440, 6099, 7186, 9891, 11059, 19670, 14851, 8935, 15534, 13502, 12140, 1990)
a	1548987	(658, 425)	[(54, 738, 756), (54, 720, 756), (36, 720, 774), (18, 720, 774), (18, 702, 774), (36, 720, 756), (36, 702, 702), (0, 702, 774), (36, 684, 864), (54, 720, 846), (54, 720, 756), (36, 720, 738), (18, 702, 792), (0, 702, 774), (18, 702, 774), (36, 720, 774), (36, 720, 774), (36, 720, 774), (54, 720, 774), (54, 720, 774), (72, 738, 756), (90, 720, 720), (18, 702, 756), (54, 702, 846), (54, 720, 864)]	(9497, 12205, 10206, 10075, 14015, 10359, 4431, 6185, 3937, 7855, 6004, 6091, 4455, 6100, 7195, 9938, 11060, 19674, 14853, 8955, 15525, 13513, 12138, 1995)
d	1549329	(652, 312)	[(36, 720, 738), (18, 702, 792), (0, 702, 774), (18, 702, 774), (36, 720, 774), (36, 720, 774), (36, 720, 774), (54, 720, 774), (54, 720, 774), (72, 738, 756), (90, 720, 720), (18, 702, 756), (54, 702, 846), (54, 720, 864), (36, 720, 774), (18, 720, 756), (54, 702, 756), (54, 720, 774), (54, 720, 774), (72, 720, 774), (72, 738, 774), (72, 720, 756), (54, 720, 756), (54, 702, 810), (36, 720, 846)]	(9493, 12216, 10217, 10083, 14023, 10368, 4453, 6221, 3973, 7863, 6023, 6092, 4453, 6089, 7192, 9961, 11074, 19679, 14874, 8963, 15546, 13513, 12130, 1985)
d	1550415	(666, 323)	[(36, 720, 810), (36, 702, 792), (36, 702, 774), (54, 720, 792), (54, 720, 774), (54, 720, 774), (54, 720, 792), (54, 720, 774), (36, 702, 774), (54, 720, 774), (54, 720, 774), (36, 720, 756), (36, 720, 756), (36, 702, 792), (36, 702, 792), (54, 702, 774), (36, 720, 792), (36, 702, 774), (36, 720, 774), (36, 720, 774), (36, 720, 774), (54, 702, 738), (72, 720, 738), (72, 720, 792), (72, 720, 828)]	(9500, 12225, 10232, 10103, 14021, 10383, 4399, 6210, 3931, 7836, 6050, 6120, 4460, 6104, 7189, 9991, 11072, 19680, 14864, 8965, 15550, 13520, 12142, 1990)
i	1550911	(587, 128)	[(36, 720, 774), (36, 720, 774), (36, 720, 774), (54, 702, 738), (72, 720, 738), (72, 720, 792), (72, 720, 828), (36, 702, 774), (54, 720, 756), (54, 702, 774), (54, 720, 756), (72, 702, 774), (72, 720, 774), (72, 720, 756), (54, 720, 774), (54, 738, 774), (36, 702, 792), (54, 702, 792), (54, 720, 774), (54, 720, 774), (54, 738, 702), (36, 738, 702), (36, 702, 756), (72, 702, 810), (72, 720, 846)]	(9499, 12274, 10257, 10107, 14087, 10408, 4420, 6215, 3930, 7862, 6033, 6119, 4475, 6108, 7193, 10065, 11078, 19685, 14911, 8971, 15564, 13518, 12142, 1994)
t	1551278	(575, 251)	[(72, 720, 774), (72, 720, 756), (54, 720, 774), (54, 738, 774), (36, 702, 792), (54, 702, 792), (54, 720, 774), (54, 720, 774), (54, 738, 702), (36, 738, 702), (36, 702, 756), (72, 702, 810), (72, 720, 846), (36, 738, 756), (36, 702, 774), (54, 702, 774), (54, 720, 756), (54, 720, 774), (54, 720, 756), (72, 738, 756), (72, 720, 738), (36, 720, 774), (54, 702, 810), (36, 720, 792), (36, 720, 756)]	(9504, 12241, 10242, 10089, 14055, 10396, 4410, 6212, 3961, 7845, 6024, 6094, 4460, 6103, 7193, 9984, 11071, 19678, 14863, 8956, 15549, 13519, 12148, 1972)
i	1551671	(574, 126)	[(36, 738, 756), (36, 702, 774), (54, 702, 774), (54, 720, 756), (54, 720, 774), (54, 720, 756), (72, 738, 756), (72, 720, 738), (36, 720, 774), (54, 702, 810), (36, 720, 792), (36, 720, 756), (18, 720, 738), (54, 720, 756), (36, 720, 774), (72, 720, 774), (36, 720, 756), (36, 720, 774), (72, 738, 756), (72, 720, 792), (108, 738, 738), (90, 738, 756), (36, 702, 810), (36, 702, 810), (18, 702, 810)]	(9493, 12250, 10240, 10086, 14059, 10390, 4464, 6234, 3955, 7884, 6042, 6077, 4464, 6102, 7191, 9988, 11066, 19676, 14881, 8966, 15549, 13515, 12142, 1987)
o	1551866	(565, 99)	[(54, 720, 756), (72, 738, 756), (72, 720, 738), (36, 720, 774), (54, 702, 810), (36, 720, 792), (36, 720, 756), (18, 720, 738), (54, 720, 756), (36, 720, 774), (72, 720, 774), (36, 720, 756), (36, 720, 774), (72, 738, 756), (72, 720, 792), (108, 738, 738), (90, 738, 756), (36, 702, 810), (36, 702, 810), (18, 702, 810), (18, 702, 774), (54, 720, 756), (72, 720, 792), (90, 720, 792), (72, 720, 792)]	(9500, 12289, 10257, 10110, 14079, 10380, 4414, 6268, 3971, 7848, 6041, 6121, 4465, 6100, 7203, 10039, 11079, 19684, 14906, 8960, 15551, 13517, 12148, 1996)
n	1552277	(742, 152)	[(72, 720, 792), (108, 738, 738), (90, 738, 756), (36, 702, 810), (36, 702, 810), (18, 702, 810), (18, 702, 774), (54, 720, 756), (72, 720, 792), (90, 720, 792), (72, 720, 792), (18, 720, 774), (36, 720, 774), (18, 702, 756), (36, 720, 774), (36, 720, 774), (36, 720, 774), (36, 702, 792), (54, 720, 792), (72, 738, 774), (72, 720, 756), (72, 720, 756), (54, 720, 738), (36, 720, 756), (54, 738, 756)]	(9492, 12212, 10213, 10080, 14001, 10372, 4455, 6199, 3906, 7848, 6019, 6086, 4456, 6097, 7192, 9961, 11065, 19680, 14869, 8961, 15543, 13519, 12145, 1987)
s	1552922	(674, 372)	[(36, 702, 774), (54, 720, 774), (54, 720, 774), (36, 720, 756), (36, 720, 774), (36, 720, 774), (18, 702, 792), (36, 702, 792), (36, 720, 774), (54, 702, 774), (72, 720, 774), (54, 720, 774), (72, 738, 756), (72, 720, 774), (54, 702, 774), (54, 720, 774), (54, 702, 774), (36, 702, 774), (36, 702, 756), (36, 702, 792), (36, 720, 774), (54, 738, 738), (54, 720, 720), (18, 702, 792), (54, 702, 846)]	(9504, 12221, 10230, 10078, 14017, 10389, 4406, 6234, 3941, 7858, 6015, 6080, 4471, 6100, 7187, 10017, 11068, 19680, 14880, 8963, 15552, 13520, 12137, 1987)
i	1554261	(597, 122)	[(-36, 702, 756), (0, 702, 756), (18, 720, 756), (-36, 720, 738), (-18, 720, 756), (-36, 720, 774), (-36, 702, 792), (-36, 702, 810), (0, 702, 810), (18, 702, 792), (18, 702, 774), (54, 720, 774), (36, 720, 756), (36, 720, 756), (36, 720, 774), (36, 720, 774), (54, 720, 792), (54, 720, 774), (36, 720, 774), (54, 720, 738), (18, 720, 756), (18, 738, 756), (72, 702, 792), (72, 720, 846), (54, 702, 828)]	(9488, 12231, 10277, 10115, 14009, 10378, 4415, 6181, 3929, 7834, 6015, 6100, 4465, 6112, 7195, 10185, 11070, 19664, 14862, 8963, 15527, 13516, 12138, 1990)
 	1554619	(823, 232)	[(36, 720, 756), (36, 720, 756), (36, 720, 774), (36, 720, 774), (54, 720, 792), (54, 720, 774), (36, 720, 774), (54, 720, 738), (18, 720, 756), (18, 738, 756), (72, 702, 792), (72, 720, 846), (54, 702, 828), (36, 720, 792), (18, 702, 774), (18, 702, 774), (0, 702, 756), (0, 720, 738), (0, 684, 792), (0, 684, 792), (36, 702, 774), (54, 702, 738), (36, 720, 756), (18, 702, 810), (18, 702, 864)]	(9494, 12224, 10265, 10099, 14022, 10375, 4459, 6182, 3910, 7833, 6040, 6105, 4462, 6095, 7193, 10087, 11064, 19676, 14851, 8957, 15536, 13510, 12135, 1989)
t	1554961	(584, 250)	[(72, 720, 846), (54, 702, 828), (36, 720, 792), (18, 702, 774), (18, 702, 774), (0, 702, 756), (0, 720, 738), (0, 684, 792), (0, 684, 792), (36, 702, 774), (54, 702, 738), (36, 720, 756), (18, 702, 810), (18, 702, 864), (36, 720, 756), (18, 702, 774), (36, 702, 792), (36, 720, 774), (36, 702, 792), (36, 720, 774), (36, 702, 774), (72, 738, 702), (54, 720, 738), (18, 702, 810), (18, 684, 828)]	(9497, 12277, 10311, 10143, 14077, 10440, 4473, 6277, 3985, 7847, 6014, 6074, 4452, 6094, 7195, 10114, 11070, 19690, 14891, 8966, 15552, 13521, 12145, 1993)
o	1555315	(572, 92)	[(36, 720, 756), (18, 702, 810), (18, 702, 864), (36, 720, 756), (18, 702, 774), (36, 702, 792), (36, 720, 774), (36, 702, 792), (36, 720, 774), (36, 702, 774), (72, 738, 702), (54, 720, 738), (18, 702, 810), (18, 684, 828), (18, 702, 810), (36, 720, 774), (54, 720, 774), (54, 702, 792), (54, 702, 774), (36, 720, 774), (90, 720, 756), (72, 720, 756), (36, 720, 774), (72, 702, 810), (36, 720, 846)]	(9493, 12270, 10288, 10125, 14099, 10432, 4414, 6266, 3958, 7880, 6066, 6123, 4462, 6097, 7188, 10068, 11065, 19676, 14875, 8965, 15543, 13519, 12140, 1987)
l	1555625	(657, 64)	[(36, 702, 774), (72, 738, 702), (54, 720, 738), (18, 702, 810), (18, 684, 828), (18, 702, 810), (36, 720, 774), (54, 720, 774), (54, 702, 792), (54, 702, 774), (36, 720, 774), (90, 720, 756), (72, 720, 756), (36, 720, 774), (72, 702, 810), (36, 720, 846), (18, 720, 756), (36, 720, 792), (36, 702, 774), (54, 702, 792), (54, 720, 756), (54, 720, 756), (54, 720, 828), (72, 720, 792), (54, 720, 756)]	(9476, 12169, 10235, 10088, 13990, 10367, 4431, 6162, 3928, 7834, 6006, 6082, 4450, 6108, 7193, 10000, 11068, 19664, 14856, 8955, 15539, 13495, 12138, 1984)
d	1556016	(667, 305)	[(36, 720, 774), (72, 702, 810), (36, 720, 846), (18, 720, 756), (36, 720, 792), (36, 702, 774), (54, 702, 792), (54, 720, 756), (54, 720, 756), (54, 720, 828), (72, 720, 792), (54, 720, 756), (18, 720, 756), (0, 702, 774), (-36, 702, 756), (0, 702, 756), (0, 684, 810), (18, 702, 810), (54, 720, 792), (72, 720, 774), (90, 738, 756), (36, 720, 792), (54, 720, 810), (36, 720, 792), (18, 702, 774)]	(9496, 12226, 10275, 10106, 14048, 10388, 4409, 6190, 3926, 7844, 5993, 6076, 4458, 6107, 7190, 10043, 11065, 19671, 14858, 8961, 15540, 13519, 12138, 1992)
 	1556475	(812, 261)	[(0, 684, 810), (18, 702, 810), (54, 720, 792), (72, 720, 774), (90, 738, 756), (36, 720, 792), (54, 720, 810), (36, 720, 792), (18, 702, 774), (18, 702, 756), (36, 702, 774), (36, 702, 774), (18, 702, 774), (36, 702, 774), (36, 720, 792), (36, 702, 792), (54, 720, 792), (36, 720, 756), (36, 720, 756), (36, 702, 756), (36, 720, 774), (18, 720, 810), (18, 702, 720), (18, 702, 828), (0, 684, 900)]	(9495, 12237, 10275, 10126, 14026, 10379, 4427, 6234, 3923, 7826, 6044, 6096, 4468, 6093, 7189, 10068, 11075, 19681, 14888, 8972, 15553, 13516, 12147, 1982)
y	1556866	(587, 217)	[(36, 702, 774), (36, 720, 792), (36, 702, 792), (54, 720, 792), (36, 720, 756), (36, 720, 756), (36, 702, 756), (36, 720, 774), (18, 720, 810), (18, 702, 720), (18, 702, 828), (0, 684, 900), (54, 720, 792), (36, 702, 792), (54, 720, 792), (54, 720, 774), (36, 720, 774), (54, 720, 774), (36, 720, 756), (54, 720, 774), (36, 702, 792), (72, 720, 774), (36, 702, 774), (-18, 702, 774), (36, 702, 810)]	(9500, 12259, 10295, 10124, 14091, 10408, 4467, 6272, 3956, 7860, 6060, 6110, 4465, 6106, 7189, 10077, 11083, 19675, 14873, 8965, 15549, 13520, 12142, 1989)
o	1557376	(592, 97)	[(36, 720, 756), (54, 720, 774), (36, 702, 792), (72, 720, 774), (36, 702, 774), (-18, 702, 774), (36, 702, 810), (54, 720, 792), (18, 702, 774), (36, 702, 774), (36, 702, 774), (36, 702, 774), (36, 702, 774), (36, 720, 756), (36, 720, 774), (36, 720, 774), (36, 702, 774), (54, 702, 774), (36, 702, 792), (54, 720, 774), (54, 720, 738), (36, 702, 756), (54, 720, 774), (36, 720, 810), (54, 720, 810)]	(9491, 12225, 10282, 10103, 14063, 10404, 4475, 6256, 3943, 7836, 6030, 6113, 4471, 6090, 7191, 10045, 11062, 19673, 14868, 8954, 15547, 13514, 12138, 1991)
u	1557767	(591, 163)	[(36, 720, 756), (36, 720, 774), (36, 720, 774), (36, 702, 774), (54, 702, 774), (36, 702, 792), (54, 720, 774), (54, 720, 738), (36, 702, 756), (54, 720, 774), (36, 720, 810), (54, 720, 810), (36, 720, 774), (18, 702, 774), (18, 702, 774), (36, 702, 792), (54, 720, 774), (54, 720, 774), (54, 720, 738), (54, 720, 738), (36, 720, 774), (36, 702, 774), (54, 702, 810), (54, 720, 828), (36, 720, 792)]	(9484, 12189, 10257, 10117, 14027, 10349, 4411, 6214, 3960, 7836, 5986, 6069, 4444, 6111, 7186, 10027, 11060, 19675, 14860, 8955, 15541, 13516, 12136, 1984)
 	1558225	(817, 248)	[(54, 720, 774), (54, 720, 774), (54, 720, 738), (54, 720, 738), (36, 720, 774), (36, 702, 774), (54, 702, 810), (54, 720, 828), (36, 720, 792), (36, 702, 756), (36, 720, 774), (54, 702, 774), (36, 720, 774), (18, 720, 774), (18, 702, 792), (36, 702, 792), (0, 684, 792), (0, 702, 774), (0, 702, 774), (0, 702, 792), (36, 702, 774), (36, 720, 774), (54, 720, 774), (36, 702, 756), (36, 720, 792)]	(9487, 12211, 10261, 10128, 14031, 10396, 4443, 6214, 3980, 7787, 6014, 6127, 4453, 6100, 7194, 10021, 11062, 19676, 14852, 8960, 15538, 13510, 12132, 1993)
t	1558935	(573, 253)	[(18, 702, 774), (18, 702, 774), (18, 702, 774), (36, 702, 774), (36, 702, 792), (36, 702, 774), (72, 738, 774), (54, 720, 792), (54, 720, 774), (54, 720, 774), (36, 702, 774), (36, 702, 756), (36, 720, 774), (18, 702, 774), (18, 702, 774), (18, 702, 774), (18, 720, 774), (36, 702, 774), (36, 702, 774), (36, 702, 792), (36, 702, 792), (72, 720, 756), (54, 720, 756), (54, 702, 792), (36, 702, 810)]	(9496, 12257, 10278, 10123, 14086, 10423, 4465, 6252, 3974, 7887, 6017, 6072, 4458, 6094, 7197, 10067, 11072, 19679, 14877, 8960, 15548, 13518, 12142, 1984)
h	1559177	(663, 211)	[(72, 738, 774), (54, 720, 792), (54, 720, 774), (54, 720, 774), (36, 702, 774), (36, 702, 756), (36, 720, 774), (18, 702, 774), (18, 702, 774), (18, 702, 774), (18, 720, 774), (36, 702, 774), (36, 702, 774), (36, 702, 792), (36, 702, 792), (72, 720, 756), (54, 720, 756), (54, 702, 792), (36, 702, 810), (18, 702, 774), (18, 702, 738), (36, 720, 738), (18, 720, 774), (54, 684, 828), (54, 720, 828)]	(9497, 12263, 10289, 10134, 14089, 10440, 4445, 6285, 3987, 7840, 6021, 6110, 4450, 6092, 7192, 10087, 11070, 19679, 14866, 8961, 15543, 13504, 12144, 1985)
a	1559518	(683, 429)	[(36, 702, 774), (36, 702, 774), (36, 702, 792), (36, 702, 792), (72, 720, 756), (54, 720, 756), (54, 702, 792), (36, 702, 810), (18, 702, 774), (18, 702, 738), (36, 720, 738), (18, 720, 774), (54, 684, 828), (54, 720, 828), (36, 720, 774), (36, 702, 774), (18, 702, 774), (0, 702, 774), (0, 702, 828), (-36, 684, 792), (-36, 684, 810), (0, 702, 756), (36, 702, 738), (36, 702, 756), (-18, 684, 828)]	(9490, 12228, 10275, 10126, 14096, 10379, 4482, 6208, 3940, 7858, 6035, 6108, 4449, 6117, 7199, 10072, 11074, 19679, 14865, 8961, 15545, 13517, 12148, 1989)
t	1559932	(584, 268)	[(54, 720, 828), (36, 720, 774), (36, 702, 774), (18, 702, 774), (0, 702, 774), (0, 702, 828), (-36, 684, 792), (-36, 684, 810), (0, 702, 756), (36, 702, 738), (36, 702, 756), (-18, 684, 828), (0, 684, 828), (36, 666, 828), (18, 684, 828), (36, 684, 828), (72, 702, 828), (54, 684, 792), (36, 702, 792), (18, 702, 792), (18, 684, 774), (18, 666, 756), (0, 666, 810), (54, 684, 810), (18, 684, 846)]	(9484, 12244, 10271, 10113, 14121, 10416, 4422, 6263, 3972, 7861, 6010, 6098, 4458, 6101, 7191, 10092, 11069, 19673, 14856, 8966, 15537, 13515, 12138, 1992)
 	1560376	(803, 255)	[(36, 684, 828), (72, 702, 828), (54, 684, 792), (36, 702, 792), (18, 702, 792), (18, 684, 774), (18, 666, 756), (0, 666, 810), (54, 684, 810), (18, 684, 846), (0, 666, 792), (0, 666, 828), (0, 666, 792), (18, 684, 792), (-36, 684, 792), (-36, 684, 792), (-36, 684, 774), (-36, 666, 774), (0, 684, 810), (18, 666, 810), (18, 702, 720), (0, 684, 756), (-36, 666, 864), (-18, 666, 918), (0, 684, 828)]	(9473, 12164, 10251, 10091, 14038, 10390, 4460, 6230, 3970, 7820, 6043, 6059, 4442, 6103, 7190, 10053, 11055, 19672, 14849, 8956, 15541, 13514, 12138, 1983)
y	1560836	(577, 214)	[(-36, 684, 774), (-36, 666, 774), (0, 684, 810), (18, 666, 810), (18, 702, 720), (0, 684, 756), (-36, 666, 864), (-18, 666, 918), (0, 684, 828), (-36, 684, 792), (18, 666, 810), (18, 684, 792), (0, 702, 792), (18, 684, 774), (36, 666, 792), (18, 684, 810), (36, 666, 828), (36, 684, 810), (18, 684, 792), (18, 702, 774), (36, 702, 738), (18, 684, 774), (36, 684, 828), (36, 684, 864), (18, 684, 828)]	(9470, 12190, 10258, 10108, 14045, 10370, 4434, 6195, 3938, 7858, 6045, 6110, 4461, 6106, 7192, 10071, 11073, 19671, 14867, 8952, 15537, 13510, 12136, 1991)
o	1561228	(594, 100)	[(18, 684, 774), (36, 666, 792), (18, 684, 810), (36, 666, 828), (36, 684, 810), (18, 684, 792), (18, 702, 774), (36, 702, 738), (18, 684, 774), (36, 684, 828), (36, 684, 864), (18, 684, 828), (18, 684, 810), (36, 684, 792), (36, 684, 792), (36, 684, 792), (54, 684, 792), (36, 684, 792), (36, 684, 792), (36, 702, 810), (36, 684, 810), (36, 684, 810), (36, 702, 774), (18, 684, 774), (18, 684, 828)]	(9494, 12287, 10296, 10137, 14143, 10470, 4467, 6297, 3929, 7852, 6028, 6112, 4478, 6118, 7198, 10170, 11081, 19683, 14921, 8964, 15565, 13528, 12146, 1986)
u	1561587	(600, 174)	[(18, 684, 810), (36, 684, 792), (36, 684, 792), (36, 684, 792), (54, 684, 792), (36, 684, 792), (36, 684, 792), (36, 702, 810), (36, 684, 810), (36, 684, 810), (36, 702, 774), (18, 684, 774), (18, 684, 828), (18, 684, 792), (18, 684, 774), (0, 684, 792), (18, 666, 810), (18, 684, 792), (18, 684, 792), (18, 684, 792), (54, 702, 774), (36, 684, 792), (0, 666, 828), (36, 666, 810), (36, 684, 828)]	(9490, 12257, 10285, 10117, 14113, 10420, 4450, 6235, 3955, 7870, 6054, 6133, 4467, 6102, 7198, 10087, 11076, 19676, 14870, 8959, 15547, 13521, 12139, 1988)
 	1561978	(817, 217)	[(18, 684, 792), (18, 684, 774), (0, 684, 792), (18, 666, 810), (18, 684, 792), (18, 684, 792), (18, 684, 792), (54, 702, 774), (36, 684, 792), (0, 666, 828), (36, 666, 810), (36, 684, 828), (54, 684, 828), (18, 666, 828), (0, 684, 792), (0, 684, 792), (-18, 684, 774), (-36, 666, 792), (-18, 666, 828), (0, 666, 828), (36, 684, 810), (36, 702, 738), (0, 684, 792), (36, 684, 900), (54, 684, 846)]	(9499, 12255, 10285, 10130, 14092, 10411, 4405, 6268, 3936, 7870, 6049, 6087, 4464, 6095, 7196, 10093, 11069, 19675, 14855, 8962, 15544, 13520, 12140, 1980)
w	1562368	(574, 392)	[(18, 666, 828), (0, 684, 792), (0, 684, 792), (-18, 684, 774), (-36, 666, 792), (-18, 666, 828), (0, 666, 828), (36, 684, 810), (36, 702, 738), (0, 684, 792), (36, 684, 900), (54, 684, 846), (0, 684, 756), (18, 684, 792), (18, 666, 792), (18, 684, 810), (18, 684, 828), (36, 702, 810), (18, 684, 792), (18, 666, 810), (36, 684, 828), (54, 684, 756), (18, 684, 756), (18, 684, 810), (36, 684, 846)]	(9491, 12252, 10296, 10130, 14109, 10425, 4438, 6286, 3948, 7852, 5997, 6085, 4470, 6108, 7199, 10125, 11071, 19684, 14871, 8965, 15544, 13522, 12135, 1996)
e	1562680	(577, 343)	[(0, 684, 792), (36, 684, 900), (54, 684, 846), (0, 684, 756), (18, 684, 792), (18, 666, 792), (18, 684, 810), (18, 684, 828), (36, 702, 810), (18, 684, 792), (18, 666, 810), (36, 684, 828), (54, 684, 756), (18, 684, 756), (18, 684, 810), (36, 684, 846), (36, 684, 846), (18, 684, 792), (36, 684, 810), (36, 684, 810), (36, 684, 810), (72, 702, 738), (0, 684, 774), (0, 666, 864), (18, 684, 882)]	(9494, 12265, 10282, 10133, 14135, 10448, 4448, 6295, 3952, 7884, 6036, 6125, 4470, 6114, 7200, 10146, 11079, 19688, 14891, 8966, 15555, 13522, 12146, 1992)
r	1562920	(593, 319)	[(18, 684, 810), (18, 684, 828), (36, 702, 810), (18, 684, 792), (18, 666, 810), (36, 684, 828), (54, 684, 756), (18, 684, 756), (18, 684, 810), (36, 684, 846), (36, 684, 846), (18, 684, 792), (36, 684, 810), (36, 684, 810), (36, 684, 810), (72, 702, 738), (0, 684, 774), (0, 666, 864), (18, 684, 882), (36, 684, 774), (36, 666, 810), (36, 666, 810), (36, 684, 792), (36, 684, 792), (18, 684, 792)]	(9487, 12262, 10298, 10122, 14108, 10442, 4467, 6251, 3977, 7870, 6057, 6104, 4466, 6102, 7191, 10122, 11056, 19679, 14882, 8970, 15552, 13522, 12138, 1990)
e	1563216	(587, 356)	[(18, 684, 810), (36, 684, 846), (36, 684, 846), (18, 684, 792), (36, 684, 810), (36, 684, 810), (36, 684, 810), (72, 702, 738), (0, 684, 774), (0, 666, 864), (18, 684, 882), (36, 684, 774), (36, 666, 810), (36, 666, 810), (36, 684, 792), (36, 684, 792), (18, 684, 792), (0, 684, 792), (18, 684, 792), (36, 702, 774), (18, 684, 792), (36, 684, 792), (18, 684, 792), (18, 666, 810), (36, 684, 792)]	(9484, 12200, 10256, 10124, 14055, 10425, 4475, 6207, 3930, 7855, 6005, 6078, 4476, 6109, 7194, 10120, 11072, 19682, 14889, 8950, 15561, 13522, 12144, 1999)
 	1563673	(815, 267)	[(18, 684, 792), (0, 684, 792), (18, 684, 792), (36, 702, 774), (18, 684, 792), (36, 684, 792), (18, 684, 792), (18, 666, 810), (36, 684, 792), (36, 684, 846), (18, 666, 828), (18, 684, 810), (18, 684, 792), (18, 666, 774), (0, 666, 792), (-36, 666, 810), (18, 666, 792), (18, 684, 792), (36, 684, 810), (36, 684, 810), (36, 702, 810), (54, 702, 828), (36, 702, 774), (36, 684, 738), (0, 666, 774)]	(9490, 12261, 10306, 10119, 14081, 10413, 4455, 6280, 3960, 7845, 6038, 6084, 4475, 6096, 7195, 10127, 11072, 19694, 14893, 8971, 15565, 13529, 12148, 1991)
a	1564064	(650, 445)	[(18, 666, 774), (0, 666, 792), (-36, 666, 810), (18, 666, 792), (18, 684, 792), (36, 684, 810), (36, 684, 810), (36, 702, 810), (54, 702, 828), (36, 702, 774), (36, 684, 738), (0, 666, 774), (18, 684, 792), (18, 702, 774), (18, 684, 792), (18, 684, 792), (18, 684, 792), (0, 666, 810), (18, 684, 846), (54, 702, 756), (18, 684, 720), (-36, 648, 810), (36, 666, 900), (36, 684, 900), (18, 684, 756)]	(9490, 12236, 10290, 10117, 14107, 10460, 4465, 6235, 3990, 7866, 6048, 6093, 4471, 6105, 7200, 10151, 11071, 19680, 14862, 8965, 15542, 13520, 12147, 1990)
 	1564422	(817, 286)	[(18, 702, 774), (18, 684, 792), (18, 684, 792), (18, 684, 792), (0, 666, 810), (18, 684, 846), (54, 702, 756), (18, 684, 720), (-36, 648, 810), (36, 666, 900), (36, 684, 900), (18, 684, 756), (18, 684, 792), (0, 666, 756), (18, 684, 810), (18, 666, 810), (18, 684, 810), (18, 702, 792), (54, 702, 756), (18, 684, 720), (-54, 666, 828), (18, 666, 882), (18, 684, 846), (0, 684, 792), (18, 684, 774)]	(9483, 12188, 10240, 10121, 14042, 10403, 4446, 6247, 3944, 7807, 6031, 6118, 4450, 6103, 7200, 10058, 11065, 19680, 14855, 8955, 15540, 13511, 12137, 1991)
t	1564713	(592, 275)	[(36, 666, 900), (36, 684, 900), (18, 684, 756), (18, 684, 792), (0, 666, 756), (18, 684, 810), (18, 666, 810), (18, 684, 810), (18, 702, 792), (54, 702, 756), (18, 684, 720), (-54, 666, 828), (18, 666, 882), (18, 684, 846), (0, 684, 792), (18, 684, 774), (36, 702, 756), (36, 684, 792), (18, 684, 810), (18, 684, 810), (0, 684, 810), (18, 684, 810), (36, 666, 792), (0, 684, 810), (0, 684, 810)]	(9495, 12265, 10298, 10118, 14114, 10433, 4437, 6243, 3908, 7857, 6019, 6095, 4479, 6117, 7206, 10156, 11077, 19693, 14887, 8965, 15557, 13529, 12145, 1982)
r	1565010	(590, 309)	[(54, 702, 756), (18, 684, 720), (-54, 666, 828), (18, 666, 882), (18, 684, 846), (0, 684, 792), (18, 684, 774), (36, 702, 756), (36, 684, 792), (18, 684, 810), (18, 684, 810), (0, 684, 810), (18, 684, 810), (36, 666, 792), (0, 684, 810), (0, 684, 810), (18, 684, 828), (18, 684, 792), (18, 684, 810), (18, 702, 756), (18, 684, 774), (18, 684, 828), (36, 684, 846), (18, 666, 810), (0, 666, 810)]	(9481, 12197, 10243, 10116, 14057, 10419, 4446, 6215, 3965, 7851, 6013, 6067, 4468, 6102, 7190, 10093, 11057, 19681, 14864, 8967, 15550, 13511, 12139, 1992)
o	1565421	(599, 104)	[(0, 684, 810), (0, 684, 810), (18, 684, 828), (18, 684, 792), (18, 684, 810), (18, 702, 756), (18, 684, 774), (18, 684, 828), (36, 684, 846), (18, 666, 810), (0, 666, 810), (18, 684, 792), (18, 684, 810), (36, 684, 828), (18, 684, 810), (36, 666, 792), (18, 684, 792), (36, 684, 810), (54, 702, 792), (36, 720, 720), (36, 684, 792), (0, 666, 810), (18, 684, 828), (36, 684, 828), (0, 684, 810)]	(9482, 12190, 10265, 10105, 14063, 10397, 4468, 6205, 3928, 7822, 5971, 6110, 4460, 6112, 7196, 10101, 11069, 19677, 14869, 8964, 15547, 13519, 12143, 1990)
u	1565665	(579, 181)	[(18, 684, 774), (18, 684, 828), (36, 684, 846), (18, 666, 810), (0, 666, 810), (18, 684, 792), (18, 684, 810), (36, 684, 828), (18, 684, 810), (36, 666, 792), (18, 684, 792), (36, 684, 810), (54, 702, 792), (36, 720, 720), (36, 684, 792), (0, 666, 810), (18, 684, 828), (36, 684, 828), (0, 684, 810), (36, 684, 792), (36, 684, 774), (54, 684, 774), (18, 684, 846), (54, 684, 846), (54, 702, 828)]	(9492, 12255, 10285, 10124, 14125, 10455, 4444, 6276, 3970, 7871, 6040, 6123, 4445, 6105, 7191, 10143, 11064, 19681, 14873, 8965, 15544, 13515, 12143, 1993)
b	1566063	(742, 196)	[(36, 720, 720), (36, 684, 792), (0, 666, 810), (18, 684, 828), (36, 684, 828), (0, 684, 810), (36, 684, 792), (36, 684, 774), (54, 684, 774), (18, 684, 846), (54, 684, 846), (54, 702, 828), (36, 684, 810), (-36, 666, 792), (-36, 666, 828), (18, 666, 828), (36, 684, 828), (36, 666, 828), (54, 702, 828), (72, 684, 810), (54, 702, 810), (54, 702, 792), (18, 684, 792), (18, 666, 828), (18, 684, 828)]	(9490, 12243, 10285, 10130, 14106, 10433, 4472, 6261, 3954, 7864, 6025, 6106, 4467, 6113, 7196, 10149, 11075, 19684, 14879, 8967, 15556, 13521, 12141, 1984)
l	1566422	(675, 69)	[(36, 684, 810), (-36, 666, 792), (-36, 666, 828), (18, 666, 828), (36, 684, 828), (36, 666, 828), (54, 702, 828), (72, 684, 810), (54, 702, 810), (54, 702, 792), (18, 684, 792), (18, 666, 828), (18, 684, 828), (0, 666, 792), (18, 666, 810), (18, 684, 810), (18, 666, 810), (36, 666, 810), (36, 684, 810), (54, 684, 810), (72, 702, 774), (90, 720, 720), (54, 702, 774), (18, 666, 810), (36, 684, 846)]	(9496, 12304, 10331, 10151, 14148, 10444, 4420, 6307, 3973, 7907, 6015, 6092, 4473, 6119, 7203, 10222, 11079, 19690, 14916, 8970, 15569, 13523, 12144, 1998)
e	1566816	(594, 356)	[(0, 666, 792), (18, 666, 810), (18, 684, 810), (18, 666, 810), (36, 666, 810), (36, 684, 810), (54, 684, 810), (72, 702, 774), (90, 720, 720), (54, 702, 774), (18, 666, 810), (36, 684, 846), (-36, 666, 810), (0, 684, 792), (18, 684, 810), (18, 684, 810), (18, 684, 774), (18, 666, 792), (18, 666, 810), (36, 666, 792), (54, 702, 792), (54, 684, 774), (18, 666, 792), (18, 666, 846), (54, 666, 864)]	(9492, 12259, 10291, 10135, 14124, 10448, 4472, 6297, 3992, 7900, 6018, 6120, 4463, 6107, 7202, 10147, 11071, 19675, 14865, 8959, 15540, 13520, 12140, 1997)
 	1567378	(828, 276)	[(54, 702, 792), (54, 684, 774), (18, 666, 792), (18, 666, 846), (54, 666, 864), (18, 684, 828), (0, 666, 792), (18, 684, 792), (36, 666, 810), (18, 666, 792), (18, 684, 828), (36, 666, 792), (54, 684, 810), (36, 684, 810), (36, 684, 810), (36, 684, 810), (18, 684, 792), (0, 666, 774), (18, 684, 792), (18, 666, 810), (18, 666, 810), (18, 684, 900), (54, 702, 738), (18, 684, 756), (18, 666, 864)]	(9490, 12220, 10290, 10112, 14105, 10431, 4442, 6246, 3982, 7889, 6011, 6074, 4459, 6109, 7194, 10135, 11065, 19678, 14865, 8962, 15545, 13520, 12145, 2004)
m	1567725	(737, 139)	[(36, 666, 792), (54, 684, 810), (36, 684, 810), (36, 684, 810), (36, 684, 810), (18, 684, 792), (0, 666, 774), (18, 684, 792), (18, 666, 810), (18, 666, 810), (18, 684, 900), (54, 702, 738), (18, 684, 756), (18, 666, 864), (18, 666, 810), (36, 684, 810), (36, 684, 810), (54, 684, 792), (54, 684, 828), (54, 702, 792), (54, 684, 738), (-36, 684, 810), (36, 648, 864), (18, 702, 846), (18, 684, 792)]	(9473, 12200, 10255, 10119, 14073, 10434, 4406, 6213, 3936, 7875, 6029, 6099, 4458, 6101, 7198, 10110, 11069, 19672, 14857, 8950, 15540, 13516, 12140, 1996)
a	1568136	(691, 425)	[(18, 666, 810), (36, 684, 810), (36, 684, 810), (54, 684, 792), (54, 684, 828), (54, 702, 792), (54, 684, 738), (-36, 684, 810), (36, 648, 864), (18, 702, 846), (18, 684, 792), (18, 666, 792), (54, 684, 792), (36, 684, 810), (18, 702, 792), (18, 684, 828), (-36, 684, 810), (-36, 666, 792), (-36, 648, 810), (-54, 666, 828), (-18, 666, 864), (36, 684, 756), (54, 684, 756), (54, 702, 846), (54, 684, 882)]	(9492, 12236, 10296, 10144, 14122, 10484, 4451, 6256, 3958, 7915, 6055, 6130, 4469, 6112, 7203, 10197, 11075, 19680, 14873, 8960, 15542, 13525, 12145, 1988)
k	1568629	(660, 131)	[(-36, 648, 810), (-54, 666, 828), (-18, 666, 864), (36, 684, 756), (54, 684, 756), (54, 702, 846), (54, 684, 882), (18, 684, 792), (18, 684, 792), (18, 666, 792), (36, 666, 810), (36, 666, 828), (54, 684, 774), (54, 684, 792), (54, 684, 810), (54, 684, 810), (54, 684, 810), (36, 684, 810), (36, 702, 810), (36, 702, 774), (36, 720, 738), (-18, 684, 828), (0, 648, 846), (0, 666, 864), (18, 666, 828)]	(9475, 12190, 10261, 10112, 14061, 10457, 4420, 6246, 3953, 7885, 6000, 6092, 4465, 6102, 7202, 10121, 11078, 19674, 14849, 8959, 15540, 13508, 12145, 2003)
e	1569040	(583, 329)	[(54, 684, 792), (54, 684, 810), (54, 684, 810), (54, 684, 810), (36, 684, 810), (36, 702, 810), (36, 702, 774), (36, 720, 738), (-18, 684, 828), (0, 648, 846), (0, 666, 864), (18, 666, 828), (18, 684, 792), (18, 666, 828), (18, 666, 810), (18, 684, 792), (18, 684, 792), (18, 684, 792), (36, 684, 792), (36, 684, 792), (54, 684, 738), (36, 702, 756), (18, 666, 846), (18, 684, 846), (0, 666, 810)]	(9489, 12242, 10279, 10140, 14115, 10450, 4443, 6223, 3941, 7907, 6025, 6100, 4461, 6110, 7197, 10163, 11065, 19677, 14855, 8966, 15534, 13513, 12137, 1983)
r	1569236	(578, 320)	[(36, 702, 810), (36, 702, 774), (36, 720, 738), (-18, 684, 828), (0, 648, 846), (0, 666, 864), (18, 666, 828), (18, 684, 792), (18, 666, 828), (18, 666, 810), (18, 684, 792), (18, 684, 792), (18, 684, 792), (36, 684, 792), (36, 684, 792), (54, 684, 738), (36, 702, 756), (18, 666, 846), (18, 684, 846), (0, 666, 810), (0, 684, 810), (18, 684, 774), (18, 666, 846), (36, 684, 828), (36, 684, 810)]	(9474, 12143, 10231, 10104, 14002, 10445, 4425, 6200, 3977, 7859, 6027, 6075, 4462, 6107, 7203, 10096, 11062, 19670, 14838, 8959, 15532, 13512, 12143, 1986)
