Please hold the phone in your left hand and type with your left thumb
n	1769384	(737, 166)	[(72, 846, 630), (18, 846, 594), (72, 828, 594), (54, 846, 576), (36, 846, 594), (-18, 882, 612), (-54, 918, 630), (0, 864, 666), (36, 810, 612), (-36, 864, 612), (-72, 918, 576), (-36, 918, 522), (-18, 882, 540), (18, 882, 558), (0, 900, 522), (18, 864, 540), (18, 882, 540), (-36, 918, 558), (18, 882, 648), (72, 864, 594), (72, 900, 504), (36, 882, 540), (-36, 936, 558), (0, 918, 522), (-18, 900, 504)]	(9468, 10849, 9571, 10320, 11440, 9424, 4137, 9328, 4753, 6841, 5516, 6422, 4363, 7360, 7245, 7395, 12451, 19928, 16564, 9198, 17184, 14365, 12246, 1975)
e	1769825	(589, 349)	[(18, 882, 540), (-36, 918, 558), (18, 882, 648), (72, 864, 594), (72, 900, 504), (36, 882, 540), (-36, 936, 558), (0, 918, 522), (-18, 900, 504), (0, 846, 630), (-90, 882, 702), (-90, 882, 576), (-90, 864, 522), (-72, 846, 540), (-108, 864, 576), (-126, 882, 702), (-144, 864, 684), (-126, 882, 630), (-90, 864, 594), (-72, 882, 540), (-36, 882, 540), (-90, 864, 666), (-90, 882, 738), (-72, 882, 702), (0, 846, 630)]	(9449, 10724, 9417, 10283, 11428, 9409, 4197, 10965, 4922, 6899, 5600, 6716, 4482, 9307, 7309, 7745, 12436, 19792, 14941, 9146, 16541, 14165, 12212, 1965)
x	1770333	(742, 324)	[(-90, 864, 594), (-72, 882, 540), (-36, 882, 540), (-90, 864, 666), (-90, 882, 738), (-72, 882, 702), (0, 846, 630), (-18, 828, 612), (0, 846, 612), (-36, 846, 612), (-54, 864, 630), (-36, 864, 648), (-36, 846, 630), (-54, 846, 648), (-36, 828, 630), (-18, 846, 576), (0, 828, 630), (-18, 846, 630), (-36, 828, 666), (-72, 864, 648), (-36, 846, 648), (-54, 846, 684), (-72, 846, 756), (-90, 846, 648), (-54, 846, 558)]	(9463, 10762, 9443, 10275, 11439, 9399, 4139, 10293, 4866, 6855, 5561, 6528, 4435, 8002, 7283, 7704, 12184, 19827, 14756, 9195, 16572, 14248, 12230, 1985)
t	1770677	(598, 261)	[(-36, 846, 630), (-54, 846, 648), (-36, 828, 630), (-18, 846, 576), (0, 828, 630), (-18, 846, 630), (-36, 828, 666), (-72, 864, 648), (-36, 846, 648), (-54, 846, 684), (-72, 846, 756), (-90, 846, 648), (-54, 846, 558), (-72, 882, 594), (-72, 882, 594), (18, 882, 540), (-36, 882, 558), (-72, 936, 594), (-54, 918, 612), (-18, 882, 612), (0, 900, 540), (-36, 936, 450), (0, 918, 576), (-36, 918, 576), (54, 918, 486)]	(9474, 10880, 9498, 10366, 11446, 9418, 4155, 10072, 4926, 6856, 5601, 6575, 4457, 9245, 7314, 7585, 12779, 19835, 15806, 9132, 16836, 14281, 12209, 1965)
 	1771085	(832, 281)	[(-72, 882, 594), (18, 882, 540), (-36, 882, 558), (-72, 936, 594), (-54, 918, 612), (-18, 882, 612), (0, 900, 540), (-36, 936, 450), (0, 918, 576), (-36, 918, 576), (54, 918, 486), (54, 828, 558), (18, 846, 792), (-54, 864, 738), (-18, 846, 630), (0, 846, 612), (-36, 846, 594), (-54, 864, 594), (-72, 882, 666), (-54, 900, 558), (-90, 918, 594), (-90, 900, 666), (-36, 846, 594), (18, 828, 576), (0, 828, 558)]	(9464, 10968, 9481, 10311, 11462, 9419, 4176, 9059, 4652, 6877, 5634, 6445, 4483, 9892, 7385, 7564, 12535, 19739, 14809, 9063, 16580, 14105, 12181, 1982)
w	1771527	(567, 402)	[(-36, 846, 594), (-54, 864, 594), (-72, 882, 666), (-54, 900, 558), (-90, 918, 594), (-90, 900, 666), (-36, 846, 594), (18, 828, 576), (0, 828, 558), (-36, 846, 720), (-18, 846, 630), (-36, 846, 594), (-36, 828, 612), (-36, 828, 648), (-36, 846, 648), (-72, 864, 630), (-108, 882, 630), (-72, 864, 630), (-54, 864, 540), (-36, 864, 630), (-90, 864, 684), (-90, 882, 738), (-54, 828, 648), (18, 810, 576), (0, 846, 576)]	(9463, 10914, 9471, 10355, 11455, 9405, 4192, 9907, 4824, 6866, 5652, 6540, 4479, 9794, 7341, 7646, 12753, 19782, 15184, 9100, 16644, 14152, 12197, 1987)
e	1771869	(573, 363)	[(-36, 846, 594), (-36, 828, 612), (-36, 828, 648), (-36, 846, 648), (-72, 864, 630), (-108, 882, 630), (-72, 864, 630), (-54, 864, 540), (-36, 864, 630), (-90, 864, 684), (-90, 882, 738), (-54, 828, 648), (18, 810, 576), (0, 846, 576), (-36, 846, 612), (-54, 864, 612), (-54, 882, 630), (-72, 864, 648), (-54, 864, 648), (-54, 882, 522), (-54, 882, 612), (-54, 882, 684), (-36, 864, 666), (0, 846, 630), (18, 828, 558)]	(9469, 10928, 9473, 10353, 11456, 9422, 4200, 10048, 4861, 6892, 5632, 6590, 4481, 9820, 7357, 7636, 12782, 19795, 15378, 9109, 16691, 14159, 12201, 1974)
e	1772226	(577, 345)	[(18, 810, 576), (0, 846, 576), (-36, 846, 612), (-54, 864, 612), (-54, 882, 630), (-72, 864, 648), (-54, 864, 648), (-54, 882, 522), (-54, 882, 612), (-54, 882, 684), (-36, 864, 666), (0, 846, 630), (18, 828, 558), (-72, 900, 630), (-36, 864, 576), (-54, 864, 576), (-54, 882, 576), (-72, 882, 612), (-72, 882, 576), (-54, 882, 540), (-18, 882, 576), (-54, 864, 666), (-36, 882, 684), (-36, 846, 684), (18, 846, 594)]	(9474, 10923, 9469, 10365, 11455, 9426, 4211, 10360, 4880, 6877, 5636, 6621, 4483, 9812, 7350, 7661, 12840, 19838, 15570, 9140, 16818, 14242, 12217, 1999)
k	1772718	(666, 108)	[(-72, 882, 576), (-54, 882, 540), (-18, 882, 576), (-54, 864, 666), (-36, 882, 684), (-36, 846, 684), (18, 846, 594), (-72, 882, 648), (36, 882, 558), (18, 882, 504), (-18, 900, 432), (18, 918, 504), (36, 918, 594), (36, 900, 648), (72, 882, 648), (18, 900, 558), (-54, 918, 504), (36, 918, 504), (0, 900, 468), (-36, 918, 414), (-18, 918, 432), (-72, 954, 504), (-90, 972, 576), (-72, 954, 558), (-36, 936, 522)]	(9456, 10744, 9476, 10311, 11442, 9413, 4155, 10676, 5045, 6843, 5550, 6756, 4331, 6546, 7195, 7262, 11981, 20042, 17777, 9140, 17362, 14383, 12265, 1990)
 	1773277	(819, 239)	[(-72, 954, 504), (-90, 972, 576), (-72, 954, 558), (-36, 936, 522), (-36, 936, 630), (-36, 864, 720), (0, 810, 630), (90, 846, 540), (0, 882, 486), (-54, 864, 432), (-54, 882, 504), (36, 864, 594), (36, 864, 666), (-54, 882, 630), (-36, 882, 612), (-54, 864, 612), (18, 846, 612), (0, 846, 666), (0, 846, 684), (-90, 918, 666), (-36, 882, 648), (-18, 882, 630), (-18, 882, 594), (-18, 882, 540), (0, 864, 504)]	(9480, 10953, 9547, 10379, 11461, 9421, 4168, 8712, 4741, 6866, 5658, 6397, 4473, 9483, 7444, 7314, 13134, 19789, 15161, 9072, 16683, 14105, 12209, 1992)
s	1773837	(642, 360)	[(-36, 882, 648), (-18, 882, 630), (-18, 882, 594), (-18, 882, 540), (0, 864, 504), (-54, 918, 594), (0, 918, 540), (54, 900, 522), (18, 882, 522), (0, 882, 522), (-36, 918, 504), (18, 900, 486), (18, 900, 468), (-36, 900, 522), (-18, 900, 522), (18, 864, 540), (-36, 900, 630), (-54, 882, 612), (-54, 900, 630), (-54, 882, 594), (-36, 882, 594), (-36, 864, 558), (-36, 900, 666), (-54, 918, 756), (-54, 864, 702)]	(9457, 10763, 9412, 10228, 11448, 9414, 4206, 10894, 5003, 6898, 5714, 6720, 4563, 10283, 7404, 7721, 12783, 19771, 14555, 9095, 16168, 14106, 12204, 1996)
o	1774279	(592, 80)	[(-36, 900, 630), (-54, 882, 612), (-54, 900, 630), (-54, 882, 594), (-36, 882, 594), (-36, 864, 558), (-36, 900, 666), (-54, 918, 756), (-54, 864, 702), (-144, 900, 504), (0, 972, 360), (-36, 936, 468), (36, 900, 594), (54, 954, 630), (72, 918, 612), (36, 972, 468), (-72, 990, 450), (-18, 936, 432), (18, 954, 396), (18, 990, 378), (18, 918, 324), (90, 918, 342), (36, 972, 486), (18, 1008, 522), (18, 990, 396)]	(9470, 10488, 9529, 10222, 11428, 9384, 4104, 8218, 5697, 6829, 5632, 6257, 4397, 6246, 7169, 7608, 11716, 19966, 17942, 9031, 16846, 14334, 12240, 1981)
u	1774636	(588, 163)	[(-36, 936, 468), (36, 900, 594), (54, 954, 630), (72, 918, 612), (36, 972, 468), (-72, 990, 450), (-18, 936, 432), (18, 954, 396), (18, 990, 378), (18, 918, 324), (90, 918, 342), (36, 972, 486), (18, 1008, 522), (18, 990, 396), (18, 990, 630), (0, 918, 414), (-18, 954, 378), (18, 918, 450), (36, 918, 468), (36, 936, 468), (18, 918, 486), (18, 954, 522), (36, 1026, 396), (-54, 972, 486), (-72, 990, 504)]	(9466, 10472, 9515, 10221, 11424, 9378, 4075, 8086, 5564, 6838, 5554, 6255, 4406, 6425, 7182, 7533, 11953, 19957, 17139, 9086, 16822, 14478, 12255, 1987)
n	1775028	(745, 161)	[(18, 990, 396), (18, 990, 630), (0, 918, 414), (-18, 954, 378), (18, 918, 450), (36, 918, 468), (36, 936, 468), (18, 918, 486), (18, 954, 522), (36, 1026, 396), (-54, 972, 486), (-72, 990, 504), (90, 918, 360), (90, 900, 612), (90, 882, 648), (90, 900, 630), (90, 882, 558), (72, 864, 576), (72, 900, 612), (54, 900, 630), (72, 936, 540), (18, 936, 594), (18, 918, 558), (36, 918, 540), (72, 900, 468)]	(9475, 10559, 9555, 10254, 11427, 9395, 4105, 8449, 5209, 6845, 5594, 6299, 4406, 8042, 7235, 7535, 12330, 19793, 15836, 9011, 16667, 14208, 12210, 1965)
d	1775546	(661, 326)	[(72, 900, 612), (54, 900, 630), (72, 936, 540), (18, 936, 594), (18, 918, 558), (36, 918, 540), (72, 900, 468), (54, 864, 432), (-36, 900, 504), (-36, 882, 540), (-18, 864, 576), (18, 882, 612), (0, 882, 594), (-72, 882, 594), (-72, 882, 576), (-36, 864, 612), (0, 864, 648), (0, 864, 648), (0, 846, 612), (-36, 864, 576), (0, 846, 630), (-36, 864, 648), (-18, 864, 720), (-36, 864, 666), (0, 846, 612)]	(9459, 10622, 9416, 10235, 11422, 9404, 4136, 10318, 5468, 6840, 5589, 6509, 4479, 8701, 7270, 7833, 12099, 19770, 14779, 9085, 16370, 14235, 12204, 1980)
s	1776105	(661, 371)	[(0, 846, 630), (-36, 864, 648), (-18, 864, 720), (-36, 864, 666), (0, 846, 612), (18, 846, 630), (36, 846, 648), (36, 846, 594), (18, 864, 594), (0, 864, 648), (-18, 846, 648), (0, 846, 630), (0, 864, 612), (0, 864, 612), (18, 846, 648), (0, 846, 630), (0, 846, 612), (-36, 864, 612), (18, 846, 630), (18, 846, 612), (18, 846, 630), (0, 846, 684), (-18, 882, 666), (0, 846, 666), (18, 828, 612)]	(9458, 10673, 9421, 10225, 11431, 9397, 4151, 9909, 5133, 6836, 5600, 6429, 4439, 8849, 7270, 7756, 12097, 19743, 14736, 9063, 16333, 14142, 12201, 1998)
 	1776445	(828, 291)	[(0, 846, 630), (0, 864, 612), (0, 864, 612), (18, 846, 648), (0, 846, 630), (0, 846, 612), (-36, 864, 612), (18, 846, 630), (18, 846, 612), (18, 846, 630), (0, 846, 684), (-18, 882, 666), (0, 846, 666), (18, 828, 612), (18, 846, 612), (18, 846, 576), (18, 864, 594), (-18, 882, 594), (-36, 882, 612), (-36, 882, 576), (-36, 864, 576), (-54, 882, 540), (-18, 882, 648), (-36, 864, 738), (18, 846, 774)]	(9478, 10741, 9440, 10255, 11447, 9410, 4193, 8999, 5032, 6838, 5655, 6442, 4521, 9819, 7363, 7712, 12558, 19742, 14843, 9030, 16417, 14128, 12187, 1983)
f	1776836	(644, 268)	[(18, 828, 612), (18, 846, 612), (18, 846, 576), (18, 864, 594), (-18, 882, 594), (-36, 882, 612), (-36, 882, 576), (-36, 864, 576), (-54, 882, 540), (-18, 882, 648), (-36, 864, 738), (18, 846, 774), (54, 828, 594), (0, 900, 540), (36, 900, 522), (54, 882, 522), (54, 882, 504), (36, 918, 540), (0, 918, 540), (-36, 936, 540), (-18, 954, 432), (-54, 918, 666), (-54, 936, 666), (-36, 900, 576), (0, 900, 468)]	(9475, 10712, 9404, 10275, 11434, 9401, 4175, 8814, 5151, 6835, 5667, 6378, 4495, 9374, 7328, 7596, 12902, 19775, 15500, 9024, 16501, 14160, 12199, 1984)
i	1777147	(585, 125)	[(-18, 882, 648), (-36, 864, 738), (18, 846, 774), (54, 828, 594), (0, 900, 540), (36, 900, 522), (54, 882, 522), (54, 882, 504), (36, 918, 540), (0, 918, 540), (-36, 936, 540), (-18, 954, 432), (-54, 918, 666), (-54, 936, 666), (-36, 900, 576), (0, 900, 468), (36, 864, 468), (0, 972, 396), (72, 918, 486), (108, 900, 504), (54, 936, 486), (-54, 990, 540), (-36, 972, 450), (-54, 972, 486), (-90, 1008, 486)]	(9472, 10490, 9432, 10236, 11424, 9388, 4138, 9464, 5401, 6852, 5721, 6337, 4424, 6464, 7194, 8501, 11902, 19889, 17439, 9028, 16761, 14339, 12211, 1985)
n	1777489	(737, 158)	[(-18, 954, 432), (-54, 918, 666), (-54, 936, 666), (-36, 900, 576), (0, 900, 468), (36, 864, 468), (0, 972, 396), (72, 918, 486), (108, 900, 504), (54, 936, 486), (-54, 990, 540), (-36, 972, 450), (-54, 972, 486), (-90, 1008, 486), (36, 936, 468), (108, 828, 576), (108, 864, 630), (108, 882, 684), (90, 900, 630), (90, 864, 576), (72, 864, 576), (36, 918, 558), (36, 936, 450), (18, 936, 558), (54, 918, 540)]	(9484, 10547, 9473, 10237, 11435, 9409, 4144, 9082, 5178, 6845, 5690, 6277, 4449, 7840, 7245, 7951, 12049, 19785, 15962, 8999, 16633, 14214, 12194, 1985)
e	1777997	(594, 348)	[(90, 864, 576), (72, 864, 576), (36, 918, 558), (36, 936, 450), (18, 936, 558), (54, 918, 540), (126, 846, 396), (-108, 882, 630), (-144, 918, 558), (-54, 918, 540), (-54, 918, 522), (-54, 918, 540), (-54, 900, 558), (-54, 900, 558), (-54, 900, 558), (-90, 918, 558), (-72, 918, 594), (-36, 900, 594), (18, 882, 558), (18, 900, 540), (-36, 900, 576), (-36, 900, 558), (0, 900, 558), (18, 882, 486), (18, 900, 504)]	(9460, 10666, 9345, 10245, 11431, 9385, 4182, 9444, 5463, 6858, 5743, 6530, 4519, 8728, 7296, 8002, 12094, 19714, 15041, 8964, 16211, 14034, 12165, 1997)
 	1778489	(806, 271)	[(18, 882, 558), (18, 900, 540), (-36, 900, 576), (-36, 900, 558), (0, 900, 558), (18, 882, 486), (18, 900, 504), (-54, 918, 612), (18, 882, 576), (18, 900, 612), (54, 882, 648), (54, 846, 630), (54, 882, 576), (54, 882, 558), (36, 882, 540), (54, 882, 540), (54, 864, 576), (72, 882, 576), (72, 846, 594), (18, 900, 612), (54, 900, 576), (18, 900, 684), (36, 864, 738), (54, 828, 648), (90, 828, 576)]	(9478, 10790, 9368, 10270, 11447, 9430, 4339, 8933, 5309, 6853, 5855, 6545, 4706, 9524, 7355, 7986, 12305, 19752, 14994, 9002, 16450, 14097, 12179, 1987)
f	1778847	(661, 265)	[(54, 882, 576), (54, 882, 558), (36, 882, 540), (54, 882, 540), (54, 864, 576), (72, 882, 576), (72, 846, 594), (18, 900, 612), (54, 900, 576), (18, 900, 684), (36, 864, 738), (54, 828, 648), (90, 828, 576), (-54, 936, 504), (72, 882, 576), (54, 900, 558), (18, 918, 522), (0, 918, 522), (-36, 918, 540), (0, 936, 540), (36, 954, 504), (18, 918, 612), (0, 918, 594), (0, 918, 576), (0, 918, 522)]	(9466, 10776, 9368, 10283, 11440, 9411, 4189, 9054, 5171, 6858, 5683, 6444, 4502, 9236, 7320, 7804, 12454, 19776, 15448, 9009, 16557, 14166, 12198, 1986)
o	1779240	(589, 88)	[(-54, 936, 504), (72, 882, 576), (54, 900, 558), (18, 918, 522), (0, 918, 522), (-36, 918, 540), (0, 936, 540), (36, 954, 504), (18, 918, 612), (0, 918, 594), (0, 918, 576), (0, 918, 522), (36, 864, 558), (-126, 990, 396), (-36, 954, 450), (36, 972, 378), (54, 972, 360), (54, 954, 378), (90, 918, 504), (36, 954, 486), (-36, 1026, 468), (90, 954, 378), (54, 990, 558), (90, 954, 522), (126, 954, 414)]	(9458, 10427, 9387, 10124, 11403, 9370, 4143, 9249, 5567, 6834, 5735, 6379, 4367, 6126, 7156, 8052, 11409, 19948, 17655, 9041, 16852, 14316, 12195, 1990)
r	1779648	(575, 316)	[(-126, 990, 396), (-36, 954, 450), (36, 972, 378), (54, 972, 360), (54, 954, 378), (90, 918, 504), (36, 954, 486), (-36, 1026, 468), (90, 954, 378), (54, 990, 558), (90, 954, 522), (126, 954, 414), (54, 1008, 612), (72, 864, 486), (-36, 900, 396), (-54, 936, 396), (-54, 954, 450), (18, 954, 576), (18, 918, 594), (18, 918, 558), (0, 936, 486), (0, 936, 414), (18, 936, 522), (-54, 954, 594), (36, 972, 594)]	(9440, 10500, 9344, 10148, 11400, 9341, 4106, 10117, 5650, 6829, 5583, 6416, 4335, 6733, 7190, 7948, 11599, 19821, 14952, 9105, 16440, 14256, 12217, 1995)
 	1780041	(841, 274)	[(72, 864, 486), (-36, 900, 396), (-54, 936, 396), (-54, 954, 450), (18, 954, 576), (18, 918, 594), (18, 918, 558), (0, 936, 486), (0, 936, 414), (18, 936, 522), (-54, 954, 594), (36, 972, 594), (36, 918, 522), (108, 846, 684), (108, 846, 666), (144, 846, 594), (144, 828, 594), (126, 846, 576), (90, 846, 576), (54, 882, 612), (54, 918, 522), (18, 918, 612), (36, 882, 684), (72, 846, 666), (108, 864, 630)]	(9470, 10653, 9365, 10186, 11431, 9380, 4157, 9100, 5050, 6827, 5565, 6283, 4396, 8017, 7244, 7840, 12004, 19787, 15055, 9083, 16603, 14205, 12198, 1987)
v	1780333	(732, 244)	[(0, 936, 414), (18, 936, 522), (-54, 954, 594), (36, 972, 594), (36, 918, 522), (108, 846, 684), (108, 846, 666), (144, 846, 594), (144, 828, 594), (126, 846, 576), (90, 846, 576), (54, 882, 612), (54, 918, 522), (18, 918, 612), (36, 882, 684), (72, 846, 666), (108, 864, 630), (90, 846, 594), (72, 954, 414), (54, 936, 414), (54, 990, 360), (72, 936, 486), (0, 954, 594), (0, 1008, 522), (36, 972, 486)]	(9475, 10658, 9348, 10189, 11427, 9377, 4132, 9240, 5102, 6831, 5573, 6370, 4385, 7730, 7227, 7735, 12026, 19780, 15273, 9048, 16506, 14145, 12208, 1996)
a	1780692	(668, 430)	[(54, 882, 612), (54, 918, 522), (18, 918, 612), (36, 882, 684), (72, 846, 666), (108, 864, 630), (90, 846, 594), (72, 954, 414), (54, 936, 414), (54, 990, 360), (72, 936, 486), (0, 954, 594), (0, 1008, 522), (36, 972, 486), (18, 954, 342), (18, 882, 612), (36, 846, 576), (36, 864, 540), (36, 864, 558), (-36, 900, 648), (54, 882, 630), (18, 882, 684), (18, 846, 702), (18, 828, 666), (36, 846, 576)]	(9433, 10820, 9263, 10171, 11423, 9390, 4350, 9606, 5302, 6845, 5636, 6681, 4412, 7141, 7228, 8031, 11795, 19812, 14866, 9143, 16360, 14148, 12210, 1989)
c	1780983	(753, 294)	[(54, 990, 360), (72, 936, 486), (0, 954, 594), (0, 1008, 522), (36, 972, 486), (18, 954, 342), (18, 882, 612), (36, 846, 576), (36, 864, 540), (36, 864, 558), (-36, 900, 648), (54, 882, 630), (18, 882, 684), (18, 846, 702), (18, 828, 666), (36, 846, 576), (0, 900, 540), (54, 882, 558), (72, 900, 630), (36, 918, 576), (0, 900, 612), (-36, 936, 630), (18, 918, 666), (36, 846, 612), (36, 828, 594)]	(9443, 10882, 9275, 10196, 11435, 9396, 4378, 9182, 5237, 6852, 5638, 6671, 4454, 8465, 7270, 7949, 12065, 19762, 14870, 9077, 16301, 14106, 12194, 1958)
a	1781326	(662, 429)	[(54, 882, 630), (18, 882, 684), (18, 846, 702), (18, 828, 666), (36, 846, 576), (0, 900, 540), (54, 882, 558), (72, 900, 630), (36, 918, 576), (0, 900, 612), (-36, 936, 630), (18, 918, 666), (36, 846, 612), (36, 828, 594), (-36, 864, 630), (36, 882, 504), (0, 882, 522), (0, 900, 540), (-18, 900, 594), (36, 864, 558), (36, 900, 594), (0, 864, 702), (18, 828, 666), (0, 828, 576), (72, 828, 558)]	(9430, 10785, 9261, 10165, 11425, 9384, 4391, 9778, 5483, 6842, 5667, 6878, 4463, 8009, 7245, 8160, 11860, 19772, 14835, 9099, 16300, 14072, 12190, 1987)
t	1781635	(596, 266)	[(0, 900, 612), (-36, 936, 630), (18, 918, 666), (36, 846, 612), (36, 828, 594), (-36, 864, 630), (36, 882, 504), (0, 882, 522), (0, 900, 540), (-18, 900, 594), (36, 864, 558), (36, 900, 594), (0, 864, 702), (18, 828, 666), (0, 828, 576), (72, 828, 558), (108, 918, 522), (54, 900, 612), (72, 900, 630), (18, 918, 504), (0, 990, 432), (18, 918, 522), (54, 882, 612), (36, 936, 612), (18, 918, 576)]	(9462, 10790, 9290, 10255, 11444, 9400, 4468, 8755, 5632, 6848, 5693, 6721, 4445, 7566, 7226, 7951, 12165, 19860, 16719, 9073, 16739, 14230, 12212, 1991)
i	1782027	(575, 126)	[(18, 828, 666), (0, 828, 576), (72, 828, 558), (108, 918, 522), (54, 900, 612), (72, 900, 630), (18, 918, 504), (0, 990, 432), (18, 918, 522), (54, 882, 612), (36, 936, 612), (18, 918, 576), (36, 918, 522), (54, 936, 432), (90, 918, 468), (72, 990, 450), (36, 990, 432), (36, 954, 414), (0, 972, 486), (36, 972, 522), (54, 972, 324), (54, 954, 540), (36, 954, 540), (54, 954, 432), (36, 936, 306)]	(9484, 10411, 9215, 10153, 11410, 9353, 4157, 8339, 6161, 6845, 6118, 6413, 4512, 6201, 7220, 10859, 11428, 19757, 17071, 8972, 16466, 14113, 12170, 1984)
o	1782269	(578, 71)	[(18, 918, 504), (0, 990, 432), (18, 918, 522), (54, 882, 612), (36, 936, 612), (18, 918, 576), (36, 918, 522), (54, 936, 432), (90, 918, 468), (72, 990, 450), (36, 990, 432), (36, 954, 414), (0, 972, 486), (36, 972, 522), (54, 972, 324), (54, 954, 540), (36, 954, 540), (54, 954, 432), (36, 936, 306), (90, 936, 468), (54, 954, 414), (126, 972, 396), (36, 972, 720), (36, 990, 540), (54, 972, 306)]	(9494, 10393, 9199, 10156, 11391, 9363, 4143, 6673, 6677, 6813, 5905, 6343, 4554, 6179, 7222, 11385, 11382, 19789, 17296, 9013, 16505, 14176, 12167, 1977)
n	1782678	(747, 161)	[(54, 972, 324), (54, 954, 540), (36, 954, 540), (54, 954, 432), (36, 936, 306), (90, 936, 468), (54, 954, 414), (126, 972, 396), (36, 972, 720), (36, 990, 540), (54, 972, 306), (108, 954, 306), (90, 936, 504), (126, 864, 540), (144, 864, 594), (144, 900, 540), (108, 900, 504), (108, 918, 540), (108, 900, 594), (108, 882, 540), (108, 900, 468), (108, 900, 450), (72, 918, 468), (108, 918, 558), (108, 918, 522)]	(9467, 10461, 9230, 10180, 11415, 9375, 4244, 9807, 5919, 6850, 5894, 6406, 4522, 6739, 7242, 9430, 11595, 19785, 16151, 9014, 16573, 14138, 12182, 1981)
n	1783945	(729, 156)	[(0, 846, 504), (18, 882, 540), (-36, 918, 558), (-36, 936, 522), (36, 882, 540), (36, 828, 630), (36, 864, 684), (36, 846, 702), (18, 774, 774), (0, 756, 792), (36, 846, 756), (36, 882, 630), (18, 882, 576), (36, 864, 558), (54, 864, 540), (54, 882, 540), (36, 900, 540), (0, 900, 540), (54, 900, 558), (54, 864, 576), (72, 900, 558), (54, 918, 486), (90, 900, 468), (54, 900, 558), (36, 918, 594)]	(9459, 10647, 9239, 10192, 11433, 9393, 4328, 9240, 5698, 6836, 5754, 6669, 4481, 7053, 7216, 8757, 11730, 19806, 16620, 9015, 16644, 14113, 12182, 1990)
o	1784352	(581, 82)	[(54, 864, 540), (54, 882, 540), (36, 900, 540), (0, 900, 540), (54, 900, 558), (54, 864, 576), (72, 900, 558), (54, 918, 486), (90, 900, 468), (54, 900, 558), (36, 918, 594), (90, 846, 504), (36, 918, 504), (72, 864, 450), (72, 882, 486), (36, 972, 468), (18, 972, 468), (36, 918, 468), (18, 954, 522), (36, 1026, 468), (-144, 954, 432), (-54, 990, 432), (72, 990, 504), (-36, 972, 576), (-36, 1026, 450)]	(9476, 10381, 9186, 10110, 11397, 9335, 4095, 8823, 6167, 6834, 5724, 6295, 4435, 6151, 7190, 9895, 11400, 19823, 17445, 9004, 16484, 14142, 12169, 1981)
t	1784743	(583, 265)	[(72, 864, 450), (72, 882, 486), (36, 972, 468), (18, 972, 468), (36, 918, 468), (18, 954, 522), (36, 1026, 468), (-144, 954, 432), (-54, 990, 432), (72, 990, 504), (-36, 972, 576), (-36, 1026, 450), (108, 882, 720), (36, 900, 468), (18, 918, 414), (90, 900, 486), (54, 918, 558), (36, 936, 558), (18, 918, 522), (54, 954, 378), (72, 882, 630), (18, 972, 684), (54, 972, 594), (54, 972, 414), (36, 972, 342)]	(9446, 10476, 9215, 10131, 11394, 9333, 4151, 10296, 6062, 6833, 5606, 6648, 4426, 6744, 7187, 8382, 11727, 19765, 15329, 9040, 16185, 14218, 12200, 1985)
 	1785099	(831, 268)	[(-36, 1026, 450), (108, 882, 720), (36, 900, 468), (18, 918, 414), (90, 900, 486), (54, 918, 558), (36, 936, 558), (18, 918, 522), (54, 954, 378), (72, 882, 630), (18, 972, 684), (54, 972, 594), (54, 972, 414), (36, 972, 342), (162, 774, 666), (144, 828, 576), (108, 828, 540), (126, 828, 576), (90, 864, 684), (126, 846, 612), (90, 846, 702), (72, 846, 648), (90, 828, 648), (108, 828, 576), (90, 864, 540)]	(9464, 10717, 9236, 10164, 11418, 9384, 4178, 9432, 5478, 6833, 5651, 6452, 4452, 8389, 7267, 7973, 12248, 19741, 15228, 9026, 16348, 14025, 12179, 1973)
v	1785389	(742, 239)	[(54, 954, 378), (72, 882, 630), (18, 972, 684), (54, 972, 594), (54, 972, 414), (36, 972, 342), (162, 774, 666), (144, 828, 576), (108, 828, 540), (126, 828, 576), (90, 864, 684), (126, 846, 612), (90, 846, 702), (72, 846, 648), (90, 828, 648), (108, 828, 576), (90, 864, 540), (90, 882, 540), (144, 882, 504), (126, 864, 486), (90, 900, 486), (90, 900, 558), (36, 918, 630), (54, 918, 648), (72, 864, 522)]	(9467, 10730, 9250, 10178, 11427, 9359, 4237, 9557, 5515, 6852, 5699, 6519, 4489, 8284, 7275, 8010, 12355, 19770, 15653, 9036, 16415, 14053, 12182, 1985)
e	1785729	(587, 345)	[(126, 846, 612), (90, 846, 702), (72, 846, 648), (90, 828, 648), (108, 828, 576), (90, 864, 540), (90, 882, 540), (144, 882, 504), (126, 864, 486), (90, 900, 486), (90, 900, 558), (36, 918, 630), (54, 918, 648), (72, 864, 522), (54, 900, 612), (90, 882, 504), (108, 882, 504), (90, 900, 540), (72, 900, 558), (54, 936, 504), (72, 936, 522), (108, 864, 648), (144, 882, 684), (108, 864, 594), (108, 882, 486)]	(9462, 10709, 9245, 10159, 11420, 9362, 4202, 9907, 5596, 6848, 5664, 6588, 4445, 7925, 7254, 7984, 12277, 19787, 16046, 9024, 16406, 14082, 12185, 1978)
r	1785967	(580, 311)	[(90, 882, 540), (144, 882, 504), (126, 864, 486), (90, 900, 486), (90, 900, 558), (36, 918, 630), (54, 918, 648), (72, 864, 522), (54, 900, 612), (90, 882, 504), (108, 882, 504), (90, 900, 540), (72, 900, 558), (54, 936, 504), (72, 936, 522), (108, 864, 648), (144, 882, 684), (108, 864, 594), (108, 882, 486), (90, 918, 522), (36, 936, 522), (54, 936, 522), (54, 882, 612), (72, 882, 612), (54, 918, 540)]	(9452, 10667, 9242, 10154, 11415, 9358, 4200, 9985, 5653, 6856, 5669, 6595, 4424, 7321, 7225, 7893, 12282, 19834, 16608, 9038, 16558, 14149, 12207, 1991)
y	1786272	(575, 213)	[(90, 882, 504), (108, 882, 504), (90, 900, 540), (72, 900, 558), (54, 936, 504), (72, 936, 522), (108, 864, 648), (144, 882, 684), (108, 864, 594), (108, 882, 486), (90, 918, 522), (36, 936, 522), (54, 936, 522), (54, 882, 612), (72, 882, 612), (54, 918, 540), (90, 918, 540), (36, 936, 468), (72, 936, 468), (72, 972, 432), (90, 954, 558), (18, 954, 558), (18, 990, 486), (36, 954, 396), (54, 954, 360)]	(9461, 10524, 9226, 10155, 11389, 9356, 4211, 10452, 5823, 6846, 5617, 6638, 4406, 6630, 7196, 7836, 12089, 19906, 17220, 9069, 16681, 14265, 12223, 1991)
 	1786665	(833, 292)	[(54, 882, 612), (72, 882, 612), (54, 918, 540), (90, 918, 540), (36, 936, 468), (72, 936, 468), (72, 972, 432), (90, 954, 558), (18, 954, 558), (18, 990, 486), (36, 954, 396), (54, 954, 360), (36, 1008, 558), (126, 864, 558), (144, 828, 576), (90, 810, 522), (180, 846, 522), (144, 846, 612), (126, 828, 666), (72, 828, 684), (72, 882, 630), (72, 918, 504), (72, 882, 558), (54, 882, 630), (72, 846, 666)]	(9460, 10685, 9239, 10154, 11414, 9356, 4233, 8946, 5500, 6815, 5574, 6298, 4407, 7623, 7239, 7785, 12239, 19800, 14984, 9088, 16480, 14197, 12209, 2002)
g	1787023	(646, 234)	[(36, 1008, 558), (126, 864, 558), (144, 828, 576), (90, 810, 522), (180, 846, 522), (144, 846, 612), (126, 828, 666), (72, 828, 684), (72, 882, 630), (72, 918, 504), (72, 882, 558), (54, 882, 630), (72, 846, 666), (72, 882, 612), (72, 918, 540), (72, 954, 414), (72, 936, 450), (72, 936, 486), (36, 918, 504), (18, 1008, 342), (36, 936, 504), (18, 936, 576), (36, 936, 522), (36, 918, 450), (72, 882, 468)]	(9460, 10639, 9226, 10159, 11411, 9364, 4241, 9307, 5604, 6849, 5621, 6448, 4356, 6856, 7205, 7664, 12201, 19874, 16481, 9075, 16686, 14243, 12221, 1991)
o	1787363	(598, 76)	[(54, 882, 630), (72, 846, 666), (72, 882, 612), (72, 918, 540), (72, 954, 414), (72, 936, 450), (72, 936, 486), (36, 918, 504), (18, 1008, 342), (36, 936, 504), (18, 936, 576), (36, 936, 522), (36, 918, 450), (72, 882, 468), (18, 954, 396), (0, 990, 360), (0, 954, 378), (18, 936, 450), (18, 990, 558), (18, 972, 612), (90, 972, 414), (36, 972, 666), (54, 972, 666), (72, 954, 540), (36, 972, 414)]	(9485, 10391, 9191, 10131, 11390, 9319, 4081, 8049, 6328, 6834, 5552, 6169, 4369, 6270, 7170, 7618, 11967, 19948, 17702, 9125, 16809, 14512, 12247, 1992)
o	1787652	(576, 95)	[(36, 936, 504), (18, 936, 576), (36, 936, 522), (36, 918, 450), (72, 882, 468), (18, 954, 396), (0, 990, 360), (0, 954, 378), (18, 936, 450), (18, 990, 558), (18, 972, 612), (90, 972, 414), (36, 972, 666), (54, 972, 666), (72, 954, 540), (36, 972, 414), (72, 918, 450), (36, 954, 432), (36, 954, 468), (72, 918, 504), (72, 918, 522), (36, 1026, 342), (72, 954, 414), (-36, 1008, 558), (18, 1026, 396)]	(9479, 10380, 9184, 10105, 11390, 9294, 4091, 7693, 6405, 6797, 5539, 6153, 4363, 6219, 7156, 7432, 11761, 19928, 17637, 9061, 16737, 14428, 12241, 1983)
d	1788108	(667, 333)	[(72, 918, 450), (36, 954, 432), (36, 954, 468), (72, 918, 504), (72, 918, 522), (36, 1026, 342), (72, 954, 414), (-36, 1008, 558), (18, 1026, 396), (18, 1062, 306), (144, 756, 666), (72, 810, 612), (54, 846, 666), (0, 882, 774), (18, 864, 738), (18, 882, 630), (54, 882, 594), (36, 846, 594), (0, 864, 576), (18, 900, 612), (36, 882, 594), (0, 864, 648), (0, 882, 648), (18, 882, 576), (90, 828, 504)]	(9422, 10554, 9182, 10065, 11389, 9312, 4191, 10125, 5873, 6802, 5587, 6661, 4390, 6626, 7189, 7744, 11735, 19825, 14871, 9138, 16412, 14278, 12225, 1985)
