Please hold the phone in both hands. At each letter you will be instructed which thumb to use
left	e	442269	(571, 340)	[(-72, 468, 936), (-72, 468, 936), (-54, 468, 954), (-54, 486, 936), (-72, 486, 936), (-54, 486, 918), (-72, 468, 918), (-54, 486, 918), (-72, 468, 936), (-72, 468, 954), (-72, 486, 936), (-90, 468, 954), (-72, 486, 864), (-54, 504, 918), (-36, 486, 918), (-54, 522, 918), (-54, 522, 882), (18, 522, 882), (-18, 540, 882), (-36, 504, 900), (-36, 522, 900), (-18, 522, 918), (-36, 540, 900), (-36, 540, 918), (0, 540, 846)]	(9488, 10991, 9351, 9935, 12465, 10954, 4583, 6900, 5897, 7172, 6457, 6428, 4730, 6625, 7228, 9575, 11548, 19641, 14259, 8970, 15496, 13932, 12155, 1982)
left	b	443703	(752, 187)	[(-36, 522, 900), (-54, 522, 900), (-54, 522, 900), (-54, 504, 918), (-18, 522, 882), (-36, 522, 882), (-54, 504, 918), (-72, 486, 954), (-90, 504, 918), (-54, 522, 936), (-36, 504, 918), (-72, 522, 918), (-54, 522, 918), (-36, 540, 864), (-18, 540, 864), (-18, 540, 864), (18, 540, 882), (18, 558, 900), (18, 558, 918), (18, 540, 900), (0, 540, 882), (0, 522, 882), (18, 540, 900), (18, 540, 882), (36, 540, 846)]	(9479, 11503, 9395, 9943, 12132, 10816, 4640, 7496, 4335, 7029, 6281, 6300, 4643, 6304, 7166, 8375, 11427, 19735, 14844, 9035, 16565, 14200, 12171, 1979)
right	j	445021	(675, 161)	[(-54, 522, 900), (-36, 522, 882), (-54, 522, 900), (-54, 522, 918), (-72, 504, 918), (-72, 504, 918), (-72, 522, 900), (-54, 522, 918), (-54, 540, 882), (-54, 522, 900), (-72, 504, 918), (-72, 522, 918), (-72, 522, 900), (-72, 522, 918), (-72, 504, 900), (-72, 522, 918), (-90, 504, 900), (-72, 522, 882), (-72, 504, 864), (-72, 504, 900), (-72, 522, 918), (-72, 522, 900), (-90, 504, 882), (-72, 522, 900), (-90, 504, 918)]	(9453, 11827, 9387, 9931, 11845, 10361, 5040, 9242, 6124, 6977, 6649, 6441, 4747, 6875, 7213, 9783, 11476, 19700, 14323, 9073, 15814, 14009, 12166, 1980)
left	y	446608	(594, 200)	[(-54, 522, 900), (-72, 504, 918), (-54, 522, 900), (-54, 522, 900), (-72, 504, 936), (-72, 504, 918), (-36, 522, 882), (-54, 522, 900), (-54, 504, 918), (-54, 540, 918), (-54, 504, 954), (-72, 522, 918), (-72, 522, 918), (-108, 540, 864), (-72, 540, 864), (-36, 576, 882), (0, 576, 882), (18, 594, 828), (36, 594, 846), (36, 594, 846), (36, 594, 900), (36, 612, 846), (18, 612, 864), (36, 594, 846), (54, 594, 864)]	(9481, 11645, 9402, 9926, 12087, 10985, 4727, 6487, 5213, 7056, 6247, 6366, 4680, 6210, 7161, 8271, 11378, 19765, 14557, 9076, 16411, 14390, 12202, 1990)
right	g	448207	(646, 241)	[(-18, 576, 864), (0, 576, 846), (0, 594, 900), (-36, 576, 846), (0, 594, 864), (18, 594, 882), (0, 612, 864), (18, 576, 882), (0, 594, 864), (18, 594, 864), (-36, 576, 864), (-18, 594, 882), (-36, 594, 864), (-36, 594, 846), (-54, 594, 846), (-54, 576, 864), (-72, 594, 864), (-72, 612, 864), (-54, 612, 810), (-72, 594, 828), (-54, 594, 846), (-72, 594, 918), (-90, 594, 846), (-54, 594, 882), (-54, 594, 918)]	(9437, 12032, 9444, 9904, 11717, 10160, 5784, 8612, 5427, 6938, 6665, 6355, 4705, 6340, 7185, 8996, 11433, 19785, 14424, 9153, 16139, 14320, 12200, 1995)
left	f	449524	(660, 274)	[(-54, 540, 900), (-54, 540, 900), (-54, 558, 900), (-54, 558, 864), (-36, 558, 900), (-54, 558, 900), (-36, 558, 900), (0, 594, 846), (-36, 558, 864), (-36, 558, 864), (-18, 558, 882), (-36, 558, 864), (-36, 558, 882), (0, 558, 864), (-18, 576, 864), (0, 576, 864), (0, 576, 864), (-18, 576, 882), (-18, 576, 882), (-18, 576, 882), (0, 558, 882), (0, 576, 846), (-18, 576, 864), (0, 576, 882), (0, 576, 882)]	(9463, 11229, 9312, 9887, 11969, 10663, 4968, 7106, 5487, 7024, 6790, 6367, 4710, 6280, 7180, 9075, 11393, 19696, 14400, 9068, 16207, 14264, 12163, 1982)
left	z	450861	(739, 358)	[(-36, 558, 882), (-36, 558, 882), (0, 576, 882), (-36, 558, 936), (-36, 558, 918), (-54, 558, 900), (-54, 540, 882), (-54, 522, 900), (-72, 522, 918), (-108, 504, 936), (-90, 522, 918), (-72, 540, 846), (-72, 540, 846), (-72, 522, 882), (-72, 522, 900), (-54, 540, 900), (-54, 540, 900), (-54, 522, 900), (-72, 540, 900), (-54, 522, 918), (-72, 522, 918), (-72, 522, 918), (-72, 522, 882), (-72, 522, 900), (-72, 522, 900)]	(9448, 11597, 9331, 9907, 11910, 10605, 5189, 8377, 5645, 7029, 6849, 6387, 4700, 6426, 7202, 9430, 11388, 19717, 14311, 9113, 15892, 14130, 12180, 1990)
left	k	452388	(666, 111)	[(-72, 504, 936), (-72, 522, 900), (-72, 522, 882), (-72, 540, 954), (-72, 540, 918), (-90, 540, 900), (-72, 558, 864), (-36, 558, 900), (0, 576, 882), (0, 612, 810), (18, 612, 846), (0, 612, 846), (36, 612, 864), (36, 594, 864), (54, 612, 810), (72, 612, 846), (54, 594, 846), (72, 612, 846), (72, 612, 864), (72, 594, 846), (72, 594, 864), (72, 612, 864), (90, 612, 864), (90, 594, 846), (72, 612, 846)]	(9503, 11143, 9348, 9952, 12050, 11093, 4712, 6223, 4471, 7049, 6285, 6300, 4605, 6118, 7150, 8008, 11275, 19778, 15035, 9035, 16848, 14363, 12204, 1980)
left	v	453822	(726, 229)	[(0, 540, 936), (-36, 540, 936), (-36, 558, 936), (-36, 522, 900), (-54, 540, 882), (-72, 540, 846), (-54, 540, 846), (-54, 540, 864), (-54, 540, 882), (-36, 558, 882), (-36, 540, 900), (-54, 558, 864), (-18, 558, 900), (-18, 540, 918), (-36, 558, 882), (-54, 540, 882), (0, 540, 882), (-36, 540, 882), (-18, 558, 882), (-36, 558, 882), (18, 576, 882), (0, 576, 900), (0, 558, 882), (0, 576, 864), (36, 576, 864)]	(9460, 11364, 9317, 9915, 11872, 10700, 5007, 7849, 5390, 7020, 6756, 6377, 4741, 6290, 7184, 9067, 11446, 19756, 14536, 9095, 16450, 14339, 12190, 1980)
right	x	455439	(745, 337)	[(-36, 540, 882), (-54, 540, 882), (-36, 540, 918), (-72, 540, 900), (-36, 558, 882), (-54, 540, 864), (-54, 540, 936), (-54, 540, 900), (-54, 522, 918), (-108, 540, 900), (-72, 540, 882), (-54, 540, 864), (-72, 540, 882), (-90, 558, 900), (-90, 558, 864), (-90, 540, 846), (-90, 540, 900), (-108, 558, 900), (-90, 558, 864), (-108, 558, 846), (-108, 558, 882), (-108, 558, 900), (-90, 558, 900), (-108, 558, 864), (-90, 558, 882)]	(9469, 12304, 9722, 9925, 11669, 9637, 4591, 8932, 4809, 6835, 5918, 6538, 4653, 6482, 7183, 8569, 11432, 19775, 14315, 9188, 16008, 14155, 12194, 1989)
right	f	456713	(665, 283)	[(-72, 540, 864), (-72, 540, 882), (-90, 522, 900), (-72, 522, 918), (-90, 540, 900), (-54, 540, 882), (-54, 540, 864), (-72, 522, 918), (-72, 540, 918), (-72, 558, 882), (-72, 540, 882), (-90, 540, 900), (-90, 540, 900), (-90, 540, 900), (-54, 540, 864), (-72, 540, 864), (-90, 558, 882), (-72, 558, 900), (-90, 540, 918), (-108, 558, 900), (-90, 558, 882), (-90, 558, 882), (-90, 540, 864), (-90, 576, 900), (-90, 558, 900)]	(9471, 12212, 9616, 9948, 11901, 9795, 5244, 8732, 4993, 6921, 6299, 6352, 4735, 6615, 7186, 8863, 11518, 19741, 14299, 9141, 15965, 14144, 12197, 1989)
left	d	457981	(647, 321)	[(-72, 540, 900), (-90, 540, 900), (-90, 540, 900), (-72, 540, 882), (-72, 558, 864), (-72, 540, 900), (-72, 540, 936), (-72, 540, 882), (-54, 540, 864), (-36, 540, 918), (-18, 558, 900), (0, 576, 900), (0, 558, 864), (18, 540, 864), (0, 540, 900), (-36, 540, 918), (-18, 540, 900), (-18, 558, 900), (-36, 540, 900), (-36, 540, 882), (-36, 558, 864), (0, 558, 882), (-36, 540, 900), (0, 558, 882), (0, 576, 882)]	(9480, 11048, 9331, 9909, 12296, 10005, 4885, 7774, 5016, 6916, 6513, 6353, 4750, 6443, 7183, 9028, 11502, 19699, 14310, 9092, 16026, 14152, 12160, 1984)
left	l	459416	(669, 52)	[(-54, 540, 900), (-54, 540, 918), (-54, 540, 900), (-54, 540, 918), (-54, 540, 918), (-72, 540, 882), (-54, 540, 864), (-72, 522, 900), (-54, 576, 810), (54, 576, 774), (90, 630, 828), (144, 612, 846), (72, 630, 810), (72, 612, 864), (90, 594, 918), (72, 576, 936), (72, 576, 918), (90, 594, 882), (72, 594, 846), (108, 612, 846), (90, 576, 846), (90, 594, 846), (90, 594, 846), (108, 612, 828), (144, 612, 792)]	(9547, 10949, 9360, 9915, 13665, 10457, 4509, 6058, 4025, 7018, 6052, 6413, 4578, 6096, 7135, 7640, 11285, 19803, 15448, 8976, 16945, 14275, 12203, 1983)
right	l	461063	(589, 305)	[(-36, 576, 882), (-18, 576, 882), (-36, 558, 900), (18, 576, 882), (0, 576, 846), (0, 594, 846), (0, 594, 846), (0, 594, 918), (0, 594, 900), (-54, 576, 828), (0, 576, 828), (36, 594, 846), (54, 612, 846), (18, 612, 828), (-54, 612, 828), (-72, 612, 846), (-144, 612, 882), (-144, 648, 864), (-126, 612, 846), (-108, 630, 810), (-108, 612, 774), (-126, 612, 828), (-144, 612, 828), (-144, 612, 828), (-126, 612, 864)]	(9412, 12173, 9646, 9918, 11695, 9731, 5958, 8365, 5466, 6899, 6347, 6547, 4692, 7386, 7261, 9202, 11695, 19754, 14311, 9118, 15698, 14105, 12202, 1996)
right	a	464004	(668, 426)	[(-108, 486, 936), (-108, 486, 918), (-108, 486, 900), (-90, 504, 882), (-90, 504, 918), (-90, 504, 900), (-90, 486, 918), (-108, 486, 918), (-90, 486, 918), (-90, 504, 936), (-90, 486, 972), (-54, 486, 936), (-90, 558, 882), (-90, 540, 774), (-144, 522, 774), (-162, 522, 900), (-216, 522, 954), (-144, 540, 900), (-162, 558, 882), (-198, 540, 900), (-180, 558, 828), (-198, 558, 828), (-234, 558, 900), (-216, 576, 864), (-234, 576, 810)]	(9527, 12825, 10348, 10020, 11643, 9557, 4361, 5903, 4347, 6759, 5598, 6288, 4750, 6326, 7185, 8299, 11373, 19758, 14263, 9193, 15786, 13815, 12192, 1983)
left	n	466161	(748, 154)	[(-54, 558, 864), (-54, 558, 900), (-54, 558, 900), (-54, 558, 882), (-54, 540, 864), (-90, 540, 846), (-90, 540, 864), (-90, 540, 900), (-90, 558, 918), (-36, 540, 954), (-18, 576, 900), (18, 594, 900), (0, 594, 864), (0, 576, 846), (-36, 612, 810), (0, 612, 810), (36, 630, 828), (18, 630, 828), (18, 630, 828), (18, 612, 846), (18, 630, 846), (0, 630, 864), (36, 630, 828), (36, 630, 828), (36, 612, 828)]	(9478, 11025, 9294, 9868, 13177, 9774, 5098, 7142, 5089, 6947, 6406, 6741, 4681, 6130, 7159, 7541, 11276, 19841, 15141, 9068, 17049, 14205, 12207, 1988)
right	k	468095	(667, 100)	[(-36, 612, 864), (-36, 576, 864), (-36, 594, 882), (0, 594, 864), (0, 594, 864), (-36, 594, 864), (0, 576, 882), (0, 594, 846), (18, 612, 864), (-18, 594, 882), (0, 594, 864), (0, 594, 828), (18, 612, 846), (-18, 594, 846), (0, 594, 864), (0, 594, 864), (0, 594, 864), (18, 594, 846), (18, 612, 846), (0, 612, 846), (0, 612, 864), (-18, 594, 846), (0, 594, 864), (0, 594, 846), (18, 594, 864)]	(9481, 10842, 9237, 9849, 13541, 9752, 4858, 8364, 5198, 6998, 6538, 6719, 4698, 6196, 7156, 8328, 11268, 19796, 14794, 9148, 16880, 14213, 12185, 1975)
left	d	469634	(654, 318)	[(-72, 558, 882), (-72, 576, 882), (-108, 540, 918), (-90, 540, 918), (-72, 576, 882), (-72, 594, 882), (-72, 594, 864), (-72, 594, 864), (-54, 594, 900), (-72, 612, 900), (-54, 648, 882), (-36, 630, 846), (-36, 630, 792), (18, 648, 738), (-36, 648, 720), (-54, 648, 738), (-54, 648, 756), (-36, 648, 774), (-54, 648, 774), (-36, 648, 810), (-18, 648, 828), (0, 666, 846), (0, 648, 864), (-36, 648, 810), (18, 666, 792)]	(9440, 11247, 9263, 9848, 12550, 9739, 5691, 7070, 5176, 6933, 6803, 6750, 4793, 6252, 7176, 8658, 11299, 19745, 14358, 9162, 16170, 14097, 12189, 1983)
left	p	471646	(575, 30)	[(72, 522, 468), (90, 576, 180), (-54, 702, 270), (-108, 774, 324), (-90, 846, 252), (-36, 864, 360), (18, 900, 486), (-126, 990, 468), (-54, 990, 522), (144, 900, 504), (216, 972, 468), (90, 936, 468), (18, 954, 432), (54, 936, 396), (54, 900, 378), (72, 954, 378), (90, 954, 360), (90, 972, 396), (72, 954, 396), (108, 954, 396), (108, 972, 414), (90, 972, 396), (90, 990, 360), (144, 972, 324), (72, 972, 414)]	(9531, 12484, 10670, 10099, 11828, 9784, 4398, 6966, 3885, 6771, 5750, 6131, 4602, 6032, 7120, 7395, 11230, 19931, 16778, 9014, 17481, 14190, 12237, 1984)
right	m	472979	(733, 109)	[(-72, 900, 540), (-72, 918, 576), (-54, 918, 558), (-54, 900, 486), (-36, 918, 468), (-36, 900, 576), (-54, 900, 576), (-36, 918, 504), (-72, 918, 504), (-54, 918, 522), (-72, 918, 540), (-54, 918, 540), (-72, 918, 522), (-72, 918, 522), (-54, 900, 558), (-72, 900, 558), (-72, 900, 558), (-72, 918, 504), (-72, 918, 540), (-72, 900, 522), (-72, 900, 540), (-72, 918, 540), (-90, 918, 522), (-72, 918, 522), (-72, 900, 522)]	(9439, 11962, 9310, 9849, 11929, 9620, 6061, 7703, 4825, 6855, 6455, 6149, 4566, 6344, 7171, 9211, 11539, 19822, 14534, 9148, 16629, 14559, 12227, 1965)
left	o	474834	(582, 74)	[(-36, 972, 522), (18, 954, 468), (0, 972, 414), (54, 918, 360), (-18, 972, 396), (18, 972, 414), (18, 954, 414), (18, 972, 396), (0, 972, 432), (36, 972, 432), (36, 972, 414), (36, 972, 414), (36, 972, 414), (0, 954, 414), (18, 972, 414), (18, 972, 396), (36, 972, 414), (18, 972, 414), (18, 972, 414), (36, 972, 414), (36, 972, 414), (18, 972, 414), (18, 972, 414), (36, 972, 396), (36, 972, 396)]	(9534, 11973, 9573, 9919, 13847, 10168, 4513, 6243, 3958, 7188, 5832, 6149, 4560, 6034, 7109, 7669, 11176, 19856, 15244, 9022, 17235, 14680, 12245, 1968)
left	t	476317	(578, 247)	[(-54, 954, 468), (-54, 972, 432), (-36, 972, 432), (-36, 954, 450), (-54, 954, 468), (-54, 954, 468), (-54, 954, 450), (-54, 954, 450), (-54, 954, 450), (-36, 972, 432), (-36, 954, 450), (-54, 954, 468), (-54, 954, 468), (-36, 954, 450), (-18, 972, 432), (-18, 954, 432), (-36, 954, 432), (-36, 936, 450), (-36, 972, 450), (-36, 954, 468), (-54, 954, 450), (-36, 954, 450), (-36, 972, 432), (-36, 972, 396), (-36, 972, 432)]	(9535, 12184, 9574, 9910, 12522, 10012, 4720, 6213, 4168, 6999, 5970, 6099, 4575, 6168, 7142, 8258, 11481, 19832, 14701, 9137, 16916, 14856, 12265, 1978)
right	z	477736	(732, 405)	[(-54, 972, 468), (-72, 954, 450), (-54, 972, 450), (-54, 972, 468), (-36, 954, 432), (-54, 954, 414), (-54, 954, 414), (-54, 954, 432), (-54, 954, 432), (-54, 954, 432), (-36, 972, 414), (-36, 972, 432), (-72, 954, 432), (-54, 972, 378), (-36, 990, 414), (-54, 972, 468), (-36, 954, 540), (-54, 954, 522), (-216, 1008, 288), (18, 900, 432), (-36, 936, 504), (0, 954, 486), (-54, 972, 360), (-54, 954, 342), (-144, 954, 396)]	(9571, 12550, 10231, 9950, 11577, 9449, 4292, 5978, 4591, 6781, 5557, 5988, 4373, 6078, 7125, 7615, 11149, 19803, 14489, 9115, 16580, 13748, 12195, 1980)
left	o	479223	(586, 71)	[(-126, 900, 486), (-108, 936, 414), (36, 990, 396), (72, 1044, 432), (90, 972, 486), (36, 954, 468), (54, 936, 486), (36, 936, 486), (0, 954, 468), (0, 972, 450), (18, 954, 468), (36, 972, 468), (36, 954, 468), (36, 954, 432), (36, 954, 432), (54, 954, 468), (36, 954, 450), (36, 954, 432), (36, 972, 414), (18, 954, 432), (18, 972, 450), (36, 954, 450), (36, 972, 432), (36, 954, 450), (36, 972, 396)]	(9500, 11333, 9391, 9870, 14204, 9857, 4791, 6866, 4176, 7056, 6334, 6340, 4656, 6080, 7149, 8451, 11205, 19801, 15285, 8927, 16922, 14331, 12233, 1975)
right	z	480664	(728, 391)	[(-36, 954, 450), (-36, 954, 468), (-36, 954, 468), (-36, 972, 450), (-54, 954, 450), (-72, 954, 450), (-90, 954, 396), (-36, 918, 324), (-72, 972, 450), (-90, 972, 486), (-90, 918, 522), (-54, 936, 522), (-108, 954, 468), (-54, 936, 558), (-90, 936, 504), (-54, 936, 468), (-54, 936, 450), (-54, 936, 450), (-54, 954, 468), (-72, 936, 486), (-72, 936, 450), (-54, 936, 414), (-54, 954, 378), (-90, 954, 414), (-54, 936, 522)]	(9446, 12186, 9950, 9914, 11464, 9435, 5487, 8247, 6378, 6835, 5787, 6126, 4633, 6348, 7180, 7725, 11609, 19851, 14341, 9149, 15847, 14294, 12260, 1979)
right	y	482000	(588, 227)	[(-54, 954, 450), (-72, 954, 468), (-72, 954, 486), (-72, 954, 450), (-54, 954, 486), (-72, 936, 504), (-90, 936, 504), (-90, 936, 450), (-72, 954, 414), (-72, 954, 450), (-54, 936, 486), (-54, 954, 468), (-72, 954, 468), (-72, 954, 432), (-90, 936, 414), (-90, 954, 450), (-90, 954, 468), (-54, 954, 450), (-72, 972, 432), (-72, 972, 450), (-72, 936, 468), (-90, 954, 468), (-90, 972, 450), (-72, 936, 450), (-90, 954, 432)]	(9374, 11693, 9437, 9838, 11694, 9429, 7249, 7886, 6382, 6869, 6423, 6185, 4569, 6320, 7182, 8300, 11570, 19842, 14371, 9134, 15951, 14396, 12247, 1980)
right	y	483287	(566, 219)	[(-72, 954, 450), (-54, 954, 450), (-54, 954, 432), (-90, 954, 450), (-54, 954, 450), (-72, 936, 450), (-54, 954, 450), (-72, 954, 468), (-72, 954, 468), (-72, 954, 450), (-72, 954, 468), (-72, 954, 468), (-72, 954, 450), (-54, 954, 450), (-72, 954, 468), (-90, 954, 450), (-72, 954, 432), (-72, 954, 414), (-72, 954, 450), (-72, 954, 468), (-90, 954, 432), (-72, 954, 450), (-72, 954, 432), (-72, 954, 450), (-72, 954, 450)]	(9392, 11745, 9430, 9839, 12000, 9456, 7007, 7765, 6498, 6893, 6470, 6151, 4617, 6279, 7178, 8801, 11490, 19802, 14345, 9098, 15960, 14377, 12222, 1982)
right	a	484705	(660, 428)	[(-72, 954, 432), (-72, 954, 414), (-72, 954, 432), (-54, 972, 450), (-54, 972, 450), (-54, 954, 468), (-72, 954, 432), (-72, 972, 396), (-54, 972, 414), (-54, 972, 432), (-72, 972, 486), (-108, 954, 504), (-36, 954, 414), (-54, 972, 360), (-54, 972, 414), (-90, 990, 468), (-108, 954, 486), (-72, 972, 378), (-144, 1026, 360), (-36, 918, 486), (-126, 972, 378), (-54, 954, 414), (-126, 972, 450), (-36, 972, 468), (-90, 954, 432)]	(9551, 12435, 10360, 10029, 11650, 9504, 4551, 6116, 5189, 6822, 5682, 6156, 4508, 6175, 7143, 7734, 11280, 19808, 14328, 9143, 16076, 14047, 12213, 1982)
left	j	486494	(658, 142)	[(18, 972, 504), (-36, 954, 504), (-36, 954, 468), (0, 972, 486), (-18, 972, 468), (0, 954, 468), (-54, 954, 414), (0, 972, 414), (0, 954, 432), (-36, 954, 414), (0, 954, 450), (-36, 954, 450), (-36, 972, 468), (0, 954, 486), (0, 954, 468), (-36, 954, 414), (-36, 954, 432), (-36, 954, 450), (-36, 954, 432), (-36, 972, 432), (-18, 972, 414), (0, 954, 450), (0, 954, 468), (0, 954, 432), (-36, 954, 396)]	(9490, 10970, 9261, 9844, 13329, 9655, 5145, 6378, 5005, 6888, 6863, 6274, 4648, 6121, 7192, 10335, 11246, 19814, 14959, 8941, 16846, 14464, 12256, 1974)
left	b	487925	(737, 203)	[(-54, 972, 450), (-54, 954, 468), (-72, 954, 432), (-54, 972, 414), (-36, 972, 396), (-72, 954, 432), (-90, 954, 414), (-72, 936, 504), (-54, 954, 450), (-72, 954, 414), (-54, 954, 414), (-54, 954, 450), (-54, 972, 432), (-54, 954, 432), (-54, 954, 414), (-72, 972, 414), (-36, 972, 450), (-54, 972, 396), (-54, 972, 414), (-36, 972, 450), (-54, 972, 450), (-36, 972, 432), (-36, 972, 450), (-54, 972, 432), (-72, 954, 432)]	(9454, 11264, 9226, 9829, 12000, 9591, 5987, 6551, 5193, 6873, 6991, 6183, 4591, 6140, 7205, 10409, 11430, 19875, 14834, 9031, 16923, 14778, 12291, 1976)
right	b	489559	(709, 207)	[(-72, 972, 414), (-54, 972, 414), (-72, 972, 414), (-72, 972, 414), (-54, 972, 432), (-54, 972, 414), (-54, 954, 432), (-72, 972, 414), (-72, 954, 396), (-72, 972, 432), (-72, 972, 414), (-54, 972, 378), (-36, 990, 432), (-72, 972, 450), (-54, 972, 432), (-54, 972, 414), (-54, 972, 414), (-72, 972, 396), (-54, 972, 396), (-90, 990, 396), (-90, 972, 378), (-90, 972, 414), (-90, 972, 396), (-72, 972, 396), (-90, 972, 396)]	(9441, 11938, 9350, 9850, 11597, 9531, 5672, 6278, 5201, 6835, 6050, 6056, 4434, 6130, 7166, 7675, 11510, 19975, 14717, 9121, 16939, 14855, 12314, 1985)
left	s	490838	(636, 374)	[(-72, 972, 414), (-72, 972, 450), (-72, 972, 414), (-90, 972, 414), (-72, 954, 414), (-72, 972, 396), (-72, 972, 414), (-54, 972, 414), (-72, 972, 414), (-90, 972, 414), (-90, 972, 432), (-72, 972, 414), (-90, 972, 414), (-90, 954, 432), (-72, 954, 450), (-90, 954, 450), (-72, 972, 432), (-90, 954, 432), (-72, 972, 450), (-72, 954, 432), (-72, 972, 432), (-72, 954, 432), (-54, 954, 468), (-72, 954, 432), (-72, 954, 450)]	(9434, 11638, 9242, 9838, 11756, 9596, 5969, 6197, 5276, 6837, 6498, 6101, 4518, 6101, 7172, 9159, 11350, 19851, 14418, 9109, 16221, 14645, 12268, 1980)
right	i	492869	(580, 128)	[(-72, 954, 432), (-90, 954, 450), (-72, 954, 432), (-72, 954, 432), (-72, 972, 450), (-72, 954, 432), (-72, 954, 432), (-72, 972, 432), (-90, 954, 414), (-72, 972, 432), (-72, 954, 432), (-72, 954, 432), (-72, 972, 432), (-90, 936, 450), (-72, 954, 450), (-72, 954, 432), (-72, 972, 432), (-72, 972, 450), (-72, 954, 432), (-72, 972, 450), (-72, 972, 432), (-72, 972, 432), (-90, 954, 432), (-90, 954, 450), (-72, 954, 450)]	(9416, 11763, 9251, 9828, 11655, 9576, 6491, 6262, 5288, 6847, 6580, 6113, 4504, 6115, 7177, 9053, 11375, 19846, 14449, 9120, 16398, 14691, 12282, 1983)
left	a	494202	(658, 425)	[(-72, 972, 414), (-90, 954, 432), (-90, 954, 432), (-90, 954, 432), (-90, 954, 414), (-72, 954, 432), (-72, 954, 450), (-90, 954, 414), (-72, 972, 432), (-90, 954, 450), (-90, 954, 432), (-72, 954, 432), (-72, 972, 414), (-72, 954, 432), (-90, 972, 450), (-72, 972, 432), (-90, 954, 432), (-72, 954, 468), (-72, 954, 432), (-90, 954, 486), (-72, 972, 450), (-90, 972, 432), (-72, 954, 432), (-90, 954, 396), (-54, 972, 432)]	(9426, 11852, 9285, 9838, 11613, 9563, 6195, 6264, 5365, 6847, 6409, 6076, 4519, 6084, 7159, 8626, 11313, 19846, 14355, 9136, 16090, 14577, 12265, 1976)
left	m	495742	(735, 85)	[(-72, 954, 414), (-72, 954, 468), (-72, 954, 414), (-18, 990, 360), (-36, 972, 468), (-72, 954, 504), (-90, 954, 468), (-72, 954, 396), (-90, 954, 396), (-54, 954, 432), (-72, 936, 432), (-36, 954, 396), (18, 972, 468), (-36, 972, 486), (-36, 972, 450), (-54, 936, 486), (-54, 936, 486), (-54, 972, 486), (-54, 972, 468), (-36, 972, 450), (-36, 954, 450), (0, 954, 450), (-54, 954, 414), (-18, 972, 432), (-36, 954, 450)]	(9533, 11169, 9300, 9869, 12207, 9869, 5081, 6023, 4056, 6922, 6483, 6135, 4684, 6070, 7169, 10365, 11170, 19764, 14969, 8917, 16926, 14539, 12306, 1977)
left	l	497436	(663, 38)	[(18, 972, 450), (0, 972, 414), (0, 972, 432), (0, 990, 450), (-54, 954, 450), (-72, 954, 396), (-18, 954, 522), (-18, 954, 504), (-36, 972, 432), (-18, 972, 396), (-36, 954, 450), (-36, 954, 414), (0, 954, 378), (-36, 972, 396), (-18, 972, 432), (-36, 972, 432), (0, 972, 378), (0, 972, 396), (-18, 972, 414), (0, 990, 414), (-18, 972, 414), (-36, 972, 396), (-36, 954, 414), (-18, 990, 378), (-36, 954, 396)]	(9538, 11130, 9310, 9863, 11818, 9899, 4869, 6044, 3964, 6847, 6479, 6115, 4683, 6069, 7160, 10387, 11147, 19745, 15054, 8902, 16839, 14534, 12284, 1980)
right	u	498802	(576, 170)	[(-54, 936, 378), (-54, 954, 468), (-72, 972, 522), (-90, 954, 450), (-72, 972, 450), (-108, 954, 450), (-90, 936, 450), (-90, 936, 450), (-90, 936, 450), (-90, 936, 504), (-72, 954, 486), (-54, 954, 468), (-54, 954, 450), (-72, 936, 450), (-72, 954, 486), (-72, 954, 450), (-72, 954, 468), (-90, 936, 468), (-90, 954, 468), (-72, 954, 468), (-72, 936, 486), (-72, 954, 468), (-72, 954, 432), (-72, 954, 450), (-72, 936, 468)]	(9437, 11976, 9374, 9871, 11551, 9594, 6909, 6518, 4736, 6849, 6583, 6170, 4542, 6148, 7194, 9823, 11413, 19795, 14355, 9018, 15808, 14462, 12257, 1978)
left	w	500858	(558, 394)	[(-72, 954, 342), (-36, 954, 324), (-72, 954, 414), (-90, 990, 468), (-54, 972, 468), (-72, 972, 360), (-54, 972, 432), (-72, 972, 432), (-90, 972, 468), (-108, 972, 486), (-90, 972, 414), (-72, 990, 432), (-36, 972, 414), (-90, 954, 432), (-90, 954, 378), (-72, 972, 342), (-54, 972, 360), (-36, 972, 414), (-36, 972, 450), (-54, 972, 450), (-54, 972, 432), (-54, 972, 432), (-36, 972, 414), (-54, 954, 414), (-54, 954, 468)]	(9470, 12312, 9925, 9935, 11814, 9705, 5255, 5897, 4354, 6807, 5896, 6056, 4478, 6114, 7158, 7255, 11481, 19861, 14353, 9042, 15916, 14595, 12284, 1975)
right	n	502246	(732, 163)	[(-36, 954, 468), (-72, 954, 486), (-54, 954, 486), (-54, 954, 450), (-54, 936, 468), (-72, 936, 504), (-54, 972, 504), (-72, 936, 432), (-54, 936, 504), (-54, 936, 504), (-54, 954, 432), (-72, 936, 432), (-72, 954, 468), (-72, 936, 468), (-72, 954, 450), (-72, 936, 468), (-72, 936, 468), (-54, 954, 468), (-54, 936, 450), (-54, 954, 450), (-54, 954, 468), (-54, 954, 432), (-72, 954, 450), (-72, 936, 450), (-54, 954, 486)]	(9429, 11768, 9261, 9834, 11588, 9559, 6072, 6147, 5994, 6861, 6351, 6074, 4565, 6139, 7185, 9148, 11435, 19819, 14366, 9042, 16044, 14585, 12260, 1974)
left	g	504351	(653, 228)	[(-54, 972, 414), (-72, 972, 414), (-54, 954, 414), (-54, 954, 414), (-54, 954, 414), (-54, 972, 414), (-72, 972, 414), (-54, 954, 414), (-54, 972, 414), (-72, 972, 414), (-54, 954, 432), (-54, 972, 414), (-54, 972, 414), (-72, 954, 396), (-54, 972, 432), (-72, 972, 414), (-54, 972, 414), (-54, 972, 414), (-54, 972, 432), (-54, 972, 432), (-54, 972, 396), (-54, 972, 396), (-54, 972, 396), (-54, 972, 414), (-54, 972, 414)]	(9496, 11123, 9250, 9831, 11748, 9834, 5159, 5750, 6846, 6249, 6114, 0, 4579, 6124, 7173, 9450, 11392, 19788, 14668, 8960, 16613, 14699, 12264, 1977)
right	u	505895	(586, 163)	[(-90, 972, 432), (-90, 954, 414), (-72, 972, 414), (-90, 954, 432), (-72, 972, 414), (-90, 954, 414), (-90, 972, 432), (-72, 954, 450), (-72, 972, 432), (-90, 954, 450), (-90, 954, 450), (-90, 954, 432), (-72, 954, 432), (-90, 972, 414), (-90, 954, 414), (-72, 954, 432), (-72, 954, 432), (-90, 954, 414), (-90, 972, 414), (-90, 954, 432), (-90, 954, 432), (-90, 954, 432), (-90, 954, 432), (-90, 954, 414), (-90, 972, 396)]	(9428, 11908, 9252, 9824, 11535, 9595, 7203, 6012, 5670, 6856, 6524, 6088, 4526, 6195, 7199, 9109, 11631, 19865, 14446, 9045, 16296, 14731, 12290, 1987)
right	r	507948	(582, 311)	[(-72, 954, 396), (-90, 972, 396), (-72, 972, 396), (-72, 954, 396), (-72, 972, 414), (-72, 972, 396), (-54, 972, 414), (-72, 972, 432), (-72, 972, 414), (-72, 972, 396), (-72, 990, 396), (-72, 972, 396), (-72, 972, 414), (-54, 972, 414), (-72, 990, 396), (-72, 954, 414), (-54, 972, 414), (-72, 972, 414), (-90, 972, 396), (-90, 972, 414), (-72, 972, 414), (-72, 972, 414), (-90, 972, 396), (-72, 972, 414), (-90, 972, 432)]	(9455, 12319, 9550, 9872, 11609, 9653, 6473, 5855, 5119, 6836, 5935, 6062, 4468, 6212, 7173, 7360, 11682, 19931, 14459, 9123, 16444, 14830, 12301, 1978)
left	m	508394	(576, 308)	[(-72, 990, 396), (-72, 972, 396), (-72, 972, 414), (-54, 972, 414), (-72, 990, 396), (-72, 954, 414), (-54, 972, 414), (-72, 972, 414), (-90, 972, 396), (-90, 972, 414), (-72, 972, 414), (-72, 972, 414), (-90, 972, 396), (-72, 972, 414), (-90, 972, 432), (-72, 972, 414), (-90, 972, 396), (-72, 972, 396), (-108, 972, 396), (-108, 972, 414), (-72, 954, 432), (-72, 972, 396), (-72, 972, 432), (-72, 972, 432), (-72, 972, 432)]	(9430, 12132, 9436, 9855, 11614, 9625, 6234, 5841, 5035, 6831, 5942, 6034, 4456, 6208, 7167, 7387, 11657, 19886, 14433, 9101, 16352, 14761, 12281, 1980)
left	y	510479	(576, 201)	[(-72, 900, 558), (-72, 900, 522), (-72, 918, 540), (-72, 900, 540), (-90, 900, 522), (-72, 918, 486), (-90, 918, 522), (-90, 918, 504), (-90, 918, 522), (-72, 918, 522), (-126, 900, 522), (-108, 936, 450), (-90, 936, 432), (-54, 936, 414), (-54, 954, 432), (-72, 972, 450), (-54, 954, 450), (-72, 954, 432), (-54, 954, 450), (-72, 954, 450), (-72, 954, 432), (-72, 972, 450), (-54, 954, 450), (-54, 954, 432), (-36, 972, 396)]	(9490, 11330, 9267, 9837, 11644, 9724, 5505, 5816, 5200, 6833, 6389, 6125, 4665, 6140, 7173, 9383, 11412, 19779, 14630, 8980, 16590, 14708, 12269, 1963)
right	q	512638	(564, 455)	[(-36, 972, 414), (-36, 972, 414), (-108, 954, 468), (-90, 936, 486), (-108, 972, 504), (-90, 990, 468), (-90, 972, 486), (-162, 1008, 414), (-72, 936, 378), (-126, 972, 342), (-144, 972, 360), (-54, 972, 396), (-126, 954, 234), (-162, 990, 234), (-126, 1008, 252), (-162, 1008, 324), (-126, 972, 324), (-126, 1008, 342), (-126, 1008, 342), (-126, 1008, 324), (-126, 990, 342), (-108, 990, 324), (-126, 990, 324), (-108, 990, 306), (-198, 1008, 378)]	(9533, 12487, 10025, 10017, 11578, 9476, 4412, 5877, 4209, 6797, 5564, 6065, 4434, 6165, 7127, 8092, 11161, 19784, 14382, 9080, 16196, 13710, 12186, 1976)
left	x	514076	(723, 332)	[(-72, 936, 486), (-54, 936, 504), (-54, 954, 504), (-72, 936, 504), (-54, 936, 486), (-54, 936, 468), (-54, 936, 450), (-72, 954, 468), (-54, 954, 468), (-72, 936, 486), (-54, 954, 468), (-54, 954, 432), (-72, 936, 486), (-54, 936, 468), (-72, 954, 468), (-54, 954, 432), (-54, 954, 468), (-72, 936, 468), (-54, 954, 468), (-54, 936, 468), (-54, 954, 450), (-54, 954, 468), (-54, 954, 468), (-54, 936, 504)]	(9440, 11084, 9204, 9810, 11808, 9512, 5971, 6564, 5950, 6850, 6672, 6229, 4631, 6195, 7152, 8934, 11350, 19789, 14376, 9096, 16237, 14345, 12206, 1977)
right	g	515410	(664, 241)	[(-72, 954, 432), (-90, 954, 450), (-72, 954, 450), (-54, 954, 450), (-72, 972, 432), (-54, 972, 450), (-72, 954, 432), (-54, 972, 432), (-72, 954, 432), (-72, 954, 450), (-72, 954, 468), (-72, 972, 450), (-72, 972, 414), (-90, 954, 414), (-72, 972, 396), (-72, 972, 414), (-90, 972, 432), (-90, 954, 468), (-90, 972, 468), (-72, 954, 432), (-72, 954, 450), (-72, 972, 432), (-72, 972, 450), (-90, 972, 414), (-72, 972, 396)]	(9432, 12001, 9321, 9830, 11530, 9449, 6013, 6444, 5816, 6783, 6200, 6130, 4511, 6253, 7161, 8162, 11409, 19854, 14420, 9154, 16328, 14436, 12239, 1984)
left	u	516841	(581, 165)	[(-72, 954, 432), (-54, 954, 432), (-54, 954, 432), (-72, 954, 414), (-72, 954, 432), (-72, 972, 450), (-72, 972, 450), (-90, 954, 414), (-54, 954, 414), (-90, 936, 468), (-108, 936, 450), (-72, 954, 432), (-54, 990, 414), (-36, 1008, 468), (-54, 972, 468), (-36, 954, 450), (-36, 972, 450), (-36, 972, 432), (-54, 972, 396), (-54, 972, 414), (-54, 972, 414), (-54, 972, 414), (-54, 972, 414), (-54, 972, 432), (-36, 972, 414)]	(9513, 11005, 9252, 9845, 12141, 9741, 4979, 5873, 4708, 6911, 6321, 6153, 4646, 6060, 7131, 8509, 11141, 19747, 14707, 8946, 16670, 14381, 12193, 1968)
right	x	518418	(722, 350)	[(-90, 954, 450), (-72, 972, 432), (-54, 954, 414), (-90, 954, 486), (-90, 972, 504), (-72, 954, 468), (-90, 954, 432), (-72, 936, 432), (-108, 954, 486), (-90, 954, 486), (-72, 954, 432), (-72, 954, 432), (-90, 954, 486), (-54, 972, 432), (-54, 954, 450), (-54, 972, 414), (-54, 954, 432), (-90, 954, 450), (-72, 954, 432), (-72, 954, 432), (-72, 936, 414), (-108, 954, 450), (-90, 954, 450), (-72, 954, 414), (-72, 954, 396)]	(9562, 12697, 9815, 9894, 11474, 9444, 5368, 5821, 5094, 6760, 5750, 6020, 4635, 6122, 7134, 7466, 11279, 19854, 14383, 9183, 16376, 14434, 12241, 1975)
right	l	519849	(634, 55)	[(-72, 954, 432), (-90, 954, 468), (-90, 954, 468), (-72, 972, 432), (-72, 954, 432), (-72, 954, 450), (-90, 954, 396), (-72, 972, 414), (-54, 972, 432), (-36, 954, 486), (-72, 954, 468), (-108, 936, 450), (-108, 918, 432), (-54, 954, 468), (-72, 954, 468), (-72, 954, 450), (-108, 936, 414), (18, 1008, 378), (0, 972, 396), (-54, 954, 432), (-54, 936, 450), (-54, 972, 450), (-72, 954, 468), (-72, 936, 486), (-90, 954, 450)]	(9511, 10853, 9169, 9789, 11493, 9385, 5640, 5964, 5305, 6804, 6613, 6110, 4529, 6107, 7171, 9386, 11306, 19798, 14679, 9034, 16650, 14548, 12229, 1968)
right	h	521119	(656, 197)	[(-72, 972, 414), (-72, 972, 414), (-72, 954, 432), (-72, 972, 414), (-72, 954, 414), (-90, 972, 396), (-72, 972, 432), (-72, 954, 432), (-54, 972, 396), (-90, 954, 414), (-90, 954, 468), (-72, 954, 450), (-72, 972, 414), (-72, 972, 414), (-90, 954, 414), (-90, 954, 450), (-72, 954, 432), (-72, 954, 396), (-72, 972, 396), (-90, 954, 432), (-72, 972, 414), (-90, 954, 414), (-90, 954, 432), (-90, 954, 450), (-108, 954, 396)]	(9433, 11860, 9221, 9800, 11415, 9392, 6983, 6131, 5281, 6832, 6352, 6066, 4461, 6248, 7162, 8125, 11540, 19894, 14584, 9170, 16632, 14661, 12263, 1972)
left	t	522608	(571, 244)	[(-72, 954, 432), (-72, 972, 432), (-90, 972, 432), (-72, 954, 432), (-72, 954, 450), (-72, 972, 432), (-90, 954, 432), (-90, 954, 414), (-72, 954, 414), (-54, 972, 396), (-54, 972, 432), (-72, 954, 450), (-90, 972, 450), (-90, 972, 450), (-90, 972, 432), (-54, 936, 396), (-72, 936, 396), (-90, 954, 360), (-72, 972, 414), (-72, 972, 468), (-54, 972, 468), (-54, 972, 396), (-54, 972, 396), (-54, 972, 396), (-36, 972, 414)]	(9485, 11696, 9216, 9811, 11507, 9443, 7115, 6048, 5232, 6847, 6939, 6086, 4615, 6128, 7165, 9907, 11280, 19810, 14669, 9048, 16713, 14656, 12230, 1971)
right	s	524096	(664, 371)	[(-72, 972, 396), (-72, 972, 432), (-90, 972, 432), (-108, 954, 450), (-90, 972, 432), (-72, 972, 414), (-72, 972, 414), (-72, 954, 396), (-108, 972, 414), (-90, 954, 450), (-72, 954, 396), (-54, 972, 378), (-72, 972, 432), (-108, 972, 468), (-90, 954, 468), (-90, 972, 432), (-72, 954, 450), (-72, 972, 432), (-54, 972, 342), (-90, 972, 324), (-90, 972, 414), (-72, 954, 396), (-90, 972, 432), (-108, 972, 432), (-90, 972, 396)]	(9556, 12512, 9596, 9879, 11460, 9380, 5541, 5815, 4524, 6773, 5685, 5959, 4427, 6185, 7150, 7570, 11370, 19846, 14346, 9170, 16124, 14385, 12239, 1971)
left	w	525534	(566, 397)	[(-54, 972, 414), (-72, 972, 414), (-72, 954, 432), (-54, 972, 414), (-90, 972, 414), (-54, 972, 414), (-54, 972, 450), (-72, 954, 468), (-72, 954, 468), (-54, 954, 468), (-54, 954, 432), (-54, 972, 432), (-72, 972, 432), (-72, 954, 414), (-72, 954, 432), (-72, 954, 432), (-72, 954, 414), (-54, 972, 432), (-54, 972, 414), (-54, 972, 432), (-72, 954, 468), (-54, 972, 450), (-54, 972, 414), (-72, 954, 450), (-72, 954, 414)]	(9438, 11764, 9202, 9797, 11449, 9420, 7187, 5979, 5651, 6817, 6421, 6052, 4524, 6126, 7147, 8034, 11317, 19876, 14444, 9176, 16478, 14582, 12254, 1973)
left	g	526968	(659, 232)	[(-72, 972, 450), (-54, 954, 414), (-72, 972, 432), (-54, 972, 414), (-72, 972, 414), (-90, 954, 432), (-54, 972, 414), (-54, 972, 414), (-72, 972, 414), (-54, 972, 396), (-54, 972, 396), (-54, 972, 396), (-36, 972, 396), (-54, 972, 396), (-72, 972, 432), (-54, 972, 414), (-72, 972, 414), (-54, 972, 396), (-36, 972, 396), (-36, 954, 432), (-36, 972, 414), (-36, 990, 414), (-36, 972, 414), (-36, 972, 396)]	(9546, 11020, 9209, 9797, 11605, 9422, 5340, 5826, 5845, 6811, 6305, 6057, 4573, 6101, 7127, 8758, 11326, 19845, 14677, 9103, 16821, 14711, 12243, 1970)
left	i	528407	(584, 120)	[(-54, 972, 432), (-72, 954, 414), (-90, 972, 396), (-72, 972, 396), (-72, 954, 414), (-54, 972, 432), (-72, 972, 432), (-72, 972, 414), (-72, 972, 432), (-72, 972, 414), (-72, 972, 396), (-36, 990, 414), (-36, 972, 432), (-54, 972, 432), (-54, 972, 396), (-36, 954, 414), (-54, 990, 414), (-54, 990, 378), (-54, 972, 378), (-54, 972, 396), (-36, 990, 378), (-36, 954, 378), (-36, 972, 378), (-54, 972, 414), (-36, 972, 378)]	(9556, 11138, 9231, 9819, 11591, 9470, 5452, 5810, 4236, 6800, 6546, 6095, 4626, 6059, 7118, 9636, 11150, 19745, 14802, 8957, 16809, 14559, 12208, 1938)
left	c	529893	(733, 291)	[(-90, 954, 432), (-90, 954, 432), (-72, 954, 414), (-54, 972, 414), (-54, 954, 432), (-72, 972, 432), (-72, 954, 432), (-72, 972, 378), (-54, 954, 342), (-90, 990, 432), (-54, 972, 414), (-72, 954, 432), (-72, 954, 450), (-72, 972, 450), (-90, 954, 468), (-90, 954, 468), (-72, 972, 450), (-54, 954, 396), (-54, 954, 432), (-36, 972, 396), (-54, 954, 450), (-72, 954, 450), (-72, 972, 450), (-54, 972, 414), (-36, 954, 396)]	(9510, 11977, 9281, 9821, 11507, 9450, 5756, 5725, 5134, 6778, 6190, 5999, 4599, 6103, 7137, 8598, 11323, 19833, 14494, 9087, 16542, 14674, 12247, 1973)
right	e	531332	(576, 352)	[(-54, 972, 414), (-72, 972, 414), (-72, 954, 414), (-72, 972, 414), (-72, 972, 378), (-72, 954, 468), (-72, 972, 468), (-72, 954, 396), (-72, 972, 378), (-72, 972, 396), (-72, 990, 396), (-36, 972, 414), (0, 990, 468), (-36, 972, 396), (-72, 972, 342), (-54, 972, 360), (-90, 990, 396), (-72, 990, 396), (-90, 990, 396), (-72, 990, 360), (-90, 972, 378), (-36, 936, 432), (-90, 972, 414), (-108, 972, 342), (-72, 972, 360)]	(9549, 12493, 9692, 9895, 11496, 9446, 5596, 5746, 4604, 6787, 5757, 6043, 4487, 6158, 7145, 7379, 11420, 19885, 14399, 9192, 16282, 14533, 12252, 1979)
right	p	532499	(567, 13)	[(-72, 972, 432), (-54, 972, 414), (-90, 972, 414), (-72, 972, 396), (-72, 972, 414), (-72, 972, 396), (-72, 972, 432), (-72, 972, 432), (-72, 972, 414), (-72, 972, 432), (-72, 972, 432), (-72, 972, 432), (-72, 972, 432), (-72, 990, 432), (-90, 972, 414), (-72, 954, 432), (-90, 954, 468), (-90, 954, 468), (-72, 972, 450), (-72, 954, 468), (-90, 954, 450), (-72, 972, 414), (-72, 972, 414), (-54, 954, 378), (-90, 972, 396)]	(9478, 10831, 9146, 9766, 11460, 9359, 6096, 6005, 5321, 6824, 6519, 6049, 4493, 6123, 7140, 8371, 11341, 19831, 14377, 9118, 16286, 14493, 12233, 1965)
right	c	533835	(725, 312)	[(-72, 954, 414), (-72, 972, 414), (-54, 972, 378), (-72, 972, 396), (-90, 990, 450), (-54, 954, 378), (-18, 990, 342), (-72, 990, 450), (-162, 972, 576), (-90, 954, 432), (-126, 954, 396), (-108, 954, 432), (-126, 954, 450), (-108, 954, 432), (-108, 954, 468), (-90, 954, 432), (-90, 954, 414), (-90, 972, 450), (-108, 972, 432), (-90, 954, 432), (-90, 972, 414), (-90, 972, 432), (-90, 972, 414), (-90, 972, 396), (-90, 972, 396)]	(9573, 12408, 9542, 9876, 11442, 9434, 5417, 5773, 5268, 6809, 5722, 5979, 4515, 6165, 7140, 7470, 11401, 19863, 14369, 9157, 16183, 14460, 12248, 1969)
right	f	535221	(643, 285)	[(-90, 954, 432), (-72, 972, 450), (-72, 972, 432), (-90, 954, 414), (-90, 972, 432), (-90, 954, 450), (-90, 972, 432), (-90, 936, 432), (-90, 954, 414), (-72, 972, 432), (-72, 972, 450), (-90, 954, 432), (-90, 954, 450), (-90, 954, 432), (-90, 954, 432), (-90, 972, 432), (-72, 954, 414), (-90, 954, 450), (-90, 954, 414), (-90, 972, 432), (-90, 954, 432), (-90, 972, 486), (-90, 972, 432), (-90, 954, 414), (-108, 954, 360)]	(9463, 12055, 9307, 9815, 11433, 9370, 6941, 5874, 5856, 6795, 6064, 6000, 4492, 6161, 7145, 7654, 11403, 19882, 14388, 9173, 16309, 14544, 12250, 1984)
left	p	536804	(582, 18)	[(-108, 954, 396), (-108, 954, 450), (-108, 972, 432), (-72, 954, 414), (-72, 954, 414), (-72, 990, 378), (-36, 972, 396), (-18, 972, 396), (-72, 954, 378), (-36, 990, 396), (0, 972, 432), (0, 990, 414), (18, 990, 396), (0, 954, 396), (-36, 1008, 378), (0, 990, 342), (0, 990, 342), (-36, 990, 360), (-36, 990, 378), (-18, 990, 306), (0, 990, 306), (-36, 1008, 414), (-18, 1008, 414), (-36, 990, 360), (-54, 990, 270)]	(9532, 11115, 9253, 9825, 11700, 9526, 4564, 6782, 3941, 6767, 6245, 6233, 4585, 6031, 7115, 8484, 11105, 19746, 15226, 8871, 16786, 14343, 12215, 1949)
left	e	537969	(558, 335)	[(-90, 990, 378), (-90, 972, 378), (-90, 972, 414), (-90, 972, 396), (-72, 972, 414), (-90, 972, 396), (-72, 972, 360), (-54, 972, 396), (-54, 972, 432), (-72, 972, 414), (-108, 954, 396), (-108, 936, 414), (-72, 990, 432), (-54, 990, 432), (-36, 990, 414), (-36, 990, 396), (-36, 972, 396), (-54, 972, 468), (-72, 972, 450), (-54, 972, 432), (-72, 972, 414), (-72, 954, 396), (-72, 954, 360), (-72, 972, 396), (-72, 972, 396)]	(9430, 11284, 9202, 9778, 11469, 9415, 6100, 6122, 5658, 6812, 6841, 6105, 4616, 6165, 7190, 10196, 11378, 19751, 14371, 9029, 16032, 14566, 12232, 1968)
right	w	539457	(579, 407)	[(-54, 990, 414), (-54, 990, 432), (-72, 972, 432), (-108, 972, 432), (-90, 972, 378), (-54, 990, 324), (-72, 972, 342), (-90, 972, 378), (-90, 972, 468), (-72, 972, 396), (-54, 990, 396), (-108, 972, 378), (-54, 972, 378), (-54, 972, 432), (-90, 972, 414), (-72, 972, 378), (-90, 972, 396), (-54, 990, 360), (-72, 990, 360), (-126, 990, 378), (-90, 972, 360), (-54, 954, 414), (-126, 972, 450), (-126, 990, 432), (-90, 972, 306)]	(9516, 12492, 10004, 9957, 11479, 9402, 5155, 5927, 4790, 6768, 5655, 6009, 4450, 6216, 7175, 7343, 11591, 19870, 14353, 9149, 15976, 14475, 12265, 1982)
left	h	540896	(651, 185)	[(-54, 972, 450), (-72, 972, 432), (-54, 972, 396), (-72, 954, 396), (-72, 972, 414), (-72, 972, 414), (-72, 972, 378), (-54, 972, 378), (-72, 972, 432), (-72, 972, 432), (-72, 954, 450), (-90, 954, 432), (-90, 954, 414), (-90, 954, 396), (-90, 954, 450), (-72, 954, 450), (-36, 990, 450), (-18, 990, 450), (-54, 990, 414), (-36, 954, 432), (-54, 954, 396), (-36, 972, 414), (-54, 972, 414), (-54, 972, 396), (-72, 972, 378)]	(9470, 11155, 9224, 9813, 11564, 9455, 6081, 6029, 4659, 6787, 6353, 6073, 4504, 6066, 7138, 8010, 11367, 19917, 14762, 9096, 16990, 14920, 12296, 1978)
right	t	542282	(585, 267)	[(-90, 954, 414), (-90, 954, 414), (-72, 954, 396), (-90, 954, 396), (-72, 972, 414), (-90, 972, 432), (-72, 954, 432), (-54, 972, 414), (-54, 990, 432), (-90, 972, 450), (-54, 972, 432), (-36, 990, 432), (-72, 972, 378), (-72, 954, 396), (-72, 972, 414), (-90, 990, 396), (-90, 972, 360), (-90, 972, 360), (-90, 972, 378), (-90, 972, 414), (-90, 972, 378), (-90, 972, 396), (-90, 972, 396), (-108, 972, 432), (-90, 972, 414)]	(9429, 12090, 9453, 9838, 11458, 9378, 6614, 6269, 5091, 6802, 6005, 6055, 4436, 6186, 7158, 7497, 11566, 19898, 14407, 9169, 16216, 14723, 12286, 1979)
right	b	543537	(728, 215)	[(-90, 990, 414), (-72, 990, 396), (-90, 972, 396), (-90, 954, 414), (-72, 972, 396), (-90, 954, 432), (-72, 972, 432), (-90, 954, 432), (-72, 972, 414), (-72, 972, 432), (-90, 972, 396), (-90, 972, 414), (-54, 990, 396), (-72, 972, 414), (-90, 972, 414), (-90, 972, 414), (-72, 954, 396), (-72, 972, 432), (-72, 972, 396), (-72, 972, 396), (-90, 972, 432), (-72, 972, 396), (-72, 972, 396), (-72, 972, 396), (-72, 954, 414)]	(9413, 11892, 9298, 9789, 11435, 9363, 6402, 6181, 5134, 6790, 6095, 6053, 4460, 6150, 7141, 7647, 11463, 19904, 14416, 9160, 16334, 14721, 12276, 1979)
left	n	544919	(751, 163)	[(-72, 954, 432), (-72, 954, 432), (-54, 972, 396), (-108, 954, 414), (-108, 954, 414), (-108, 954, 414), (-54, 972, 396), (-72, 972, 450), (-72, 990, 396), (-54, 990, 414), (-54, 972, 396), (-90, 990, 396), (-108, 972, 378), (-90, 990, 360), (-54, 972, 378), (-72, 972, 378), (-54, 972, 378), (-90, 972, 378), (-72, 972, 414), (-72, 972, 414), (-90, 972, 396), (-90, 972, 378), (-72, 972, 396), (-54, 972, 360), (-72, 972, 360)]	(9508, 11324, 9244, 9836, 11580, 9471, 5439, 5958, 4406, 6769, 6109, 6041, 4512, 6048, 7123, 7697, 11407, 19946, 14888, 9091, 17163, 15069, 12323, 1974)
left	x	546245	(730, 349)	[(-72, 972, 396), (-72, 990, 378), (-72, 972, 396), (-72, 972, 414), (-54, 990, 396), (-54, 972, 414), (-72, 972, 414), (-72, 972, 396), (-72, 954, 396), (-72, 972, 414), (-126, 990, 432), (-108, 954, 396), (-90, 972, 396), (-72, 972, 378), (-90, 972, 360), (-54, 972, 396), (-72, 972, 414), (-72, 954, 414), (-90, 972, 432), (-72, 972, 414), (-72, 972, 378), (-72, 972, 378), (-90, 972, 396), (-72, 954, 396), (-72, 972, 432)]	(9427, 11558, 9195, 9785, 11468, 9429, 6098, 6054, 4873, 6797, 6100, 6035, 4499, 6112, 7155, 7659, 11470, 19899, 14415, 9128, 16287, 14806, 12302, 1980)
right	e	547429	(569, 353)	[(-72, 972, 396), (-90, 972, 396), (-90, 972, 432), (-90, 972, 396), (-72, 972, 396), (-72, 1008, 414), (-72, 972, 396), (-72, 990, 378), (-72, 990, 414), (-54, 972, 432), (-72, 972, 414), (-54, 972, 378), (-72, 972, 378), (-72, 972, 342), (-54, 990, 324), (-108, 972, 432), (-90, 972, 468), (-108, 972, 432), (-90, 954, 378), (-108, 972, 378), (-108, 972, 396), (-108, 972, 396), (-72, 972, 396), (-108, 972, 306), (-108, 972, 414)]	(9482, 12389, 9723, 9900, 11480, 9402, 5795, 6063, 4880, 6809, 5773, 6038, 4429, 6195, 7160, 7280, 11599, 19902, 14372, 9168, 16097, 14614, 12281, 1974)
right	s	548644	(649, 393)	[(-72, 972, 432), (-90, 972, 414), (-54, 990, 378), (-54, 990, 378), (-90, 972, 414), (-72, 972, 396), (-72, 972, 360), (-72, 972, 378), (-90, 972, 414), (-90, 972, 414), (-72, 972, 378), (-72, 972, 414), (-108, 972, 450), (-72, 972, 378), (-90, 972, 360), (-72, 972, 378), (-90, 990, 432), (-108, 990, 450), (-90, 972, 378), (-90, 990, 396), (-108, 972, 432), (-108, 990, 414), (-108, 972, 396), (-108, 972, 360), (-90, 972, 396)]	(9517, 12555, 9785, 9890, 11456, 9408, 5308, 5959, 5012, 6763, 5656, 5997, 4436, 6133, 7152, 7200, 11569, 19912, 14364, 9160, 16088, 14605, 12299, 1986)
right	m	549928	(724, 116)	[(-90, 972, 450), (-72, 972, 378), (-72, 954, 360), (-90, 972, 414), (-90, 972, 414), (-90, 972, 450), (-90, 972, 378), (-90, 972, 378), (-90, 972, 432), (-90, 954, 450), (-72, 972, 432), (-90, 972, 432), (-90, 972, 432), (-72, 954, 414), (-72, 954, 450), (-90, 954, 468), (-90, 972, 414), (-90, 972, 432), (-72, 990, 432), (-90, 972, 396), (-72, 972, 360), (-90, 954, 378), (-72, 972, 414), (-72, 972, 414), (-90, 972, 432)]	(9473, 11007, 9204, 9762, 11431, 9418, 5121, 5803, 5233, 6786, 5905, 6006, 4412, 6099, 7148, 7434, 11436, 19867, 14356, 9115, 16249, 14638, 12272, 1982)
left	u	551258	(564, 165)	[(-90, 954, 432), (-72, 954, 432), (-90, 954, 432), (-72, 972, 450), (-90, 972, 414), (-90, 972, 414), (-90, 972, 432), (-90, 972, 396), (-90, 972, 378), (-108, 954, 378), (-90, 954, 414), (-90, 972, 396), (-54, 972, 396), (-36, 990, 414), (-54, 972, 414), (-72, 954, 432), (-54, 972, 414), (-72, 990, 414), (-72, 972, 378), (-54, 972, 396), (-54, 972, 432), (-54, 990, 378), (-54, 972, 396), (-54, 972, 360), (-54, 972, 396)]	(9521, 11097, 9237, 9814, 11562, 9504, 5080, 5810, 4356, 6780, 6167, 6010, 4511, 6053, 7120, 7941, 11271, 19881, 14799, 9043, 16963, 14907, 12291, 1967)
right	v	552792	(724, 258)	[(-54, 972, 432), (-72, 972, 414), (-54, 972, 396), (-54, 972, 414), (-54, 954, 414), (-54, 972, 450), (-54, 972, 432), (-54, 972, 396), (-54, 972, 396), (-54, 972, 396), (-72, 972, 396), (-72, 972, 396), (-72, 972, 396), (-54, 972, 378), (-54, 990, 414), (-54, 972, 414), (-90, 972, 414), (-54, 972, 396), (-54, 972, 378), (-54, 972, 414), (-54, 972, 414), (-72, 972, 414), (-72, 990, 378), (-90, 972, 378), (-36, 972, 414)]	(9437, 12136, 9356, 9807, 11410, 9390, 6356, 6100, 4840, 6788, 5983, 6022, 4475, 6127, 7150, 7517, 11486, 19908, 14436, 9162, 16391, 14828, 12292, 1972)
right	q	554056	(584, 458)	[(-72, 972, 414), (-72, 972, 414), (-72, 972, 414), (-54, 972, 378), (-36, 990, 378), (-18, 1008, 378), (-72, 972, 432), (-54, 990, 396), (18, 1008, 342), (-54, 954, 342), (-90, 972, 432), (-72, 972, 450), (-108, 972, 414), (-180, 1026, 288), (-36, 936, 450), (-72, 954, 468), (-72, 972, 432), (-54, 972, 378), (-72, 972, 360), (-90, 972, 396), (-108, 972, 432), (-108, 972, 396), (-72, 972, 342), (-144, 990, 378), (-90, 990, 432)]	(9722, 12687, 10418, 10081, 11470, 9430, 4713, 5813, 4360, 6774, 5596, 5991, 4475, 6145, 7158, 7205, 11498, 19902, 14400, 9195, 16283, 14604, 12274, 1975)
right	d	555394	(651, 327)	[(-72, 972, 450), (-54, 972, 414), (-90, 954, 414), (-72, 954, 432), (-72, 972, 432), (-54, 972, 414), (-72, 954, 396), (-90, 954, 450), (-72, 954, 450), (-72, 954, 414), (-72, 972, 432), (-72, 972, 468), (-72, 972, 468), (-72, 972, 414), (-90, 972, 396), (-72, 972, 432), (-90, 972, 432), (-90, 972, 432), (-72, 972, 450), (-72, 972, 414), (-90, 954, 396), (-90, 972, 414), (-90, 972, 414), (-72, 972, 414), (-108, 954, 396)]	(9480, 12409, 9585, 9854, 11443, 9398, 6482, 5968, 4933, 6769, 5827, 5992, 4482, 6146, 7163, 7334, 11513, 19940, 14495, 9192, 16625, 14834, 12295, 1968)
right	r	556561	(572, 310)	[(-54, 972, 414), (-72, 972, 450), (-72, 972, 414), (-36, 990, 432), (-72, 972, 432), (-72, 954, 414), (-72, 972, 432), (-54, 954, 414), (-54, 954, 414), (-54, 972, 432), (-54, 954, 450), (-72, 954, 432), (-54, 954, 432), (-54, 954, 450), (-72, 954, 414), (-54, 972, 414), (-54, 972, 414), (-72, 990, 432), (-72, 972, 396), (-72, 972, 414), (-72, 972, 432), (-72, 972, 432), (-90, 972, 432), (-72, 972, 414), (-90, 972, 396)]	(9483, 12300, 9647, 9846, 11480, 9431, 6459, 5978, 4888, 6806, 5875, 5989, 4484, 6153, 7143, 7342, 11497, 19933, 14460, 9175, 16517, 14797, 12286, 1973)
left	f	557948	(659, 274)	[(-72, 954, 432), (-90, 972, 414), (-72, 972, 432), (-72, 972, 450), (-72, 954, 450), (-72, 972, 432), (-72, 972, 414), (-90, 936, 450), (-72, 972, 468), (-90, 972, 450), (-72, 954, 450), (-72, 972, 432), (-72, 972, 432), (-72, 954, 414), (-72, 954, 414), (-90, 954, 432), (-108, 954, 450), (-72, 954, 432), (-72, 972, 432), (-72, 972, 432), (-72, 936, 450), (-54, 954, 450), (-72, 972, 450), (-72, 972, 432), (-36, 972, 414)]	(9465, 11946, 9264, 9813, 11541, 9433, 6856, 5971, 5120, 6804, 6410, 6041, 4560, 6086, 7155, 8564, 11408, 19928, 14720, 9103, 16986, 14952, 12297, 1971)
right	o	559283	(579, 85)	[(-72, 972, 450), (-72, 954, 450), (-54, 972, 450), (-72, 972, 414), (-72, 972, 378), (-54, 954, 414), (-72, 954, 450), (-54, 972, 432), (-72, 954, 432), (-72, 954, 414), (-72, 954, 432), (-72, 954, 414), (-72, 972, 432), (-72, 954, 414), (-90, 954, 432), (-72, 954, 450), (-72, 954, 432), (-90, 954, 450), (-54, 954, 432), (-72, 972, 432), (-72, 954, 414), (-72, 954, 450), (-72, 954, 414), (-90, 972, 432), (-72, 972, 486)]	(9434, 11471, 9191, 9812, 11442, 9440, 7828, 6039, 5272, 6836, 6867, 6083, 4580, 6150, 7173, 9147, 11489, 19901, 14620, 9123, 16823, 14832, 12290, 1970)
right	w	560501	(576, 396)	[(-72, 972, 414), (-72, 972, 414), (-72, 990, 396), (-72, 972, 396), (-72, 972, 396), (-72, 972, 432), (-72, 972, 432), (-72, 972, 396), (-54, 972, 396), (-90, 990, 450), (-90, 990, 414), (-72, 972, 378), (-72, 954, 378), (-126, 954, 378), (-144, 954, 432), (-90, 972, 396), (-90, 972, 414), (-108, 972, 432), (-108, 990, 414), (-90, 972, 396), (-126, 972, 396), (-126, 972, 396), (-126, 972, 414), (-126, 972, 396), (-144, 954, 360)]	(9527, 12493, 9967, 9964, 11490, 9436, 5235, 5813, 4533, 6758, 5636, 5953, 4468, 6168, 7156, 7242, 11580, 19901, 14406, 9181, 16269, 14649, 12281, 1970)
left	r	561842	(568, 306)	[(-90, 972, 432), (-90, 972, 450), (-90, 972, 450), (-90, 954, 432), (-72, 954, 360), (-90, 954, 414), (-72, 972, 450), (-90, 972, 450), (-90, 954, 450), (-108, 954, 450), (-90, 954, 468), (-126, 954, 432), (-90, 954, 432), (-54, 954, 414), (-72, 972, 396), (-72, 972, 432), (-72, 972, 432), (-72, 972, 414), (-90, 972, 396), (-90, 972, 396), (-72, 972, 396), (-90, 972, 396), (-90, 972, 396), (-72, 972, 396), (-72, 972, 396)]	(9438, 11815, 9241, 9790, 11510, 9447, 7021, 5945, 5257, 6803, 6416, 6074, 4504, 6141, 7158, 8058, 11575, 19940, 14644, 9154, 16922, 14905, 12298, 1975)
right	j	563189	(668, 152)	[(-72, 972, 396), (-90, 972, 396), (-90, 972, 396), (-90, 954, 432), (-90, 972, 432), (-72, 972, 396), (-72, 972, 414), (-72, 954, 450), (-90, 972, 432), (-72, 990, 414), (-72, 972, 360), (-72, 990, 360), (-90, 990, 396), (-72, 972, 396), (-72, 990, 342), (-72, 990, 360), (-72, 990, 378), (-90, 972, 396), (-90, 990, 378), (-72, 990, 378), (-90, 972, 360), (-90, 990, 378), (-90, 972, 378), (-90, 972, 378), (-108, 972, 414)]	(9453, 11681, 9209, 9795, 11460, 9431, 6820, 5925, 5360, 6828, 6260, 6070, 4472, 6152, 7129, 7788, 11557, 19969, 14724, 9164, 17096, 14956, 12310, 1973)
right	p	566258	(569, 49)	[(-90, 972, 414), (-90, 972, 414), (-108, 972, 432), (-90, 972, 396), (-108, 954, 414), (-90, 972, 396), (-90, 972, 414), (-90, 972, 414), (-90, 972, 414), (-90, 972, 414), (-90, 972, 396), (-90, 972, 396), (-108, 972, 432), (-90, 972, 432), (-90, 972, 414), (-90, 990, 468), (-90, 972, 414), (-90, 972, 414), (-90, 972, 414), (-90, 972, 432), (-108, 954, 414), (-90, 972, 414), (-90, 972, 432), (-108, 972, 414), (-90, 954, 360)]	(9419, 10867, 9132, 9771, 11454, 9411, 6903, 5787, 5281, 6708, 6058, 12404, 4441, 6138, 7148, 8251, 11493, 19902, 14590, 9111, 16835, 14797, 12286, 1969)
left	q	567747	(539, 450)	[(-90, 972, 414), (-90, 954, 432), (-108, 990, 432), (-90, 954, 432), (-90, 972, 432), (-72, 954, 432), (-90, 954, 432), (-90, 954, 432), (-90, 954, 450), (-90, 936, 450), (-108, 936, 450), (-90, 936, 468), (-90, 936, 468), (-90, 936, 468), (-90, 936, 486), (-90, 936, 486), (-72, 936, 486), (-90, 936, 486), (-72, 936, 468), (-72, 954, 486), (-72, 936, 486), (-72, 936, 468), (-72, 954, 486), (-36, 936, 522), (-72, 954, 522)]	(9425, 11323, 9155, 9784, 11420, 9428, 7933, 5929, 5219, 6826, 7160, 6086, 4605, 6137, 7174, 9513, 11447, 19822, 14331, 9135, 16034, 14562, 12255, 1973)
left	v	569182	(726, 243)	[(-108, 918, 576), (-108, 918, 558), (-72, 936, 522), (-54, 918, 504), (-72, 918, 504), (-90, 900, 486), (-72, 918, 468), (-36, 918, 468), (-36, 972, 450), (-36, 954, 432), (-36, 936, 414), (-36, 918, 450), (-36, 954, 486), (-72, 954, 468), (-72, 954, 468), (-54, 936, 522), (-54, 936, 558), (-54, 936, 540), (-54, 954, 486), (-54, 936, 468), (-54, 954, 450), (-36, 954, 468), (-36, 954, 450), (-36, 954, 396), (-36, 954, 450)]	(9450, 11275, 9177, 9802, 11449, 9431, 6884, 5985, 5459, 6830, 6812, 6044, 4506, 6147, 7164, 8957, 11605, 19959, 14804, 9164, 17184, 15022, 12323, 1981)
right	d	570465	(666, 333)	[(-72, 954, 468), (-54, 954, 468), (-54, 954, 450), (-36, 972, 450), (-36, 954, 450), (-54, 954, 432), (-54, 972, 450), (-72, 954, 432), (-54, 954, 414), (-36, 990, 414), (-72, 936, 432), (-54, 990, 468), (-54, 990, 450), (-72, 972, 486), (-72, 954, 468), (-72, 954, 414), (-36, 954, 378), (-36, 954, 396), (-36, 954, 450), (-72, 954, 504), (-54, 954, 450), (-54, 936, 432), (-72, 954, 450), (-54, 954, 450), (-54, 972, 450)]	(9518, 12560, 9476, 9854, 11459, 9454, 5929, 5718, 4470, 6783, 5755, 5944, 4510, 6165, 7167, 7335, 11599, 19940, 14511, 9200, 16734, 14867, 12292, 1973)
left	q	571955	(549, 444)	[(-36, 954, 432), (-54, 954, 432), (-54, 954, 450), (-36, 954, 468), (-54, 954, 450), (-36, 954, 450), (-36, 954, 450), (-36, 972, 432), (-36, 954, 432), (-36, 954, 450), (-18, 954, 414), (-54, 954, 414), (-54, 954, 432), (-36, 972, 432), (-36, 972, 414), (-36, 954, 432), (-36, 972, 432), (-54, 954, 468), (-36, 972, 432), (-54, 954, 396), (-54, 954, 450), (-54, 954, 432), (-54, 972, 432), (-36, 972, 468), (-36, 972, 504)]	(9463, 11955, 9216, 9827, 11470, 9489, 7382, 5877, 4702, 6823, 6311, 6033, 4549, 6135, 7137, 8058, 11449, 19905, 14488, 9221, 16789, 14924, 12281, 1966)
left	z	573190	(733, 363)	[(-72, 954, 432), (-72, 954, 432), (-54, 954, 450), (-54, 972, 450), (-54, 972, 432), (-54, 972, 432), (-54, 954, 468), (-72, 954, 450), (-72, 972, 432), (-54, 972, 432), (-54, 954, 468), (-54, 954, 468), (-36, 954, 450), (-36, 972, 432), (-54, 954, 432), (-36, 972, 414), (-54, 954, 414), (-54, 972, 396), (-54, 972, 396), (-54, 972, 414), (-54, 972, 432), (-54, 954, 432), (-54, 954, 414), (-36, 972, 396), (-36, 972, 432)]	(9488, 11779, 9195, 9815, 11494, 9480, 6206, 5718, 4793, 6818, 6084, 5973, 4482, 6125, 7142, 7842, 11481, 19925, 14532, 9188, 16959, 14947, 12288, 1972)
left	s	574561	(654, 358)	[(-36, 954, 414), (-36, 972, 414), (-54, 954, 432), (-36, 954, 432), (-54, 954, 432), (-54, 972, 432), (-54, 954, 468), (-54, 954, 414), (-36, 954, 414), (-54, 972, 432), (-72, 954, 432), (-54, 972, 432), (-54, 972, 432), (-54, 972, 450), (-54, 972, 432), (-54, 972, 432), (-54, 972, 414), (-54, 972, 414), (-36, 954, 414), (-36, 972, 414), (-54, 954, 432), (-54, 972, 432), (-54, 972, 432), (-72, 972, 414), (-54, 990, 432)]	(9471, 11759, 9196, 9790, 11483, 9472, 6255, 5723, 5003, 6800, 6116, 5991, 4538, 6152, 7133, 7923, 11492, 19880, 14512, 9181, 16859, 14875, 12278, 1970)
left	i	576057	(571, 117)	[(-54, 972, 432), (-72, 972, 432), (-54, 954, 450), (-90, 972, 432), (-54, 972, 414), (-54, 954, 414), (-90, 954, 378), (-90, 972, 342), (-72, 990, 396), (-36, 972, 432), (-36, 972, 432), (-54, 990, 432), (-36, 972, 432), (-36, 954, 432), (0, 972, 414), (18, 954, 414), (-36, 990, 378), (-90, 990, 342), (-90, 990, 324), (-18, 972, 360), (-36, 972, 396), (-54, 972, 396), (-36, 990, 414), (-36, 990, 414), (-18, 972, 360)]	(9544, 11139, 9243, 9788, 11682, 9689, 4479, 5567, 4010, 6795, 5752, 5978, 4449, 6028, 7107, 7450, 11219, 19864, 14875, 9012, 17028, 14871, 12286, 1972)
right	t	577496	(578, 266)	[(54, 972, 504), (-108, 990, 504), (-126, 972, 522), (-90, 954, 486), (-90, 936, 450), (-90, 936, 486), (-108, 936, 522), (-72, 936, 522), (-72, 954, 486), (-54, 954, 486), (-72, 954, 468), (-72, 936, 486), (-90, 936, 486), (-72, 936, 468), (-54, 954, 450), (-72, 954, 450), (-72, 936, 468), (-54, 936, 486), (-54, 954, 468), (-90, 936, 468), (-72, 954, 468), (-90, 954, 468), (-90, 936, 540), (-72, 954, 468), (-108, 936, 396)]	(9648, 12264, 9295, 9794, 11419, 9411, 6503, 5634, 5678, 6827, 5960, 5970, 4471, 6207, 7172, 7643, 11625, 19886, 14373, 9133, 16126, 14662, 12285, 1950)
right	c	578730	(728, 298)	[(-54, 936, 468), (-54, 954, 450), (-54, 954, 468), (-54, 936, 432), (-54, 954, 486), (-90, 954, 486), (-54, 936, 450), (-72, 954, 432), (-54, 972, 414), (-54, 936, 504), (-72, 954, 450), (-54, 936, 450), (-72, 936, 432), (-54, 954, 450), (-72, 936, 540), (-72, 936, 522), (-54, 936, 450), (-72, 936, 432), (-90, 936, 504), (-90, 936, 540), (-90, 936, 486), (-108, 936, 468), (-90, 936, 450), (-90, 936, 450), (-108, 936, 486)]	(9752, 12175, 9397, 9815, 11434, 9401, 4424, 5554, 4896, 6766, 5569, 5944, 4377, 6162, 7161, 7256, 11568, 19846, 14300, 9144, 16055, 14555, 12270, 1945)
left	h	580146	(668, 177)	[(-72, 972, 432), (-72, 954, 450), (-72, 936, 486), (-72, 954, 432), (-72, 954, 486), (-90, 954, 486), (-90, 954, 468), (-90, 954, 468), (-90, 936, 504), (-72, 954, 504), (-72, 954, 486), (-90, 936, 450), (-126, 936, 414), (-90, 918, 468), (18, 954, 468), (0, 972, 468), (-36, 972, 414), (-36, 954, 432), (0, 972, 468), (0, 954, 450), (0, 954, 432), (0, 954, 432), (0, 954, 450), (0, 954, 450), (0, 954, 414)]	(9726, 10909, 9210, 9782, 11586, 9397, 4606, 5581, 4331, 6778, 5833, 6007, 4558, 6066, 7139, 8965, 11273, 19821, 14672, 8981, 16860, 14852, 12274, 1977)
left	k	581682	(664, 98)	[(-54, 972, 450), (-72, 954, 450), (-72, 936, 396), (-54, 972, 378), (-54, 954, 432), (-72, 954, 468), (-54, 954, 468), (-36, 972, 414), (-54, 954, 432), (-54, 954, 414), (-54, 972, 450), (-54, 954, 450), (-54, 954, 450), (-72, 972, 432), (-54, 972, 450), (-36, 972, 414), (-54, 972, 450), (-36, 954, 414), (-54, 972, 414), (-36, 972, 432), (0, 972, 432), (-18, 972, 432), (18, 972, 414), (18, 936, 432), (-36, 972, 414)]	(9702, 11164, 9239, 9805, 11561, 9458, 4936, 5605, 3923, 6757, 6002, 5994, 4648, 6071, 7126, 9732, 11187, 19759, 14815, 8922, 16899, 14752, 12263, 1965)
left	c	582947	(737, 294)	[(-36, 972, 414), (-54, 954, 414), (-54, 954, 414), (-36, 972, 414), (-54, 954, 432), (-72, 972, 432), (-72, 972, 450), (-90, 954, 450), (-72, 954, 486), (-54, 954, 450), (-72, 954, 450), (-54, 954, 450), (-54, 954, 432), (-72, 954, 468), (-54, 954, 432), (-54, 954, 432), (-54, 972, 414), (-72, 972, 432), (-36, 972, 450), (-54, 954, 432), (-54, 954, 432), (-36, 954, 432), (-36, 954, 468), (-54, 954, 450), (-36, 954, 450)]	(9547, 11479, 9191, 9776, 11437, 9405, 5723, 5604, 5256, 6798, 5981, 5972, 4458, 6101, 7151, 8333, 11405, 19887, 14560, 9099, 16831, 14930, 12289, 1967)
right	v	584389	(734, 253)	[(-72, 954, 486), (-54, 954, 486), (-72, 954, 486), (-72, 954, 414), (-72, 936, 396), (-72, 954, 414), (-72, 954, 468), (-72, 936, 522), (-54, 936, 522), (-72, 954, 450), (-54, 954, 450), (-72, 954, 486), (-90, 954, 468), (-90, 936, 468), (-72, 954, 432), (-72, 936, 450), (-72, 936, 468), (-90, 936, 540), (-54, 936, 450), (-72, 936, 432), (-54, 936, 486), (-72, 936, 504), (-72, 954, 486), (-90, 954, 450), (-90, 936, 486)]	(9688, 12303, 9354, 9793, 11431, 9392, 4883, 5533, 4365, 6740, 5632, 5896, 4435, 6094, 7134, 7278, 11428, 19877, 14390, 9139, 16393, 14765, 12281, 1975)
left	r	585676	(566, 316)	[(-90, 954, 450), (-90, 972, 450), (-72, 972, 468), (-108, 954, 450), (-90, 954, 450), (-72, 954, 432), (-72, 954, 450), (-90, 918, 468), (-90, 936, 468), (-90, 954, 468), (-72, 954, 450), (-72, 972, 432), (-72, 954, 468), (-90, 954, 468), (-108, 936, 468), (-108, 954, 450), (-90, 954, 432), (-90, 954, 432), (-72, 954, 432), (-72, 954, 432), (-90, 972, 432), (-72, 954, 450), (-54, 972, 468), (-54, 954, 468), (-54, 954, 450)]	(9611, 11492, 9196, 9756, 11445, 9423, 5367, 5557, 5459, 6804, 5940, 5962, 4505, 6136, 7140, 8348, 11510, 19880, 14546, 9109, 16809, 14880, 12287, 1968)
left	a	587771	(655, 417)	[(-72, 954, 468), (-72, 954, 468), (-72, 954, 450), (-54, 954, 450), (-54, 954, 432), (-72, 954, 432), (-72, 954, 450), (-54, 954, 450), (-72, 954, 450), (-72, 954, 450), (-72, 954, 468), (-72, 954, 432), (-72, 954, 450), (-54, 954, 450), (-54, 972, 468), (-72, 954, 450), (-54, 954, 450), (-72, 954, 450), (-54, 954, 432), (-72, 954, 450), (-72, 954, 450), (-54, 954, 450), (-72, 954, 450), (-72, 954, 468), (-54, 954, 468)]	(9531, 11226, 9157, 9757, 11403, 9436, 5628, 5656, 6296, 6811, 6008, 5983, 4477, 6135, 7155, 8682, 11440, 19794, 14290, 9086, 15971, 14599, 12255, 1958)
right	o	589188	(574, 87)	[(-54, 954, 450), (-72, 954, 450), (-72, 954, 450), (-54, 936, 450), (-72, 954, 468), (-72, 954, 414), (-72, 954, 432), (-90, 954, 432), (-90, 954, 450), (-72, 954, 468), (-72, 954, 450), (-72, 972, 414), (-72, 990, 396), (-36, 972, 378), (-36, 990, 378), (-54, 972, 414), (-72, 972, 432), (-72, 972, 450), (-54, 972, 450), (-72, 972, 468), (-54, 972, 468), (-72, 954, 432), (-72, 972, 414), (-72, 972, 432), (-72, 972, 450)]	(9561, 11149, 9175, 9761, 11421, 9458, 5954, 5639, 5853, 6812, 6073, 6012, 4466, 6171, 7154, 8637, 11523, 19844, 14446, 9109, 16601, 14809, 12286, 1977)
left	j	591181	(659, 149)	[(-72, 954, 450), (-72, 972, 414), (-90, 954, 468), (-72, 972, 432), (-72, 954, 432), (-72, 954, 450), (-90, 954, 486), (-72, 954, 468), (-72, 954, 450), (-90, 954, 432), (-72, 954, 468), (-72, 954, 468), (-72, 936, 450), (-72, 954, 432), (-72, 954, 450), (-72, 954, 432), (-72, 954, 450), (-72, 954, 450), (-72, 954, 486), (-90, 954, 450), (-72, 954, 450), (-72, 954, 450), (-72, 954, 450), (-72, 954, 450), (-90, 936, 432)]	(9541, 11620, 9181, 9749, 11411, 9494, 6746, 5655, 6170, 6808, 6271, 6044, 4545, 6216, 7234, 10504, 11779, 19794, 14293, 8906, 15762, 14539, 12333, 1965)
right	k	593189	(652, 104)	[(-36, 972, 468), (-36, 972, 450), (-36, 972, 414), (-18, 972, 414), (-18, 972, 432), (-18, 972, 414), (0, 972, 468), (-54, 954, 432), (-54, 972, 468), (-72, 972, 486), (-72, 972, 450), (-54, 936, 378), (-54, 954, 378), (-54, 954, 432), (-54, 954, 450), (-54, 954, 432), (-54, 954, 450), (-54, 954, 450), (-54, 972, 432), (-54, 954, 450), (-54, 972, 414), (-72, 972, 450), (-54, 954, 432), (-54, 972, 432), (-54, 954, 414)]	(9665, 11020, 9195, 9799, 11487, 9437, 5265, 5583, 4633, 6792, 6137, 6049, 4596, 6141, 7192, 10621, 11484, 19780, 14513, 8878, 16560, 14728, 12346, 1966)
right	n	594518	(730, 162)	[(-72, 954, 432), (-72, 954, 432), (-72, 954, 450), (-72, 972, 414), (-54, 954, 414), (-54, 972, 432), (-54, 954, 450), (-72, 954, 450), (-72, 954, 450), (-72, 954, 432), (-72, 954, 450), (-72, 972, 450), (-72, 972, 432), (-72, 954, 432), (-54, 954, 432), (-54, 972, 432), (-72, 954, 432), (-54, 972, 432), (-54, 954, 432), (-54, 972, 414), (-72, 954, 432), (-72, 954, 432), (-72, 972, 396), (-72, 972, 414), (-72, 972, 396)]	(9565, 11611, 9184, 9772, 11411, 9411, 6021, 5622, 5003, 6763, 6074, 5984, 4547, 6124, 7183, 9475, 11518, 19836, 14430, 8925, 16328, 14807, 12356, 1965)
right	i	595740	(576, 131)	[(-54, 972, 432), (-72, 954, 432), (-54, 972, 432), (-72, 954, 432), (-72, 954, 450), (-72, 972, 450), (-72, 954, 450), (-54, 972, 450), (-54, 972, 432), (-72, 972, 432), (-72, 954, 432), (-72, 954, 432), (-72, 954, 450), (-54, 972, 432), (-72, 972, 414), (-72, 954, 432), (-72, 972, 432), (-72, 954, 414), (-72, 954, 432), (-72, 972, 432), (-72, 954, 414), (-72, 972, 414), (-72, 972, 432), (-72, 954, 432), (-72, 954, 432)]	(9550, 11906, 9213, 9775, 11422, 9485, 6607, 5607, 5058, 6825, 6125, 6024, 4553, 6144, 7190, 9388, 11605, 19875, 14458, 8961, 16354, 14871, 12380, 1959)
right	h	597022	(664, 203)	[(-72, 972, 450), (-54, 972, 450), (-72, 954, 432), (-72, 954, 432), (-72, 954, 432), (-72, 972, 414), (-72, 954, 432), (-72, 972, 432), (-72, 972, 414), (-54, 972, 432), (-72, 954, 432), (-72, 954, 432), (-72, 972, 432), (-72, 954, 432), (-72, 972, 414), (-72, 972, 414), (-72, 972, 432), (-72, 954, 432), (-72, 972, 432), (-72, 990, 432), (-72, 954, 432), (-90, 954, 432), (-72, 972, 432), (-90, 972, 432), (-72, 972, 432)]	(9536, 11952, 9207, 9769, 11396, 9424, 6356, 5613, 4993, 6773, 5926, 6001, 4492, 6122, 7176, 7932, 11699, 19898, 14424, 8982, 16310, 14896, 12393, 1975)
