From now on you will be typing sentences rather than letters. Please hold the phone in your right hand and type with you right thumb
y	1642739	(581, 219)	[(36, 576, 936), (36, 612, 900), (72, 612, 846), (90, 594, 846), (18, 612, 882), (0, 648, 882), (18, 630, 828), (-36, 648, 810), (-36, 648, 810), (-36, 630, 810), (-36, 648, 846), (18, 648, 828), (18, 648, 810), (0, 666, 792), (18, 666, 810), (36, 666, 864), (18, 684, 828), (0, 666, 864), (-72, 648, 774), (0, 630, 720), (36, 684, 810), (18, 684, 936), (0, 666, 918), (-36, 630, 792), (-108, 630, 756)]	(9395, 11570, 10034, 11148, 11541, 9693, 9041, 7061, 7206, 7045, 9454, 8993, 5065, 6145, 7200, 8737, 11146, 19792, 16096, 8743, 15676, 13309, 12193, 2001)
o	1643132	(607, 90)	[(0, 666, 792), (18, 666, 810), (36, 666, 864), (18, 684, 828), (0, 666, 864), (-72, 648, 774), (0, 630, 720), (36, 684, 810), (18, 684, 936), (0, 666, 918), (-36, 630, 792), (-108, 630, 756), (0, 666, 846), (0, 666, 810), (18, 666, 810), (36, 684, 810), (18, 666, 792), (0, 684, 684), (-36, 648, 738), (-72, 666, 828), (36, 702, 900), (54, 684, 954), (-54, 648, 918), (-36, 666, 774), (-54, 666, 756)]	(9384, 11520, 9970, 11110, 11517, 9706, 8825, 7029, 7350, 7043, 9026, 8980, 5106, 6158, 7238, 8919, 11150, 19769, 16032, 8747, 15668, 13288, 12175, 1985)
u	1643375	(571, 149)	[(0, 630, 720), (36, 684, 810), (18, 684, 936), (0, 666, 918), (-36, 630, 792), (-108, 630, 756), (0, 666, 846), (0, 666, 810), (18, 666, 810), (36, 684, 810), (18, 666, 792), (0, 684, 684), (-36, 648, 738), (-72, 666, 828), (36, 702, 900), (54, 684, 954), (-54, 648, 918), (-36, 666, 774), (-54, 666, 756), (-36, 684, 774), (18, 648, 738), (0, 720, 900), (54, 684, 972), (72, 684, 864), (-18, 684, 720)]	(9390, 11584, 10036, 11177, 11527, 9715, 8999, 7151, 7428, 7060, 8963, 9116, 5060, 6127, 7217, 8637, 11123, 19703, 16083, 8716, 15540, 13074, 11934, 1977)
 	1645530	(582, 82)	[(-18, 648, 846), (-18, 648, 846), (-36, 648, 846), (0, 648, 828), (-36, 648, 828), (-54, 648, 846), (-36, 648, 828), (-36, 648, 846), (-36, 648, 828), (18, 666, 846), (-54, 630, 828), (-36, 648, 828), (-36, 666, 846), (-36, 648, 846), (-36, 648, 846), (-54, 648, 810), (-36, 648, 810), (-36, 666, 828), (-18, 648, 828), (-36, 666, 756), (0, 648, 810), (0, 666, 882), (-54, 648, 900), (-90, 630, 846), (-72, 648, 774)]	(9393, 11569, 10009, 11176, 11505, 9678, 8412, 6737, 7434, 6995, 8586, 8576, 5080, 6146, 7225, 8514, 11139, 19688, 16067, 8706, 15499, 13085, 11940, 1990)
o	1645975	(668, 298)	[(-36, 648, 810), (-36, 666, 828), (-18, 648, 828), (-36, 666, 756), (0, 648, 810), (0, 666, 882), (-54, 648, 900), (-90, 630, 846), (-72, 648, 774), (-54, 630, 792), (36, 666, 810), (-54, 666, 774), (-72, 666, 792), (-36, 666, 792), (-36, 666, 810), (-36, 684, 846), (-54, 666, 810), (-36, 666, 828), (-72, 666, 756), (0, 666, 738), (18, 684, 864), (-36, 684, 918), (-72, 648, 846), (-126, 648, 792), (-108, 648, 828)]	(9397, 11689, 10104, 11286, 11519, 9624, 8520, 6605, 7199, 6919, 8425, 8582, 5066, 6140, 7194, 8209, 11136, 19712, 16159, 8708, 15499, 13070, 11931, 1993)
f	1646266	(656, 433)	[(-72, 648, 774), (-54, 630, 792), (36, 666, 810), (-54, 666, 774), (-72, 666, 792), (-36, 666, 792), (-36, 666, 810), (-36, 684, 846), (-54, 666, 810), (-36, 666, 828), (-72, 666, 756), (0, 666, 738), (18, 684, 864), (-36, 684, 918), (-72, 648, 846), (-126, 648, 792), (-108, 648, 828), (-54, 684, 792), (-36, 702, 810), (-36, 684, 792), (-72, 756, 576), (-72, 684, 684), (-36, 702, 792), (0, 720, 774), (-54, 720, 810)]	(9413, 11830, 10275, 11490, 11533, 9668, 8375, 6218, 6700, 7025, 7821, 8072, 4950, 6074, 7188, 7687, 11150, 19703, 16890, 8719, 15510, 13087, 11938, 1981)
 	1646726	(674, 56)	[(-108, 648, 828), (-54, 684, 792), (-36, 702, 810), (-36, 684, 792), (-72, 756, 576), (-72, 684, 684), (-36, 702, 792), (0, 720, 774), (-54, 720, 810), (-72, 702, 702), (-108, 630, 756), (-90, 648, 828), (-72, 648, 882), (-54, 648, 864), (-72, 666, 828), (-72, 630, 828), (-54, 648, 864), (-72, 648, 828), (-72, 666, 720), (-54, 630, 810), (-36, 648, 954), (0, 648, 990), (-54, 594, 1008), (-198, 576, 846), (-234, 558, 666)]	(9380, 11560, 9961, 11145, 11477, 9516, 7281, 6291, 7287, 6895, 8085, 8078, 5142, 6109, 7195, 7948, 11118, 19644, 15995, 8710, 15406, 13067, 11944, 1984)
a	1646917	(673, 50)	[(-72, 756, 576), (-72, 684, 684), (-36, 702, 792), (0, 720, 774), (-54, 720, 810), (-72, 702, 702), (-108, 630, 756), (-90, 648, 828), (-72, 648, 882), (-54, 648, 864), (-72, 666, 828), (-72, 630, 828), (-54, 648, 864), (-72, 648, 828), (-72, 666, 720), (-54, 630, 810), (-36, 648, 954), (0, 648, 990), (-54, 594, 1008), (-198, 576, 846), (-234, 558, 666), (0, 594, 810), (-72, 612, 828), (-198, 594, 648), (-198, 594, 648)]	(9385, 11554, 9990, 11162, 11486, 9567, 7222, 6394, 7314, 6876, 7875, 8187, 5075, 6110, 7178, 7914, 11121, 19664, 16042, 8705, 15430, 13073, 11944, 1990)
l	1648636	(678, 47)	[(-72, 630, 864), (-72, 630, 828), (-36, 630, 864), (-54, 630, 846), (-54, 630, 828), (-36, 630, 828), (-36, 648, 828), (-36, 648, 810), (18, 648, 810), (0, 648, 810), (-36, 648, 810), (-54, 630, 846), (-54, 630, 846), (-54, 630, 864), (-36, 648, 864), (-36, 630, 846), (-36, 630, 810), (-36, 630, 846), (-36, 648, 738), (-54, 630, 828), (-54, 648, 936), (0, 666, 954), (-36, 612, 972), (-108, 612, 846), (-126, 612, 756)]	(9380, 11502, 9950, 11095, 11472, 9560, 6885, 6851, 7781, 6943, 7640, 8905, 5121, 6125, 7184, 7812, 11109, 19656, 15910, 8705, 15441, 13068, 11944, 1983)
l	1649449	(664, 46)	[(-36, 648, 864), (-36, 630, 864), (-54, 630, 792), (-54, 630, 828), (-54, 630, 846), (-36, 630, 864), (-72, 648, 864), (-36, 648, 828), (-36, 630, 828), (-54, 630, 828), (-36, 630, 846), (-36, 648, 846), (-36, 630, 846), (-54, 630, 828), (-36, 630, 828), (-36, 648, 828), (-54, 630, 846), (-90, 594, 846), (-90, 612, 828), (-72, 630, 882), (-18, 666, 954), (36, 648, 954), (-54, 630, 810), (-90, 612, 702), (-90, 630, 720)]	(9384, 11467, 9998, 11106, 11461, 9555, 6214, 6507, 7376, 6935, 7369, 8567, 5105, 6119, 7164, 7543, 11090, 19664, 15906, 8706, 15423, 13074, 11938, 1981)
 	1652703	(847, 249)	[(-18, 648, 864), (-18, 648, 828), (-36, 648, 810), (-36, 648, 828), (-36, 648, 846), (-36, 648, 846), (-54, 630, 864), (-54, 630, 828), (-36, 648, 846), (-36, 630, 846), (-36, 648, 828), (-54, 630, 846), (-36, 648, 828), (0, 648, 846), (-18, 648, 828), (-36, 648, 828), (-36, 630, 846), (-36, 648, 846), (0, 648, 846), (-54, 630, 828), (-72, 666, 738), (0, 630, 828), (18, 666, 864), (36, 666, 882), (0, 648, 900)]	(9399, 11761, 10205, 11215, 11485, 9561, 6043, 6791, 7245, 6970, 7226, 8873, 5061, 6101, 7200, 8056, 11135, 19660, 16035, 8702, 15508, 13074, 11946, 1974)
p	1653687	(577, 4)	[(-36, 648, 828), (-18, 630, 846), (-54, 648, 864), (-72, 630, 828), (-36, 630, 828), (18, 630, 810), (-72, 630, 846), (-36, 648, 882), (0, 648, 882), (-36, 630, 882), (-72, 630, 828), (-72, 630, 792), (-54, 648, 774), (-54, 648, 828), (0, 648, 846), (18, 630, 864), (0, 648, 846), (-54, 648, 846), (-36, 630, 864), (0, 576, 702), (-90, 648, 720), (-36, 648, 936), (72, 666, 1008), (-54, 594, 936), (-144, 594, 810)]	(9389, 11535, 9978, 11038, 11455, 9532, 6526, 6976, 7516, 6864, 7622, 9339, 5189, 6123, 7215, 8469, 11136, 19682, 15894, 8704, 15451, 13070, 11938, 1983)
e	1654972	(587, 353)	[(-54, 684, 810), (-54, 666, 828), (-54, 684, 864), (-36, 684, 828), (-36, 720, 756), (-54, 702, 738), (-54, 702, 792), (-36, 720, 774), (-54, 738, 756), (-54, 702, 756), (-72, 720, 738), (-54, 738, 738), (-36, 756, 720), (-36, 756, 756), (-36, 756, 756), (-36, 756, 774), (-36, 738, 792), (-72, 774, 630), (-36, 702, 630), (0, 738, 774), (-54, 738, 774), (-72, 720, 792), (-126, 738, 756), (-90, 720, 774), (-36, 738, 846)]	(9388, 11581, 10076, 11320, 11480, 9590, 7398, 6390, 7135, 6867, 7914, 8652, 5063, 6103, 7191, 8335, 11112, 19681, 16303, 8712, 15499, 13077, 11922, 1978)
o	1655986	(589, 82)	[(-54, 702, 792), (-54, 702, 774), (-36, 702, 810), (-36, 702, 810), (-54, 702, 792), (-90, 702, 774), (-54, 720, 774), (-36, 720, 792), (-54, 702, 792), (-54, 720, 792), (-54, 702, 774), (-54, 702, 792), (-54, 720, 792), (-72, 702, 774), (-54, 702, 756), (-36, 702, 810), (-36, 702, 828), (-36, 702, 774), (-36, 702, 792), (-90, 702, 666), (-72, 666, 666), (-18, 702, 792), (18, 738, 918), (0, 720, 900), (-108, 666, 828)]	(9390, 11593, 10122, 11320, 11470, 9608, 7538, 6697, 7294, 6976, 8210, 8900, 5051, 6137, 7204, 8277, 11148, 19664, 16209, 8703, 15494, 13074, 11941, 1990)
p	1656229	(577, 1)	[(-54, 720, 774), (-36, 720, 792), (-54, 702, 792), (-54, 720, 792), (-54, 702, 774), (-54, 702, 792), (-54, 720, 792), (-72, 702, 774), (-54, 702, 756), (-36, 702, 810), (-36, 702, 828), (-36, 702, 774), (-36, 702, 792), (-90, 702, 666), (-72, 666, 666), (-18, 702, 792), (18, 738, 918), (0, 720, 900), (-108, 666, 828), (18, 702, 828), (-126, 684, 648), (-72, 684, 792), (-36, 720, 918), (0, 684, 936), (-90, 666, 828)]	(9390, 11509, 10032, 11204, 11466, 9555, 7419, 6959, 7324, 6870, 8108, 9091, 5069, 6133, 7221, 8317, 11114, 19672, 16184, 8712, 15486, 13075, 11917, 1985)
l	1656640	(670, 50)	[(-72, 666, 666), (-18, 702, 792), (18, 738, 918), (0, 720, 900), (-108, 666, 828), (18, 702, 828), (-126, 684, 648), (-72, 684, 792), (-36, 720, 918), (0, 684, 936), (-90, 666, 828), (-36, 684, 828), (-54, 684, 774), (-72, 684, 828), (-72, 684, 828), (-72, 684, 810), (-54, 684, 792), (-54, 684, 828), (-36, 666, 756), (-90, 720, 738), (-36, 666, 846), (-72, 702, 900), (-90, 648, 900), (-144, 648, 846), (-144, 648, 810)]	(9385, 11534, 10053, 11223, 11462, 9521, 7320, 6769, 7256, 6944, 8038, 9045, 5052, 6130, 7214, 8307, 11122, 19672, 16170, 8705, 15477, 13067, 11944, 1984)
e	1657254	(593, 348)	[(-144, 648, 846), (-144, 648, 810), (-36, 702, 774), (-72, 702, 810), (-72, 702, 846), (-36, 702, 846), (-36, 702, 774), (-54, 720, 738), (-72, 702, 792), (-72, 720, 756), (-72, 702, 756), (-72, 720, 774), (-36, 720, 792), (-36, 702, 828), (-54, 720, 792), (-54, 702, 774), (-54, 702, 774), (-90, 720, 792), (-54, 738, 792), (-90, 720, 774), (-108, 738, 666), (0, 684, 738), (-36, 720, 882), (-90, 702, 864), (-108, 702, 720)]	(9391, 11673, 10177, 11408, 11502, 9594, 7816, 6941, 7422, 7015, 8168, 9093, 5107, 6122, 7205, 8033, 11124, 19701, 16334, 8712, 15495, 13074, 11944, 1970)
 	1657596	(811, 290)	[(-72, 720, 774), (-36, 720, 792), (-36, 702, 828), (-54, 720, 792), (-54, 702, 774), (-54, 702, 774), (-90, 720, 792), (-54, 738, 792), (-90, 720, 774), (-108, 738, 666), (0, 684, 738), (-36, 720, 882), (-90, 702, 864), (-108, 702, 720), (-54, 702, 882), (-108, 666, 720), (-144, 666, 756), (-108, 666, 774), (-72, 720, 774), (-36, 684, 972), (-72, 648, 756), (-54, 702, 774), (-54, 684, 864), (-144, 684, 864), (-162, 648, 738)]	(9386, 11659, 10119, 11255, 11472, 9595, 7445, 6548, 6641, 6883, 7981, 8335, 4962, 6089, 7189, 8099, 11120, 19686, 16243, 8707, 15478, 13066, 11931, 1986)
k	1658860	(670, 100)	[(-54, 684, 774), (-54, 666, 756), (-54, 684, 810), (-54, 684, 828), (-54, 684, 810), (-72, 666, 846), (-72, 648, 846), (-72, 666, 828), (-72, 648, 846), (-72, 648, 846), (-72, 684, 810), (-36, 666, 828), (-36, 666, 792), (-36, 666, 810), (-54, 666, 810), (-54, 666, 792), (-72, 666, 846), (-72, 666, 864), (-72, 666, 738), (-90, 684, 684), (-54, 666, 792), (18, 684, 954), (18, 666, 900), (-72, 666, 864), (-126, 648, 792)]	(9389, 11563, 10011, 11153, 11465, 9536, 7516, 6906, 7016, 6965, 8233, 8757, 5033, 6117, 7202, 8349, 11119, 19682, 16160, 8700, 15484, 13064, 11937, 1980)
n	1659207	(748, 167)	[(-36, 666, 828), (-36, 666, 792), (-36, 666, 810), (-54, 666, 810), (-54, 666, 792), (-72, 666, 846), (-72, 666, 864), (-72, 666, 738), (-90, 684, 684), (-54, 666, 792), (18, 684, 954), (18, 666, 900), (-72, 666, 864), (-126, 648, 792), (-54, 648, 882), (-36, 666, 774), (-54, 684, 738), (-54, 684, 828), (18, 666, 810), (-108, 666, 738), (-90, 666, 846), (-72, 666, 864), (-144, 666, 900), (-108, 648, 810), (-144, 648, 828)]	(9389, 11546, 10061, 11192, 11461, 9494, 7020, 6738, 6913, 6924, 7628, 8643, 4967, 6098, 7195, 7863, 11108, 19673, 16208, 8706, 15498, 13080, 11942, 1960)
o	1659450	(583, 85)	[(-72, 666, 864), (-72, 666, 738), (-90, 684, 684), (-54, 666, 792), (18, 684, 954), (18, 666, 900), (-72, 666, 864), (-126, 648, 792), (-54, 648, 882), (-36, 666, 774), (-54, 684, 738), (-54, 684, 828), (18, 666, 810), (-108, 666, 738), (-90, 666, 846), (-72, 666, 864), (-144, 666, 900), (-108, 648, 810), (-144, 648, 828), (-54, 684, 846), (-90, 702, 702), (-90, 666, 864), (-90, 684, 882), (-36, 666, 882), (-90, 684, 810)]	(9385, 11577, 10081, 11256, 11484, 9536, 7670, 6991, 7289, 7030, 8312, 9248, 5028, 6108, 7184, 8103, 11137, 19688, 16248, 8710, 15503, 13095, 11930, 1985)
w	1659916	(571, 392)	[(-144, 666, 900), (-108, 648, 810), (-144, 648, 828), (-54, 684, 846), (-90, 702, 702), (-90, 666, 864), (-90, 684, 882), (-36, 666, 882), (-90, 684, 810), (-72, 666, 774), (-126, 684, 864), (-126, 684, 918), (-36, 720, 936), (-54, 720, 756), (-54, 720, 630), (-72, 720, 702), (-36, 738, 702), (-54, 756, 684), (-90, 756, 630), (-90, 720, 630), (-36, 756, 720), (-54, 738, 828), (-126, 702, 864), (-126, 720, 756), (-72, 720, 774)]	(9399, 11695, 10186, 11459, 11488, 9630, 7661, 6557, 7321, 6960, 7642, 8512, 5025, 6094, 7170, 7642, 11134, 19706, 16515, 8705, 15452, 13068, 11938, 1983)
 	1660485	(843, 276)	[(-36, 756, 720), (-54, 738, 828), (-126, 702, 864), (-126, 720, 756), (-72, 720, 774), (-90, 738, 828), (-54, 702, 882), (-54, 702, 810), (-108, 666, 774), (-126, 666, 738), (-54, 684, 774), (-72, 702, 828), (-72, 684, 828), (-72, 666, 774), (-108, 666, 792), (-90, 666, 792), (-54, 666, 792), (-90, 666, 828), (-126, 666, 900), (-90, 666, 828), (-108, 666, 900), (-108, 666, 864), (-90, 648, 882), (-90, 666, 810), (-108, 648, 792)]	(9386, 11604, 10075, 11165, 11474, 9541, 7317, 6489, 6654, 6945, 7880, 8487, 4942, 6106, 7182, 7984, 11129, 19662, 16296, 8707, 15510, 13061, 11926, 1981)
h	1661399	(687, 197)	[(-90, 666, 846), (-90, 666, 810), (-72, 666, 810), (-72, 666, 828), (-72, 648, 864), (-72, 666, 810), (-72, 666, 810), (-90, 666, 810), (-72, 666, 828), (-90, 666, 810), (-90, 666, 810), (-54, 666, 792), (-90, 666, 792), (-36, 684, 828), (-72, 684, 864), (-108, 666, 846), (-108, 666, 810), (-126, 684, 828), (-108, 666, 756), (-72, 666, 756), (-36, 702, 882), (-36, 684, 882), (-72, 684, 846), (-108, 666, 792), (-144, 648, 756)]	(9381, 11597, 10082, 11233, 11473, 9530, 7396, 6621, 6955, 6969, 7905, 8514, 4966, 6095, 7204, 7967, 11120, 19677, 16294, 8701, 15471, 13064, 11917, 1982)
o	1661794	(568, 82)	[(-36, 684, 828), (-72, 684, 864), (-108, 666, 846), (-108, 666, 810), (-126, 684, 828), (-108, 666, 756), (-72, 666, 756), (-36, 702, 882), (-36, 684, 882), (-72, 684, 846), (-108, 666, 792), (-144, 648, 756), (-90, 684, 774), (-72, 684, 828), (-108, 684, 792), (-108, 666, 756), (-90, 666, 792), (-72, 684, 846), (-54, 684, 774), (-108, 684, 756), (-90, 684, 864), (-54, 702, 918), (-54, 702, 918), (-108, 666, 846), (-162, 666, 720)]	(9386, 11574, 10057, 11263, 11481, 9502, 7842, 6992, 7213, 6934, 8343, 9023, 4973, 6095, 7201, 7982, 11135, 19690, 16300, 8705, 15483, 13070, 11935, 1974)
w	1662341	(575, 396)	[(-108, 684, 756), (-90, 684, 864), (-54, 702, 918), (-54, 702, 918), (-108, 666, 846), (-162, 666, 720), (-126, 666, 774), (-90, 684, 756), (-54, 720, 828), (-90, 702, 774), (-108, 684, 792), (-72, 738, 720), (-72, 720, 774), (-72, 720, 810), (-90, 720, 792), (-90, 720, 810), (-90, 756, 720), (-108, 774, 738), (-108, 720, 756), (-108, 792, 576), (0, 738, 684), (18, 774, 756), (-36, 756, 792), (-126, 738, 738), (-126, 720, 684)]	(9402, 11624, 10145, 11394, 11480, 9534, 7135, 6171, 6702, 6966, 7584, 8259, 4957, 6072, 7161, 7715, 11098, 19699, 16694, 8701, 15494, 13063, 11949, 1960)
 	1662687	(815, 266)	[(-72, 738, 720), (-72, 720, 774), (-72, 720, 810), (-90, 720, 792), (-90, 720, 810), (-90, 756, 720), (-108, 774, 738), (-108, 720, 756), (-108, 792, 576), (0, 738, 684), (18, 774, 756), (-36, 756, 792), (-126, 738, 738), (-126, 720, 684), (-72, 702, 738), (-54, 684, 918), (-90, 666, 828), (-54, 648, 846), (-108, 648, 846), (-72, 630, 846), (-90, 702, 684), (18, 702, 918), (-54, 666, 954), (-108, 684, 846), (-108, 648, 756)]	(9401, 11751, 10225, 11370, 11486, 9595, 7569, 6464, 6683, 6927, 8407, 8391, 4983, 6120, 7190, 8012, 11127, 19697, 16440, 8712, 15515, 13090, 11944, 1971)
h	1663466	(645, 185)	[(-54, 666, 774), (-54, 666, 828), (-72, 648, 828), (-90, 666, 792), (-72, 666, 864), (-54, 648, 882), (-90, 648, 882), (-126, 648, 846), (-90, 648, 828), (-54, 648, 846), (-72, 648, 846), (-72, 648, 846), (-72, 648, 828), (-90, 666, 792), (-90, 648, 774), (-54, 648, 846), (-72, 666, 846), (-36, 702, 702), (-36, 630, 810), (-72, 684, 918), (-54, 666, 972), (-126, 612, 882), (-162, 630, 720), (-126, 666, 738), (-36, 720, 792)]	(9383, 11628, 10149, 11278, 11472, 9553, 7163, 6270, 6615, 6925, 7735, 8105, 4927, 6104, 7151, 7761, 11120, 19666, 16398, 8713, 15530, 13075, 11932, 1980)
a	1663758	(658, 428)	[(-54, 648, 846), (-72, 648, 846), (-72, 648, 846), (-72, 648, 828), (-90, 666, 792), (-90, 648, 774), (-54, 648, 846), (-72, 666, 846), (-36, 702, 702), (-36, 630, 810), (-72, 684, 918), (-54, 666, 972), (-126, 612, 882), (-162, 630, 720), (-126, 666, 738), (-36, 720, 792), (-108, 684, 864), (-90, 720, 720), (-72, 720, 630), (-36, 720, 756), (0, 702, 756), (0, 702, 756), (-90, 702, 792), (-144, 684, 702), (-144, 684, 810)]	(9406, 11779, 10289, 11499, 11482, 9517, 7170, 6413, 6857, 6987, 7260, 8000, 4932, 6072, 7165, 7266, 11134, 19689, 16731, 8711, 15480, 13071, 11934, 1989)
r	1664320	(579, 296)	[(0, 702, 756), (-90, 702, 792), (-144, 684, 702), (-144, 684, 810), (-126, 666, 846), (-90, 702, 792), (-72, 666, 846), (-72, 684, 810), (-108, 684, 774), (-108, 684, 774), (-90, 684, 774), (-90, 702, 792), (-90, 702, 828), (-90, 702, 828), (-108, 702, 792), (-108, 702, 738), (-144, 684, 810), (-126, 702, 792), (-108, 702, 738), (-72, 702, 828), (-18, 702, 792), (-54, 702, 810), (-90, 702, 810), (-108, 684, 720), (-126, 684, 720)]	(9395, 11676, 10159, 11414, 11480, 9572, 7734, 6363, 7233, 6970, 7911, 8642, 4979, 6086, 7143, 7409, 11111, 19680, 16582, 8701, 15470, 13070, 11940, 1987)
d	1664769	(664, 341)	[(-108, 702, 738), (-144, 684, 810), (-126, 702, 792), (-108, 702, 738), (-72, 702, 828), (-18, 702, 792), (-54, 702, 810), (-90, 702, 810), (-108, 684, 720), (-126, 684, 720), (-126, 684, 792), (-108, 684, 810), (-54, 720, 774), (-72, 702, 810), (-90, 702, 774), (-108, 684, 774), (-90, 702, 774), (-90, 702, 792), (-108, 702, 828), (-108, 684, 828), (-90, 720, 720), (-108, 666, 702), (-54, 720, 864), (-90, 720, 846), (-108, 702, 774)]	(9405, 11665, 10207, 11427, 11485, 9513, 7421, 6495, 7065, 6944, 7757, 8599, 4957, 6085, 7177, 7392, 11108, 19675, 16551, 8701, 15472, 13080, 11947, 1980)
 	1665112	(853, 277)	[(-108, 684, 810), (-54, 720, 774), (-72, 702, 810), (-90, 702, 774), (-108, 684, 774), (-90, 702, 774), (-90, 702, 792), (-108, 702, 828), (-108, 684, 828), (-90, 720, 720), (-108, 666, 702), (-54, 720, 864), (-90, 720, 846), (-108, 702, 774), (-36, 702, 900), (-162, 648, 792), (-126, 648, 774), (-90, 684, 828), (-36, 702, 900), (-54, 666, 792), (-108, 666, 774), (-90, 684, 792), (-54, 648, 954), (-126, 666, 864), (-144, 648, 774)]	(9400, 11701, 10169, 11342, 11488, 9499, 7597, 6590, 6957, 6880, 8356, 8253, 4973, 6097, 7179, 7696, 11152, 19671, 16508, 8699, 15496, 13067, 11919, 1983)
y	1666148	(582, 214)	[(-54, 684, 810), (-72, 684, 774), (-90, 684, 774), (-72, 684, 774), (-72, 684, 810), (-54, 684, 828), (-72, 684, 846), (-72, 684, 828), (-108, 684, 810), (-108, 702, 792), (-90, 702, 792), (-72, 684, 756), (-90, 702, 738), (-72, 702, 774), (-36, 720, 810), (-72, 702, 810), (-90, 684, 792), (-108, 702, 774), (-90, 702, 810), (-108, 684, 846), (-72, 684, 828), (-108, 702, 774), (-90, 702, 792), (-54, 738, 846), (-72, 720, 810)]	(9384, 11582, 10100, 11339, 11493, 9598, 7875, 6796, 7555, 7000, 8680, 8909, 5065, 6141, 7205, 7821, 11147, 19680, 16440, 8708, 15480, 13073, 11942, 1984)
e	1666611	(580, 353)	[(-90, 684, 792), (-108, 702, 774), (-90, 702, 810), (-108, 684, 846), (-72, 684, 828), (-108, 702, 774), (-90, 702, 792), (-54, 738, 846), (-72, 720, 810), (-108, 702, 702), (-90, 720, 792), (-90, 720, 846), (-90, 738, 810), (-72, 738, 756), (-54, 756, 738), (-54, 756, 738), (-54, 738, 720), (-72, 756, 630), (-72, 756, 702), (-72, 774, 684), (-36, 756, 738), (-36, 756, 792), (-90, 738, 810), (-126, 738, 738), (-126, 756, 702)]	(9387, 11562, 10074, 11318, 11489, 9470, 7549, 6455, 7158, 6994, 8308, 8490, 5028, 6116, 7162, 7791, 11112, 19692, 16421, 8707, 15450, 13064, 11940, 1986)
s	1667010	(668, 390)	[(-72, 738, 756), (-54, 756, 738), (-54, 756, 738), (-54, 738, 720), (-72, 756, 630), (-72, 756, 702), (-72, 774, 684), (-36, 756, 738), (-36, 756, 792), (-90, 738, 810), (-126, 738, 738), (-126, 756, 702), (-90, 738, 792), (-54, 756, 756), (-54, 738, 774), (-36, 756, 720), (-54, 756, 720), (-72, 738, 756), (-90, 756, 756), (-126, 738, 666), (-90, 756, 756), (-72, 756, 792), (-72, 738, 792), (-90, 756, 756), (-108, 738, 720)]	(9400, 11604, 10124, 11360, 11491, 9481, 7489, 6485, 7153, 6965, 8220, 8586, 5044, 6090, 7174, 7714, 11120, 19683, 16421, 8701, 15460, 13074, 11935, 1979)
t	1668296	(582, 246)	[(-72, 756, 738), (-54, 774, 756), (-72, 756, 738), (-90, 756, 738), (-54, 756, 774), (-72, 756, 774), (-90, 756, 738), (-90, 756, 738), (-90, 738, 738), (-72, 756, 720), (-72, 756, 702), (-90, 756, 756), (-72, 756, 774), (-90, 774, 756), (-90, 774, 738), (-90, 756, 738), (-90, 756, 756), (-108, 738, 756), (-126, 774, 594), (-36, 756, 666), (36, 774, 828), (-36, 756, 846), (-144, 720, 702), (-180, 738, 702), (-126, 738, 774)]	(9387, 11480, 10023, 11257, 11480, 9590, 7651, 6467, 7135, 7004, 8290, 8475, 5027, 6090, 7200, 7824, 11128, 19673, 16417, 8703, 15449, 13071, 11920, 1980)
e	1668637	(587, 343)	[(-90, 756, 756), (-72, 756, 774), (-90, 774, 756), (-90, 774, 738), (-90, 756, 738), (-90, 756, 756), (-108, 738, 756), (-126, 774, 594), (-36, 756, 666), (36, 774, 828), (-36, 756, 846), (-144, 720, 702), (-180, 738, 702), (-126, 738, 774), (-72, 756, 738), (-72, 774, 720), (-90, 756, 756), (-54, 756, 738), (-72, 774, 738), (-72, 756, 684), (-108, 774, 648), (-90, 738, 720), (-72, 774, 756), (-72, 756, 756), (-90, 738, 720)]	(9395, 11563, 10066, 11358, 11489, 9499, 7478, 6489, 7256, 6908, 8229, 8766, 4999, 6084, 7166, 7719, 11132, 19693, 16428, 8695, 15451, 13058, 11945, 1987)
r	1668951	(586, 297)	[(36, 774, 828), (-36, 756, 846), (-144, 720, 702), (-180, 738, 702), (-126, 738, 774), (-72, 756, 738), (-72, 774, 720), (-90, 756, 756), (-54, 756, 738), (-72, 774, 738), (-72, 756, 684), (-108, 774, 648), (-90, 738, 720), (-72, 774, 756), (-72, 756, 756), (-90, 738, 720), (-54, 756, 756), (-90, 756, 774), (-72, 756, 756), (-126, 756, 648), (0, 756, 738), (0, 774, 774), (-72, 756, 774), (-108, 720, 738), (-144, 756, 702)]	(9394, 11511, 10040, 11283, 11475, 9578, 7431, 6471, 7240, 6972, 8190, 8612, 5018, 6059, 7160, 7727, 11071, 19665, 16424, 8695, 15444, 13056, 11926, 1982)
d	1670118	(656, 319)	[(-72, 738, 720), (-72, 720, 774), (-54, 738, 774), (-54, 738, 810), (-108, 720, 792), (-126, 702, 810), (-144, 702, 828), (-108, 702, 810), (-90, 702, 792), (-90, 720, 792), (-90, 720, 738), (-90, 720, 720), (-90, 720, 756), (-72, 738, 792), (-108, 720, 792), (-90, 720, 756), (-72, 720, 774), (-90, 738, 792), (-90, 702, 774), (-90, 720, 756), (-90, 756, 666), (-72, 720, 810), (-72, 738, 828), (-72, 720, 810), (-54, 702, 828)]	(9395, 11603, 10136, 11355, 11481, 9583, 7790, 6682, 7284, 6995, 8379, 8714, 4987, 6070, 7182, 7556, 11097, 19685, 16470, 8700, 15450, 13066, 11929, 1981)
a	1670431	(674, 461)	[(-90, 720, 738), (-90, 720, 720), (-90, 720, 756), (-72, 738, 792), (-108, 720, 792), (-90, 720, 756), (-72, 720, 774), (-90, 738, 792), (-90, 702, 774), (-90, 720, 756), (-90, 756, 666), (-72, 720, 810), (-72, 738, 828), (-72, 720, 810), (-54, 702, 828), (-126, 720, 666), (-72, 738, 810), (-126, 684, 828), (-162, 702, 720), (-90, 774, 720), (18, 720, 828), (-90, 738, 792), (-108, 720, 756), (-108, 720, 756), (-108, 720, 738)]	(9379, 11575, 10125, 11337, 11468, 9523, 7277, 6328, 6849, 6852, 7759, 8418, 4986, 6092, 7178, 7470, 11100, 19695, 16474, 8698, 15446, 13071, 11930, 1982)
y	1671449	(853, 255)	[(-108, 720, 756), (-72, 720, 774), (-90, 720, 810), (-90, 720, 756), (-54, 720, 720), (-36, 720, 720), (-54, 720, 738), (-18, 702, 738), (-36, 702, 756), (-90, 684, 828), (-90, 666, 846), (-90, 666, 828), (-144, 648, 828), (-108, 648, 846), (-108, 648, 810), (-90, 648, 792), (-90, 648, 810), (-72, 648, 882), (-90, 630, 936), (-126, 612, 864), (-108, 666, 954), (-54, 648, 918), (-108, 630, 846), (-108, 648, 792), (-72, 648, 846)]	(9398, 11717, 10245, 11370, 11491, 9562, 7182, 6669, 6620, 6960, 8254, 8237, 4921, 6104, 7180, 7902, 11140, 19698, 16504, 8709, 15533, 13067, 11930, 1984)
 	1672166	(583, 400)	[(-54, 666, 900), (-90, 666, 846), (-108, 666, 774), (-108, 648, 792), (-108, 666, 828), (-72, 702, 864), (-54, 702, 864), (-72, 684, 846), (-126, 666, 810), (-108, 684, 792), (-90, 702, 774), (-54, 684, 810), (-90, 702, 774), (-90, 720, 756), (-90, 684, 774), (-108, 702, 774), (-108, 702, 738), (-90, 720, 756), (-90, 738, 810), (-72, 702, 756), (-54, 738, 756), (-54, 738, 810), (-108, 702, 810), (-108, 720, 756), (-144, 702, 684)]	(9402, 11659, 10223, 11555, 11485, 9555, 6964, 6244, 6731, 6943, 7842, 8233, 4907, 6056, 7167, 7479, 11113, 19707, 16725, 8709, 15485, 13066, 11943, 1983)
w	1675395	(570, 402)	[(-108, 738, 756), (-90, 756, 756), (-90, 738, 756), (-90, 756, 756), (-72, 756, 774), (-90, 738, 756), (-90, 756, 756), (-90, 756, 756), (-90, 756, 738), (-90, 756, 756), (-90, 774, 720), (-90, 756, 738), (-108, 774, 720), (-90, 774, 738), (-90, 756, 720), (-72, 774, 720), (-108, 756, 756), (-90, 810, 594), (-90, 738, 684), (-54, 792, 774), (-54, 792, 702), (-72, 774, 720), (-108, 774, 702), (-108, 756, 684), (-108, 756, 738)]	(9384, 11588, 10246, 11641, 11473, 9549, 5935, 6341, 6746, 6902, 7491, 8147, 4920, 6071, 7175, 7553, 11132, 19697, 16800, 8708, 15497, 13072, 11929, 1973)
a	1676179	(653, 444)	[(-36, 774, 702), (-54, 774, 756), (-90, 756, 792), (-108, 756, 774), (-90, 756, 756), (-126, 738, 774), (-108, 738, 756), (-90, 756, 756), (-72, 756, 774), (-72, 756, 756), (-72, 756, 738), (-72, 756, 738), (-90, 756, 738), (-90, 756, 756), (-72, 756, 756), (-90, 774, 756), (-72, 756, 756), (-90, 756, 702), (-90, 756, 684), (-72, 792, 612), (-36, 756, 756), (-72, 774, 720), (-126, 774, 738), (-108, 756, 702), (-126, 756, 720)]	(9406, 11675, 10265, 11644, 11488, 9515, 6151, 6219, 6746, 6970, 7544, 8134, 4924, 6097, 7175, 7633, 11122, 19697, 16794, 8694, 15527, 13073, 11928, 1980)
s	1676674	(668, 383)	[(-90, 756, 684), (-72, 792, 612), (-36, 756, 756), (-72, 774, 720), (-126, 774, 738), (-108, 756, 702), (-126, 756, 720), (-108, 756, 720), (-54, 774, 738), (-54, 774, 720), (-72, 774, 738), (-72, 774, 720), (-90, 756, 720), (-90, 756, 756), (-108, 756, 720), (-90, 774, 720), (-90, 756, 738), (-90, 774, 756), (-72, 738, 702), (-72, 810, 630), (-36, 756, 756), (-54, 756, 810), (-90, 756, 756), (-108, 738, 738), (-126, 756, 684)]	(9413, 11678, 10323, 11716, 11501, 9468, 6658, 6277, 6844, 6928, 8039, 8542, 4924, 6080, 7165, 7714, 11137, 19710, 16795, 8702, 15546, 13072, 11946, 1980)
 	1677809	(828, 223)	[(-72, 702, 774), (-126, 684, 756), (-72, 666, 792), (-90, 666, 882), (-72, 666, 900), (-54, 648, 882), (-108, 648, 846), (-90, 648, 792), (-90, 630, 828), (-36, 630, 846), (-36, 666, 864), (-36, 666, 882), (-54, 630, 882), (-54, 630, 828), (-54, 648, 846), (-36, 648, 846), (-36, 648, 828), (-72, 630, 846), (-36, 612, 936), (-90, 666, 702), (-18, 666, 846), (36, 666, 918), (-18, 648, 864), (-72, 612, 810), (-90, 648, 810)]	(9387, 11512, 10048, 11047, 11453, 9510, 6394, 6688, 7269, 6840, 7723, 8735, 5082, 6112, 7177, 7933, 11090, 19640, 16197, 8697, 15472, 13072, 11927, 1977)
f	1678573	(653, 277)	[(-72, 630, 846), (-72, 666, 792), (-54, 666, 828), (-54, 666, 846), (-54, 666, 846), (-72, 648, 810), (-72, 684, 792), (-54, 684, 810), (-54, 684, 810), (-72, 684, 810), (-54, 684, 792), (-54, 684, 810), (-72, 684, 774), (-90, 684, 792), (-72, 684, 792), (-72, 702, 810), (-90, 702, 810), (-108, 702, 720), (-36, 702, 648), (18, 720, 846), (72, 702, 864), (0, 720, 792), (-36, 702, 774), (-144, 702, 738), (-108, 684, 738)]	(9391, 11547, 10077, 11253, 11470, 9527, 7018, 6415, 7217, 6990, 7802, 8680, 5032, 6096, 7190, 7632, 11135, 19675, 16392, 8696, 15465, 13073, 11927, 1972)
o	1679187	(587, 87)	[(-108, 684, 738), (-90, 684, 828), (-108, 666, 792), (-90, 684, 810), (-36, 666, 936), (-72, 666, 882), (-90, 684, 846), (-108, 666, 846), (-90, 684, 792), (-90, 666, 792), (-72, 702, 774), (-54, 702, 756), (-36, 702, 774), (-36, 702, 774), (-36, 684, 756), (-90, 684, 792), (-90, 684, 720), (-108, 702, 738), (-90, 684, 828), (-36, 720, 936), (-72, 684, 918), (-108, 666, 828), (-126, 684, 702), (-108, 684, 702), (-72, 684, 828)]	(9371, 11356, 9884, 11099, 11439, 9531, 6987, 6691, 7651, 6943, 8214, 8914, 5060, 6099, 7184, 7811, 11103, 19658, 16252, 8695, 15439, 13066, 11924, 1992)
r	1679682	(589, 303)	[(-90, 684, 828), (-36, 720, 936), (-72, 684, 918), (-108, 666, 828), (-126, 684, 702), (-108, 684, 702), (-72, 684, 828), (-72, 702, 774), (-90, 702, 828), (-54, 702, 828), (-54, 702, 810), (-90, 702, 774), (-36, 720, 810), (-36, 702, 810), (-54, 702, 774), (-90, 720, 738), (-72, 702, 810), (-90, 702, 774), (-90, 720, 666), (-72, 684, 684), (0, 720, 900), (-36, 702, 900), (-36, 738, 792), (-108, 702, 684), (-144, 684, 558)]	(9387, 11472, 10038, 11215, 11453, 9459, 6716, 6520, 7375, 6965, 7628, 8831, 5019, 6065, 7181, 7575, 11125, 19649, 16336, 8694, 15436, 13058, 11941, 1960)
 	1680050	(850, 267)	[(-36, 720, 810), (-36, 702, 810), (-54, 702, 774), (-90, 720, 738), (-72, 702, 810), (-90, 702, 774), (-90, 720, 666), (-72, 684, 684), (0, 720, 900), (-36, 702, 900), (-36, 738, 792), (-108, 702, 684), (-144, 684, 558), (-36, 666, 954), (-180, 648, 702), (-90, 684, 882), (-54, 666, 882), (-72, 684, 936), (-90, 684, 702), (-36, 666, 846), (-72, 684, 864), (-72, 666, 774), (-72, 666, 774), (-72, 666, 774), (-36, 666, 828)]	(9391, 11527, 10009, 11157, 11455, 9454, 7144, 6409, 7146, 6936, 7928, 8346, 4982, 6113, 7167, 7756, 11111, 19667, 16363, 8705, 15454, 13063, 11925, 1980)
m	1680771	(749, 103)	[(-90, 666, 828), (-90, 648, 756), (-54, 666, 774), (0, 666, 846), (18, 666, 882), (-54, 648, 846), (-72, 648, 828), (-90, 648, 810), (-72, 648, 828), (-54, 648, 864), (-36, 666, 828), (-54, 648, 864), (-72, 648, 828), (-72, 630, 810), (-54, 648, 828), (-72, 648, 846), (-72, 666, 828), (-72, 648, 828), (-72, 630, 828), (-90, 666, 774), (-72, 648, 738), (-54, 648, 918), (0, 648, 936), (-72, 630, 864), (-126, 612, 810)]	(9390, 11517, 10016, 11182, 11468, 9509, 7205, 6767, 7714, 6996, 8316, 8872, 5108, 6125, 7212, 7875, 11130, 19684, 16250, 8694, 15455, 13067, 11939, 1970)
e	1682007	(590, 350)	[(-72, 738, 702), (-72, 720, 774), (-72, 738, 792), (-72, 738, 774), (-90, 738, 756), (-90, 720, 756), (-90, 720, 720), (-72, 720, 792), (-72, 738, 792), (-90, 720, 756), (-90, 720, 738), (-108, 720, 792), (-72, 720, 792), (-72, 738, 828), (-72, 738, 792), (-90, 720, 774), (-90, 720, 792), (-72, 738, 810), (-108, 738, 720), (-90, 720, 594), (-72, 738, 738), (0, 738, 810), (-90, 720, 792), (-162, 702, 738), (-126, 720, 684)]	(9402, 11615, 10127, 11375, 11489, 9484, 7523, 6397, 6954, 6952, 7768, 8148, 4977, 6082, 7156, 7474, 11093, 19682, 16503, 8697, 15452, 13074, 11928, 1981)
s	1683913	(664, 380)	[(-36, 684, 810), (-18, 684, 810), (-36, 684, 792), (-18, 684, 828), (-54, 684, 828), (-54, 684, 810), (-54, 702, 792), (-54, 702, 810), (0, 702, 792), (-36, 702, 846), (-36, 684, 828), (-36, 702, 810), (-54, 702, 774), (-72, 702, 738), (-54, 702, 774), (-54, 702, 810), (-54, 702, 774), (-36, 720, 810), (-72, 720, 828), (-72, 702, 702), (18, 738, 774), (36, 738, 774), (0, 738, 774), (-108, 684, 720), (-108, 702, 666)]	(9403, 11662, 10172, 11411, 11483, 9508, 7385, 6053, 6502, 6931, 7901, 7663, 4942, 6096, 7171, 7594, 11127, 19690, 16794, 8705, 15507, 13072, 11928, 1970)
h	1684420	(668, 189)	[(-72, 720, 828), (-72, 702, 702), (18, 738, 774), (36, 738, 774), (0, 738, 774), (-108, 684, 720), (-108, 702, 666), (-72, 684, 810), (-72, 684, 846), (-90, 702, 792), (-54, 702, 810), (-72, 684, 774), (-54, 702, 774), (-72, 684, 774), (-72, 684, 792), (-72, 684, 828), (-72, 702, 810), (-90, 684, 774), (-90, 684, 774), (-72, 684, 828), (-54, 702, 774), (-54, 666, 774), (-54, 702, 864), (0, 684, 864), (-90, 702, 846)]	(9385, 11585, 10080, 11284, 11471, 9514, 7855, 6575, 7230, 7023, 8404, 8621, 4966, 6101, 7189, 7649, 11141, 19711, 16675, 8701, 15498, 13079, 11935, 1982)
o	1684831	(587, 72)	[(-72, 684, 792), (-72, 684, 828), (-72, 702, 810), (-90, 684, 774), (-90, 684, 774), (-72, 684, 828), (-54, 702, 774), (-54, 666, 774), (-54, 702, 864), (0, 684, 864), (-90, 702, 846), (-162, 684, 702), (-90, 702, 774), (-72, 702, 792), (-54, 702, 810), (-90, 702, 792), (-90, 684, 774), (-90, 684, 792), (-90, 684, 846), (-54, 684, 846), (-108, 702, 738), (-126, 684, 738), (-72, 702, 774), (-72, 720, 828), (-90, 684, 774)]	(9394, 11550, 10035, 11270, 11479, 9568, 7935, 6631, 7198, 7055, 8675, 8655, 5001, 6118, 7191, 7662, 11110, 19691, 16672, 8699, 15481, 13070, 11934, 1985)
u	1685225	(584, 171)	[(-72, 702, 792), (-54, 702, 810), (-90, 702, 792), (-90, 684, 774), (-90, 684, 792), (-90, 684, 846), (-54, 684, 846), (-108, 702, 738), (-126, 684, 738), (-72, 702, 774), (-72, 720, 828), (-90, 684, 774), (-72, 702, 810), (-90, 684, 792), (-72, 702, 792), (-90, 702, 774), (-90, 702, 810), (-90, 702, 810), (-72, 684, 756), (-126, 684, 648), (-72, 702, 774), (-36, 720, 882), (-54, 720, 864), (-198, 666, 720), (-180, 684, 702)]	(9388, 11510, 10053, 11224, 11454, 9430, 7350, 6418, 6984, 6941, 7959, 8242, 4958, 6075, 7166, 7537, 11103, 19681, 16657, 8705, 15463, 13070, 11942, 1997)
l	1686309	(661, 29)	[(-54, 684, 810), (-72, 666, 792), (-72, 684, 792), (-90, 684, 810), (-90, 666, 828), (-90, 666, 810), (-72, 684, 828), (-54, 684, 828), (-54, 684, 792), (-90, 666, 810), (-72, 684, 792), (-54, 666, 774), (-72, 684, 792), (-36, 684, 792), (-18, 684, 792), (-54, 684, 810), (-54, 702, 828), (-90, 666, 828), (-90, 684, 828), (-72, 684, 828), (-72, 666, 738), (-72, 684, 828), (-72, 684, 864), (-108, 684, 900), (-126, 648, 864)]	(9372, 11376, 9851, 10975, 11448, 9412, 7171, 6899, 8027, 6985, 8254, 9344, 5140, 6091, 7187, 7925, 11109, 19655, 16067, 8689, 15405, 13047, 11932, 1971)
d	1686974	(659, 326)	[(-18, 684, 828), (-90, 684, 828), (-54, 666, 846), (0, 684, 828), (-54, 702, 828), (-90, 684, 810), (-90, 666, 756), (-108, 684, 756), (-90, 684, 828), (-90, 684, 846), (-54, 684, 846), (-90, 684, 828), (-108, 684, 774), (-90, 684, 756), (-90, 702, 774), (-72, 684, 810), (-54, 702, 810), (-72, 684, 828), (-90, 684, 738), (-90, 666, 702), (-54, 684, 828), (-72, 684, 846), (-90, 684, 828), (-126, 684, 702), (-90, 666, 774)]	(9396, 11581, 10079, 11246, 11478, 9472, 7437, 6724, 7546, 6936, 8162, 8880, 4961, 6085, 7156, 7555, 11114, 19667, 16430, 8687, 15436, 13058, 11941, 1976)
 	1688667	(832, 220)	[(-108, 666, 864), (-72, 648, 864), (-90, 630, 864), (-90, 612, 882), (-90, 648, 846), (-36, 648, 864), (-36, 648, 810), (-36, 630, 864), (-72, 630, 846), (-90, 612, 864), (-72, 630, 864), (-72, 630, 882), (-72, 630, 882), (-72, 630, 846), (-36, 648, 846), (-36, 648, 828), (-54, 648, 810), (-72, 630, 828), (-54, 648, 864), (-54, 648, 864), (-54, 612, 918), (-108, 666, 666), (-54, 666, 792), (18, 666, 900), (-72, 630, 900)]	(9385, 11566, 9975, 10993, 11445, 9501, 6960, 6886, 7464, 6904, 7279, 8975, 4994, 6082, 7164, 7475, 11100, 19664, 16241, 8699, 15482, 13072, 11937, 1968)
i	1689187	(570, 125)	[(-54, 648, 864), (-54, 648, 864), (-54, 612, 918), (-108, 666, 666), (-54, 666, 792), (18, 666, 900), (-72, 630, 900), (36, 684, 882), (-72, 666, 792), (-90, 648, 828), (-90, 666, 864), (-90, 648, 846), (-90, 648, 774), (-90, 666, 774), (-54, 666, 810), (-54, 666, 918), (-72, 666, 864), (-126, 648, 792), (-72, 630, 720), (-36, 702, 828), (-54, 684, 882), (-72, 666, 846), (-108, 648, 828), (-126, 630, 756), (-126, 648, 810)]	(9377, 11456, 9960, 11090, 11436, 9398, 7121, 6713, 6973, 6937, 7369, 8517, 4940, 6096, 7184, 7454, 11124, 19685, 16484, 8705, 15478, 13060, 11928, 1979)
 	1690049	(835, 256)	[(-54, 684, 792), (-54, 684, 810), (-54, 684, 810), (-72, 666, 828), (-108, 684, 828), (-90, 666, 828), (-108, 666, 774), (-108, 666, 774), (-54, 666, 756), (-72, 666, 756), (-36, 648, 828), (0, 648, 900), (-36, 666, 936), (-90, 612, 936), (-162, 612, 864), (-180, 612, 810), (-144, 612, 864), (-90, 630, 882), (-72, 630, 882), (-36, 648, 882), (0, 648, 756), (-54, 666, 828), (-54, 666, 846), (-72, 648, 900), (-144, 630, 828)]	(9397, 11633, 10117, 11249, 11463, 9546, 7132, 6439, 6863, 6947, 7860, 8265, 4954, 6093, 7185, 7487, 11083, 19675, 16428, 8701, 15505, 13072, 11935, 1976)
g	1690864	(650, 238)	[(-72, 666, 810), (-90, 648, 882), (-72, 666, 846), (-90, 648, 810), (-90, 666, 810), (-108, 666, 792), (-72, 648, 828), (-72, 666, 846), (-72, 666, 846), (-90, 648, 828), (-108, 666, 792), (-108, 648, 828), (-90, 666, 828), (-90, 666, 828), (-90, 666, 828), (-90, 648, 828), (-90, 666, 828), (-90, 666, 774), (-90, 666, 792), (-54, 702, 666), (-36, 684, 810), (18, 702, 918), (-54, 684, 882), (-126, 648, 846), (-162, 648, 720)]	(9381, 11627, 10107, 11291, 11478, 9480, 7470, 6782, 7298, 6908, 7779, 8541, 4970, 6081, 7186, 7438, 11102, 19705, 16521, 8701, 15496, 13066, 11935, 1979)
o	1691174	(573, 78)	[(-108, 666, 792), (-108, 648, 828), (-90, 666, 828), (-90, 666, 828), (-90, 666, 828), (-90, 648, 828), (-90, 666, 828), (-90, 666, 774), (-90, 666, 792), (-54, 702, 666), (-36, 684, 810), (18, 702, 918), (-54, 684, 882), (-126, 648, 846), (-162, 648, 720), (-144, 648, 720), (-72, 666, 810), (-90, 666, 846), (-108, 666, 810), (-108, 666, 774), (-72, 684, 666), (-54, 666, 792), (-54, 684, 954), (-108, 648, 828), (-126, 666, 738)]	(9391, 11574, 10044, 11236, 11472, 9530, 7557, 6754, 7238, 6945, 8121, 8755, 4939, 6095, 7156, 7551, 11101, 19692, 16459, 8698, 15483, 13077, 11931, 1981)
 	1691523	(810, 274)	[(-54, 684, 882), (-126, 648, 846), (-162, 648, 720), (-144, 648, 720), (-72, 666, 810), (-90, 666, 846), (-108, 666, 810), (-108, 666, 774), (-72, 684, 666), (-54, 666, 792), (-54, 684, 954), (-108, 648, 828), (-126, 666, 738), (-90, 666, 774), (-54, 666, 882), (-72, 648, 846), (0, 666, 774), (-36, 684, 810), (-72, 702, 756), (0, 648, 756), (0, 684, 828), (0, 666, 864), (-72, 648, 846), (-126, 648, 792), (-126, 630, 774)]	(9389, 11595, 10102, 11203, 11459, 9501, 7090, 6306, 6651, 6947, 7691, 8167, 4950, 6082, 7150, 7430, 11119, 19675, 16435, 8697, 15480, 13063, 11932, 1984)
a	1691973	(671, 430)	[(0, 666, 774), (-36, 684, 810), (-72, 702, 756), (0, 648, 756), (0, 684, 828), (0, 666, 864), (-72, 648, 846), (-126, 648, 792), (-126, 630, 774), (-90, 666, 810), (-54, 684, 846), (-54, 666, 846), (-90, 684, 792), (-108, 702, 792), (-108, 666, 810), (-90, 702, 792), (-72, 684, 810), (-72, 684, 792), (-72, 684, 810), (-72, 684, 792), (-54, 720, 630), (-18, 720, 846), (0, 702, 846), (-108, 684, 792), (-126, 684, 756)]	(9413, 11747, 10246, 11511, 11489, 9570, 7053, 6439, 7049, 6845, 7036, 8465, 4991, 6049, 7174, 7201, 11100, 19704, 16727, 8693, 15496, 13066, 11944, 1974)
h	1692759	(675, 188)	[(-72, 684, 810), (-72, 702, 810), (-72, 684, 846), (-90, 684, 792), (-108, 684, 774), (-72, 684, 792), (-54, 684, 810), (-72, 684, 828), (-72, 702, 774), (-90, 684, 792), (-90, 684, 792), (-54, 684, 828), (-72, 702, 828), (-90, 684, 810), (-90, 684, 828), (-90, 684, 810), (-90, 702, 720), (-72, 684, 774), (0, 702, 900), (-54, 702, 828), (-90, 702, 810), (-108, 666, 792), (-90, 702, 738), (0, 702, 810), (-36, 720, 810)]	(9388, 11535, 10036, 11237, 11467, 9484, 7402, 6299, 6845, 6921, 7434, 8206, 4934, 6077, 7150, 7256, 11113, 19683, 16592, 8696, 15470, 13060, 11942, 1982)
e	1693101	(577, 348)	[(-54, 684, 828), (-72, 702, 828), (-90, 684, 810), (-90, 684, 828), (-90, 684, 810), (-90, 702, 720), (-72, 684, 774), (0, 702, 900), (-54, 702, 828), (-90, 702, 810), (-108, 666, 792), (-90, 702, 738), (0, 702, 810), (-36, 720, 810), (-108, 702, 810), (-36, 720, 774), (-72, 702, 756), (-72, 720, 720), (-108, 720, 756), (-72, 738, 720), (-72, 756, 666), (-18, 738, 756), (0, 738, 792), (-36, 756, 774), (-108, 720, 720)]	(9405, 11690, 10147, 11470, 11510, 9662, 7728, 6437, 7146, 6936, 7478, 8620, 4972, 6073, 7158, 7194, 11140, 19696, 16745, 8704, 15481, 13082, 11942, 1978)
a	1693715	(676, 452)	[(-36, 756, 774), (-108, 720, 720), (-72, 738, 810), (-90, 720, 774), (-72, 720, 792), (-36, 720, 810), (-54, 720, 774), (-90, 720, 756), (-90, 720, 720), (-72, 738, 720), (-54, 738, 774), (-72, 720, 720), (-90, 702, 774), (-72, 720, 864), (-54, 720, 846), (-108, 720, 792), (-108, 720, 738), (-72, 720, 756), (-72, 720, 774), (-54, 756, 702), (-90, 720, 684), (-72, 720, 792), (-72, 738, 738), (-72, 720, 810), (-90, 720, 756)]	(9406, 11760, 10238, 11522, 11507, 9586, 7068, 6367, 6915, 6850, 7273, 8175, 4961, 6034, 7178, 7198, 11120, 19687, 16687, 8702, 15481, 13066, 11942, 1981)
d	1694210	(682, 322)	[(-72, 720, 774), (-54, 756, 702), (-90, 720, 684), (-72, 720, 792), (-72, 738, 738), (-72, 720, 810), (-90, 720, 756), (-72, 720, 792), (-72, 720, 774), (-54, 720, 810), (-90, 720, 720), (-72, 720, 756), (-54, 738, 792), (-54, 720, 810), (-72, 702, 738), (-72, 738, 774), (-90, 720, 774), (-72, 720, 756), (-90, 720, 684), (-36, 738, 792), (0, 738, 846), (-36, 720, 828), (-108, 702, 756), (-108, 720, 630), (-126, 702, 630)]	(9399, 11694, 10177, 11449, 11505, 9654, 7564, 6275, 6856, 6959, 7655, 8248, 4887, 6062, 7164, 7269, 11097, 19680, 16661, 8698, 15475, 13075, 11939, 1971)
 	1695968	(844, 221)	[(-36, 666, 846), (-54, 648, 828), (-72, 648, 828), (-54, 648, 846), (-54, 648, 846), (-36, 648, 846), (-54, 648, 828), (-54, 648, 828), (-36, 666, 828), (-54, 666, 846), (-54, 648, 828), (-72, 648, 846), (-36, 648, 828), (-54, 648, 828), (-54, 648, 846), (-72, 648, 810), (-72, 648, 828), (-36, 612, 900), (-90, 684, 720), (-36, 666, 774), (18, 666, 864), (0, 666, 864), (-90, 630, 828), (-108, 648, 792), (-90, 630, 810)]	(9383, 11486, 9964, 11024, 11466, 9460, 7358, 6621, 7283, 6906, 8075, 8500, 4984, 6087, 7171, 7572, 11099, 19653, 16267, 8695, 15470, 13062, 11925, 1977)
a	1696632	(647, 427)	[(-36, 666, 846), (-36, 666, 828), (-54, 648, 810), (-54, 666, 828), (-72, 684, 810), (-36, 666, 846), (-54, 684, 828), (-90, 684, 846), (-54, 666, 828), (-72, 666, 846), (-72, 684, 792), (-90, 702, 756), (-90, 720, 792), (-90, 684, 828), (-54, 738, 756), (-36, 720, 756), (-54, 720, 756), (-54, 720, 756), (-72, 720, 774), (-90, 702, 792), (-108, 738, 576), (-36, 720, 792), (-36, 720, 828), (-72, 720, 792), (-72, 702, 792)]	(9412, 11776, 10269, 11605, 11520, 9653, 7606, 6376, 7026, 6969, 7820, 8082, 4982, 6086, 7173, 7300, 11109, 19693, 16833, 8703, 15514, 13068, 11926, 1984)
n	1697499	(751, 150)	[(-108, 630, 882), (-90, 612, 918), (-126, 648, 846), (-90, 648, 810), (-36, 630, 882), (-36, 666, 864), (-36, 666, 828), (-54, 648, 810), (-72, 666, 828), (-72, 648, 810), (-72, 648, 846), (-72, 648, 846), (-72, 630, 810), (-72, 666, 792), (-54, 648, 810), (0, 666, 864), (-54, 630, 900), (-90, 666, 828), (-90, 666, 828), (-72, 666, 810), (-54, 666, 846), (-72, 666, 864), (-72, 630, 918), (-126, 630, 828), (-90, 630, 792)]	(9385, 11550, 9967, 11062, 11475, 9479, 7658, 6430, 7213, 6915, 7842, 8329, 5015, 6074, 7145, 7490, 11098, 19664, 16236, 8694, 15440, 13068, 11946, 1982)
d	1697912	(652, 317)	[(-54, 648, 810), (0, 666, 864), (-54, 630, 900), (-90, 666, 828), (-90, 666, 828), (-72, 666, 810), (-54, 666, 846), (-72, 666, 864), (-72, 630, 918), (-126, 630, 828), (-90, 630, 792), (-54, 666, 828), (-126, 684, 828), (-72, 666, 846), (-72, 684, 810), (-54, 684, 774), (-72, 666, 774), (-90, 684, 774), (-54, 702, 684), (-54, 684, 738), (0, 684, 918), (-36, 702, 864), (-90, 666, 756), (-126, 666, 666), (-54, 684, 738)]	(9382, 11537, 10015, 11167, 11470, 9562, 7550, 6277, 7100, 6866, 7575, 8159, 4973, 6065, 7173, 7399, 11099, 19664, 16360, 8690, 15434, 13063, 11934, 1980)
 	1698211	(844, 278)	[(-72, 630, 918), (-126, 630, 828), (-90, 630, 792), (-54, 666, 828), (-126, 684, 828), (-72, 666, 846), (-72, 684, 810), (-54, 684, 774), (-72, 666, 774), (-90, 684, 774), (-54, 702, 684), (-54, 684, 738), (0, 684, 918), (-36, 702, 864), (-90, 666, 756), (-126, 666, 666), (-54, 684, 738), (-180, 630, 756), (0, 666, 900), (-72, 648, 828), (-108, 684, 720), (-54, 648, 756), (-54, 666, 846), (-54, 684, 810), (-72, 666, 846)]	(9393, 11653, 10100, 11226, 11501, 9640, 7745, 6545, 7107, 7015, 8322, 8240, 4998, 6105, 7187, 7581, 11105, 19677, 16395, 8698, 15462, 13065, 11930, 1986)
m	1699204	(739, 100)	[(-90, 648, 810), (-72, 648, 828), (-54, 666, 846), (-54, 648, 846), (-90, 648, 810), (-108, 648, 774), (-90, 666, 846), (0, 630, 900), (-72, 648, 828), (-54, 648, 828), (-54, 648, 864), (-36, 648, 792), (0, 666, 792), (0, 666, 810), (-36, 666, 810), (-36, 648, 828), (-90, 648, 828), (0, 594, 792), (-90, 684, 738), (-72, 666, 882), (-54, 648, 990), (-72, 648, 936), (-108, 612, 936), (-126, 630, 792), (-108, 630, 774)]	(9384, 11491, 9917, 10994, 11470, 9551, 7417, 6489, 7600, 6961, 8105, 8539, 5118, 6121, 7185, 7831, 11089, 19652, 16092, 8696, 15415, 13047, 11928, 1978)
a	1699546	(646, 408)	[(-36, 648, 792), (0, 666, 792), (0, 666, 810), (-36, 666, 810), (-36, 648, 828), (-90, 648, 828), (0, 594, 792), (-90, 684, 738), (-72, 666, 882), (-54, 648, 990), (-72, 648, 936), (-108, 612, 936), (-126, 630, 792), (-108, 630, 774), (-90, 648, 882), (-162, 648, 846), (-126, 666, 828), (-108, 684, 774), (-72, 666, 774), (72, 774, 576), (18, 684, 720), (-54, 702, 828), (-54, 702, 846), (-72, 684, 882), (-108, 702, 738)]	(9413, 11797, 10309, 11564, 11510, 9542, 7744, 6297, 7255, 6978, 7952, 8070, 4923, 6075, 7160, 7288, 11118, 19700, 16925, 8705, 15500, 13075, 11939, 1987)
k	1699989	(671, 124)	[(-126, 666, 828), (-108, 684, 774), (-72, 666, 774), (72, 774, 576), (18, 684, 720), (-54, 702, 828), (-54, 702, 846), (-72, 684, 882), (-108, 702, 738), (18, 702, 846), (-126, 666, 846), (-162, 666, 810), (-126, 666, 882), (-108, 648, 918), (-108, 666, 810), (-108, 666, 792), (-72, 684, 720), (-54, 666, 774), (-72, 684, 864), (-54, 666, 828), (-144, 648, 738), (-108, 684, 828), (-108, 684, 882), (-90, 684, 936), (-144, 666, 828)]	(9396, 11622, 10123, 11350, 11493, 9675, 7796, 6623, 7365, 7012, 8731, 8475, 4953, 6088, 7183, 7448, 11121, 19687, 16641, 8696, 15460, 13068, 11931, 1983)
e	1700552	(588, 344)	[(-108, 684, 828), (-108, 684, 882), (-90, 684, 936), (-144, 666, 828), (-54, 702, 846), (-90, 684, 774), (-90, 666, 792), (-72, 684, 846), (-126, 684, 864), (-126, 684, 810), (-108, 702, 774), (-90, 702, 792), (-54, 720, 774), (-72, 702, 756), (-90, 702, 774), (-54, 720, 774), (-108, 720, 774), (-108, 702, 774), (-90, 720, 756), (-90, 738, 756), (-90, 756, 738), (-54, 702, 828), (-90, 720, 810), (-126, 720, 774), (-126, 702, 702)]	(9390, 11663, 10178, 11432, 11502, 9587, 7458, 6546, 7197, 6940, 7969, 8503, 4936, 6062, 7167, 7243, 11120, 19695, 16821, 8699, 15448, 13070, 11919, 1975)
 	1701064	(849, 248)	[(-90, 720, 756), (-90, 738, 756), (-90, 756, 738), (-54, 702, 828), (-90, 720, 810), (-126, 720, 774), (-126, 702, 702), (-90, 702, 648), (-90, 666, 756), (-72, 684, 900), (-90, 666, 900), (-126, 648, 846), (-144, 648, 810), (-108, 666, 828), (-90, 666, 864), (-72, 666, 882), (-36, 666, 846), (-72, 666, 828), (-90, 666, 792), (-72, 666, 846), (-90, 648, 864), (-36, 666, 918), (-72, 666, 774), (-90, 648, 756), (-108, 666, 828)]	(9387, 11615, 10110, 11252, 11486, 9525, 7303, 6584, 6940, 6946, 8448, 8287, 4957, 6092, 7188, 7526, 11109, 19674, 16423, 8696, 15470, 13060, 11936, 1983)
h	1702029	(657, 200)	[(-72, 666, 810), (-36, 684, 828), (-36, 684, 828), (-36, 684, 846), (-36, 684, 792), (-72, 684, 792), (-90, 684, 792), (-90, 684, 828), (-72, 666, 828), (-108, 666, 774), (-126, 666, 774), (-54, 684, 810), (-36, 702, 846), (-54, 684, 882), (-54, 684, 828), (-108, 666, 774), (-108, 666, 846), (-90, 666, 828), (-90, 666, 792), (-72, 684, 720), (-36, 684, 810), (0, 702, 900), (-90, 684, 882), (-180, 648, 810), (-180, 648, 684)]	(9387, 11579, 10079, 11292, 11490, 9541, 7566, 6867, 7421, 6964, 8191, 8756, 5033, 6090, 7178, 7469, 11109, 19666, 16366, 8694, 15435, 13059, 11940, 1965)
o	1702392	(596, 76)	[(-36, 702, 846), (-54, 684, 882), (-54, 684, 828), (-108, 666, 774), (-108, 666, 846), (-90, 666, 828), (-90, 666, 792), (-72, 684, 720), (-36, 684, 810), (0, 702, 900), (-90, 684, 882), (-180, 648, 810), (-180, 648, 684), (-126, 666, 810), (-54, 684, 774), (-72, 666, 828), (-126, 684, 792), (-144, 666, 756), (-144, 648, 756), (-72, 720, 702), (18, 702, 1026), (-36, 684, 954), (-90, 630, 810), (-126, 684, 720), (-108, 666, 756)]	(9381, 11514, 10022, 11238, 11476, 9602, 7413, 6718, 7331, 6940, 8318, 8847, 4998, 6085, 7176, 7454, 11092, 19665, 16403, 8700, 15434, 13061, 11924, 1975)
t	1703105	(587, 257)	[(-54, 702, 828), (-90, 702, 756), (-108, 702, 774), (-90, 684, 792), (-54, 702, 810), (-72, 720, 828), (-126, 702, 720), (-126, 702, 738), (-72, 720, 792), (-54, 702, 810), (-108, 702, 810), (-90, 702, 792), (-72, 720, 810), (-72, 702, 828), (-72, 702, 774), (-90, 702, 792), (-108, 684, 846), (-90, 702, 792), (-72, 702, 792), (-90, 702, 774), (-90, 720, 720), (-90, 720, 810), (-72, 702, 810), (-108, 702, 792), (-108, 702, 756)]	(9389, 11540, 10066, 11265, 11486, 9540, 7400, 6554, 7191, 6937, 8118, 8527, 4968, 6076, 7179, 7357, 11107, 19686, 16580, 8700, 15431, 13060, 11942, 1989)
e	1703602	(570, 349)	[(-90, 702, 774), (-90, 720, 720), (-90, 720, 810), (-72, 702, 810), (-108, 702, 792), (-108, 702, 756), (-90, 702, 828), (-90, 702, 774), (-90, 702, 792), (-108, 720, 774), (-108, 720, 792), (-108, 720, 774), (-90, 720, 774), (-72, 720, 756), (-72, 720, 792), (-72, 738, 756), (-54, 738, 756), (-72, 738, 774), (-108, 738, 738), (-108, 738, 702), (-72, 738, 738), (-72, 738, 774), (-108, 720, 774), (-108, 720, 738), (-126, 720, 684)]	(9399, 11633, 10141, 11414, 11507, 9608, 7705, 6416, 7253, 6948, 7977, 8639, 4960, 6061, 7172, 7280, 11110, 19692, 16719, 8700, 15441, 13064, 11931, 1972)
l	1704218	(667, 10)	[(-108, 720, 774), (-108, 720, 738), (-126, 720, 684), (-90, 738, 720), (-72, 738, 792), (-72, 720, 810), (-90, 702, 828), (-108, 702, 756), (-126, 702, 738), (-54, 720, 792), (-72, 720, 810), (-72, 702, 792), (-90, 684, 774), (-90, 684, 810), (-72, 684, 810), (-90, 702, 792), (-90, 684, 810), (-90, 684, 774), (-72, 666, 792), (-54, 684, 774), (-90, 702, 828), (-72, 684, 846), (-72, 684, 864), (-72, 666, 828), (-90, 666, 774)]	(9370, 11423, 9910, 11076, 11462, 9491, 7282, 6755, 7703, 6969, 8091, 8889, 5072, 6105, 7195, 7663, 11109, 19648, 16206, 8685, 15390, 13056, 11927, 1980)
 	1704566	(830, 247)	[(-90, 684, 774), (-90, 684, 810), (-72, 684, 810), (-90, 702, 792), (-90, 684, 810), (-90, 684, 774), (-72, 666, 792), (-54, 684, 774), (-90, 702, 828), (-72, 684, 846), (-72, 684, 864), (-72, 666, 828), (-90, 666, 774), (-108, 666, 720), (-108, 666, 882), (-72, 666, 846), (-36, 648, 846), (-72, 666, 810), (-72, 702, 738), (72, 648, 882), (-36, 720, 666), (-36, 666, 810), (-108, 648, 882), (-108, 666, 828), (-144, 630, 900)]	(9400, 11691, 10175, 11293, 11502, 9535, 7634, 6612, 7444, 7005, 8507, 8375, 5032, 6105, 7210, 7705, 11107, 19673, 16457, 8696, 15447, 13068, 11920, 1977)
a	1705650	(660, 436)	[(-72, 648, 828), (-36, 666, 846), (-36, 684, 828), (-72, 666, 810), (-90, 666, 774), (-72, 666, 828), (-36, 666, 864), (-54, 684, 810), (-90, 666, 810), (-90, 666, 846), (-90, 666, 810), (-90, 684, 792), (-90, 666, 846), (-90, 684, 792), (-72, 666, 810), (-90, 684, 828), (-90, 684, 828), (-126, 684, 792), (-108, 684, 702), (-54, 720, 630), (36, 684, 720), (72, 720, 954), (54, 684, 990), (-108, 666, 864), (-180, 648, 738)]	(9413, 11807, 10324, 11580, 11529, 9660, 7853, 6427, 6884, 6994, 8216, 8279, 4948, 6068, 7167, 7353, 11129, 19705, 16923, 8705, 15493, 13066, 11939, 1977)
n	1706217	(748, 161)	[(72, 720, 954), (54, 684, 990), (-108, 666, 864), (-180, 648, 738), (0, 684, 900), (-126, 666, 756), (-144, 630, 756), (-54, 648, 756), (-36, 666, 810), (18, 630, 900), (0, 630, 918), (-72, 630, 900), (-108, 612, 900), (-126, 612, 810), (-108, 630, 828), (-18, 630, 882), (-54, 630, 864), (-72, 630, 864), (-72, 612, 846), (-90, 612, 774), (-72, 648, 900), (-72, 648, 954), (-126, 594, 936), (-162, 612, 774), (-144, 630, 720)]	(9393, 11657, 10110, 11267, 11480, 9531, 7490, 6532, 7335, 6931, 7765, 8280, 5021, 6072, 7167, 7361, 11085, 19658, 16386, 8688, 15432, 13072, 11931, 1980)
d	1706666	(648, 327)	[(-18, 630, 882), (-54, 630, 864), (-72, 630, 864), (-72, 612, 846), (-90, 612, 774), (-72, 648, 900), (-72, 648, 954), (-126, 594, 936), (-162, 612, 774), (-144, 630, 720), (-54, 630, 828), (-72, 630, 864), (-90, 648, 864), (-90, 648, 900), (-108, 648, 864), (-108, 666, 810), (-90, 648, 774), (-108, 666, 792), (-90, 666, 792), (-54, 666, 792), (-54, 684, 792), (-54, 648, 918), (-72, 648, 864), (-72, 666, 828), (-90, 666, 684)]	(9395, 11658, 10137, 11356, 11503, 9573, 7747, 6450, 7672, 6911, 7942, 8433, 5037, 6060, 7170, 7282, 11096, 19671, 16513, 8687, 15422, 13063, 11932, 1979)
 	1706975	(852, 273)	[(-144, 630, 720), (-54, 630, 828), (-72, 630, 864), (-90, 648, 864), (-90, 648, 900), (-108, 648, 864), (-108, 666, 810), (-90, 648, 774), (-108, 666, 792), (-90, 666, 792), (-54, 666, 792), (-54, 684, 792), (-54, 648, 918), (-72, 648, 864), (-72, 666, 828), (-90, 666, 684), (-126, 630, 864), (-90, 648, 882), (0, 630, 900), (-54, 648, 846), (-54, 648, 828), (-90, 648, 810), (-90, 630, 846), (-108, 648, 828), (-108, 630, 774)]	(9393, 11651, 10150, 11274, 11477, 9571, 7520, 6397, 7006, 6980, 8183, 7914, 4953, 6087, 7174, 7443, 11108, 19674, 16521, 8691, 15439, 13062, 11919, 1982)
c	1708572	(732, 303)	[(-36, 666, 828), (-72, 648, 810), (-90, 648, 792), (-90, 648, 792), (-72, 648, 882), (-54, 666, 882), (-72, 648, 828), (-72, 648, 828), (-54, 666, 846), (-90, 666, 846), (-108, 666, 846), (-108, 648, 846), (-108, 648, 810), (-108, 666, 792), (-90, 666, 792), (-72, 666, 810), (-72, 666, 846), (-108, 648, 846), (-126, 648, 810), (-144, 666, 756), (-108, 666, 756), (54, 702, 972), (0, 684, 936), (-90, 666, 828), (-162, 648, 738)]	(9401, 11670, 10155, 11370, 11506, 9583, 7674, 6668, 7289, 6914, 8470, 8590, 4999, 6076, 7185, 7448, 11108, 19684, 16564, 8700, 15472, 13065, 11931, 1978)
a	1708932	(666, 444)	[(-108, 648, 810), (-108, 666, 792), (-90, 666, 792), (-72, 666, 810), (-72, 666, 846), (-108, 648, 846), (-126, 648, 810), (-144, 666, 756), (-108, 666, 756), (54, 702, 972), (0, 684, 936), (-90, 666, 828), (-162, 648, 738), (-144, 666, 756), (-90, 702, 792), (-72, 702, 828), (-90, 702, 738), (-108, 720, 648), (-36, 738, 612), (54, 720, 846), (-54, 702, 792), (-108, 702, 774), (-126, 702, 792), (-126, 702, 774), (-126, 702, 810)]	(9405, 11707, 10203, 11430, 11500, 9579, 7533, 6390, 7029, 6945, 7998, 8220, 4938, 6073, 7158, 7306, 11112, 19689, 16774, 8700, 15456, 13053, 11938, 1969)
r	1709393	(581, 296)	[(-90, 702, 738), (-108, 720, 648), (-36, 738, 612), (54, 720, 846), (-54, 702, 792), (-108, 702, 774), (-126, 702, 792), (-126, 702, 774), (-126, 702, 810), (-90, 702, 792), (-108, 702, 846), (-108, 684, 846), (-108, 684, 756), (-54, 702, 792), (-54, 702, 810), (-72, 702, 810), (-126, 684, 792), (-108, 684, 792), (-144, 702, 738), (-108, 666, 702), (0, 702, 900), (36, 720, 900), (-54, 702, 828), (-144, 666, 666), (-216, 666, 558)]	(9401, 11718, 10208, 11466, 11508, 9599, 7766, 6512, 7195, 6927, 8445, 8531, 4933, 6066, 7164, 7319, 11110, 19682, 16738, 8693, 15452, 13066, 11910, 1983)
 	1709745	(853, 256)	[(-108, 684, 756), (-54, 702, 792), (-54, 702, 810), (-72, 702, 810), (-126, 684, 792), (-108, 684, 792), (-144, 702, 738), (-108, 666, 702), (0, 702, 900), (36, 720, 900), (-54, 702, 828), (-144, 666, 666), (-216, 666, 558), (-54, 702, 828), (-90, 630, 846), (-36, 648, 882), (-72, 666, 954), (-54, 648, 990), (-72, 648, 720), (-72, 666, 828), (-72, 648, 864), (-72, 648, 810), (-90, 666, 864), (-54, 648, 846), (-72, 648, 738)]	(9400, 11641, 10169, 11245, 11489, 9557, 7380, 6502, 6674, 6950, 8728, 7816, 4935, 6104, 7186, 7604, 11126, 19684, 16590, 8704, 15487, 13070, 11925, 1976)
r	1710886	(577, 298)	[(-18, 684, 792), (18, 702, 864), (-54, 684, 936), (-90, 648, 846), (-162, 648, 738), (-162, 666, 684), (-90, 666, 774), (18, 684, 900), (-54, 684, 828), (-108, 666, 774), (-126, 666, 792), (-108, 684, 810), (-90, 684, 846), (-90, 684, 828), (-90, 684, 846), (-108, 684, 846), (-108, 684, 792), (-108, 684, 738), (-90, 684, 756), (-72, 720, 774), (-54, 702, 828), (-90, 702, 828), (-126, 702, 792), (-126, 684, 720), (-144, 684, 774)]	(9389, 11623, 10174, 11402, 11485, 9534, 7280, 6365, 6924, 6958, 7790, 8252, 4884, 6058, 7164, 7242, 11119, 19690, 16730, 8699, 15450, 13063, 11932, 1980)
e	1711144	(579, 348)	[(18, 684, 900), (-54, 684, 828), (-108, 666, 774), (-126, 666, 792), (-108, 684, 810), (-90, 684, 846), (-90, 684, 828), (-90, 684, 846), (-108, 684, 846), (-108, 684, 792), (-108, 684, 738), (-90, 684, 756), (-72, 720, 774), (-54, 702, 828), (-90, 702, 828), (-126, 702, 792), (-126, 684, 720), (-144, 684, 774), (-126, 720, 774), (-72, 702, 756), (-90, 720, 792), (-90, 702, 792), (-108, 702, 828), (-126, 702, 792), (-108, 720, 810)]	(9393, 11596, 10147, 11358, 11480, 9505, 7163, 6402, 7074, 6887, 7600, 8280, 4895, 6065, 7163, 7228, 11123, 19690, 16784, 8698, 15441, 13062, 11935, 1976)
s	1711557	(653, 378)	[(-90, 702, 828), (-126, 702, 792), (-126, 684, 720), (-144, 684, 774), (-126, 720, 774), (-72, 702, 756), (-90, 720, 792), (-90, 702, 792), (-108, 702, 828), (-126, 702, 792), (-108, 720, 810), (-90, 720, 738), (-108, 702, 792), (-90, 720, 792), (-72, 702, 792), (-90, 720, 774), (-90, 720, 774), (-108, 720, 774), (-126, 702, 774), (-126, 702, 720), (-72, 702, 846), (-72, 720, 792), (-90, 702, 810), (-126, 720, 774), (-108, 702, 738)]	(9402, 11645, 10199, 11447, 11493, 9540, 7105, 6406, 7291, 6913, 7735, 8279, 4976, 6068, 7155, 7191, 11104, 19680, 16835, 8691, 15440, 13056, 11932, 1980)
e	1711859	(566, 334)	[(-126, 702, 792), (-108, 720, 810), (-90, 720, 738), (-108, 702, 792), (-90, 720, 792), (-72, 702, 792), (-90, 720, 774), (-90, 720, 774), (-108, 720, 774), (-126, 702, 774), (-126, 702, 720), (-72, 702, 846), (-72, 720, 792), (-90, 702, 810), (-126, 720, 774), (-108, 702, 738), (-108, 702, 810), (-162, 738, 720), (-90, 702, 648), (54, 756, 810), (18, 738, 792), (-90, 720, 720), (-162, 720, 702), (-162, 702, 720), (-108, 720, 810)]	(9400, 11650, 10163, 11464, 11495, 9603, 7378, 6203, 7315, 6968, 7724, 8211, 4950, 6061, 7165, 7199, 11120, 19687, 16875, 8693, 15435, 13066, 11936, 1975)
r	1712202	(576, 300)	[(-72, 702, 846), (-72, 720, 792), (-90, 702, 810), (-126, 720, 774), (-108, 702, 738), (-108, 702, 810), (-162, 738, 720), (-90, 702, 648), (54, 756, 810), (18, 738, 792), (-90, 720, 720), (-162, 720, 702), (-162, 702, 720), (-108, 720, 810), (-108, 720, 756), (-72, 720, 810), (-108, 720, 774), (-126, 720, 666), (-90, 702, 810), (-72, 738, 846), (-72, 720, 846), (-72, 720, 792), (-108, 720, 702), (-144, 720, 630), (-72, 720, 774)]	(9400, 11664, 10180, 11500, 11513, 9621, 7590, 6389, 7384, 6965, 8095, 8445, 4967, 6061, 7161, 7241, 11120, 19698, 16921, 8700, 15439, 13065, 11936, 1989)
v	1713492	(744, 249)	[(-72, 684, 846), (-90, 666, 792), (-90, 666, 792), (-90, 666, 846), (-108, 666, 828), (-126, 666, 810), (-108, 684, 792), (-108, 648, 828), (-126, 666, 828), (-108, 684, 828), (-90, 666, 810), (-108, 684, 774), (-108, 666, 792), (-108, 666, 792), (-108, 684, 846), (-90, 666, 810), (-126, 666, 810), (-126, 666, 810), (-126, 648, 828), (-54, 684, 774), (-72, 684, 918), (-90, 666, 864), (-126, 666, 828), (-126, 648, 810), (-126, 684, 738)]	(9403, 11685, 10160, 11370, 11499, 9590, 7379, 6418, 7078, 6906, 7953, 8135, 4944, 6069, 7170, 7311, 11112, 19693, 16674, 8701, 15464, 13072, 11932, 1976)
a	1713902	(656, 433)	[(-108, 684, 846), (-90, 666, 810), (-126, 666, 810), (-126, 666, 810), (-126, 648, 828), (-54, 684, 774), (-72, 684, 918), (-90, 666, 864), (-126, 666, 828), (-126, 648, 810), (-126, 684, 738), (-72, 684, 864), (-72, 720, 828), (-126, 702, 810), (-108, 702, 792), (-126, 702, 756), (-126, 702, 738), (-126, 684, 828), (-126, 756, 612), (-90, 702, 756), (-54, 702, 846), (-54, 702, 792), (-108, 702, 774), (-126, 702, 702), (-126, 702, 684)]	(9416, 11788, 10333, 11628, 11512, 9607, 7313, 6200, 6688, 6912, 7585, 7895, 4870, 6064, 7149, 7154, 11117, 19696, 16949, 8701, 15476, 13076, 11928, 1980)
t	1714774	(581, 256)	[(-126, 684, 792), (-126, 702, 774), (-108, 702, 756), (-72, 702, 810), (-72, 702, 810), (-90, 702, 792), (-108, 702, 774), (-126, 702, 774), (-108, 702, 810), (-108, 702, 792), (-90, 702, 792), (-90, 720, 774), (-108, 702, 756), (-126, 702, 774), (-108, 702, 792), (-90, 702, 828), (-126, 720, 702), (-108, 684, 702), (-54, 720, 792), (0, 720, 918), (-72, 702, 882), (-126, 684, 792), (-198, 684, 684), (-144, 702, 774), (-54, 738, 882)]	(9392, 11583, 10116, 11365, 11483, 9606, 7197, 6335, 6552, 6965, 7754, 7918, 4894, 6071, 7166, 7253, 11125, 19697, 16900, 8701, 15466, 13071, 11931, 1976)
i	1715387	(592, 128)	[(-144, 702, 774), (-54, 738, 882), (-90, 684, 738), (-54, 702, 774), (-108, 702, 792), (-126, 702, 756), (-126, 702, 792), (-90, 702, 810), (-90, 702, 738), (-90, 702, 810), (-72, 720, 810), (-90, 702, 792), (-126, 702, 792), (-108, 702, 792), (-90, 702, 792), (-90, 702, 792), (-72, 702, 756), (-90, 720, 792), (-90, 684, 792), (-108, 720, 702), (-90, 684, 720), (-90, 720, 864), (-108, 702, 900), (-144, 684, 828), (-126, 702, 738)]	(9390, 11630, 10174, 11471, 11505, 9558, 7605, 6606, 7128, 6997, 8465, 8342, 4932, 6081, 7181, 7307, 11130, 19698, 16841, 8702, 15457, 13069, 11932, 1975)
o	1716055	(582, 83)	[(-90, 720, 810), (-108, 702, 792), (-108, 702, 792), (-90, 702, 774), (-90, 702, 756), (-108, 702, 792), (-108, 702, 756), (-108, 702, 810), (-90, 702, 810), (-90, 720, 774), (-108, 702, 738), (-90, 702, 756), (-90, 702, 792), (-72, 702, 828), (-108, 684, 810), (-108, 702, 810), (-126, 702, 756), (-108, 684, 774), (-90, 702, 810), (-72, 720, 684), (-72, 702, 792), (-72, 702, 882), (-108, 702, 846), (-162, 702, 846), (-144, 702, 702)]	(9393, 11607, 10130, 11423, 11503, 9592, 7809, 6716, 7279, 7010, 8746, 8533, 4958, 6074, 7187, 7336, 11127, 19703, 16846, 8703, 15455, 13076, 11937, 1981)
n	1716620	(740, 156)	[(-72, 702, 882), (-108, 702, 846), (-162, 702, 846), (-144, 702, 702), (-54, 720, 810), (-72, 702, 810), (-72, 702, 810), (-108, 666, 756), (-72, 684, 774), (-72, 684, 828), (-72, 684, 900), (-90, 666, 846), (-144, 648, 810), (-162, 666, 810), (-144, 666, 846), (-90, 684, 864), (-72, 684, 846), (-108, 648, 792), (-108, 702, 666), (-54, 684, 810), (-72, 684, 882), (-108, 666, 828), (-162, 648, 810), (-180, 666, 756), (-126, 666, 774)]	(9401, 11664, 10195, 11452, 11504, 9520, 7495, 6474, 6942, 6924, 8305, 8108, 4875, 6078, 7169, 7305, 11118, 19686, 16802, 8701, 15446, 13062, 11929, 1975)
s	1717070	(650, 381)	[(-72, 684, 846), (-108, 648, 792), (-108, 702, 666), (-54, 684, 810), (-72, 684, 882), (-108, 666, 828), (-162, 648, 810), (-180, 666, 756), (-126, 666, 774), (-90, 684, 774), (-144, 666, 846), (-126, 684, 846), (-126, 702, 828), (-90, 684, 828), (-72, 702, 774), (-54, 702, 810), (-90, 702, 756), (-108, 702, 738), (-126, 684, 756), (-108, 702, 666), (-36, 702, 900), (-54, 702, 828), (-54, 684, 792), (-144, 666, 792), (-144, 666, 666)]	(9410, 11767, 10299, 11569, 11522, 9590, 7640, 6408, 6943, 7003, 8003, 8047, 4918, 6053, 7166, 7212, 11112, 19698, 16881, 8692, 15456, 13069, 11913, 1960)
 	1717691	(816, 223)	[(-144, 666, 792), (-144, 666, 666), (-90, 666, 882), (-54, 666, 792), (0, 702, 828), (-54, 684, 810), (-54, 666, 756), (-90, 666, 738), (-108, 666, 756), (-54, 648, 810), (-54, 648, 828), (-72, 630, 864), (-90, 630, 864), (-108, 612, 864), (-126, 630, 882), (-144, 612, 918), (-126, 612, 864), (-144, 594, 900), (-90, 630, 882), (-72, 630, 846), (-72, 648, 882), (-72, 612, 810), (-108, 612, 846), (-90, 630, 846), (-90, 648, 792)]	(9416, 11776, 10325, 11510, 11515, 9590, 6971, 6323, 6448, 6976, 8354, 7557, 4860, 6039, 7176, 7313, 11117, 19694, 16870, 8700, 15493, 13073, 11937, 1979)
f	1718306	(661, 274)	[(-90, 630, 846), (-90, 648, 792), (-54, 630, 882), (-90, 630, 846), (-90, 648, 846), (-90, 630, 846), (-54, 648, 810), (-54, 648, 792), (-90, 648, 828), (-108, 648, 828), (-144, 630, 828), (-144, 630, 846), (-90, 648, 900), (-72, 648, 846), (-126, 648, 828), (-108, 648, 792), (-108, 648, 810), (-90, 648, 864), (-90, 684, 666), (-90, 648, 648), (0, 684, 918), (36, 648, 1062), (-72, 630, 918), (-198, 630, 792), (-198, 630, 720)]	(9396, 11655, 10235, 11404, 11497, 9526, 7045, 6136, 6574, 6927, 7918, 7653, 4870, 6068, 7175, 7210, 11123, 19696, 16903, 8694, 15468, 13077, 11928, 1979)
o	1718650	(577, 73)	[(-144, 630, 846), (-90, 648, 900), (-72, 648, 846), (-126, 648, 828), (-108, 648, 792), (-108, 648, 810), (-90, 648, 864), (-90, 684, 666), (-90, 648, 648), (0, 684, 918), (36, 648, 1062), (-72, 630, 918), (-198, 630, 792), (-198, 630, 720), (-72, 648, 900), (-108, 648, 846), (-108, 648, 846), (-72, 648, 810), (-90, 684, 756), (-72, 630, 828), (-90, 666, 882), (-90, 630, 900), (-108, 648, 828), (-144, 630, 774), (-108, 666, 792)]	(9378, 11559, 10095, 11319, 11493, 9545, 7474, 6350, 6623, 6996, 8465, 7890, 4910, 6080, 7175, 7246, 11119, 19690, 16819, 8694, 15446, 13073, 11936, 1972)
r	1719162	(578, 303)	[(-90, 684, 756), (-72, 630, 828), (-90, 666, 882), (-90, 630, 900), (-108, 648, 828), (-144, 630, 774), (-108, 666, 792), (-90, 648, 864), (-90, 666, 810), (-108, 648, 792), (-108, 648, 810), (-72, 666, 864), (-72, 648, 828), (-90, 648, 810), (-90, 666, 828), (-108, 666, 846), (-108, 666, 828), (-108, 666, 810), (-90, 666, 828), (-108, 684, 810), (-90, 702, 630), (-36, 684, 738), (-36, 684, 918), (-54, 684, 954), (-162, 648, 846)]	(9404, 11726, 10268, 11540, 11519, 9635, 7649, 6555, 7117, 6937, 8266, 8442, 4929, 6052, 7162, 7184, 11120, 19698, 16885, 8695, 15468, 13065, 11934, 1983)
 	1720180	(812, 257)	[(-90, 666, 810), (-90, 666, 864), (-90, 684, 792), (-90, 666, 810), (-72, 666, 846), (-90, 666, 828), (-90, 666, 828), (-90, 666, 810), (-108, 648, 828), (-90, 666, 810), (-90, 666, 810), (-108, 648, 810), (-90, 666, 792), (-36, 684, 828), (-54, 666, 810), (-90, 666, 810), (-108, 648, 828), (-72, 684, 918), (-90, 648, 918), (-162, 702, 720), (-108, 648, 756), (-72, 666, 846), (-54, 684, 864), (-108, 648, 864), (-144, 648, 756)]	(9404, 11645, 10199, 11402, 11497, 9527, 7098, 6279, 6532, 6955, 8288, 7764, 4883, 6066, 7166, 7255, 11116, 19688, 16814, 8703, 15473, 13070, 11937, 1967)
c	1721167	(733, 295)	[(-90, 666, 810), (-90, 684, 792), (-108, 684, 792), (-90, 666, 810), (-72, 684, 846), (-72, 666, 864), (-108, 666, 828), (-126, 648, 810), (-90, 666, 810), (-72, 684, 828), (-72, 666, 828), (-90, 666, 810), (-90, 666, 828), (-108, 666, 810), (-90, 666, 828), (-90, 666, 846), (-108, 666, 810), (-108, 684, 810), (-108, 702, 774), (-90, 666, 756), (-54, 666, 864), (-72, 684, 846), (-108, 666, 846), (-162, 648, 810), (-162, 666, 720)]	(9405, 11707, 10261, 11497, 11505, 9597, 7207, 6297, 6765, 6925, 8195, 7935, 4885, 6065, 7168, 7223, 11112, 19686, 16830, 8699, 15463, 13056, 11936, 1978)
a	1721611	(663, 430)	[(-108, 666, 810), (-108, 684, 810), (-108, 702, 774), (-90, 666, 756), (-54, 666, 864), (-72, 684, 846), (-108, 666, 846), (-162, 648, 810), (-162, 666, 720), (-72, 684, 828), (-90, 684, 828), (-72, 684, 882), (-90, 684, 864), (-90, 684, 828), (-108, 684, 774), (-144, 666, 810), (-144, 684, 738), (-90, 684, 792), (-72, 720, 702), (-36, 684, 774), (-36, 702, 882), (-72, 684, 792), (-144, 666, 756), (-144, 666, 702), (-108, 666, 720)]	(9413, 11800, 10350, 11660, 11509, 9615, 7412, 6355, 6933, 6884, 7893, 8151, 4919, 6064, 7163, 7150, 11125, 19709, 17005, 8703, 15462, 13073, 11933, 1975)
l	1722079	(662, 48)	[(-144, 684, 738), (-90, 684, 792), (-72, 720, 702), (-36, 684, 774), (-36, 702, 882), (-72, 684, 792), (-144, 666, 756), (-144, 666, 702), (-108, 666, 720), (-126, 648, 828), (-90, 684, 792), (-108, 666, 918), (-108, 630, 882), (-108, 648, 810), (-126, 666, 756), (-90, 666, 774), (-54, 648, 810), (-36, 666, 828), (-54, 648, 810), (-108, 630, 774), (-108, 648, 918), (-108, 648, 900), (-108, 630, 864), (-126, 630, 828), (-90, 648, 792)]	(9384, 11483, 10007, 11217, 11467, 9536, 7197, 6796, 7614, 7012, 8643, 8764, 5041, 6102, 7166, 7300, 11108, 19671, 16483, 8698, 15408, 13056, 11926, 1972)
i	1722423	(581, 140)	[(-108, 666, 918), (-108, 630, 882), (-108, 648, 810), (-126, 666, 756), (-90, 666, 774), (-54, 648, 810), (-36, 666, 828), (-54, 648, 810), (-108, 630, 774), (-108, 648, 918), (-108, 648, 900), (-108, 630, 864), (-126, 630, 828), (-90, 648, 792), (-54, 648, 864), (-144, 648, 828), (-126, 666, 882), (-108, 648, 774), (-162, 648, 774), (-126, 666, 828), (-54, 666, 882), (-72, 648, 918), (-126, 666, 792), (-126, 648, 702), (-126, 648, 774)]	(9385, 11494, 10061, 11244, 11469, 9482, 7114, 6413, 6995, 6935, 8293, 8160, 4925, 6079, 7167, 7211, 11110, 19672, 16671, 8696, 15412, 13060, 11934, 1972)
f	1723762	(663, 287)	[(-126, 666, 810), (-108, 684, 774), (-90, 666, 846), (-108, 666, 810), (-90, 684, 810), (-108, 666, 792), (-90, 666, 810), (-90, 684, 774), (-90, 666, 792), (-54, 684, 846), (-72, 684, 918), (-126, 666, 864), (-180, 648, 774), (-144, 666, 792), (-108, 666, 846), (-90, 666, 828), (-108, 666, 792), (-90, 666, 828), (-108, 720, 702), (-90, 684, 684), (-54, 684, 846), (-36, 684, 900), (-144, 648, 810), (-162, 666, 792), (-108, 666, 828)]	(9398, 11679, 10225, 11458, 11509, 9560, 7367, 6411, 6927, 6957, 8320, 8131, 4912, 6068, 7169, 7176, 11116, 19690, 16737, 8682, 15431, 13055, 11936, 1977)
o	1724382	(581, 75)	[(-108, 666, 828), (-72, 666, 864), (-108, 666, 810), (-90, 666, 828), (-108, 666, 792), (-90, 684, 774), (-54, 684, 810), (-72, 684, 882), (-144, 666, 756), (-126, 666, 792), (-90, 684, 828), (-54, 684, 810), (-72, 684, 810), (-108, 666, 828), (-126, 666, 810), (-126, 684, 792), (-108, 666, 810), (-126, 666, 720), (-108, 666, 702), (-54, 684, 864), (18, 702, 1044), (-72, 666, 990), (-144, 630, 792), (-180, 648, 648), (-90, 666, 756)]	(9388, 11506, 10065, 11320, 11492, 9521, 7488, 6375, 6850, 6923, 8507, 8201, 4943, 6072, 7167, 7221, 11105, 19681, 16716, 8702, 15425, 13062, 11929, 1977)
r	1725820	(576, 304)	[(-90, 684, 810), (-90, 684, 792), (-108, 684, 792), (-108, 684, 792), (-90, 702, 810), (-108, 684, 810), (-126, 684, 810), (-90, 702, 774), (-90, 702, 792), (-90, 702, 774), (-90, 684, 810), (-108, 702, 810), (-108, 702, 792), (-90, 702, 810), (-90, 702, 792), (-90, 702, 810), (-108, 702, 792), (-108, 720, 684), (-72, 720, 828), (-72, 720, 828), (-90, 702, 810), (-108, 720, 792), (-108, 702, 792), (-108, 702, 756), (-108, 702, 792)]	(9400, 11630, 10177, 11455, 11499, 9567, 7368, 6418, 6983, 6975, 7954, 8161, 4921, 6061, 7159, 7144, 11105, 19681, 16816, 8693, 15424, 13062, 11923, 1980)
n	1726804	(740, 156)	[(-90, 648, 936), (-126, 666, 882), (-72, 648, 864), (-72, 630, 846), (-108, 648, 810), (-108, 648, 792), (-90, 648, 882), (-90, 648, 918), (-108, 648, 864), (-126, 630, 846), (-108, 648, 828), (-72, 666, 828), (-90, 666, 792), (-90, 666, 738), (-72, 666, 774), (-72, 666, 810), (-54, 666, 882), (-90, 666, 828), (-144, 648, 702), (-90, 684, 828), (-72, 666, 882), (-90, 666, 846), (-126, 648, 828), (-126, 648, 756), (-108, 666, 828)]	(9392, 11539, 10084, 11263, 11493, 9608, 7126, 6592, 7225, 7016, 8508, 8477, 4955, 6079, 7169, 7290, 11108, 19687, 16643, 8698, 15431, 13069, 11914, 1977)
i	1727250	(575, 127)	[(-54, 666, 882), (-90, 666, 828), (-144, 648, 702), (-90, 684, 828), (-72, 666, 882), (-90, 666, 846), (-126, 648, 828), (-126, 648, 756), (-108, 666, 828), (-108, 666, 828), (-90, 666, 828), (-72, 666, 846), (-90, 684, 828), (-72, 666, 792), (-90, 684, 792), (-108, 684, 792), (-108, 666, 828), (-108, 666, 828), (-90, 666, 828), (-72, 702, 702), (-108, 666, 774), (-72, 684, 882), (-90, 684, 918), (-126, 648, 846), (-162, 666, 720)]	(9400, 11618, 10142, 11441, 11495, 9644, 7392, 6536, 7285, 6932, 8439, 8233, 4921, 6050, 7167, 7182, 11111, 19693, 16828, 8695, 15449, 13071, 11936, 1975)
a	1727818	(658, 430)	[(-72, 684, 882), (-90, 684, 918), (-126, 648, 846), (-162, 666, 720), (-54, 684, 810), (-126, 666, 828), (-108, 684, 846), (-90, 684, 864), (-90, 702, 774), (-108, 684, 774), (-90, 702, 774), (-90, 720, 810), (-54, 720, 792), (-72, 702, 792), (-108, 702, 756), (-108, 702, 738), (-90, 720, 756), (-108, 738, 738), (-90, 684, 558), (36, 738, 828), (54, 720, 936), (0, 702, 810), (-216, 648, 702), (-162, 702, 666), (-90, 666, 684)]	(9415, 11786, 10330, 11651, 11518, 9653, 7535, 6436, 7128, 6974, 7977, 8238, 4885, 6057, 7161, 7115, 11125, 19707, 17202, 8709, 15462, 13071, 11931, 1980)
