Please hold the phone in your left hand and type with your left thumb
m	1734661	(769, 94)	[(36, 576, 918), (90, 576, 846), (90, 558, 810), (90, 576, 846), (90, 558, 900), (108, 558, 918), (54, 558, 882), (90, 594, 900), (72, 612, 882), (90, 594, 864), (90, 594, 792), (72, 612, 846), (54, 630, 882), (72, 612, 900), (90, 630, 810), (54, 630, 810), (54, 648, 792), (72, 666, 828), (72, 648, 882), (90, 630, 828), (90, 648, 792), (72, 648, 792), (54, 648, 846), (90, 612, 864), (144, 612, 828)]	(9497, 11490, 9917, 11403, 11966, 12812, 4492, 7097, 4360, 7048, 5963, 6313, 4362, 6833, 7225, 8727, 11387, 19895, 16988, 9208, 17201, 13548, 11978, 1975)
i	1734951	(589, 118)	[(90, 594, 864), (90, 594, 792), (72, 612, 846), (54, 630, 882), (72, 612, 900), (90, 630, 810), (54, 630, 810), (54, 648, 792), (72, 666, 828), (72, 648, 882), (90, 630, 828), (90, 648, 792), (72, 648, 792), (54, 648, 846), (90, 612, 864), (144, 612, 828), (108, 720, 846), (90, 630, 828), (144, 666, 792), (126, 630, 828), (126, 666, 864), (126, 630, 864), (144, 666, 918), (252, 630, 846), (288, 684, 720)]	(9504, 11516, 9946, 11535, 11939, 12602, 4457, 7573, 4517, 7050, 6069, 6418, 4494, 7560, 7272, 10261, 11393, 19818, 17523, 9174, 16973, 13464, 11942, 1985)
k	1735310	(665, 106)	[(90, 648, 792), (72, 648, 792), (54, 648, 846), (90, 612, 864), (144, 612, 828), (108, 720, 846), (90, 630, 828), (144, 666, 792), (126, 630, 828), (126, 666, 864), (126, 630, 864), (144, 666, 918), (252, 630, 846), (288, 684, 720), (144, 702, 684), (144, 702, 684), (162, 702, 810), (90, 756, 828), (162, 720, 828), (144, 666, 756), (108, 702, 828), (126, 702, 774), (144, 684, 738), (144, 702, 774), (180, 702, 720)]	(9500, 11553, 9942, 11621, 11798, 12529, 4422, 7555, 4264, 7045, 5799, 6234, 4380, 6959, 7240, 9669, 11362, 19867, 17811, 9199, 17142, 13514, 11968, 1976)
e	1735972	(580, 360)	[(162, 684, 774), (126, 702, 918), (162, 684, 864), (216, 684, 738), (216, 648, 756), (216, 684, 702), (216, 666, 756), (126, 666, 756), (90, 666, 810), (108, 666, 882), (126, 684, 900), (126, 648, 900), (108, 666, 828), (90, 684, 774), (90, 684, 810), (90, 666, 792), (90, 684, 774), (90, 684, 756), (54, 684, 792), (18, 702, 810), (54, 684, 846), (72, 684, 810), (90, 684, 774), (72, 684, 774), (72, 684, 828)]	(9506, 11275, 9620, 10982, 11952, 10098, 4353, 8148, 4407, 7057, 5975, 6350, 4612, 7670, 7310, 11646, 11314, 19647, 15537, 9069, 16309, 13305, 11911, 1975)
 	1736551	(845, 228)	[(72, 684, 810), (90, 684, 774), (72, 684, 774), (72, 684, 828), (126, 684, 666), (72, 720, 738), (54, 702, 846), (36, 684, 882), (72, 666, 774), (18, 684, 792), (90, 684, 630), (72, 666, 792), (90, 666, 846), (108, 630, 846), (108, 630, 864), (72, 630, 918), (72, 630, 918), (72, 630, 846), (72, 630, 738), (72, 702, 810), (90, 702, 828), (90, 630, 828), (108, 630, 882), (108, 648, 918), (144, 630, 846)]	(9519, 11406, 9588, 11148, 12380, 10030, 4375, 8365, 4338, 7168, 5788, 6226, 4478, 8480, 7300, 9919, 11474, 19712, 15356, 9150, 16735, 13470, 11937, 1976)
i	1737119	(580, 126)	[(108, 630, 882), (108, 648, 918), (144, 630, 846), (126, 594, 810), (126, 648, 828), (108, 720, 846), (180, 630, 756), (144, 702, 756), (126, 720, 792), (144, 702, 792), (144, 684, 774), (126, 702, 774), (126, 720, 756), (54, 756, 774), (144, 738, 720), (180, 702, 702), (180, 702, 702), (144, 738, 792), (144, 738, 828), (162, 684, 792), (180, 702, 774), (144, 702, 810), (180, 702, 792), (234, 720, 720), (216, 684, 810)]	(9519, 11491, 9732, 11548, 11865, 10020, 4347, 8279, 4437, 6983, 5645, 6323, 4537, 8235, 7311, 10848, 11523, 19766, 17302, 9173, 16846, 13457, 11919, 1965)
s	1737631	(687, 381)	[(162, 684, 792), (180, 702, 774), (144, 702, 810), (180, 702, 792), (234, 720, 720), (216, 684, 810), (180, 702, 810), (198, 702, 756), (216, 702, 666), (234, 738, 594), (162, 720, 828), (108, 738, 666), (54, 666, 882), (108, 648, 864), (108, 666, 774), (90, 684, 738), (72, 702, 774), (90, 684, 828), (90, 666, 828), (90, 684, 846), (72, 666, 864), (108, 684, 756), (108, 666, 792), (90, 666, 864), (72, 684, 900)]	(9504, 11259, 9488, 10842, 11875, 9647, 4319, 9720, 4414, 7195, 5845, 6549, 4613, 8947, 7352, 10910, 11591, 19611, 14852, 9058, 16141, 13304, 11902, 1968)
 	1738023	(840, 268)	[(108, 648, 864), (108, 666, 774), (90, 684, 738), (72, 702, 774), (90, 684, 828), (90, 666, 828), (90, 684, 846), (72, 666, 864), (108, 684, 756), (108, 666, 792), (90, 666, 864), (72, 684, 900), (126, 666, 774), (126, 666, 738), (144, 684, 756), (126, 666, 792), (72, 666, 828), (54, 666, 882), (72, 666, 792), (90, 648, 828), (108, 648, 828), (126, 630, 810), (126, 612, 756), (108, 720, 810), (144, 648, 792)]	(9515, 11431, 9551, 11173, 11966, 9701, 4163, 9339, 4475, 7249, 5530, 6446, 4530, 8392, 7263, 10208, 11640, 19714, 15230, 9162, 16647, 13464, 11954, 1966)
p	1738904	(603, 27)	[(90, 684, 864), (90, 648, 846), (126, 648, 810), (90, 666, 810), (108, 684, 828), (108, 702, 756), (90, 738, 720), (126, 684, 792), (144, 666, 774), (180, 684, 756), (198, 648, 774), (144, 666, 720), (126, 720, 756), (90, 738, 756), (126, 720, 810), (126, 702, 810), (180, 684, 828), (162, 666, 774), (198, 648, 774), (198, 630, 810), (180, 666, 864), (162, 648, 864), (216, 612, 882), (180, 648, 846), (108, 810, 540)]	(9514, 11550, 9943, 11822, 11695, 10541, 4144, 7589, 4398, 7002, 5700, 6269, 4454, 7328, 7237, 9853, 11581, 19891, 18204, 9266, 17343, 13629, 11967, 1966)
u	1739346	(591, 143)	[(126, 702, 810), (180, 684, 828), (162, 666, 774), (198, 648, 774), (198, 630, 810), (180, 666, 864), (162, 648, 864), (216, 612, 882), (180, 648, 846), (108, 810, 540), (234, 648, 882), (180, 702, 810), (144, 702, 864), (126, 702, 828), (162, 702, 774), (198, 684, 702), (180, 702, 720), (198, 648, 720), (108, 720, 1008), (72, 720, 918), (144, 702, 702), (180, 684, 630), (144, 720, 684), (108, 720, 846), (126, 720, 756)]	(9503, 11612, 10000, 11747, 11720, 11805, 4398, 7467, 4359, 6922, 5667, 6078, 4439, 7332, 7244, 9551, 11518, 19884, 18218, 9241, 17191, 13553, 11963, 1953)
t	1740062	(592, 252)	[(144, 720, 792), (162, 702, 774), (144, 702, 774), (180, 720, 774), (90, 738, 738), (90, 720, 792), (108, 702, 738), (144, 702, 720), (108, 702, 774), (108, 720, 828), (108, 720, 846), (126, 720, 810), (144, 702, 774), (144, 720, 738), (126, 720, 738), (108, 738, 792), (90, 720, 792), (108, 738, 792), (126, 702, 756), (126, 720, 738), (126, 720, 774), (108, 720, 810), (144, 702, 792), (162, 738, 720), (126, 702, 738)]	(9502, 11430, 9806, 11378, 11790, 12339, 4621, 8150, 4716, 7035, 6135, 6403, 4515, 7900, 7286, 10110, 11561, 19839, 17247, 9205, 16935, 13518, 11955, 1975)
t	1740355	(586, 256)	[(108, 702, 774), (108, 720, 828), (108, 720, 846), (126, 720, 810), (144, 702, 774), (144, 720, 738), (126, 720, 738), (108, 738, 792), (90, 720, 792), (108, 738, 792), (126, 702, 756), (126, 720, 738), (126, 720, 774), (108, 720, 810), (144, 702, 792), (162, 738, 720), (126, 702, 738), (108, 702, 792), (126, 702, 846), (126, 702, 810), (126, 702, 774), (144, 702, 792), (144, 702, 792), (144, 684, 756), (162, 702, 738)]	(9506, 11499, 9823, 11435, 11773, 11982, 4348, 8257, 4539, 7060, 5854, 6361, 4459, 7660, 7267, 9780, 11504, 19800, 17152, 9183, 16890, 13484, 11943, 1976)
i	1740866	(584, 125)	[(126, 702, 846), (126, 702, 810), (126, 702, 774), (144, 702, 792), (144, 702, 792), (144, 684, 756), (162, 702, 738), (108, 702, 720), (108, 720, 756), (144, 720, 720), (144, 702, 774), (144, 720, 774), (126, 702, 792), (126, 702, 774), (126, 702, 792), (126, 720, 774), (144, 720, 738), (126, 720, 738), (126, 720, 774), (126, 720, 756), (126, 720, 774), (126, 720, 792), (144, 720, 756), (144, 702, 756), (144, 756, 612)]	(9497, 11463, 9818, 11403, 11746, 11743, 4505, 7920, 4428, 6978, 5953, 6230, 4451, 7669, 7251, 9747, 11498, 19781, 17288, 9170, 16905, 13490, 11923, 1969)
n	1741525	(755, 142)	[(126, 720, 792), (180, 720, 756), (216, 720, 684), (216, 702, 612), (108, 720, 738), (90, 720, 864), (126, 702, 864), (144, 702, 792), (126, 720, 738), (126, 720, 702), (144, 702, 774), (108, 684, 900), (144, 684, 882), (162, 702, 738), (162, 684, 702), (144, 702, 684), (144, 720, 738), (90, 738, 810), (144, 702, 774), (144, 684, 756), (126, 684, 738), (162, 684, 738), (108, 738, 738), (108, 774, 774), (162, 720, 756)]	(9495, 11533, 9830, 11501, 11807, 12450, 4460, 7890, 4585, 7040, 5970, 6319, 4426, 7200, 7243, 9205, 11501, 19914, 17155, 9254, 17218, 13580, 11983, 1972)
g	1742088	(666, 238)	[(162, 684, 738), (108, 738, 738), (108, 774, 774), (162, 720, 756), (144, 720, 774), (144, 720, 900), (180, 684, 864), (216, 666, 774), (198, 684, 648), (126, 720, 774), (144, 720, 756), (144, 720, 792), (162, 720, 774), (162, 702, 792), (198, 702, 792), (198, 702, 792), (162, 720, 810), (90, 720, 774), (144, 720, 774), (162, 684, 702), (108, 756, 720), (126, 756, 792), (144, 720, 828), (162, 720, 738), (216, 756, 630)]	(9507, 11380, 9747, 11195, 11828, 11924, 4579, 8395, 4670, 7008, 6131, 6516, 4573, 7926, 7301, 10394, 11515, 19804, 16742, 9176, 16806, 13490, 11960, 1980)
 	1742750	(853, 258)	[(162, 720, 720), (162, 684, 828), (180, 720, 756), (144, 720, 810), (162, 702, 684), (72, 738, 810), (72, 720, 936), (108, 702, 900), (126, 684, 810), (144, 702, 702), (144, 684, 720), (162, 684, 774), (144, 702, 846), (144, 684, 864), (144, 666, 792), (144, 684, 774), (108, 702, 828), (108, 684, 810), (126, 666, 792), (162, 666, 702), (72, 756, 792), (90, 756, 774), (90, 720, 810), (108, 702, 828), (126, 702, 864)]	(9498, 11370, 9709, 11014, 11857, 12140, 4452, 8270, 4531, 7089, 5910, 6342, 4467, 7578, 7260, 9667, 11406, 19758, 15475, 9180, 16832, 13515, 11958, 1972)
p	1743462	(584, 16)	[(126, 738, 684), (126, 738, 702), (144, 738, 720), (144, 756, 720), (144, 756, 720), (126, 738, 792), (162, 720, 720), (180, 738, 702), (126, 774, 702), (126, 774, 738), (144, 738, 738), (144, 756, 720), (144, 774, 720), (162, 756, 738), (162, 738, 756), (162, 702, 720), (162, 738, 702), (144, 702, 738), (108, 702, 738), (108, 810, 720), (108, 828, 828), (162, 756, 810), (288, 774, 666), (180, 756, 684), (198, 774, 666)]	(9529, 11716, 10109, 11972, 11672, 10645, 4332, 7724, 4312, 6889, 5611, 6228, 4434, 6754, 7224, 10171, 11442, 19925, 18740, 9270, 17367, 13609, 11961, 1972)
r	1744107	(609, 296)	[(198, 774, 666), (144, 756, 702), (144, 774, 756), (162, 756, 612), (90, 756, 882), (108, 720, 792), (180, 684, 720), (144, 702, 756), (162, 702, 810), (162, 702, 792), (144, 702, 774), (144, 720, 720), (144, 738, 774), (126, 720, 810), (90, 720, 846), (144, 720, 774), (144, 720, 720), (144, 720, 756), (144, 720, 756), (126, 702, 792), (144, 684, 774), (144, 720, 738), (126, 720, 774), (144, 702, 792), (126, 720, 648)]	(9490, 11396, 9796, 11235, 11818, 12837, 4748, 7976, 4713, 7080, 6210, 6340, 4474, 7430, 7262, 9985, 11444, 19824, 16922, 9176, 16864, 13497, 11952, 1968)
e	1744464	(575, 351)	[(144, 720, 720), (144, 738, 774), (126, 720, 810), (90, 720, 846), (144, 720, 774), (144, 720, 720), (144, 720, 756), (144, 720, 756), (126, 702, 792), (144, 684, 774), (144, 720, 738), (126, 720, 774), (144, 702, 792), (126, 720, 648), (90, 720, 756), (108, 720, 900), (144, 684, 864), (162, 684, 774), (180, 702, 702), (162, 720, 738), (90, 720, 792), (144, 720, 792), (126, 702, 774), (144, 702, 756), (144, 702, 810)]	(9489, 11385, 9787, 11167, 11848, 12969, 4800, 8296, 4850, 7095, 6358, 6500, 4478, 7500, 7265, 10107, 11416, 19804, 16838, 9176, 16820, 13470, 11945, 1965)
s	1745530	(662, 357)	[(108, 684, 864), (108, 648, 792), (144, 666, 756), (144, 648, 810), (108, 666, 846), (90, 666, 882), (108, 648, 810), (108, 666, 774), (108, 666, 792), (90, 684, 810), (72, 684, 864), (90, 666, 864), (108, 666, 828), (108, 666, 828), (108, 666, 792), (90, 666, 792), (90, 684, 792), (90, 666, 846), (108, 666, 846), (90, 666, 810), (108, 666, 810), (108, 666, 810), (126, 666, 846), (126, 684, 738), (126, 684, 756)]	(9477, 11217, 9600, 10700, 11756, 12415, 4685, 9013, 4726, 7080, 6034, 6605, 4525, 7189, 7257, 10745, 11355, 19741, 15602, 9157, 16647, 13455, 11945, 1971)
s	1745799	(665, 371)	[(108, 666, 774), (108, 666, 792), (90, 684, 810), (72, 684, 864), (90, 666, 864), (108, 666, 828), (108, 666, 828), (108, 666, 792), (90, 666, 792), (90, 684, 792), (90, 666, 846), (108, 666, 846), (90, 666, 810), (108, 666, 810), (108, 666, 810), (126, 666, 846), (126, 684, 738), (126, 684, 756), (108, 684, 846), (72, 666, 954), (126, 666, 828), (108, 684, 810), (108, 648, 846), (162, 648, 792), (108, 648, 846)]	(9493, 11280, 9668, 10784, 11758, 12483, 4594, 9286, 4713, 7071, 6150, 6682, 4555, 7237, 7273, 10880, 11361, 19747, 15644, 9167, 16685, 13474, 11942, 1974)
u	1746459	(592, 165)	[(144, 648, 756), (144, 648, 774), (108, 684, 864), (108, 684, 864), (126, 666, 828), (126, 666, 792), (126, 684, 792), (126, 702, 792), (126, 720, 792), (126, 738, 792), (126, 738, 756), (144, 720, 738), (144, 738, 702), (126, 756, 702), (108, 756, 702), (90, 756, 738), (90, 756, 756), (108, 756, 738), (126, 738, 720), (144, 738, 738), (144, 756, 738), (126, 756, 774), (144, 738, 756), (162, 810, 594), (90, 774, 666)]	(9491, 11432, 9713, 11164, 11725, 12440, 4405, 8527, 4455, 6946, 6011, 6445, 4472, 7001, 7249, 10170, 11384, 19844, 17497, 9199, 16956, 13518, 11962, 1968)
r	1747107	(586, 305)	[(90, 774, 666), (90, 756, 720), (108, 756, 792), (144, 774, 774), (180, 738, 666), (162, 756, 738), (108, 756, 720), (126, 756, 756), (126, 720, 774), (162, 720, 756), (144, 738, 738), (144, 756, 756), (144, 756, 774), (126, 738, 756), (108, 720, 756), (126, 756, 720), (126, 756, 738), (126, 756, 738), (144, 738, 756), (126, 738, 774), (126, 738, 738), (126, 756, 738), (126, 738, 756), (126, 738, 756), (126, 738, 684)]	(9487, 11284, 9656, 10905, 11765, 12735, 4657, 8777, 4725, 7091, 6214, 6660, 4490, 7268, 7279, 10688, 11358, 19742, 16557, 9131, 16660, 13439, 11936, 1973)
e	1747419	(579, 368)	[(162, 720, 756), (144, 738, 738), (144, 756, 756), (144, 756, 774), (126, 738, 756), (108, 720, 756), (126, 756, 720), (126, 756, 738), (126, 756, 738), (144, 738, 756), (126, 738, 774), (126, 738, 738), (126, 756, 738), (126, 738, 756), (126, 738, 756), (126, 738, 684), (108, 738, 720), (126, 756, 810), (144, 720, 828), (180, 738, 738), (180, 720, 594), (144, 702, 666), (144, 720, 612), (144, 720, 774), (126, 702, 846)]	(9490, 11334, 9730, 10984, 11770, 12590, 4625, 9114, 4664, 7070, 6249, 6580, 4602, 7345, 7295, 10992, 11417, 19764, 16610, 9159, 16711, 13455, 11929, 1969)
 	1748132	(853, 279)	[(162, 720, 702), (108, 738, 720), (126, 738, 702), (108, 738, 828), (162, 684, 774), (162, 702, 738), (162, 702, 720), (162, 702, 720), (126, 702, 720), (72, 720, 792), (72, 702, 864), (90, 702, 846), (108, 684, 774), (126, 684, 720), (90, 666, 756), (72, 684, 828), (72, 684, 918), (72, 666, 900), (108, 648, 828), (90, 648, 900), (126, 684, 684), (90, 684, 792), (108, 648, 882), (144, 630, 954), (108, 666, 936)]	(9489, 11348, 9707, 10972, 11684, 12273, 4492, 8864, 4457, 6922, 5881, 6476, 4451, 6879, 7229, 10016, 11330, 19778, 15468, 9191, 16871, 13529, 11959, 1937)
o	1749149	(581, 76)	[(126, 684, 810), (126, 666, 810), (126, 684, 810), (90, 684, 900), (108, 702, 846), (90, 702, 774), (72, 738, 684), (126, 738, 666), (108, 738, 702), (90, 774, 738), (144, 738, 774), (162, 702, 774), (162, 720, 756), (180, 738, 756), (162, 738, 720), (162, 738, 738), (162, 720, 738), (180, 720, 720), (126, 738, 756), (162, 720, 774), (162, 702, 792), (144, 720, 828), (162, 720, 738), (162, 828, 468), (180, 792, 774)]	(9493, 11606, 9835, 11400, 11662, 11099, 4365, 8285, 4259, 6967, 5611, 6307, 4407, 6569, 7202, 9668, 11387, 19932, 18349, 9235, 17268, 13597, 11973, 1964)
n	1750078	(751, 157)	[(144, 684, 738), (126, 702, 756), (72, 738, 792), (72, 756, 774), (90, 738, 738), (90, 738, 702), (108, 738, 756), (108, 720, 774), (90, 720, 828), (108, 702, 792), (90, 720, 774), (108, 720, 792), (144, 684, 792), (144, 684, 738), (90, 720, 756), (72, 756, 756), (90, 756, 774), (90, 738, 756), (126, 720, 756), (108, 684, 756), (144, 702, 792), (126, 684, 810), (108, 702, 774), (108, 774, 738), (90, 738, 756)]	(9483, 11407, 9722, 11045, 11739, 12785, 4598, 8397, 4600, 6990, 5926, 6263, 4426, 6887, 7236, 9760, 11390, 19869, 16609, 9235, 17091, 13580, 11963, 1975)
 	1750422	(852, 210)	[(108, 720, 792), (144, 684, 792), (144, 684, 738), (90, 720, 756), (72, 756, 756), (90, 756, 774), (90, 738, 756), (126, 720, 756), (108, 684, 756), (144, 702, 792), (126, 684, 810), (108, 702, 774), (108, 774, 738), (90, 738, 756), (126, 720, 756), (144, 702, 774), (144, 738, 720), (180, 738, 648), (144, 702, 630), (18, 666, 1008), (90, 738, 612), (90, 720, 666), (90, 702, 828), (90, 684, 990), (90, 684, 864)]	(9480, 11493, 9757, 11252, 11718, 12664, 4538, 8029, 4382, 6938, 5883, 6118, 4379, 6635, 7197, 8981, 11348, 19850, 15919, 9225, 17143, 13578, 11961, 1970)
m	1750668	(750, 97)	[(126, 720, 756), (108, 684, 756), (144, 702, 792), (126, 684, 810), (108, 702, 774), (108, 774, 738), (90, 738, 756), (126, 720, 756), (144, 702, 774), (144, 738, 720), (180, 738, 648), (144, 702, 630), (18, 666, 1008), (90, 738, 612), (90, 720, 666), (90, 702, 828), (90, 684, 990), (90, 684, 864), (126, 666, 756), (108, 720, 810), (126, 738, 738), (144, 702, 738), (162, 684, 684), (108, 810, 684), (108, 828, 702)]	(9483, 11482, 9705, 11312, 11803, 12937, 4560, 8110, 4600, 7076, 5958, 6294, 4402, 6997, 7226, 9347, 11425, 19877, 16814, 9238, 17167, 13567, 11974, 1966)
e	1751278	(583, 348)	[(108, 828, 702), (126, 774, 666), (162, 756, 666), (162, 738, 702), (126, 720, 810), (144, 738, 774), (72, 756, 738), (72, 684, 828), (144, 666, 756), (126, 666, 738), (90, 684, 828), (72, 702, 846), (72, 702, 864), (72, 702, 882), (108, 666, 864), (108, 648, 828), (108, 702, 756), (108, 684, 756), (108, 684, 774), (108, 684, 810), (72, 684, 846), (54, 702, 864), (72, 720, 756), (126, 684, 684), (126, 666, 720)]	(9489, 11406, 9735, 11091, 11808, 12720, 4623, 8426, 4594, 7071, 5962, 6490, 4464, 7298, 7251, 10026, 11400, 19811, 16163, 9213, 16921, 13525, 11950, 1968)
i	1753151	(575, 131)	[(90, 666, 810), (90, 702, 810), (72, 702, 828), (108, 684, 810), (108, 684, 792), (108, 702, 828), (126, 702, 828), (126, 702, 756), (126, 720, 720), (126, 720, 720), (72, 720, 756), (90, 738, 792), (90, 756, 774), (108, 738, 738), (108, 720, 720), (126, 738, 702), (126, 702, 756), (126, 720, 792), (144, 738, 792), (126, 720, 756), (126, 738, 774), (126, 738, 774), (108, 720, 828), (162, 702, 666), (126, 846, 648)]	(9494, 11510, 9785, 11286, 11745, 12237, 4544, 8226, 4417, 7028, 5949, 6230, 4429, 7270, 7237, 10092, 11440, 19855, 17439, 9210, 17040, 13531, 11954, 1970)
s	1753813	(676, 365)	[(108, 756, 810), (90, 810, 684), (144, 738, 666), (144, 702, 756), (144, 738, 594), (54, 720, 1008), (36, 702, 1008), (90, 648, 828), (162, 648, 702), (162, 648, 666), (126, 666, 792), (108, 684, 882), (72, 684, 900), (108, 648, 828), (108, 648, 774), (108, 666, 774), (90, 666, 774), (72, 684, 828), (54, 684, 918), (72, 666, 882), (90, 648, 792), (108, 684, 774), (108, 666, 846), (108, 630, 882), (54, 666, 846)]	(9492, 11325, 9591, 10767, 11759, 10534, 4406, 9025, 4594, 6990, 5902, 6450, 4584, 7320, 7303, 11593, 11310, 19665, 15086, 9102, 16383, 13372, 11916, 1970)
 	1754155	(826, 267)	[(108, 684, 882), (72, 684, 900), (108, 648, 828), (108, 648, 774), (108, 666, 774), (90, 666, 774), (72, 684, 828), (54, 684, 918), (72, 666, 882), (90, 648, 792), (108, 684, 774), (108, 666, 846), (108, 630, 882), (54, 666, 846), (126, 702, 756), (90, 684, 738), (108, 684, 792), (90, 666, 882), (72, 666, 792), (126, 648, 810), (126, 648, 774), (54, 648, 900), (72, 648, 882), (72, 684, 720), (72, 720, 792)]	(9493, 11367, 9619, 10895, 11740, 10432, 4282, 8839, 4434, 6926, 5700, 6358, 4431, 7229, 7226, 10311, 11334, 19712, 15148, 9154, 16692, 13491, 11935, 1967)
s	1754716	(665, 371)	[(54, 648, 900), (72, 648, 882), (72, 684, 720), (72, 720, 792), (90, 666, 810), (108, 648, 828), (90, 648, 990), (126, 648, 720), (18, 702, 936), (72, 648, 846), (126, 630, 738), (108, 666, 792), (108, 648, 882), (108, 648, 900), (126, 648, 828), (126, 648, 810), (126, 666, 792), (108, 648, 810), (72, 666, 828), (90, 684, 828), (90, 648, 828), (108, 666, 810), (108, 648, 864), (108, 648, 918), (108, 702, 738)]	(9491, 11362, 9631, 10932, 11826, 10905, 4454, 8744, 4524, 7001, 5995, 6499, 4541, 7846, 7298, 10950, 11422, 19707, 15376, 9147, 16557, 13435, 11933, 1968)
t	1755214	(587, 259)	[(72, 666, 828), (90, 684, 828), (90, 648, 828), (108, 666, 810), (108, 648, 864), (108, 648, 918), (108, 702, 738), (144, 648, 738), (144, 666, 756), (126, 648, 828), (90, 648, 936), (126, 666, 828), (108, 666, 810), (108, 666, 810), (126, 648, 774), (144, 666, 774), (108, 702, 774), (108, 702, 792), (144, 666, 810), (126, 684, 810), (126, 720, 810), (108, 720, 828), (144, 684, 828), (162, 684, 774), (162, 702, 702)]	(9509, 11480, 9700, 11160, 11827, 11181, 4488, 8806, 4547, 7023, 5874, 6426, 4529, 7868, 7288, 10599, 11469, 19781, 16276, 9185, 16794, 13521, 11945, 1936)
a	1756149	(669, 465)	[(72, 648, 918), (90, 666, 900), (108, 648, 846), (108, 648, 792), (90, 630, 774), (90, 684, 828), (54, 666, 864), (72, 648, 828), (90, 648, 738), (108, 648, 792), (90, 666, 828), (54, 666, 846), (54, 666, 900), (90, 630, 846), (108, 630, 792), (108, 666, 792), (90, 648, 828), (90, 648, 846), (90, 630, 810), (72, 648, 810), (90, 666, 810), (72, 666, 828), (72, 630, 864), (72, 648, 792), (90, 666, 774)]	(9487, 11285, 9582, 10675, 11785, 11173, 4512, 9378, 4577, 7013, 6148, 6463, 4569, 7481, 7276, 11414, 11324, 19666, 15005, 9106, 16407, 13404, 11909, 1963)
n	1756696	(751, 163)	[(90, 666, 810), (72, 666, 828), (72, 630, 864), (72, 648, 792), (90, 666, 774), (90, 666, 756), (108, 666, 846), (108, 630, 882), (90, 630, 882), (108, 630, 918), (90, 630, 774), (90, 648, 774), (90, 648, 846), (162, 648, 702), (126, 684, 756), (108, 684, 774), (90, 684, 774), (108, 684, 846), (72, 684, 828), (108, 684, 774), (126, 684, 738), (126, 666, 792), (126, 648, 810), (126, 738, 774), (126, 684, 756)]	(9496, 11472, 9686, 11134, 11772, 11869, 4385, 9065, 4590, 7034, 5945, 6494, 4485, 7507, 7257, 10331, 11406, 19809, 15817, 9215, 16934, 13544, 11960, 1962)
 	1757057	(851, 220)	[(90, 648, 846), (162, 648, 702), (126, 684, 756), (108, 684, 774), (90, 684, 774), (108, 684, 846), (72, 684, 828), (108, 684, 774), (126, 684, 738), (126, 666, 792), (126, 648, 810), (126, 738, 774), (126, 684, 756), (126, 684, 774), (126, 684, 774), (108, 720, 756), (108, 702, 828), (108, 666, 792), (108, 666, 756), (0, 666, 1062), (144, 630, 684), (180, 648, 756), (144, 630, 828), (72, 630, 954), (90, 684, 900)]	(9482, 11432, 9677, 11070, 11743, 11815, 4466, 8413, 4553, 6955, 5881, 6193, 4405, 7212, 7234, 9831, 11369, 19753, 15297, 9188, 16874, 13538, 11948, 1968)
l	1757668	(679, 48)	[(72, 630, 954), (90, 684, 900), (108, 684, 738), (90, 666, 900), (144, 648, 792), (162, 666, 738), (108, 666, 792), (90, 666, 828), (90, 666, 828), (90, 666, 810), (108, 684, 774), (108, 666, 774), (126, 666, 810), (108, 684, 864), (108, 684, 900), (126, 666, 846), (162, 666, 756), (180, 684, 684), (126, 738, 702), (90, 756, 774), (90, 738, 774), (108, 720, 774), (108, 720, 774), (90, 828, 666), (126, 774, 684)]	(9508, 11651, 9790, 11389, 11732, 11106, 4431, 8163, 4384, 7000, 5772, 6315, 4413, 7085, 7241, 9828, 11473, 19910, 17514, 9266, 17277, 13629, 11969, 1970)
o	1758529	(589, 84)	[(108, 738, 756), (108, 756, 756), (108, 756, 720), (126, 756, 720), (126, 738, 738), (126, 738, 756), (108, 756, 792), (126, 738, 774), (162, 720, 720), (126, 756, 702), (108, 756, 756), (90, 756, 792), (126, 738, 720), (126, 738, 702), (126, 738, 738), (144, 756, 756), (126, 756, 738), (108, 756, 756), (108, 756, 738), (108, 756, 702), (90, 774, 720), (126, 774, 756), (144, 738, 756), (144, 738, 720), (198, 738, 612)]	(9505, 11627, 9824, 11370, 11750, 11698, 4423, 8054, 4290, 7015, 5773, 6271, 4390, 7320, 7225, 9903, 11422, 19832, 17550, 9198, 17017, 13522, 11947, 1959)
o	1759090	(587, 81)	[(126, 774, 756), (144, 738, 756), (144, 738, 720), (198, 738, 612), (126, 810, 612), (108, 792, 774), (162, 738, 846), (180, 756, 738), (180, 756, 648), (108, 738, 720), (108, 774, 738), (144, 738, 720), (162, 756, 702), (144, 756, 702), (144, 774, 720), (144, 738, 774), (144, 738, 756), (126, 756, 756), (126, 756, 702), (108, 756, 702), (108, 774, 738), (144, 738, 738), (108, 738, 774), (180, 702, 738), (180, 828, 504)]	(9500, 11643, 9844, 11450, 11739, 11796, 4438, 8026, 4436, 7014, 5679, 6359, 4425, 7378, 7236, 10029, 11445, 19831, 17715, 9209, 17063, 13550, 11945, 1971)
k	1760307	(675, 101)	[(144, 738, 720), (108, 738, 720), (90, 738, 792), (90, 756, 792), (108, 738, 774), (126, 720, 738), (90, 756, 738), (90, 756, 792), (108, 738, 792), (126, 720, 720), (126, 720, 702), (126, 738, 738), (90, 756, 774), (108, 756, 774), (126, 702, 756), (126, 738, 720), (108, 738, 756), (126, 756, 756), (126, 756, 720), (126, 756, 702), (90, 756, 720), (108, 774, 774), (126, 756, 738), (126, 756, 720), (126, 738, 756)]	(9492, 11533, 9748, 11217, 11803, 12568, 4553, 8235, 4457, 7049, 5991, 6298, 4445, 7426, 7243, 9815, 11428, 19825, 16946, 9188, 16967, 13526, 11948, 1965)
i	1760668	(579, 115)	[(126, 738, 738), (90, 756, 774), (108, 756, 774), (126, 702, 756), (126, 738, 720), (108, 738, 756), (126, 756, 756), (126, 756, 720), (126, 756, 702), (90, 756, 720), (108, 774, 774), (126, 756, 738), (126, 756, 720), (126, 738, 756), (90, 792, 684), (72, 792, 666), (90, 774, 720), (90, 774, 720), (108, 756, 738), (126, 738, 738), (144, 774, 702), (108, 774, 756), (144, 756, 792), (144, 864, 648), (108, 792, 630)]	(9507, 11610, 9835, 11402, 11828, 12562, 4566, 8397, 4614, 7064, 6051, 6494, 4548, 7783, 7293, 10481, 11511, 19870, 17656, 9215, 17011, 13536, 11951, 1969)
n	1761331	(755, 151)	[(126, 792, 612), (72, 828, 720), (144, 792, 558), (126, 774, 864), (126, 756, 738), (144, 738, 702), (144, 738, 684), (126, 756, 666), (108, 774, 702), (108, 774, 792), (72, 756, 792), (90, 756, 756), (126, 720, 720), (126, 738, 684), (90, 774, 756), (90, 774, 774), (126, 756, 738), (126, 738, 720), (108, 738, 756), (108, 756, 792), (108, 738, 756), (126, 756, 684), (108, 738, 738), (162, 738, 720), (90, 774, 648)]	(9484, 11480, 9744, 11201, 11889, 12895, 4629, 8001, 4550, 7112, 6030, 6387, 4439, 7499, 7255, 9728, 11423, 19833, 16432, 9194, 16965, 13524, 11960, 1964)
g	1761941	(669, 243)	[(162, 738, 720), (90, 774, 648), (90, 828, 702), (108, 756, 774), (144, 756, 720), (108, 756, 738), (108, 756, 774), (144, 756, 720), (90, 774, 684), (72, 774, 756), (180, 738, 774), (180, 720, 756), (144, 720, 774), (144, 738, 774), (108, 738, 756), (108, 756, 756), (108, 756, 738), (90, 756, 738), (108, 756, 720), (126, 774, 720), (108, 774, 756), (126, 756, 756), (126, 738, 738), (126, 756, 738), (144, 774, 648)]	(9497, 11400, 9728, 11175, 11940, 13125, 4764, 8415, 4813, 7161, 6240, 6562, 4473, 7642, 7271, 9982, 11426, 19792, 16577, 9142, 16799, 13496, 11950, 1971)
 	1762437	(847, 257)	[(90, 756, 738), (108, 756, 720), (126, 774, 720), (108, 774, 756), (126, 756, 756), (126, 738, 738), (126, 756, 738), (144, 774, 648), (108, 738, 648), (72, 792, 738), (72, 738, 738), (108, 756, 738), (72, 774, 756), (72, 720, 810), (72, 702, 864), (90, 684, 810), (90, 684, 810), (90, 702, 828), (126, 666, 828), (108, 648, 810), (144, 756, 756), (90, 684, 756), (126, 684, 702), (90, 720, 720), (54, 720, 864)]	(9498, 11288, 9705, 11039, 11888, 13185, 4712, 8288, 4760, 7052, 6301, 6555, 4496, 7481, 7267, 10044, 11369, 19771, 15290, 9168, 16764, 13503, 11963, 1982)
f	1762946	(650, 326)	[(126, 666, 828), (108, 648, 810), (144, 756, 756), (90, 684, 756), (126, 684, 702), (90, 720, 720), (54, 720, 864), (126, 666, 738), (72, 702, 846), (108, 666, 864), (126, 612, 810), (126, 648, 864), (72, 684, 828), (72, 666, 846), (90, 666, 828), (90, 684, 810), (72, 684, 828), (90, 684, 828), (126, 648, 846), (108, 648, 792), (108, 648, 792), (126, 666, 828), (144, 684, 828), (108, 666, 792), (126, 702, 720)]	(9491, 11223, 9561, 10669, 11795, 10891, 4565, 9143, 4765, 7063, 6266, 6634, 4657, 7661, 7321, 11664, 11359, 19680, 15011, 9102, 16319, 13362, 11925, 1969)
o	1764081	(584, 70)	[(108, 684, 774), (108, 684, 792), (108, 684, 846), (108, 666, 864), (126, 702, 774), (126, 702, 774), (108, 684, 756), (144, 720, 720), (90, 720, 774), (90, 738, 774), (126, 756, 774), (198, 720, 738), (198, 684, 720), (180, 702, 774), (162, 720, 846), (162, 738, 792), (162, 720, 702), (144, 720, 738), (126, 738, 756), (126, 738, 738), (144, 702, 702), (144, 702, 738), (108, 936, 666), (90, 774, 738), (180, 738, 702)]	(9525, 11636, 9837, 11423, 11729, 10979, 4428, 8607, 4507, 6968, 5712, 6204, 4506, 7438, 7260, 10727, 11466, 19848, 17708, 9212, 17052, 13557, 11957, 1979)
r	1766491	(579, 297)	[(90, 738, 792), (108, 720, 792), (90, 738, 756), (108, 720, 756), (108, 738, 756), (108, 720, 774), (108, 720, 774), (108, 720, 774), (108, 702, 774), (108, 720, 756), (90, 738, 810), (108, 720, 774), (126, 720, 756), (108, 720, 738), (108, 738, 756), (90, 720, 774), (90, 720, 792), (108, 720, 774), (126, 738, 738), (126, 720, 738), (108, 720, 810), (90, 738, 810), (108, 720, 774), (90, 738, 756), (126, 756, 666)]	(9485, 11216, 9590, 10627, 11806, 11359, 4693, 9547, 4989, 7089, 6152, 6583, 4670, 7694, 7343, 11645, 11360, 19690, 15413, 9051, 16297, 13353, 11915, 1965)
 	1767580	(853, 259)	[(144, 648, 738), (90, 648, 738), (72, 684, 792), (18, 684, 918), (54, 684, 900), (90, 648, 792), (108, 666, 738), (90, 666, 738), (90, 666, 810), (54, 684, 846), (72, 666, 828), (72, 666, 828), (90, 666, 810), (90, 666, 792), (108, 666, 810), (90, 666, 792), (72, 666, 846), (90, 666, 864), (54, 702, 810), (144, 684, 702), (90, 684, 702), (108, 666, 810), (72, 684, 864), (72, 702, 846), (90, 666, 828)]	(9479, 11275, 9583, 10654, 11737, 11414, 4257, 9109, 4646, 6937, 6006, 6311, 4506, 7257, 7266, 11010, 11290, 19675, 14916, 9108, 16465, 13399, 11927, 1975)
a	1768048	(673, 443)	[(72, 666, 846), (90, 666, 864), (54, 702, 810), (144, 684, 702), (90, 684, 702), (108, 666, 810), (72, 684, 864), (72, 702, 846), (90, 666, 828), (90, 684, 810), (90, 648, 846), (72, 666, 918), (72, 666, 864), (108, 648, 810), (90, 648, 756), (72, 666, 774), (36, 702, 846), (36, 684, 846), (72, 684, 828), (90, 666, 756), (108, 666, 684), (72, 684, 792), (72, 684, 846), (90, 666, 810), (108, 702, 792)]	(9489, 11185, 9507, 10523, 11746, 11625, 4578, 9968, 4933, 7011, 6403, 6676, 4720, 7391, 7340, 12480, 11316, 19678, 14889, 9094, 16213, 13345, 11918, 1970)
 	1768642	(846, 275)	[(90, 666, 810), (108, 702, 792), (126, 702, 792), (144, 648, 738), (126, 648, 792), (90, 666, 828), (72, 684, 828), (90, 684, 774), (108, 666, 882), (126, 630, 864), (126, 630, 810), (108, 648, 810), (108, 648, 828), (72, 666, 846), (72, 684, 864), (72, 648, 846), (72, 666, 864), (126, 702, 810), (72, 684, 810), (90, 648, 828), (90, 666, 828), (72, 666, 864), (90, 666, 864), (108, 666, 792), (108, 666, 756)]	(9488, 11253, 9566, 10595, 11708, 10914, 4499, 9470, 4573, 6923, 5974, 6543, 4563, 7235, 7271, 11292, 11287, 19686, 14841, 9089, 16379, 13382, 11923, 1969)
g	1769740	(667, 241)	[(90, 684, 864), (108, 666, 846), (126, 684, 792), (126, 666, 810), (126, 666, 792), (126, 684, 828), (108, 684, 810), (108, 702, 810), (90, 684, 810), (126, 702, 774), (108, 702, 756), (90, 738, 738), (72, 756, 720), (90, 738, 756), (108, 720, 738), (108, 738, 756), (126, 738, 756), (144, 720, 756), (144, 702, 756), (126, 720, 774), (108, 702, 774), (108, 738, 792), (126, 738, 810), (90, 720, 792), (144, 738, 738)]	(9486, 11297, 9607, 10773, 11741, 11439, 4434, 9239, 4540, 7034, 6097, 6494, 4556, 7341, 7292, 11561, 11313, 19681, 15504, 9089, 16432, 13385, 11919, 1960)
o	1770253	(592, 77)	[(144, 720, 756), (144, 702, 756), (126, 720, 774), (108, 702, 774), (108, 738, 792), (126, 738, 810), (90, 720, 792), (144, 738, 738), (126, 738, 666), (126, 720, 702), (108, 720, 810), (108, 738, 810), (144, 702, 738), (108, 720, 792), (126, 738, 720), (126, 774, 684), (126, 774, 684), (90, 792, 702), (126, 792, 702), (126, 756, 702), (144, 738, 720), (144, 756, 720), (126, 792, 738), (126, 774, 756), (126, 756, 702)]	(9497, 11468, 9699, 11094, 11679, 10600, 4383, 8629, 4397, 6923, 5734, 6154, 4417, 6877, 7192, 10697, 11310, 19751, 16922, 9135, 16760, 13452, 11932, 1954)
 	1770798	(814, 236)	[(144, 756, 720), (126, 792, 738), (126, 774, 756), (126, 756, 702), (144, 810, 558), (180, 738, 666), (162, 774, 738), (162, 792, 774), (162, 774, 738), (180, 774, 702), (180, 756, 702), (180, 774, 684), (126, 810, 612), (108, 810, 648), (72, 774, 576), (108, 684, 828), (72, 666, 1062), (126, 648, 1026), (144, 630, 864), (126, 666, 792), (144, 666, 774), (126, 666, 828), (108, 684, 864), (90, 666, 918), (90, 702, 846)]	(9485, 11341, 9645, 10765, 11751, 11255, 4388, 9090, 4621, 6999, 5755, 6361, 4512, 7366, 7288, 10917, 11360, 19712, 15077, 9154, 16628, 13456, 11931, 1960)
n	1771258	(742, 148)	[(108, 684, 828), (72, 666, 1062), (126, 648, 1026), (144, 630, 864), (126, 666, 792), (144, 666, 774), (126, 666, 828), (108, 684, 864), (90, 666, 918), (90, 702, 846), (162, 666, 738), (144, 684, 666), (108, 702, 792), (90, 684, 810), (90, 684, 864), (108, 684, 846), (108, 684, 792), (126, 702, 810), (126, 684, 774), (108, 702, 774), (108, 738, 774), (108, 720, 756), (126, 702, 774), (126, 738, 756), (90, 738, 684)]	(9507, 11493, 9710, 11114, 11769, 11107, 4332, 8773, 4424, 6994, 5803, 6427, 4488, 7273, 7241, 10647, 11374, 19756, 16036, 9178, 16834, 13515, 11931, 1974)
o	1771600	(544, 71)	[(144, 684, 666), (108, 702, 792), (90, 684, 810), (90, 684, 864), (108, 684, 846), (108, 684, 792), (126, 702, 810), (126, 684, 774), (108, 702, 774), (108, 738, 774), (108, 720, 756), (126, 702, 774), (126, 738, 756), (90, 738, 684), (126, 702, 720), (144, 720, 846), (126, 738, 810), (144, 720, 720), (90, 756, 846), (144, 756, 756), (144, 774, 648), (108, 792, 612), (126, 846, 594), (90, 828, 612), (126, 864, 522)]	(9520, 11607, 9811, 11465, 11663, 10530, 4230, 8785, 4526, 6991, 5726, 6333, 4494, 6493, 7216, 10885, 11323, 19906, 18200, 9189, 17080, 13506, 11944, 1973)
 	1772163	(853, 254)	[(108, 792, 612), (126, 846, 594), (90, 828, 612), (126, 864, 522), (126, 810, 576), (144, 846, 612), (144, 846, 684), (144, 810, 648), (144, 810, 630), (108, 828, 648), (36, 702, 864), (54, 666, 1026), (90, 630, 972), (108, 648, 846), (126, 648, 774), (144, 648, 810), (108, 648, 882), (108, 648, 954), (90, 648, 936), (162, 684, 774), (126, 720, 702), (108, 666, 774), (108, 684, 756), (54, 702, 792), (72, 684, 918)]	(9489, 11458, 9720, 11127, 11748, 12331, 4475, 8855, 4608, 7024, 6032, 6409, 4509, 7085, 7258, 10779, 11279, 19737, 15213, 9159, 16744, 13487, 11954, 1968)
g	1772454	(668, 227)	[(144, 810, 630), (108, 828, 648), (36, 702, 864), (54, 666, 1026), (90, 630, 972), (108, 648, 846), (126, 648, 774), (144, 648, 810), (108, 648, 882), (108, 648, 954), (90, 648, 936), (162, 684, 774), (126, 720, 702), (108, 666, 774), (108, 684, 756), (54, 702, 792), (72, 684, 918), (90, 666, 828), (144, 684, 774), (126, 684, 756), (126, 702, 756), (90, 738, 810), (108, 720, 828), (108, 684, 828), (144, 720, 756)]	(9479, 11421, 9700, 11075, 11781, 12337, 4441, 8953, 4573, 7097, 5975, 6560, 4544, 7337, 7274, 11319, 11345, 19777, 15949, 9147, 16719, 13474, 11950, 1964)
o	1772866	(571, 87)	[(108, 684, 756), (54, 702, 792), (72, 684, 918), (90, 666, 828), (144, 684, 774), (126, 684, 756), (126, 702, 756), (90, 738, 810), (108, 720, 828), (108, 684, 828), (144, 720, 756), (108, 738, 666), (144, 720, 666), (126, 702, 756), (72, 720, 900), (108, 756, 828), (90, 738, 810), (162, 720, 738), (144, 756, 684), (90, 810, 774), (108, 756, 828), (126, 756, 792), (126, 810, 702), (144, 882, 450), (162, 774, 468)]	(9501, 11534, 9799, 11242, 11703, 11370, 4374, 8920, 4491, 7046, 5922, 6463, 4491, 6860, 7239, 11485, 11349, 19808, 17707, 9139, 16914, 13473, 11938, 1965)
 	1773477	(853, 254)	[(162, 774, 468), (126, 792, 540), (54, 846, 702), (72, 846, 684), (90, 792, 594), (108, 810, 630), (144, 720, 720), (90, 702, 810), (72, 702, 954), (90, 666, 918), (144, 630, 810), (162, 612, 756), (126, 648, 756), (90, 666, 864), (90, 684, 972), (126, 630, 954), (144, 558, 954), (162, 612, 756), (108, 702, 612), (54, 648, 792), (36, 666, 864), (18, 684, 936), (18, 702, 936), (72, 666, 792), (108, 648, 738)]	(9496, 11398, 9663, 10875, 11667, 10517, 4399, 9279, 4280, 6945, 5851, 6232, 4491, 6737, 7211, 11351, 11217, 19660, 14894, 9080, 16457, 13391, 11916, 1968)
d	1774070	(655, 329)	[(18, 702, 936), (72, 666, 792), (108, 648, 738), (72, 630, 936), (108, 630, 810), (72, 630, 828), (54, 666, 846), (72, 648, 918), (72, 630, 846), (108, 630, 828), (90, 630, 792), (72, 648, 810), (54, 648, 846), (54, 666, 810), (54, 666, 828), (72, 648, 864), (90, 630, 846), (90, 648, 828), (90, 666, 810), (90, 648, 810), (90, 666, 792), (72, 666, 810), (72, 666, 864), (72, 666, 900), (90, 684, 774)]	(9494, 11294, 9542, 10660, 11730, 11257, 4662, 9593, 4893, 6978, 6372, 6794, 4660, 7135, 7309, 12622, 11270, 19669, 14885, 9085, 16227, 13338, 11908, 1969)
e	1774387	(576, 355)	[(90, 630, 792), (72, 648, 810), (54, 648, 846), (54, 666, 810), (54, 666, 828), (72, 648, 864), (90, 630, 846), (90, 648, 828), (90, 666, 810), (90, 648, 810), (90, 666, 792), (72, 666, 810), (72, 666, 864), (72, 666, 900), (90, 684, 774), (126, 648, 720), (144, 666, 738), (90, 666, 828), (54, 666, 936), (90, 666, 900), (108, 666, 810), (90, 702, 864), (144, 684, 738), (126, 684, 810), (108, 702, 828)]	(9496, 11339, 9589, 10739, 11737, 11128, 4493, 9817, 4897, 6954, 6358, 6711, 4695, 7126, 7358, 12784, 11308, 19690, 15052, 9089, 16280, 13333, 11925, 1967)
c	1774881	(744, 292)	[(54, 666, 936), (90, 666, 900), (108, 666, 810), (90, 702, 864), (144, 684, 738), (126, 684, 810), (108, 702, 828), (90, 702, 828), (108, 702, 738), (108, 684, 720), (108, 666, 774), (72, 702, 828), (72, 684, 864), (90, 702, 774), (90, 702, 756), (108, 702, 756), (108, 684, 828), (144, 684, 828), (126, 666, 810), (126, 684, 792), (126, 684, 756), (90, 684, 774), (72, 702, 810), (72, 702, 828), (72, 702, 792)]	(9481, 11282, 9550, 10691, 11713, 11066, 4397, 9442, 4663, 6967, 6285, 6576, 4633, 7064, 7297, 12349, 11238, 19660, 14855, 9059, 16246, 13328, 11893, 1968)
i	1775441	(567, 104)	[(126, 684, 756), (90, 684, 774), (72, 702, 810), (72, 702, 828), (72, 702, 792), (126, 684, 738), (126, 684, 792), (108, 666, 828), (126, 684, 828), (108, 702, 774), (108, 702, 756), (108, 738, 792), (108, 756, 756), (126, 756, 720), (144, 738, 720), (144, 756, 702), (144, 774, 702), (126, 774, 684), (108, 810, 702), (90, 828, 738), (108, 828, 702), (108, 792, 648), (126, 810, 630), (144, 900, 522), (90, 828, 558)]	(9502, 11479, 9732, 11060, 11662, 10445, 4417, 8908, 4482, 6910, 5803, 6300, 4457, 6505, 7205, 10740, 11269, 19795, 17461, 9109, 16831, 13459, 11936, 1963)
s	1776108	(682, 365)	[(144, 828, 666), (108, 810, 756), (108, 810, 684), (144, 810, 648), (90, 810, 612), (90, 774, 720), (72, 756, 810), (54, 738, 882), (126, 684, 846), (180, 648, 792), (162, 648, 756), (162, 684, 738), (108, 684, 846), (90, 702, 954), (90, 702, 864), (108, 684, 720), (126, 684, 702), (108, 702, 756), (90, 702, 846), (126, 684, 810), (108, 684, 756), (144, 684, 792), (126, 666, 828), (126, 720, 828), (126, 720, 756)]	(9496, 11299, 9523, 10630, 11729, 10033, 4431, 10162, 4503, 7001, 6083, 6676, 4625, 7107, 7307, 12565, 11269, 19651, 14880, 9064, 16174, 13315, 11905, 1964)
i	1776776	(568, 125)	[(144, 684, 720), (108, 684, 846), (90, 702, 846), (144, 702, 756), (90, 720, 774), (126, 684, 846), (144, 684, 756), (144, 720, 720), (126, 738, 792), (126, 702, 828), (144, 702, 810), (126, 702, 792), (144, 720, 756), (144, 720, 738), (162, 720, 756), (144, 738, 738), (108, 738, 720), (108, 774, 774), (108, 756, 738), (144, 756, 666), (144, 720, 630), (144, 720, 720), (126, 828, 612), (54, 828, 738), (198, 756, 738)]	(9515, 11515, 9729, 11093, 11710, 10300, 4259, 8836, 4505, 6974, 5883, 6387, 4550, 7157, 7278, 11837, 11343, 19769, 17008, 9141, 16700, 13436, 11926, 1972)
o	1778367	(566, 83)	[(126, 756, 720), (108, 756, 738), (108, 756, 756), (108, 756, 720), (126, 756, 702), (126, 756, 684), (108, 774, 738), (108, 756, 774), (108, 720, 756), (126, 720, 702), (108, 756, 666), (108, 774, 720), (90, 774, 774), (108, 774, 774), (108, 756, 738), (126, 738, 738), (144, 756, 702), (144, 756, 720), (144, 756, 738), (108, 756, 738), (108, 792, 702), (90, 756, 684), (126, 864, 684), (144, 792, 756), (180, 720, 702)]	(9533, 11904, 9942, 11360, 11725, 10947, 4292, 7652, 4367, 7006, 5764, 6031, 4500, 7135, 7261, 11404, 11372, 19793, 17763, 9171, 16913, 13482, 11927, 1965)
n	1779250	(738, 152)	[(90, 756, 720), (108, 756, 720), (126, 756, 756), (126, 738, 756), (144, 738, 738), (144, 738, 702), (144, 738, 684), (126, 738, 720), (90, 738, 666), (72, 738, 738), (72, 738, 846), (72, 702, 882), (126, 666, 792), (126, 684, 756), (144, 720, 774), (126, 702, 810), (126, 702, 810), (126, 702, 756), (126, 720, 738), (90, 756, 756), (108, 738, 720), (126, 702, 702), (126, 684, 720), (108, 846, 648), (72, 810, 738)]	(9506, 11630, 9748, 11152, 11805, 11943, 4501, 8104, 4465, 6988, 5953, 6328, 4524, 7320, 7262, 11170, 11340, 19776, 16141, 9161, 16815, 13486, 11940, 1970)
