Please hold the phone in your right hand and type with your left index finger
i	1948641	(571, 133)	[(54, 612, 810), (54, 612, 846), (36, 630, 882), (36, 612, 864), (54, 612, 882), (54, 612, 864), (72, 630, 846), (90, 630, 828), (90, 630, 828), (72, 630, 846), (54, 612, 846), (72, 630, 846), (90, 630, 864), (72, 630, 846), (72, 630, 846), (72, 630, 846), (72, 630, 846), (72, 630, 846), (72, 630, 828), (90, 630, 810), (234, 666, 576), (126, 648, 918), (-54, 612, 1044), (36, 594, 918), (36, 612, 810)]	(9503, 11250, 9607, 11010, 11464, 9646, 7459, 5992, 4593, 7088, 6272, 6445, 4808, 8461, 10649, 7367, 11729, 22550, 17360, 9265, 16888, 13931, 12110, 2061)
f	1949205	(658, 271)	[(234, 666, 576), (126, 648, 918), (-54, 612, 1044), (36, 594, 918), (36, 612, 810), (108, 648, 792), (54, 612, 882), (36, 630, 864), (36, 630, 882), (54, 630, 828), (72, 630, 810), (72, 648, 846), (54, 630, 846), (54, 630, 828), (54, 630, 846), (54, 630, 846), (54, 612, 864), (54, 630, 864), (54, 630, 864), (54, 630, 828), (72, 630, 882), (90, 684, 684), (36, 612, 918), (36, 594, 990), (-36, 612, 846)]	(9487, 11225, 9594, 11079, 11467, 9577, 7285, 6039, 4593, 7053, 6281, 6400, 4796, 8478, 10606, 7369, 11731, 22497, 17340, 9257, 16903, 13932, 12106, 2063)
 	1949597	(850, 249)	[(54, 630, 828), (54, 630, 846), (54, 630, 846), (54, 612, 864), (54, 630, 864), (54, 630, 864), (54, 630, 828), (72, 630, 882), (90, 684, 684), (36, 612, 918), (36, 594, 990), (-36, 612, 846), (54, 648, 810), (18, 612, 882), (18, 630, 828), (36, 630, 828), (54, 630, 828), (72, 612, 864), (54, 612, 846), (36, 630, 1044), (36, 738, 540), (126, 594, 720), (18, 612, 1008), (-72, 558, 972), (54, 612, 828)]	(9494, 11210, 9606, 11141, 11461, 9564, 6982, 6183, 4583, 7008, 6294, 6445, 4792, 8564, 10579, 7370, 11760, 22565, 17459, 9275, 16961, 13965, 12113, 2060)
i	1950430	(579, 122)	[(36, 612, 864), (36, 612, 864), (72, 612, 864), (36, 630, 846), (54, 630, 846), (36, 630, 846), (54, 630, 846), (72, 612, 846), (72, 630, 828), (108, 630, 846), (108, 630, 864), (90, 648, 846), (90, 648, 810), (108, 630, 810), (108, 648, 828), (90, 630, 846), (90, 630, 828), (90, 648, 828), (108, 648, 846), (252, 666, 468), (252, 684, 846), (-36, 648, 1044), (108, 594, 846), (108, 630, 792), (126, 666, 774)]	(9505, 11241, 9608, 10954, 11464, 9614, 6624, 6085, 4498, 7024, 6192, 6326, 4792, 8397, 10577, 7355, 11717, 22576, 17338, 9219, 16786, 13890, 12099, 2050)
 	1951717	(811, 178)	[(72, 630, 828), (72, 612, 846), (72, 630, 846), (72, 648, 828), (72, 630, 810), (90, 648, 828), (90, 648, 810), (126, 630, 828), (126, 648, 810), (108, 648, 828), (108, 648, 828), (90, 630, 846), (90, 630, 828), (90, 630, 846), (108, 630, 828), (90, 630, 846), (108, 630, 846), (90, 630, 828), (90, 630, 846), (144, 684, 792), (144, 612, 738), (54, 612, 954), (54, 630, 918), (72, 612, 774), (126, 648, 828)]	(9495, 11199, 9655, 11104, 11466, 9557, 6184, 6043, 4435, 7011, 6065, 6266, 4751, 8198, 10440, 7307, 11674, 22444, 17210, 9214, 16758, 13877, 12091, 2045)
l	1952484	(669, 16)	[(90, 630, 828), (90, 630, 864), (90, 630, 864), (108, 630, 846), (90, 630, 846), (90, 612, 846), (108, 630, 846), (108, 630, 828), (126, 630, 846), (144, 648, 828), (162, 648, 828), (180, 648, 810), (162, 648, 810), (144, 648, 810), (144, 648, 828), (144, 648, 846), (144, 666, 846), (126, 648, 828), (126, 648, 828), (126, 648, 846), (162, 648, 846), (234, 666, 594), (252, 702, 810), (54, 630, 918), (144, 612, 864)]	(9523, 11296, 9596, 10794, 11462, 9555, 5799, 5937, 4363, 7019, 6116, 6261, 4755, 8090, 10567, 7312, 11683, 22529, 17250, 9199, 16754, 13875, 12093, 2057)
e	1953195	(565, 346)	[(216, 648, 846), (126, 648, 810), (54, 630, 792), (18, 612, 828), (18, 612, 882), (0, 594, 882), (0, 594, 882), (-72, 576, 882), (-54, 594, 882), (-54, 612, 882), (-36, 594, 882), (18, 612, 882), (18, 612, 864), (36, 612, 864), (18, 612, 846), (18, 612, 864), (18, 612, 864), (18, 612, 882), (0, 594, 864), (18, 612, 864), (18, 612, 882), (162, 648, 702), (-36, 594, 990), (18, 558, 1026), (-72, 576, 846)]	(9487, 11265, 9791, 11405, 11480, 9663, 6857, 6090, 4582, 7040, 6041, 6266, 4748, 8016, 10491, 7340, 11661, 22396, 17317, 9265, 16890, 13945, 12106, 2053)
a	1954528	(647, 430)	[(-72, 576, 846), (-54, 612, 846), (-54, 594, 882), (-90, 594, 864), (-72, 576, 864), (-72, 594, 864), (-72, 612, 864), (-72, 612, 864), (-54, 594, 882), (-54, 594, 864), (-72, 594, 864), (-54, 594, 864), (-72, 594, 864), (-54, 594, 864), (-72, 594, 864), (-72, 594, 882), (-72, 594, 864), (-54, 612, 882), (-36, 594, 864), (0, 648, 774), (-36, 594, 792), (-18, 594, 936), (-90, 594, 828), (-54, 612, 846), (0, 630, 864)]	(9463, 11271, 9875, 11656, 11479, 9673, 7537, 6013, 4502, 7080, 6156, 6367, 4753, 8007, 10497, 7358, 11686, 22345, 17381, 9309, 17045, 13962, 12104, 2056)
v	1955241	(724, 231)	[(-36, 612, 846), (-36, 594, 846), (-18, 612, 846), (-54, 612, 864), (-54, 612, 864), (-54, 594, 864), (-54, 612, 846), (-54, 612, 846), (-36, 594, 864), (0, 594, 846), (18, 612, 846), (36, 612, 864), (18, 612, 846), (36, 612, 846), (36, 612, 864), (36, 630, 846), (36, 612, 846), (36, 612, 864), (18, 612, 864), (108, 648, 810), (54, 648, 864), (0, 612, 936), (36, 612, 900), (18, 630, 810), (54, 630, 828)]	(9486, 11256, 9835, 11491, 11472, 9675, 6730, 6065, 4523, 7064, 6060, 6290, 4758, 8020, 10573, 7358, 11695, 22481, 17278, 9287, 16968, 13953, 12109, 2060)
e	1955906	(579, 361)	[(36, 612, 864), (18, 612, 864), (18, 612, 864), (36, 630, 846), (54, 630, 864), (36, 612, 828), (36, 630, 846), (36, 612, 864), (36, 630, 864), (36, 612, 882), (36, 630, 846), (36, 612, 864), (36, 630, 828), (36, 612, 864), (36, 630, 846), (18, 630, 864), (18, 630, 846), (18, 612, 846), (36, 630, 864), (36, 630, 864), (54, 630, 774), (18, 612, 954), (18, 594, 936), (-36, 594, 810), (54, 630, 846)]	(9482, 11251, 9825, 11525, 11476, 9691, 6579, 6042, 4450, 7037, 6048, 6289, 4752, 7998, 10540, 7341, 11692, 22485, 17250, 9285, 16956, 13948, 12103, 2059)
 	1956671	(853, 253)	[(36, 630, 828), (36, 612, 864), (54, 630, 846), (18, 630, 846), (0, 612, 882), (18, 612, 864), (54, 612, 846), (36, 612, 846), (36, 630, 864), (36, 630, 828), (36, 630, 846), (36, 630, 846), (18, 612, 864), (18, 630, 864), (18, 630, 846), (36, 612, 864), (36, 630, 828), (18, 630, 846), (18, 612, 846), (36, 630, 846), (54, 684, 864), (126, 594, 630), (36, 612, 936), (-72, 576, 1026), (-36, 594, 918)]	(9485, 11251, 9830, 11545, 11480, 9628, 6858, 5973, 4519, 7010, 6099, 6305, 4774, 8044, 10591, 7360, 11709, 22538, 17305, 9307, 17031, 13968, 12110, 2059)
h	1957537	(654, 185)	[(36, 630, 864), (36, 612, 846), (36, 612, 864), (36, 630, 864), (36, 612, 882), (36, 612, 864), (54, 630, 864), (36, 630, 828), (54, 630, 846), (72, 630, 864), (72, 630, 846), (72, 630, 828), (54, 630, 846), (54, 630, 864), (54, 630, 846), (54, 630, 828), (54, 630, 846), (72, 648, 846), (198, 648, 720), (180, 666, 756), (18, 630, 972), (54, 612, 936), (36, 630, 810), (72, 648, 810), (126, 666, 828)]	(9500, 11227, 9774, 11362, 11465, 9582, 6014, 5908, 4386, 7020, 5958, 6169, 4749, 7979, 10577, 7339, 11692, 22541, 17174, 9255, 16884, 13916, 12094, 2063)
e	1958148	(580, 360)	[(72, 648, 810), (126, 666, 828), (90, 648, 828), (54, 630, 828), (54, 630, 846), (54, 630, 846), (72, 630, 846), (72, 630, 846), (54, 630, 846), (54, 630, 846), (54, 630, 846), (54, 630, 828), (54, 630, 846), (36, 630, 864), (72, 630, 846), (54, 630, 846), (54, 648, 846), (54, 648, 846), (54, 630, 846), (72, 648, 846), (54, 648, 864), (90, 648, 774), (72, 630, 882), (36, 630, 828), (72, 630, 828)]	(9491, 11232, 9807, 11442, 11471, 9611, 6198, 5995, 4490, 7040, 6002, 6220, 4755, 7977, 10593, 7335, 11693, 22539, 17198, 9267, 16918, 13941, 12101, 2066)
r	1958593	(586, 300)	[(54, 648, 846), (54, 648, 846), (54, 630, 846), (72, 648, 846), (54, 648, 864), (90, 648, 774), (72, 630, 882), (36, 630, 828), (72, 630, 828), (72, 630, 846), (54, 630, 846), (54, 630, 846), (54, 630, 846), (54, 630, 828), (54, 648, 846), (54, 630, 846), (72, 648, 810), (72, 648, 828), (72, 648, 828), (72, 630, 846), (108, 666, 756), (72, 648, 828), (72, 630, 900), (54, 630, 828), (54, 630, 828)]	(9499, 11246, 9783, 11428, 11480, 9632, 6191, 6004, 4403, 7020, 6057, 6264, 4781, 8030, 10659, 7355, 11719, 22627, 17280, 9283, 16958, 13960, 12108, 2067)
e	1958851	(574, 354)	[(36, 630, 828), (72, 630, 828), (72, 630, 846), (54, 630, 846), (54, 630, 846), (54, 630, 846), (54, 630, 828), (54, 648, 846), (54, 630, 846), (72, 648, 810), (72, 648, 828), (72, 648, 828), (72, 630, 846), (108, 666, 756), (72, 648, 828), (72, 630, 900), (54, 630, 828), (54, 630, 828), (54, 630, 828), (54, 630, 864), (108, 666, 720), (54, 630, 936), (18, 612, 882), (36, 630, 810), (90, 648, 864)]	(9496, 11238, 9780, 11436, 11469, 9614, 6135, 5971, 4457, 7040, 6110, 6276, 4759, 7991, 10625, 7349, 11699, 22572, 17221, 9269, 16930, 13938, 12105, 2074)
 	1959816	(847, 217)	[(72, 630, 828), (54, 630, 846), (54, 630, 846), (54, 630, 846), (72, 630, 846), (54, 630, 846), (54, 630, 846), (54, 630, 864), (54, 630, 864), (54, 630, 828), (72, 630, 810), (36, 630, 846), (54, 630, 864), (54, 630, 846), (54, 630, 828), (54, 630, 846), (54, 630, 846), (54, 630, 846), (54, 630, 864), (108, 648, 990), (126, 612, 594), (0, 612, 990), (-72, 594, 954), (36, 612, 882), (54, 630, 828)]	(9494, 11230, 9815, 11471, 11475, 9619, 6287, 5956, 4495, 7046, 6066, 6303, 4736, 7956, 10555, 7331, 11670, 22510, 17181, 9269, 16928, 13936, 12105, 2066)
i	1960379	(583, 133)	[(-72, 594, 954), (36, 612, 882), (54, 630, 828), (108, 666, 810), (54, 612, 846), (36, 630, 864), (72, 630, 828), (54, 630, 828), (90, 630, 810), (90, 648, 828), (90, 648, 828), (90, 648, 846), (72, 630, 828), (72, 630, 846), (90, 648, 828), (90, 630, 846), (72, 648, 846), (72, 630, 828), (126, 648, 810), (306, 684, 522), (144, 702, 882), (72, 630, 1026), (72, 612, 900), (72, 612, 810)]	(9500, 11242, 9772, 11310, 11476, 9619, 6117, 5939, 4480, 7071, 6045, 6218, 4772, 8014, 10646, 7347, 11717, 22652, 17217, 9249, 16859, 13907, 12107, 2070)
 	1960773	(853, 212)	[(72, 630, 846), (90, 648, 828), (90, 630, 846), (72, 648, 846), (72, 630, 828), (126, 648, 810), (306, 684, 522), (144, 702, 882), (72, 630, 1026), (72, 612, 900), (72, 612, 810), (144, 648, 792), (126, 666, 792), (72, 648, 846), (72, 630, 846), (90, 648, 846), (72, 648, 846), (72, 648, 828), (72, 630, 846), (90, 648, 846), (108, 630, 936), (144, 774, 576), (162, 630, 702), (36, 612, 936), (0, 612, 954)]	(9511, 11235, 9782, 11357, 11468, 9591, 5985, 6081, 4373, 7033, 6037, 6326, 4784, 8009, 10640, 7351, 11713, 22651, 17299, 9272, 16931, 13941, 12112, 2064)
w	1961535	(580, 384)	[(90, 630, 828), (72, 666, 828), (72, 648, 828), (72, 630, 828), (36, 612, 846), (36, 630, 864), (36, 612, 864), (36, 612, 864), (36, 630, 882), (36, 630, 846), (54, 630, 846), (54, 630, 828), (54, 630, 846), (54, 630, 846), (54, 630, 846), (18, 630, 846), (36, 612, 846), (54, 612, 828), (54, 630, 846), (54, 648, 828), (54, 630, 828), (54, 630, 846), (72, 648, 756), (72, 630, 954), (-36, 612, 864)]	(9492, 11232, 9816, 11459, 11476, 9609, 6316, 5991, 4385, 6984, 6031, 6307, 4753, 7925, 10577, 7330, 11672, 22487, 17166, 9249, 16890, 13916, 12093, 2066)
i	1962622	(580, 141)	[(72, 630, 828), (54, 630, 828), (72, 648, 846), (54, 630, 846), (72, 630, 864), (108, 648, 882), (90, 630, 846), (108, 648, 828), (108, 648, 828), (126, 648, 828), (108, 648, 828), (90, 648, 810), (108, 648, 828), (90, 648, 828), (90, 648, 846), (90, 648, 846), (72, 648, 828), (90, 648, 828), (108, 630, 774), (198, 684, 684), (126, 666, 864), (54, 630, 936), (90, 630, 828), (90, 630, 810), (108, 666, 846)]	(9507, 11239, 9783, 11307, 11465, 9639, 6031, 6013, 4497, 7043, 6057, 6313, 4744, 7943, 10591, 7328, 11692, 22597, 17171, 9244, 16827, 13909, 12097, 2062)
l	1963066	(672, 53)	[(72, 648, 828), (90, 648, 828), (108, 630, 774), (198, 684, 684), (126, 666, 864), (54, 630, 936), (90, 630, 828), (90, 630, 810), (108, 666, 846), (126, 666, 810), (108, 666, 846), (90, 648, 828), (108, 648, 810), (108, 648, 810), (108, 648, 828), (108, 648, 810), (126, 648, 810), (108, 666, 828), (108, 648, 828), (108, 648, 810), (108, 648, 810), (162, 684, 756), (72, 666, 900), (90, 648, 810), (90, 666, 810)]	(9504, 11253, 9786, 11340, 11476, 9617, 5922, 5958, 4456, 7046, 5989, 6280, 4760, 7958, 10620, 7333, 11706, 22649, 17221, 9258, 16840, 13929, 12106, 2066)
l	1963278	(676, 38)	[(126, 666, 864), (54, 630, 936), (90, 630, 828), (90, 630, 810), (108, 666, 846), (126, 666, 810), (108, 666, 846), (90, 648, 828), (108, 648, 810), (108, 648, 810), (108, 648, 828), (108, 648, 810), (126, 648, 810), (108, 666, 828), (108, 648, 828), (108, 648, 810), (108, 648, 810), (162, 684, 756), (72, 666, 900), (90, 648, 810), (90, 666, 810), (144, 648, 828), (90, 648, 810), (90, 648, 828), (108, 648, 828)]	(9487, 11224, 9762, 11257, 11471, 9579, 5887, 6030, 4322, 7045, 5938, 6299, 4750, 7931, 10562, 7322, 11676, 22578, 17143, 9235, 16793, 13892, 12092, 2066)
 	1964293	(853, 245)	[(108, 648, 810), (126, 648, 828), (108, 648, 792), (108, 648, 792), (108, 648, 828), (108, 648, 810), (126, 666, 792), (108, 648, 828), (72, 630, 828), (54, 612, 864), (36, 612, 882), (18, 594, 900), (0, 612, 900), (-36, 594, 882), (-54, 612, 900), (-18, 594, 900), (0, 594, 846), (36, 612, 846), (36, 630, 846), (18, 612, 846), (36, 612, 936), (18, 702, 666), (-18, 576, 864), (-72, 576, 1008), (-18, 594, 936)]	(9490, 11242, 9826, 11415, 11480, 9661, 6496, 6054, 4547, 7026, 6105, 6211, 4752, 7895, 10612, 7340, 11677, 22470, 17258, 9270, 16911, 13958, 12101, 2065)
c	1964853	(733, 276)	[(18, 702, 666), (-18, 576, 864), (-72, 576, 1008), (-18, 594, 936), (72, 630, 828), (0, 594, 882), (-18, 612, 882), (0, 594, 882), (36, 612, 828), (54, 612, 846), (54, 612, 864), (36, 630, 846), (18, 630, 864), (18, 612, 864), (18, 594, 864), (18, 594, 882), (36, 630, 864), (18, 612, 846), (18, 612, 864), (36, 612, 900), (72, 612, 828), (36, 612, 918), (0, 594, 882), (36, 612, 792), (54, 630, 882)]	(9494, 11227, 9799, 11394, 11476, 9657, 6309, 5959, 4384, 6979, 6031, 6192, 4735, 7865, 10558, 7323, 11659, 22440, 17195, 9257, 16864, 13917, 12099, 2063)
a	1965417	(652, 448)	[(36, 612, 918), (0, 594, 882), (36, 612, 792), (54, 630, 882), (36, 630, 864), (36, 612, 846), (36, 612, 864), (36, 612, 846), (54, 612, 846), (36, 612, 846), (36, 612, 846), (36, 612, 864), (36, 630, 846), (36, 612, 864), (36, 612, 846), (18, 630, 864), (18, 594, 864), (0, 612, 864), (-18, 612, 864), (18, 612, 990), (36, 630, 702), (54, 612, 918), (-36, 576, 936), (-36, 594, 846), (18, 612, 846)]	(9498, 11215, 9809, 11420, 11477, 9657, 6420, 5974, 4496, 7015, 5965, 6209, 4725, 7837, 10548, 7303, 11631, 22377, 17173, 9256, 16870, 13919, 12097, 2056)
l	1966182	(669, 48)	[(72, 630, 828), (72, 630, 864), (54, 630, 846), (54, 612, 828), (72, 630, 828), (72, 630, 846), (72, 630, 828), (108, 630, 828), (108, 630, 846), (90, 630, 846), (90, 648, 846), (90, 648, 846), (108, 630, 810), (108, 648, 828), (108, 648, 846), (108, 648, 828), (90, 648, 828), (90, 648, 828), (108, 648, 810), (108, 648, 828), (234, 666, 648), (216, 702, 792), (72, 648, 918), (108, 630, 882), (90, 630, 828)]	(9515, 11261, 9792, 11224, 11479, 9620, 6044, 6022, 4447, 7018, 6051, 6240, 4788, 7960, 10728, 7350, 11711, 22730, 17320, 9251, 16856, 13933, 12105, 2071)
l	1966429	(676, 55)	[(108, 630, 828), (108, 630, 846), (90, 630, 846), (90, 648, 846), (90, 648, 846), (108, 630, 810), (108, 648, 828), (108, 648, 846), (108, 648, 828), (90, 648, 828), (90, 648, 828), (108, 648, 810), (108, 648, 828), (234, 666, 648), (216, 702, 792), (72, 648, 918), (108, 630, 882), (90, 630, 828), (108, 666, 792), (108, 648, 810), (180, 684, 720), (54, 666, 918), (108, 630, 882), (90, 630, 810), (126, 666, 792)]	(9498, 11234, 9730, 11148, 11471, 9588, 5838, 6046, 4459, 7050, 6069, 6282, 4768, 7903, 10638, 7319, 11690, 22625, 17165, 9220, 16749, 13873, 12096, 2070)
 	1966992	(853, 227)	[(54, 666, 918), (108, 630, 882), (90, 630, 810), (126, 666, 792), (144, 666, 792), (108, 648, 828), (90, 648, 828), (108, 630, 828), (108, 648, 792), (90, 630, 828), (90, 630, 828), (90, 612, 810), (54, 630, 846), (36, 612, 846), (54, 630, 846), (54, 612, 864), (54, 630, 864), (54, 612, 864), (72, 630, 846), (72, 630, 900), (72, 720, 648), (108, 594, 810), (36, 630, 972), (36, 612, 828), (90, 648, 828)]	(9492, 11218, 9773, 11300, 11471, 9602, 5883, 5958, 4521, 6999, 6086, 6121, 4745, 7843, 10597, 7318, 11662, 22519, 17151, 9232, 16791, 13890, 12105, 2069)
y	1967637	(589, 213)	[(72, 630, 828), (54, 630, 846), (72, 630, 846), (54, 630, 864), (72, 630, 846), (54, 630, 828), (72, 630, 864), (72, 630, 846), (90, 648, 828), (90, 648, 810), (108, 630, 846), (108, 648, 828), (90, 648, 828), (90, 648, 828), (72, 630, 828), (90, 648, 846), (90, 648, 846), (90, 648, 828), (144, 648, 720), (126, 666, 846), (72, 648, 918), (90, 630, 864), (108, 648, 846), (108, 648, 810), (126, 648, 792)]	(9512, 11252, 9783, 11295, 11481, 9632, 6006, 5958, 4467, 7024, 6008, 6282, 4770, 7922, 10701, 7355, 11695, 22664, 17259, 9245, 16823, 13910, 12107, 2068)
o	1968101	(583, 69)	[(90, 648, 828), (144, 648, 720), (126, 666, 846), (72, 648, 918), (90, 630, 864), (108, 648, 846), (108, 648, 810), (126, 648, 792), (144, 666, 810), (126, 666, 810), (126, 666, 810), (144, 666, 828), (108, 666, 828), (108, 648, 828), (90, 648, 828), (126, 648, 828), (144, 666, 828), (144, 648, 828), (198, 666, 666), (180, 702, 756), (162, 684, 864), (144, 666, 810), (144, 666, 792), (162, 684, 756), (162, 684, 738)]	(9508, 11265, 9718, 11210, 11473, 9635, 5862, 6001, 4421, 7013, 5953, 6163, 4748, 7875, 10629, 7320, 11666, 22608, 17201, 9231, 16794, 13887, 12102, 2072)
u	1968610	(578, 167)	[(198, 666, 666), (180, 702, 756), (162, 684, 864), (144, 666, 810), (144, 666, 792), (162, 684, 756), (162, 684, 738), (126, 666, 810), (126, 666, 846), (126, 648, 828), (144, 666, 792), (144, 684, 810), (144, 684, 810), (162, 666, 792), (162, 666, 792), (126, 666, 792), (144, 666, 810), (126, 666, 810), (144, 684, 810), (144, 666, 792), (198, 666, 720), (198, 684, 774), (72, 666, 954), (126, 648, 882), (90, 648, 792)]	(9506, 11274, 9750, 11223, 11473, 9591, 5982, 5891, 4399, 7057, 6010, 6307, 4768, 7921, 10688, 7325, 11687, 22632, 17196, 9235, 16805, 13897, 12100, 2075)
r	1969276	(564, 319)	[(162, 684, 810), (144, 648, 810), (144, 684, 846), (126, 666, 810), (126, 666, 810), (126, 630, 810), (126, 666, 810), (108, 666, 828), (108, 666, 828), (126, 666, 810), (108, 666, 810), (108, 666, 792), (126, 684, 810), (126, 666, 846), (126, 666, 792), (126, 666, 810), (126, 666, 810), (144, 666, 828), (126, 666, 810), (108, 666, 828), (108, 666, 810), (126, 666, 810), (144, 666, 828), (126, 684, 810), (126, 648, 792)]	(9497, 11256, 9783, 11302, 11473, 9640, 5895, 6035, 4507, 7014, 6029, 6302, 4759, 7869, 10648, 7329, 11680, 22595, 17180, 9235, 16809, 13906, 12098, 2073)
 	1970764	(853, 222)	[(72, 648, 828), (90, 648, 864), (90, 648, 846), (90, 648, 846), (90, 648, 810), (90, 648, 810), (90, 648, 810), (90, 648, 846), (72, 630, 846), (90, 630, 846), (90, 648, 846), (72, 630, 846), (72, 648, 828), (90, 648, 828), (72, 630, 846), (90, 648, 828), (90, 630, 846), (72, 630, 810), (126, 666, 936), (180, 648, 630), (108, 630, 810), (-36, 594, 918), (-18, 612, 954), (54, 612, 900), (72, 648, 810)]	(9508, 11230, 9822, 11392, 11475, 9632, 6257, 5932, 4402, 7011, 5956, 6213, 4732, 7845, 10630, 7312, 11647, 22484, 17172, 9255, 16871, 13916, 12097, 2072)
c	1971525	(735, 294)	[(90, 648, 828), (72, 630, 846), (54, 630, 828), (72, 630, 846), (54, 630, 828), (72, 630, 846), (72, 648, 846), (72, 630, 846), (54, 630, 828), (54, 630, 846), (72, 648, 846), (72, 648, 828), (72, 630, 828), (72, 630, 828), (72, 648, 810), (72, 630, 828), (54, 630, 828), (54, 630, 846), (72, 630, 828), (72, 630, 846), (72, 630, 846), (72, 630, 846), (90, 648, 774), (90, 630, 846), (54, 630, 900)]	(9510, 11243, 9810, 11420, 11471, 9665, 6114, 5990, 4440, 7038, 6015, 6268, 4727, 7867, 10636, 7315, 11665, 22537, 17222, 9269, 16897, 13935, 12102, 2074)
e	1971884	(571, 354)	[(72, 630, 828), (72, 630, 828), (72, 648, 810), (72, 630, 828), (54, 630, 828), (54, 630, 846), (72, 630, 828), (72, 630, 846), (72, 630, 846), (72, 630, 846), (90, 648, 774), (90, 630, 846), (54, 630, 900), (90, 648, 810), (72, 648, 828), (72, 648, 828), (72, 648, 864), (90, 630, 846), (90, 648, 792), (108, 648, 846), (54, 630, 846), (72, 630, 828), (108, 648, 792), (72, 648, 810), (36, 630, 936)]	(9511, 11245, 9803, 11411, 11488, 9638, 6160, 6054, 4435, 6979, 6044, 6335, 4749, 7866, 10675, 7341, 11666, 22533, 17230, 9268, 16894, 13943, 12110, 2066)
l	1973169	(661, 29)	[(72, 630, 864), (72, 648, 846), (36, 630, 828), (72, 630, 864), (90, 648, 846), (72, 630, 846), (72, 630, 846), (90, 648, 828), (90, 648, 828), (126, 666, 810), (126, 648, 810), (126, 666, 810), (108, 648, 810), (108, 684, 828), (108, 648, 828), (90, 666, 810), (90, 648, 828), (90, 648, 828), (108, 666, 846), (108, 666, 828), (108, 666, 810), (288, 702, 522), (180, 702, 828), (54, 648, 954), (72, 630, 936)]	(9501, 11279, 9852, 11431, 11483, 9691, 6399, 5963, 4462, 7075, 6025, 6325, 4780, 7957, 10784, 7361, 11718, 22731, 17366, 9290, 16957, 13960, 12112, 2073)
l	1973365	(673, 36)	[(72, 630, 846), (72, 630, 846), (90, 648, 828), (90, 648, 828), (126, 666, 810), (126, 648, 810), (126, 666, 810), (108, 648, 810), (108, 684, 828), (108, 648, 828), (90, 666, 810), (90, 648, 828), (90, 648, 828), (108, 666, 846), (108, 666, 828), (108, 666, 810), (288, 702, 522), (180, 702, 828), (54, 648, 954), (72, 630, 936), (36, 630, 828), (126, 684, 792), (90, 666, 936), (90, 648, 936), (72, 630, 882)]	(9509, 11272, 9797, 11308, 11481, 9655, 5965, 5922, 4532, 7063, 6059, 6295, 4755, 7888, 10698, 7325, 11689, 22622, 17221, 9259, 16857, 13909, 12112, 2076)
 	1974196	(834, 228)	[(108, 648, 810), (126, 666, 810), (108, 648, 810), (126, 648, 828), (144, 648, 810), (90, 648, 828), (72, 648, 828), (54, 612, 864), (54, 612, 882), (72, 630, 864), (54, 630, 864), (54, 630, 828), (90, 648, 846), (90, 630, 828), (108, 630, 828), (72, 630, 846), (72, 630, 846), (72, 648, 828), (90, 630, 882), (108, 792, 522), (162, 576, 738), (-36, 594, 990), (18, 612, 846), (90, 648, 792), (126, 666, 774)]	(9488, 11220, 9796, 11373, 11481, 9655, 6077, 5892, 4478, 7059, 6019, 6171, 4739, 7848, 10602, 7310, 11660, 22505, 17162, 9240, 16843, 13914, 12101, 2078)
s	1974792	(647, 376)	[(90, 648, 792), (126, 666, 774), (72, 630, 810), (54, 630, 846), (72, 630, 828), (108, 648, 846), (108, 648, 828), (90, 648, 828), (90, 630, 846), (72, 630, 864), (54, 630, 828), (54, 630, 846), (72, 630, 828), (90, 648, 846), (72, 630, 846), (54, 630, 846), (72, 648, 846), (72, 612, 846), (54, 630, 882), (54, 612, 954), (108, 684, 612), (108, 612, 900), (36, 594, 972), (18, 612, 828), (72, 630, 828)]	(9500, 11255, 9852, 11429, 11480, 9629, 5984, 5932, 4402, 7055, 6026, 6185, 4722, 7814, 10578, 7313, 11653, 22514, 17231, 9264, 16880, 13929, 12100, 2063)
o	1975353	(587, 80)	[(108, 612, 900), (36, 594, 972), (18, 612, 828), (72, 630, 828), (72, 630, 846), (36, 612, 864), (18, 612, 846), (18, 612, 882), (36, 612, 828), (72, 612, 864), (72, 612, 846), (90, 630, 864), (108, 648, 846), (198, 666, 846), (252, 684, 792), (252, 666, 756), (198, 666, 738), (162, 666, 756), (162, 666, 774), (162, 648, 810), (288, 666, 558), (252, 684, 792), (144, 648, 990), (162, 612, 954), (144, 630, 828)]	(9502, 11457, 9813, 11136, 11483, 9633, 6543, 6055, 4498, 7101, 5991, 6307, 4785, 7941, 10861, 7342, 11699, 22631, 17301, 9249, 16873, 13930, 12111, 2080)
 	1975823	(853, 218)	[(198, 666, 738), (162, 666, 756), (162, 666, 774), (162, 648, 810), (288, 666, 558), (252, 684, 792), (144, 648, 990), (162, 612, 954), (144, 630, 828), (198, 684, 756), (162, 648, 810), (180, 648, 846), (144, 648, 846), (126, 648, 828), (108, 648, 828), (144, 630, 846), (126, 630, 864), (126, 630, 846), (108, 648, 846), (126, 630, 846), (144, 648, 972), (252, 648, 612), (108, 630, 846), (54, 612, 918), (72, 612, 918)]	(9503, 11349, 9835, 11277, 11483, 9655, 6087, 5880, 4401, 7058, 6007, 6203, 4744, 7808, 10674, 7326, 11660, 22504, 17198, 9253, 16865, 13926, 12099, 2079)
y	1976793	(581, 209)	[(144, 648, 810), (162, 648, 828), (144, 648, 810), (126, 648, 828), (126, 630, 828), (126, 630, 828), (144, 648, 810), (126, 648, 810), (144, 648, 810), (126, 648, 810), (126, 648, 828), (144, 648, 828), (126, 630, 828), (126, 648, 846), (126, 630, 846), (126, 648, 828), (144, 630, 846), (126, 630, 828), (126, 648, 828), (126, 648, 828), (216, 684, 738), (216, 684, 810), (180, 666, 846), (144, 666, 792), (144, 666, 774)]	(9509, 11377, 9814, 11225, 11485, 9616, 5954, 5936, 4434, 7023, 5909, 6225, 4759, 7862, 10750, 7332, 11686, 22627, 17233, 9251, 16830, 13909, 12100, 2075)
o	1977221	(567, 62)	[(126, 648, 828), (144, 630, 846), (126, 630, 828), (126, 648, 828), (126, 648, 828), (216, 684, 738), (216, 684, 810), (180, 666, 846), (144, 666, 792), (144, 666, 774), (180, 666, 828), (144, 666, 792), (162, 666, 828), (162, 684, 774), (162, 684, 792), (180, 666, 792), (198, 684, 810), (180, 666, 792), (198, 684, 774), (216, 684, 774), (234, 702, 522), (162, 666, 918), (180, 648, 900), (108, 666, 846), (180, 684, 792)]	(9507, 11402, 9803, 11194, 11484, 9661, 6094, 5918, 4455, 7070, 5931, 6316, 4760, 7879, 10793, 7341, 11689, 22633, 17206, 9241, 16820, 13901, 12107, 2079)
u	1977769	(581, 163)	[(234, 702, 522), (162, 666, 918), (180, 648, 900), (108, 666, 846), (180, 684, 792), (198, 684, 756), (144, 666, 810), (144, 666, 828), (162, 666, 828), (162, 684, 810), (162, 666, 810), (180, 684, 792), (180, 684, 774), (180, 666, 792), (180, 684, 792), (162, 666, 810), (180, 666, 792), (162, 666, 810), (162, 666, 810), (180, 684, 810), (306, 702, 504), (162, 666, 882), (126, 648, 954), (126, 630, 936), (126, 630, 846)]	(9509, 11383, 9818, 11202, 11487, 9645, 6057, 5987, 4415, 7065, 6021, 6165, 4767, 7882, 10808, 7357, 11697, 22636, 17240, 9247, 16846, 13909, 12101, 2072)
 	1978483	(840, 224)	[(126, 648, 846), (90, 630, 864), (72, 630, 864), (72, 612, 864), (72, 612, 864), (36, 594, 828), (36, 612, 864), (54, 612, 882), (36, 612, 882), (36, 594, 864), (36, 612, 864), (54, 612, 864), (54, 612, 846), (36, 612, 864), (18, 594, 882), (36, 594, 846), (18, 612, 864), (36, 612, 864), (36, 612, 864), (36, 612, 900), (72, 684, 702), (36, 594, 900), (-72, 558, 1008), (0, 594, 900), (72, 630, 828)]	(9499, 11324, 10005, 11515, 11488, 9664, 6578, 6107, 4459, 7065, 5983, 6225, 4745, 7690, 10746, 7305, 11644, 22370, 17255, 9277, 16874, 13939, 12100, 2072)
k	1979096	(674, 87)	[(0, 594, 900), (72, 630, 828), (36, 612, 846), (-36, 612, 900), (18, 594, 882), (54, 612, 864), (54, 612, 846), (54, 612, 846), (108, 630, 864), (162, 666, 828), (144, 648, 828), (144, 630, 792), (144, 648, 792), (144, 666, 792), (162, 666, 792), (144, 648, 810), (108, 648, 810), (126, 648, 846), (126, 648, 864), (126, 666, 846), (144, 648, 828), (288, 666, 558), (216, 702, 774), (108, 648, 918), (162, 648, 900)]	(9500, 11411, 9924, 11383, 11487, 9633, 6302, 6006, 4488, 7081, 5929, 6258, 4785, 7861, 10934, 7384, 11706, 22668, 17372, 9266, 16916, 13972, 12115, 2077)
n	1979661	(728, 155)	[(288, 666, 558), (216, 702, 774), (108, 648, 918), (162, 648, 900), (180, 684, 738), (126, 666, 792), (126, 648, 846), (144, 648, 846), (126, 648, 846), (126, 648, 846), (144, 648, 846), (144, 648, 810), (144, 666, 792), (162, 666, 774), (162, 666, 792), (144, 666, 810), (144, 666, 828), (144, 666, 828), (126, 648, 810), (144, 666, 828), (198, 684, 774), (180, 648, 810), (126, 648, 918), (126, 648, 774), (162, 666, 810)]	(9498, 11360, 9867, 11311, 11484, 9635, 6147, 5880, 4505, 7023, 6002, 6305, 4738, 7796, 10802, 7341, 11676, 22558, 17206, 9248, 16832, 13911, 12098, 2073)
o	1980005	(568, 76)	[(144, 648, 810), (144, 666, 792), (162, 666, 774), (162, 666, 792), (144, 666, 810), (144, 666, 828), (144, 666, 828), (126, 648, 810), (144, 666, 828), (198, 684, 774), (180, 648, 810), (126, 648, 918), (126, 648, 774), (162, 666, 810), (144, 666, 810), (180, 666, 828), (180, 666, 810), (144, 666, 792), (162, 684, 774), (198, 702, 792), (306, 702, 486), (252, 738, 702), (126, 666, 864), (216, 666, 900), (126, 648, 900)]	(9504, 11385, 9861, 11319, 11488, 9668, 6080, 6044, 4376, 7108, 6054, 6178, 4774, 7834, 10879, 7360, 11683, 22623, 17255, 9258, 16835, 13916, 12098, 2078)
w	1980870	(585, 403)	[(36, 612, 846), (36, 612, 846), (54, 612, 864), (36, 630, 828), (0, 612, 810), (-18, 612, 828), (-72, 594, 846), (-90, 576, 900), (-126, 576, 900), (-108, 576, 936), (-108, 576, 918), (-90, 576, 882), (-54, 612, 846), (-54, 612, 846), (18, 630, 864), (0, 594, 864), (-18, 594, 864), (-54, 594, 900), (-54, 594, 900), (-36, 594, 936), (-54, 612, 702), (18, 594, 972), (0, 558, 1008), (-90, 576, 810), (18, 612, 828)]	(9475, 11345, 10011, 11597, 11478, 9715, 7346, 6026, 4511, 7089, 6087, 6396, 4747, 7690, 10812, 7371, 11636, 22260, 17316, 9294, 16948, 13978, 12099, 2076)
 	1981333	(851, 259)	[(-54, 594, 900), (-54, 594, 900), (-36, 594, 936), (-54, 612, 702), (18, 594, 972), (0, 558, 1008), (-90, 576, 810), (18, 612, 828), (54, 630, 864), (-36, 594, 900), (-36, 594, 882), (18, 630, 846), (18, 612, 864), (18, 612, 846), (-18, 612, 864), (-18, 612, 882), (-36, 594, 900), (0, 612, 882), (0, 612, 846), (-36, 738, 666), (108, 540, 648), (-108, 558, 1080), (-72, 576, 972), (-36, 612, 828), (54, 630, 828)]	(9484, 11325, 9998, 11600, 11484, 9734, 7146, 6058, 4472, 7045, 6046, 6356, 4757, 7734, 10858, 7374, 11659, 22351, 17324, 9296, 16936, 13957, 12103, 2080)
h	1982048	(668, 179)	[(18, 612, 846), (18, 594, 846), (18, 612, 846), (-36, 612, 846), (-54, 594, 882), (0, 612, 918), (-36, 612, 864), (18, 612, 828), (36, 612, 846), (36, 612, 846), (90, 630, 864), (108, 648, 846), (90, 648, 828), (126, 630, 810), (162, 648, 792), (108, 648, 810), (108, 648, 810), (90, 630, 828), (90, 630, 846), (72, 648, 846), (90, 630, 864), (180, 630, 756), (198, 684, 720), (126, 648, 990), (108, 630, 864)]	(9490, 11348, 9971, 11414, 11483, 9695, 5998, 5917, 4440, 7015, 5988, 6288, 4775, 7662, 10945, 7370, 11678, 22650, 17406, 9266, 16890, 13956, 12117, 2080)
o	1982569	(596, 84)	[(72, 648, 846), (90, 630, 864), (180, 630, 756), (198, 684, 720), (126, 648, 990), (108, 630, 864), (108, 648, 792), (162, 684, 792), (144, 666, 810), (144, 666, 828), (126, 666, 828), (144, 666, 828), (162, 684, 828), (180, 684, 846), (216, 702, 774), (234, 702, 738), (198, 702, 720), (216, 702, 720), (216, 720, 720), (234, 702, 756), (288, 738, 594), (252, 738, 738), (252, 720, 792), (216, 720, 738), (234, 702, 720)]	(9521, 11379, 9923, 11297, 11484, 9615, 6037, 5856, 4486, 7061, 5982, 6243, 4769, 7672, 10901, 7328, 11675, 22623, 17315, 9228, 16820, 13932, 12107, 2089)
w	1983436	(587, 390)	[(54, 630, 828), (18, 612, 864), (-36, 612, 918), (-36, 594, 918), (-36, 594, 900), (-54, 594, 900), (-72, 594, 882), (0, 612, 882), (18, 630, 846), (18, 612, 810), (36, 630, 828), (18, 612, 864), (18, 612, 864), (0, 612, 846), (36, 612, 864), (36, 612, 882), (18, 612, 864), (0, 612, 864), (-18, 612, 900), (72, 648, 918), (90, 648, 576), (126, 612, 936), (18, 594, 1044), (-36, 576, 864), (18, 612, 810)]	(9489, 11330, 10057, 11647, 11492, 9713, 5772, 5922, 4463, 7055, 5904, 6266, 4680, 7472, 10640, 7316, 11614, 22488, 17244, 9285, 16891, 13960, 12096, 2075)
 	1983781	(808, 278)	[(18, 612, 864), (18, 612, 864), (0, 612, 846), (36, 612, 864), (36, 612, 882), (18, 612, 864), (0, 612, 864), (-18, 612, 900), (72, 648, 918), (90, 648, 576), (126, 612, 936), (18, 594, 1044), (-36, 576, 864), (18, 612, 810), (54, 630, 864), (0, 594, 882), (54, 630, 846), (72, 612, 828), (54, 630, 828), (54, 612, 846), (54, 630, 882), (72, 576, 720), (18, 594, 972), (18, 612, 972), (18, 594, 828)]	(9495, 11307, 10035, 11628, 11492, 9684, 5731, 5947, 4431, 7029, 5825, 6184, 4707, 7508, 10712, 7321, 11631, 22528, 17238, 9280, 16869, 13953, 12110, 2071)
t	1984596	(583, 265)	[(54, 630, 846), (54, 630, 882), (36, 630, 846), (54, 630, 846), (54, 612, 864), (54, 630, 864), (54, 630, 846), (54, 630, 846), (72, 630, 846), (90, 630, 846), (72, 630, 846), (90, 630, 828), (90, 648, 846), (90, 630, 846), (108, 648, 846), (72, 648, 846), (90, 648, 810), (90, 648, 828), (72, 648, 846), (72, 648, 846), (72, 630, 846), (126, 684, 684), (126, 648, 774), (126, 648, 900), (126, 648, 918)]	(9503, 11337, 9983, 11536, 11492, 9709, 5939, 6031, 4545, 7104, 5865, 6340, 4780, 7691, 10950, 7371, 11696, 22717, 17388, 9295, 16915, 13975, 12117, 2080)
o	1985211	(592, 71)	[(126, 648, 900), (126, 648, 918), (144, 666, 792), (108, 666, 810), (108, 666, 810), (90, 648, 846), (126, 648, 828), (216, 684, 882), (234, 684, 846), (216, 684, 756), (180, 684, 720), (198, 702, 720), (216, 702, 720), (234, 702, 720), (198, 684, 756), (198, 684, 774), (198, 702, 810), (216, 702, 828), (216, 720, 810), (306, 684, 594), (324, 756, 684), (216, 684, 846), (252, 684, 810), (216, 684, 810), (216, 702, 738)]	(9493, 11414, 9925, 11331, 11470, 9663, 5911, 5926, 4352, 7053, 5949, 6263, 4751, 7607, 10911, 7341, 11656, 22574, 17135, 9216, 16770, 13897, 12090, 2077)
 	1986031	(838, 244)	[(126, 630, 810), (72, 630, 864), (72, 630, 900), (72, 612, 918), (72, 612, 882), (54, 594, 864), (72, 612, 864), (72, 612, 846), (54, 612, 882), (54, 612, 828), (36, 594, 864), (18, 594, 864), (18, 594, 882), (18, 594, 900), (18, 594, 900), (36, 594, 882), (72, 612, 846), (54, 612, 900), (36, 612, 846), (54, 594, 936), (54, 612, 756), (36, 594, 900), (18, 594, 954), (18, 594, 846), (54, 612, 828)]	(9490, 11341, 10129, 11615, 11495, 9745, 6383, 5993, 4600, 7095, 5987, 6238, 4716, 7432, 10815, 7324, 11611, 22356, 17145, 9272, 16876, 13955, 12099, 2065)
r	1986596	(579, 308)	[(18, 594, 954), (18, 594, 846), (54, 612, 828), (72, 612, 864), (54, 594, 864), (36, 612, 882), (54, 612, 864), (54, 612, 846), (54, 612, 864), (72, 612, 882), (36, 630, 864), (54, 612, 846), (72, 612, 864), (72, 612, 846), (54, 612, 846), (54, 612, 864), (54, 630, 864), (54, 612, 846), (54, 612, 864), (54, 612, 864), (162, 648, 720), (90, 612, 810), (72, 594, 1044), (36, 594, 918), (18, 594, 810)]	(9498, 11328, 10045, 11549, 11492, 9748, 6742, 6043, 4610, 7142, 5954, 6273, 4780, 7595, 11097, 7400, 11673, 22498, 17290, 9306, 16948, 14005, 12114, 2083)
e	1986893	(579, 343)	[(36, 630, 864), (54, 612, 846), (72, 612, 864), (72, 612, 846), (54, 612, 846), (54, 612, 864), (54, 630, 864), (54, 612, 846), (54, 612, 864), (54, 612, 864), (162, 648, 720), (90, 612, 810), (72, 594, 1044), (36, 594, 918), (18, 594, 810), (90, 648, 810), (72, 630, 810), (36, 612, 882), (126, 684, 612), (108, 630, 900), (54, 576, 1044), (-18, 558, 900), (18, 594, 828), (108, 648, 810), (144, 648, 774)]	(9485, 11323, 10037, 11507, 11491, 9716, 6725, 6008, 4580, 7084, 6026, 6289, 4742, 7538, 10960, 7350, 11633, 22389, 17172, 9285, 16878, 13966, 12100, 2087)
a	1987505	(668, 452)	[(108, 648, 810), (144, 648, 774), (72, 612, 864), (54, 630, 846), (72, 630, 810), (72, 612, 846), (72, 630, 828), (18, 612, 828), (0, 612, 882), (-36, 594, 864), (-54, 594, 882), (-72, 576, 900), (-54, 594, 900), (0, 576, 882), (18, 594, 846), (36, 612, 846), (36, 612, 864), (36, 612, 864), (0, 594, 864), (18, 594, 882), (18, 594, 900), (54, 630, 900), (72, 594, 666), (36, 594, 1026), (-54, 576, 972)]	(9499, 11315, 10082, 11622, 11497, 9722, 6294, 6042, 4551, 7102, 5914, 6207, 4721, 7488, 10852, 7328, 11621, 22381, 17193, 9308, 16937, 13990, 12109, 2085)
c	1988221	(756, 279)	[(0, 594, 864), (36, 630, 864), (36, 612, 864), (36, 612, 846), (36, 630, 846), (18, 594, 864), (18, 612, 882), (36, 612, 882), (36, 612, 846), (36, 612, 864), (36, 612, 882), (18, 612, 882), (36, 612, 846), (36, 630, 846), (54, 612, 846), (36, 612, 846), (54, 630, 846), (54, 612, 828), (18, 612, 864), (18, 612, 864), (54, 612, 936), (126, 648, 738), (108, 630, 882), (18, 594, 954), (18, 612, 846)]	(9500, 11338, 10071, 11585, 11495, 9727, 6465, 5959, 4520, 7098, 5937, 6211, 4735, 7520, 10922, 7353, 11640, 22429, 17216, 9298, 16905, 13994, 12107, 2082)
h	1988938	(663, 194)	[(54, 630, 864), (72, 630, 864), (72, 630, 846), (54, 612, 846), (72, 630, 846), (36, 630, 846), (36, 612, 882), (54, 630, 846), (54, 630, 864), (54, 630, 864), (54, 630, 882), (36, 630, 864), (54, 648, 828), (54, 630, 864), (72, 648, 828), (108, 648, 846), (126, 648, 846), (108, 648, 828), (126, 648, 810), (126, 648, 810), (144, 666, 792), (144, 630, 774), (162, 684, 702), (162, 648, 846), (162, 666, 864)]	(9516, 11330, 9984, 11446, 11495, 9720, 6086, 6020, 4583, 7090, 6025, 6311, 4765, 7589, 10979, 7367, 11671, 22575, 17270, 9280, 16885, 13969, 12110, 2079)
 	1989354	(802, 199)	[(108, 648, 846), (126, 648, 846), (108, 648, 828), (126, 648, 810), (126, 648, 810), (144, 666, 792), (144, 630, 774), (162, 684, 702), (162, 648, 846), (162, 666, 864), (108, 648, 792), (144, 666, 792), (144, 648, 828), (126, 666, 810), (126, 666, 828), (108, 630, 810), (108, 648, 810), (108, 648, 846), (108, 666, 900), (126, 720, 594), (144, 630, 792), (54, 612, 936), (72, 648, 954), (90, 648, 864), (126, 666, 792)]	(9509, 11309, 9988, 11405, 11491, 9694, 6066, 5913, 4442, 7089, 5936, 6235, 4728, 7557, 10895, 7341, 11636, 22515, 17183, 9260, 16820, 13947, 12104, 2074)
m	1989850	(747, 102)	[(108, 666, 900), (126, 720, 594), (144, 630, 792), (54, 612, 936), (72, 648, 954), (90, 648, 864), (126, 666, 792), (144, 666, 792), (90, 648, 864), (108, 648, 828), (126, 666, 846), (126, 648, 810), (126, 666, 810), (126, 666, 810), (126, 648, 810), (144, 666, 846), (162, 666, 828), (162, 666, 828), (126, 666, 792), (180, 702, 666), (216, 684, 720), (162, 666, 918), (162, 666, 864), (162, 684, 792), (198, 684, 774)]	(9493, 11350, 9958, 11353, 11486, 9700, 6002, 5977, 4511, 7082, 5909, 6233, 4735, 7554, 10932, 7342, 11652, 22544, 17239, 9265, 16832, 13943, 12111, 2083)
e	1990524	(590, 350)	[(180, 684, 792), (108, 666, 810), (126, 648, 828), (72, 648, 864), (36, 630, 900), (36, 612, 900), (18, 630, 900), (18, 612, 900), (18, 612, 900), (18, 612, 864), (54, 630, 828), (54, 630, 828), (90, 630, 864), (72, 630, 864), (72, 630, 828), (54, 612, 828), (54, 630, 828), (54, 630, 828), (90, 630, 864), (72, 630, 882), (90, 666, 702), (90, 630, 864), (54, 630, 936), (36, 630, 810), (72, 630, 810)]	(9491, 11361, 10090, 11585, 11499, 9722, 6465, 5974, 4517, 7094, 5917, 6239, 4713, 7448, 10880, 7342, 11615, 22368, 17202, 9302, 16939, 13996, 12110, 2073)
p	1993640	(598, 10)	[(90, 648, 846), (108, 648, 828), (90, 666, 810), (108, 666, 810), (108, 648, 810), (108, 648, 810), (90, 648, 846), (90, 648, 810), (90, 648, 828), (90, 666, 810), (108, 666, 792), (108, 666, 810), (108, 666, 828), (108, 666, 828), (108, 666, 828), (108, 666, 828), (108, 666, 828), (108, 666, 774), (108, 666, 810), (126, 684, 810), (180, 702, 648), (108, 666, 864), (144, 666, 846), (144, 666, 828), (126, 666, 792)]	(9498, 11363, 10047, 11497, 11496, 9725, 6735, 6045, 4577, 7128, 5980, 6303, 4757, 7535, 11019, 7360, 11656, 22479, 17208, 9289, 16854, 13971, 12110, 2077)
l	1994136	(664, 54)	[(126, 684, 810), (180, 702, 648), (108, 666, 864), (144, 666, 846), (144, 666, 828), (126, 666, 792), (144, 684, 756), (108, 666, 774), (108, 684, 828), (108, 666, 810), (126, 666, 810), (144, 684, 774), (144, 684, 792), (144, 666, 792), (126, 684, 774), (108, 684, 810), (108, 666, 828), (108, 666, 810), (126, 684, 792), (144, 684, 810), (180, 666, 738), (180, 720, 720), (90, 684, 882), (126, 666, 846), (126, 684, 792)]	(9498, 11362, 10040, 11475, 11497, 9725, 6613, 5998, 4557, 7097, 6015, 6315, 4744, 7529, 10975, 7361, 11647, 22460, 17175, 9288, 16850, 13977, 12105, 2079)
e	1995227	(585, 347)	[(18, 594, 846), (36, 612, 864), (36, 630, 846), (36, 630, 864), (54, 612, 828), (54, 612, 846), (36, 612, 846), (36, 630, 846), (54, 612, 846), (36, 630, 846), (36, 612, 864), (36, 612, 846), (36, 612, 864), (54, 612, 846), (54, 612, 846), (54, 612, 846), (36, 612, 846), (36, 612, 864), (36, 612, 864), (36, 612, 864), (36, 612, 846), (36, 612, 846), (54, 630, 828), (54, 630, 882), (54, 630, 882)]	(9488, 11378, 10091, 11568, 11495, 9748, 6975, 5990, 4546, 7080, 5960, 6288, 4724, 7506, 10917, 7359, 11634, 22366, 17234, 9323, 16954, 14031, 12117, 2078)
a	1995943	(669, 458)	[(72, 630, 864), (72, 630, 828), (72, 630, 846), (72, 612, 828), (36, 630, 810), (18, 612, 828), (0, 612, 864), (0, 612, 900), (0, 594, 882), (36, 612, 882), (36, 612, 864), (54, 630, 828), (54, 630, 846), (36, 630, 828), (54, 612, 846), (36, 612, 864), (36, 594, 882), (36, 612, 864), (18, 594, 828), (36, 630, 846), (36, 630, 918), (126, 630, 720), (72, 630, 954), (-18, 594, 918), (-18, 594, 828)]	(9494, 11378, 10079, 11570, 11487, 9742, 6875, 5998, 4524, 7105, 5964, 6275, 4719, 7485, 10876, 7344, 11615, 22332, 17165, 9315, 16931, 14012, 12112, 2081)
s	1996354	(657, 382)	[(54, 612, 846), (36, 612, 864), (36, 594, 882), (36, 612, 864), (18, 594, 828), (36, 630, 846), (36, 630, 918), (126, 630, 720), (72, 630, 954), (-18, 594, 918), (-18, 594, 828), (54, 630, 810), (18, 612, 882), (36, 612, 864), (36, 612, 846), (54, 612, 864), (54, 630, 846), (36, 630, 864), (36, 612, 846), (54, 630, 846), (54, 630, 846), (108, 630, 756), (72, 612, 972), (0, 594, 936), (18, 594, 792)]	(9489, 11372, 10068, 11554, 11493, 9722, 6917, 6032, 4561, 7115, 6003, 6314, 4737, 7519, 10959, 7367, 11640, 22408, 17192, 9311, 16918, 14001, 12112, 2082)
e	1996646	(561, 324)	[(-18, 594, 918), (-18, 594, 828), (54, 630, 810), (18, 612, 882), (36, 612, 864), (36, 612, 846), (54, 612, 864), (54, 630, 846), (36, 630, 864), (36, 612, 846), (54, 630, 846), (54, 630, 846), (108, 630, 756), (72, 612, 972), (0, 594, 936), (18, 594, 792), (54, 630, 828), (90, 648, 846), (108, 648, 846), (162, 666, 702), (126, 666, 756), (126, 648, 954), (54, 630, 882), (36, 630, 792), (54, 630, 810)]	(9499, 11356, 10040, 11510, 11497, 9725, 6669, 5989, 4568, 7129, 5981, 6312, 4759, 7550, 10984, 7366, 11655, 22460, 17179, 9297, 16865, 13978, 12107, 2077)
 	1997041	(849, 245)	[(72, 612, 972), (0, 594, 936), (18, 594, 792), (54, 630, 828), (90, 648, 846), (108, 648, 846), (162, 666, 702), (126, 666, 756), (126, 648, 954), (54, 630, 882), (36, 630, 792), (54, 630, 810), (72, 630, 810), (72, 648, 846), (72, 648, 846), (54, 630, 846), (54, 630, 846), (72, 630, 846), (72, 648, 846), (54, 630, 828), (72, 774, 522), (198, 630, 684), (18, 612, 990), (-36, 594, 972), (18, 612, 936)]	(9503, 11347, 10044, 11506, 11494, 9723, 6622, 5975, 4561, 7107, 6039, 6376, 4766, 7581, 11003, 7369, 11652, 22471, 17175, 9291, 16859, 13984, 12109, 2073)
f	1997505	(667, 293)	[(72, 630, 846), (72, 648, 846), (54, 630, 828), (72, 774, 522), (198, 630, 684), (18, 612, 990), (-36, 594, 972), (18, 612, 936), (54, 630, 828), (90, 648, 792), (36, 612, 882), (36, 612, 864), (54, 612, 864), (72, 630, 846), (90, 612, 810), (72, 630, 828), (54, 630, 846), (54, 630, 864), (72, 630, 846), (72, 612, 846), (72, 630, 846), (72, 630, 846), (90, 648, 774), (108, 630, 846), (72, 630, 864)]	(9499, 11341, 10039, 11512, 11491, 9702, 6426, 6008, 4534, 7096, 5991, 6287, 4758, 7558, 10983, 7372, 11650, 22463, 17182, 9292, 16863, 13982, 12113, 2085)
o	1998118	(589, 73)	[(108, 630, 846), (72, 630, 864), (72, 648, 864), (54, 630, 846), (54, 648, 864), (72, 648, 846), (72, 666, 828), (72, 666, 846), (90, 648, 828), (90, 666, 828), (162, 684, 792), (198, 684, 792), (180, 684, 792), (198, 702, 738), (198, 702, 702), (180, 702, 720), (162, 684, 738), (180, 702, 774), (162, 702, 792), (144, 702, 810), (288, 738, 576), (306, 738, 774), (270, 720, 882), (234, 684, 792), (234, 702, 720)]	(9502, 11456, 9936, 11320, 11488, 9680, 6034, 5979, 4456, 7082, 5918, 6262, 4768, 7600, 11038, 7364, 11673, 22603, 17233, 9283, 16880, 13982, 12117, 2088)
r	1998788	(560, 304)	[(234, 720, 666), (198, 720, 738), (180, 702, 774), (144, 684, 774), (126, 666, 792), (126, 666, 828), (108, 648, 864), (90, 648, 882), (90, 648, 936), (90, 648, 882), (90, 630, 846), (90, 648, 828), (126, 666, 810), (144, 666, 792), (144, 684, 792), (144, 666, 792), (126, 666, 810), (126, 648, 810), (108, 666, 828), (108, 648, 828), (108, 648, 828), (162, 666, 756), (162, 666, 828), (108, 630, 1008), (54, 612, 846)]	(9499, 11401, 9981, 11458, 11490, 9691, 6028, 5961, 4474, 7106, 5996, 6330, 4760, 7568, 10998, 7375, 11677, 22578, 17251, 9326, 16967, 14034, 12111, 2079)
w	1999703	(569, 393)	[(144, 666, 792), (108, 648, 810), (72, 648, 846), (54, 630, 828), (72, 648, 864), (72, 630, 900), (72, 612, 900), (72, 630, 864), (108, 630, 828), (108, 648, 828), (108, 648, 792), (90, 648, 828), (90, 630, 828), (90, 630, 864), (90, 648, 846), (90, 630, 828), (90, 630, 828), (90, 630, 810), (90, 666, 846), (90, 630, 846), (108, 630, 846), (126, 684, 648), (108, 648, 864), (72, 630, 936), (54, 612, 864)]	(9499, 11396, 10033, 11519, 11496, 9702, 6158, 5982, 4492, 7084, 5921, 6244, 4728, 7501, 10919, 7351, 11632, 22444, 17167, 9312, 16938, 14011, 12119, 2080)
a	2000267	(651, 451)	[(108, 630, 846), (126, 684, 648), (108, 648, 864), (72, 630, 936), (54, 612, 864), (108, 630, 810), (72, 630, 846), (72, 630, 864), (54, 612, 882), (36, 612, 900), (36, 612, 864), (36, 612, 882), (18, 612, 864), (54, 612, 882), (54, 612, 846), (36, 612, 846), (54, 612, 846), (54, 630, 846), (54, 612, 864), (54, 612, 864), (36, 612, 864), (90, 612, 792), (72, 612, 918), (0, 594, 882), (18, 612, 846)]	(9489, 11397, 10093, 11604, 11496, 9715, 6266, 5984, 4500, 7075, 5872, 6258, 4692, 7426, 10828, 7329, 11606, 22330, 17144, 9299, 16918, 13999, 12109, 2081)
r	2001183	(554, 306)	[(54, 612, 864), (54, 612, 864), (54, 612, 846), (54, 612, 864), (36, 612, 864), (54, 612, 864), (36, 612, 864), (18, 612, 882), (54, 612, 882), (72, 630, 864), (54, 612, 864), (72, 630, 846), (72, 630, 846), (90, 630, 846), (108, 648, 846), (108, 648, 828), (108, 630, 846), (126, 648, 810), (162, 684, 666), (126, 666, 882), (90, 630, 1008), (72, 612, 882), (54, 612, 810), (126, 666, 774), (180, 666, 792)]	(9494, 11371, 10032, 11427, 11490, 9705, 6187, 5953, 4510, 7087, 5995, 6274, 4730, 7494, 10937, 7332, 11635, 22417, 17158, 9284, 16860, 13983, 12103, 2078)
d	2001898	(663, 334)	[(72, 630, 846), (108, 630, 846), (108, 648, 828), (90, 630, 810), (108, 630, 828), (90, 630, 828), (108, 612, 846), (72, 630, 846), (72, 630, 846), (108, 648, 828), (90, 630, 846), (108, 648, 846), (108, 648, 828), (90, 630, 828), (90, 630, 846), (90, 630, 810), (90, 630, 828), (90, 630, 828), (126, 630, 900), (162, 684, 630), (144, 630, 900), (72, 612, 990), (36, 612, 864), (72, 648, 810), (144, 648, 828)]	(9489, 11379, 10036, 11462, 11494, 9705, 6279, 5956, 4520, 7101, 5925, 6248, 4733, 7498, 10921, 7342, 11625, 22420, 17171, 9282, 16875, 13980, 12104, 2082)
 	2002862	(839, 251)	[(108, 630, 846), (90, 630, 828), (90, 630, 828), (90, 648, 810), (90, 648, 828), (108, 648, 828), (90, 630, 828), (108, 630, 846), (72, 630, 828), (90, 630, 846), (108, 630, 828), (90, 630, 828), (90, 648, 828), (90, 630, 846), (90, 630, 846), (90, 630, 846), (108, 630, 828), (90, 630, 828), (90, 630, 846), (90, 630, 846), (108, 666, 846), (162, 648, 720), (54, 594, 954), (36, 612, 882), (72, 630, 846)]	(9495, 11379, 10058, 11492, 11500, 9679, 6262, 6041, 4506, 7058, 6039, 6301, 4733, 7537, 10940, 7362, 11653, 22504, 17258, 9307, 16940, 14016, 12114, 2094)
a	2003525	(664, 432)	[(108, 648, 828), (90, 630, 864), (90, 630, 864), (108, 630, 828), (90, 630, 810), (72, 648, 846), (72, 630, 828), (72, 630, 846), (72, 630, 810), (72, 630, 846), (72, 630, 882), (54, 630, 846), (54, 630, 864), (54, 630, 846), (36, 612, 846), (54, 612, 846), (72, 630, 864), (54, 630, 846), (54, 630, 846), (72, 630, 864), (90, 648, 756), (144, 612, 792), (90, 612, 1008), (0, 612, 900), (36, 594, 792)]	(9501, 11347, 10069, 11530, 11497, 9679, 6267, 5996, 4461, 7072, 5864, 6232, 4688, 7408, 10794, 7308, 11597, 22304, 17103, 9274, 16872, 13968, 12100, 2078)
l	2004358	(669, 40)	[(36, 612, 900), (90, 630, 900), (144, 630, 900), (198, 648, 846), (198, 666, 828), (162, 684, 702), (162, 666, 738), (198, 702, 738), (216, 684, 774), (198, 702, 756), (162, 684, 756), (162, 684, 792), (180, 684, 774), (162, 684, 792), (144, 684, 828), (144, 702, 810), (162, 684, 792), (162, 666, 810), (234, 702, 792), (342, 738, 540), (306, 720, 702), (180, 684, 828), (216, 684, 828), (216, 702, 792), (234, 702, 738)]	(9489, 11555, 10053, 11426, 11495, 9767, 6743, 6055, 4497, 7103, 5984, 6324, 4760, 7539, 11060, 7380, 11669, 22466, 17338, 9309, 16955, 14025, 12114, 2090)
l	2004551	(678, 33)	[(198, 666, 828), (162, 684, 702), (162, 666, 738), (198, 702, 738), (216, 684, 774), (198, 702, 756), (162, 684, 756), (162, 684, 792), (180, 684, 774), (162, 684, 792), (144, 684, 828), (144, 702, 810), (162, 684, 792), (162, 666, 810), (234, 702, 792), (342, 738, 540), (306, 720, 702), (180, 684, 828), (216, 684, 828), (216, 702, 792), (234, 702, 738), (306, 702, 612), (180, 684, 828), (216, 702, 756), (252, 720, 720)]	(9475, 11503, 10032, 11365, 11487, 9696, 6330, 6003, 4530, 7121, 5962, 6201, 4736, 7507, 10978, 7363, 11654, 22431, 17250, 9291, 16895, 13995, 12106, 2070)
 	2005517	(820, 256)	[(162, 666, 810), (144, 666, 828), (180, 666, 810), (162, 666, 792), (144, 648, 792), (162, 684, 810), (144, 666, 810), (126, 666, 774), (108, 666, 792), (108, 630, 828), (108, 630, 828), (108, 630, 864), (108, 630, 882), (90, 630, 882), (72, 612, 864), (72, 630, 864), (72, 630, 846), (90, 612, 846), (126, 630, 990), (180, 666, 576), (126, 630, 846), (36, 612, 918), (90, 612, 936), (72, 630, 846), (108, 648, 810)]	(9492, 11445, 10110, 11535, 11503, 9718, 6365, 5966, 4459, 7097, 5894, 6246, 4702, 7408, 10830, 7344, 11611, 22329, 17194, 9306, 16955, 14015, 12115, 2083)
n	2005984	(752, 142)	[(72, 630, 846), (90, 612, 846), (126, 630, 990), (180, 666, 576), (126, 630, 846), (36, 612, 918), (90, 612, 936), (72, 630, 846), (108, 648, 810), (90, 630, 828), (108, 630, 882), (90, 630, 846), (108, 630, 828), (126, 648, 810), (126, 648, 828), (144, 666, 828), (144, 666, 792), (162, 648, 774), (162, 666, 792), (144, 648, 810), (144, 666, 810), (180, 720, 666), (180, 666, 792), (162, 648, 918), (144, 666, 810)]	(9492, 11461, 10099, 11497, 11504, 9721, 6310, 6063, 4512, 7082, 5885, 6353, 4739, 7510, 11017, 7345, 11648, 22500, 17300, 9313, 16951, 14017, 12121, 2079)
e	2006650	(568, 347)	[(180, 684, 774), (162, 666, 828), (144, 666, 828), (144, 648, 810), (144, 648, 810), (144, 648, 792), (144, 666, 810), (126, 648, 828), (126, 666, 828), (108, 648, 828), (108, 648, 828), (90, 630, 846), (90, 648, 864), (108, 648, 846), (108, 648, 828), (126, 648, 810), (126, 648, 810), (126, 648, 828), (126, 648, 828), (90, 648, 828), (108, 648, 846), (144, 648, 828), (144, 648, 900), (72, 648, 882), (90, 612, 756)]	(9487, 11417, 10083, 11482, 11501, 9724, 6153, 5967, 4433, 7105, 5927, 6292, 4702, 7419, 10838, 7312, 11616, 22362, 17145, 9293, 16900, 13996, 12108, 2082)
c	2007616	(759, 300)	[(108, 630, 846), (126, 648, 846), (108, 648, 828), (108, 648, 846), (108, 648, 846), (108, 648, 828), (108, 648, 828), (126, 648, 828), (108, 648, 828), (126, 630, 828), (108, 630, 846), (126, 648, 828), (126, 648, 810), (126, 648, 828), (126, 648, 828), (108, 630, 810), (108, 648, 828), (108, 648, 828), (108, 648, 828), (108, 648, 882), (180, 648, 666), (108, 648, 882), (72, 612, 918), (108, 630, 846), (126, 648, 828)]	(9500, 11415, 10082, 11500, 11491, 9701, 6040, 5920, 4491, 7075, 5929, 6205, 4699, 7411, 10829, 7319, 11620, 22382, 17171, 9299, 16918, 14005, 12111, 2082)
e	2008328	(571, 334)	[(126, 648, 810), (144, 648, 828), (126, 648, 828), (108, 630, 810), (108, 630, 846), (108, 648, 846), (108, 648, 810), (108, 630, 810), (126, 648, 810), (126, 648, 828), (108, 648, 810), (126, 630, 828), (144, 648, 828), (144, 648, 828), (108, 648, 828), (108, 648, 828), (126, 648, 810), (108, 630, 864), (108, 648, 846), (108, 648, 864), (126, 648, 828), (162, 666, 720), (144, 648, 864), (108, 630, 972), (72, 612, 792)]	(9503, 11422, 10109, 11506, 11499, 9709, 6100, 5935, 4573, 7098, 5849, 6158, 4710, 7416, 10849, 7336, 11614, 22391, 17188, 9306, 16919, 14003, 12115, 2080)
s	2008952	(655, 366)	[(72, 612, 792), (144, 648, 828), (126, 648, 828), (108, 630, 810), (108, 648, 774), (108, 630, 846), (108, 630, 846), (90, 630, 864), (72, 630, 846), (90, 630, 864), (108, 630, 864), (108, 630, 828), (108, 648, 828), (108, 630, 810), (108, 630, 828), (108, 648, 846), (108, 648, 828), (108, 648, 828), (108, 630, 846), (108, 630, 846), (108, 630, 828), (126, 648, 738), (108, 630, 954), (72, 612, 972), (54, 612, 756)]	(9499, 11403, 10098, 11504, 11492, 9718, 6167, 5935, 4463, 7104, 5909, 6245, 4689, 7398, 10800, 7316, 11606, 22344, 17142, 9291, 16895, 13989, 12108, 2071)
s	2009147	(665, 362)	[(108, 648, 774), (108, 630, 846), (108, 630, 846), (90, 630, 864), (72, 630, 846), (90, 630, 864), (108, 630, 864), (108, 630, 828), (108, 648, 828), (108, 630, 810), (108, 630, 828), (108, 648, 846), (108, 648, 828), (108, 648, 828), (108, 630, 846), (108, 630, 846), (108, 630, 828), (126, 648, 738), (108, 630, 954), (72, 612, 972), (54, 612, 756), (108, 648, 792), (90, 648, 936), (90, 630, 774), (126, 630, 828)]	(9490, 11401, 10075, 11496, 11501, 9742, 6158, 5981, 4551, 7113, 5937, 6269, 4693, 7392, 10807, 7315, 11602, 22339, 17129, 9279, 16880, 13986, 12103, 2080)
a	2010535	(648, 421)	[(126, 648, 828), (108, 630, 828), (144, 648, 828), (126, 648, 828), (126, 648, 828), (126, 648, 828), (126, 648, 846), (144, 648, 828), (108, 666, 828), (144, 666, 792), (108, 648, 792), (72, 630, 774), (54, 612, 810), (18, 612, 828), (36, 612, 918), (18, 594, 936), (18, 594, 918), (36, 594, 882), (54, 612, 864), (72, 612, 828), (90, 630, 828), (108, 648, 828), (126, 630, 774), (90, 612, 936), (18, 594, 828)]	(9496, 11414, 10110, 11590, 11500, 9711, 6195, 5959, 4464, 7067, 5905, 6250, 4689, 7382, 10812, 7315, 11608, 22327, 17150, 9305, 16950, 14019, 12101, 2078)
r	2011151	(586, 302)	[(90, 612, 936), (18, 594, 828), (90, 630, 846), (54, 612, 846), (54, 612, 864), (54, 612, 846), (72, 612, 846), (36, 612, 864), (54, 612, 864), (90, 630, 864), (90, 630, 846), (126, 630, 828), (126, 630, 828), (108, 648, 828), (126, 648, 828), (126, 648, 792), (126, 648, 810), (108, 648, 810), (108, 648, 828), (126, 648, 846), (144, 666, 720), (162, 648, 756), (144, 630, 954), (126, 630, 900), (126, 648, 810)]	(9508, 11398, 10053, 11465, 11498, 9717, 5938, 5931, 4500, 7064, 5937, 6255, 4716, 7447, 10850, 7316, 11633, 22461, 17182, 9290, 16883, 13987, 12109, 2080)
y	2011597	(586, 208)	[(126, 648, 810), (108, 648, 810), (108, 648, 828), (126, 648, 846), (144, 666, 720), (162, 648, 756), (144, 630, 954), (126, 630, 900), (126, 648, 810), (162, 648, 774), (108, 648, 864), (126, 648, 846), (126, 648, 810), (126, 666, 810), (126, 648, 828), (144, 648, 810), (144, 648, 810), (162, 648, 810), (162, 666, 810), (198, 666, 792), (252, 720, 594), (162, 666, 828), (180, 666, 864), (144, 648, 846), (144, 666, 810)]	(9515, 11385, 9940, 11310, 11487, 9680, 5801, 5951, 4408, 7053, 5886, 6250, 4717, 7451, 10825, 7322, 11627, 22480, 17160, 9269, 16830, 13955, 12101, 2076)
 	2012059	(842, 221)	[(144, 648, 810), (162, 648, 810), (162, 666, 810), (198, 666, 792), (252, 720, 594), (162, 666, 828), (180, 666, 864), (144, 648, 846), (144, 666, 810), (144, 666, 756), (108, 630, 828), (108, 630, 864), (90, 648, 882), (72, 648, 900), (90, 612, 882), (72, 630, 882), (90, 630, 846), (108, 630, 846), (144, 630, 1026), (234, 702, 486), (162, 630, 756), (36, 612, 1008), (72, 612, 918), (90, 630, 828), (144, 648, 792)]	(9505, 11381, 9975, 11413, 11491, 9684, 5838, 5908, 4395, 7116, 5797, 6313, 4696, 7417, 10816, 7310, 11612, 22419, 17131, 9278, 16862, 13976, 12104, 2090)
d	2012675	(644, 331)	[(144, 648, 792), (144, 666, 792), (108, 648, 828), (90, 630, 846), (108, 630, 846), (108, 630, 828), (108, 648, 810), (126, 630, 828), (90, 648, 828), (108, 630, 828), (108, 630, 846), (126, 630, 846), (126, 648, 828), (126, 648, 828), (144, 648, 846), (108, 630, 828), (108, 630, 846), (108, 648, 864), (126, 648, 738), (144, 648, 810), (108, 630, 954), (72, 630, 882), (90, 612, 810), (144, 648, 792), (144, 666, 846)]	(9501, 11399, 10048, 11454, 11497, 9731, 6011, 5976, 4405, 7074, 5930, 6255, 4692, 7389, 10826, 7310, 11601, 22347, 17155, 9295, 16898, 14000, 12107, 2085)
a	2013118	(656, 422)	[(108, 630, 828), (108, 630, 846), (108, 648, 864), (126, 648, 738), (144, 648, 810), (108, 630, 954), (72, 630, 882), (90, 612, 810), (144, 648, 792), (144, 666, 846), (108, 612, 828), (72, 612, 864), (36, 612, 864), (36, 612, 846), (54, 612, 900), (36, 612, 864), (36, 612, 846), (54, 612, 864), (54, 630, 846), (72, 612, 846), (72, 612, 864), (72, 612, 900), (72, 630, 720), (108, 612, 846), (72, 594, 972)]	(9508, 11405, 10107, 11576, 11493, 9761, 5957, 5988, 4487, 7105, 5914, 6191, 4696, 7381, 10850, 7327, 11616, 22385, 17173, 9302, 16946, 14021, 12110, 2083)
t	2013784	(592, 260)	[(72, 630, 846), (54, 612, 864), (54, 612, 846), (72, 612, 846), (54, 612, 846), (72, 612, 828), (54, 630, 864), (36, 612, 864), (18, 612, 864), (18, 612, 864), (72, 612, 864), (108, 630, 882), (126, 630, 864), (144, 648, 846), (144, 648, 828), (126, 648, 792), (144, 648, 810), (144, 648, 828), (162, 648, 810), (162, 666, 828), (198, 666, 684), (162, 666, 756), (144, 648, 918), (180, 648, 882), (180, 648, 792)]	(9503, 11383, 9990, 11378, 11487, 9666, 5762, 5979, 4403, 7091, 5916, 6212, 4716, 7475, 10822, 7314, 11634, 22501, 17142, 9274, 16852, 13975, 12108, 2076)
a	2014456	(657, 432)	[(180, 648, 774), (126, 630, 828), (108, 630, 846), (72, 612, 882), (54, 612, 882), (36, 594, 882), (36, 594, 900), (36, 612, 882), (36, 612, 828), (54, 612, 864), (72, 612, 864), (72, 630, 846), (54, 630, 828), (54, 612, 828), (72, 612, 864), (72, 630, 864), (36, 594, 882), (36, 594, 882), (36, 594, 882), (18, 612, 846), (72, 630, 972), (108, 630, 648), (90, 612, 972), (0, 576, 954), (0, 576, 864)]	(9508, 11370, 10086, 11615, 11506, 9722, 5841, 5893, 4438, 7102, 5839, 6165, 4655, 7340, 10687, 7288, 11582, 22269, 17067, 9300, 16932, 13995, 12110, 2080)
 	2015171	(843, 291)	[(54, 612, 882), (72, 630, 846), (72, 612, 846), (72, 630, 846), (36, 612, 864), (36, 594, 900), (36, 612, 882), (18, 612, 864), (36, 594, 846), (90, 612, 864), (54, 612, 882), (54, 612, 864), (54, 612, 846), (54, 612, 864), (54, 612, 864), (54, 612, 864), (36, 594, 846), (36, 594, 864), (72, 594, 882), (72, 594, 954), (72, 684, 666), (108, 612, 756), (36, 594, 972), (-36, 594, 936), (36, 612, 846)]	(9510, 11370, 10088, 11601, 11495, 9741, 5932, 5938, 4511, 7068, 5808, 6185, 4684, 7387, 10742, 7305, 11605, 22330, 17093, 9300, 16919, 13988, 12103, 2074)
a	2016108	(651, 457)	[(180, 666, 810), (162, 648, 810), (144, 648, 828), (126, 648, 828), (126, 648, 810), (144, 648, 828), (180, 648, 792), (144, 666, 792), (144, 648, 810), (180, 666, 792), (180, 648, 792), (144, 666, 792), (90, 648, 810), (36, 630, 810), (54, 630, 846), (54, 612, 900), (18, 594, 936), (0, 576, 900), (0, 594, 864), (18, 594, 864), (72, 630, 846), (72, 630, 846), (54, 612, 864), (90, 630, 810), (54, 594, 936)]	(9508, 11334, 10056, 11539, 11502, 9710, 5414, 5842, 4412, 7038, 5746, 6068, 4591, 7261, 10599, 7251, 11579, 22387, 17124, 9282, 16901, 13989, 12103, 2074)
n	2016824	(742, 292)	[(54, 612, 864), (54, 612, 864), (72, 612, 882), (90, 630, 846), (54, 630, 864), (72, 612, 846), (72, 630, 846), (72, 630, 846), (90, 630, 846), (72, 630, 828), (90, 630, 828), (90, 630, 828), (108, 630, 846), (90, 630, 864), (90, 630, 846), (72, 630, 828), (72, 630, 828), (72, 630, 846), (108, 648, 846), (144, 648, 756), (90, 630, 918), (90, 630, 918), (72, 630, 828), (108, 630, 828), (126, 630, 828)]	(9512, 11355, 10057, 11515, 11500, 9690, 5499, 5867, 4462, 7084, 5850, 6150, 4647, 7313, 10670, 7273, 11592, 22400, 17110, 9285, 16863, 13973, 12104, 2076)
d	2017795	(661, 328)	[(90, 630, 846), (90, 630, 846), (90, 630, 846), (90, 630, 864), (90, 630, 846), (108, 630, 846), (90, 630, 846), (90, 630, 846), (90, 630, 846), (90, 630, 828), (90, 630, 846), (108, 630, 864), (90, 630, 846), (90, 630, 846), (90, 630, 828), (90, 630, 846), (108, 630, 828), (90, 630, 846), (90, 630, 846), (90, 630, 846), (126, 630, 864), (126, 648, 648), (54, 612, 1044), (36, 594, 882), (72, 612, 792)]	(9503, 11367, 10066, 11515, 11496, 9690, 5509, 5875, 4450, 7057, 5755, 6210, 4642, 7317, 10681, 7276, 11586, 22406, 17113, 9275, 16866, 13974, 12103, 2074)
 	2018980	(832, 181)	[(72, 612, 864), (108, 630, 846), (108, 648, 846), (126, 648, 864), (126, 648, 810), (144, 648, 828), (144, 648, 792), (162, 666, 792), (162, 666, 792), (162, 666, 774), (126, 648, 810), (126, 648, 846), (108, 648, 864), (108, 648, 846), (126, 648, 828), (126, 666, 810), (126, 666, 828), (126, 648, 828), (126, 666, 828), (126, 648, 810), (144, 666, 828), (126, 774, 630), (162, 630, 756), (90, 630, 1008), (90, 630, 846)]	(9505, 11353, 9984, 11385, 11492, 9658, 5593, 5955, 4486, 7054, 5845, 6159, 4693, 7378, 10782, 7305, 11616, 22500, 17121, 9276, 16833, 13960, 12099, 2081)
m	2019850	(752, 85)	[(144, 666, 828), (126, 648, 810), (126, 648, 828), (126, 648, 828), (144, 666, 828), (108, 648, 864), (126, 648, 810), (126, 666, 810), (126, 648, 810), (126, 648, 792), (126, 648, 792), (162, 684, 828), (162, 666, 828), (162, 666, 810), (144, 666, 810), (126, 666, 810), (126, 666, 810), (144, 666, 810), (144, 666, 828), (198, 648, 810), (306, 738, 666), (198, 702, 792), (270, 684, 792), (234, 702, 738)]	(9512, 11416, 9931, 11308, 11493, 9696, 5698, 5915, 4434, 7061, 5968, 6283, 4708, 7463, 10844, 7310, 11639, 22492, 17167, 9278, 16878, 13982, 12109, 2081)
o	2020364	(572, 83)	[(144, 666, 810), (144, 666, 828), (198, 648, 810), (306, 738, 666), (198, 702, 792), (270, 684, 792), (234, 702, 738), (216, 702, 684), (180, 702, 846), (180, 684, 828), (180, 684, 792), (216, 702, 792), (198, 702, 756), (198, 702, 738), (234, 720, 738), (234, 720, 756), (216, 702, 756), (216, 720, 774), (216, 720, 774), (324, 756, 540), (234, 720, 846), (288, 720, 828), (270, 720, 774), (252, 720, 738), (288, 720, 648)]	(9518, 11408, 9876, 11185, 11484, 9634, 5505, 5906, 4314, 7039, 5856, 6221, 4692, 7417, 10743, 7288, 11610, 22448, 17094, 9257, 16843, 13960, 12102, 2080)
d	2021537	(658, 320)	[(144, 666, 810), (144, 666, 810), (144, 666, 810), (126, 666, 792), (126, 648, 774), (126, 666, 810), (108, 648, 828), (126, 648, 828), (90, 630, 846), (126, 630, 864), (108, 630, 864), (90, 648, 828), (90, 630, 828), (108, 648, 828), (108, 648, 828), (90, 630, 828), (72, 648, 810), (126, 648, 864), (162, 684, 576), (90, 630, 954), (54, 612, 936), (72, 630, 882), (90, 630, 828), (144, 666, 774), (144, 666, 774)]	(9502, 11381, 10008, 11455, 11495, 9680, 5654, 5931, 4348, 7083, 5781, 6219, 4641, 7319, 10685, 7274, 11581, 22309, 17061, 9300, 16922, 14004, 12103, 2066)
e	2021948	(589, 347)	[(108, 648, 828), (90, 630, 828), (72, 648, 810), (126, 648, 864), (162, 684, 576), (90, 630, 954), (54, 612, 936), (72, 630, 882), (90, 630, 828), (144, 666, 774), (144, 666, 774), (108, 648, 810), (108, 630, 846), (126, 648, 828), (108, 666, 810), (126, 648, 828), (108, 648, 828), (108, 648, 846), (90, 630, 864), (108, 648, 846), (144, 648, 702), (162, 648, 846), (108, 630, 954), (72, 630, 864), (90, 630, 792)]	(9498, 11408, 10049, 11468, 11492, 9732, 5679, 5858, 4430, 7041, 5881, 6254, 4634, 7340, 10742, 7296, 11595, 22367, 17109, 9299, 16936, 14010, 12117, 2079)
l	2022613	(665, 37)	[(108, 648, 792), (90, 630, 846), (90, 648, 828), (72, 648, 846), (72, 630, 828), (90, 630, 828), (90, 630, 864), (108, 630, 882), (144, 648, 882), (180, 666, 846), (216, 666, 846), (216, 684, 792), (198, 684, 756), (198, 684, 756), (180, 684, 738), (216, 684, 774), (216, 702, 756), (198, 702, 756), (270, 684, 558), (324, 738, 540), (234, 702, 864), (234, 702, 972), (234, 666, 900), (216, 684, 738), (270, 720, 702)]	(9509, 11423, 9964, 11291, 11492, 9669, 5645, 5865, 4377, 7055, 5904, 6207, 4702, 7427, 10845, 7310, 11623, 22479, 17052, 9261, 16828, 13955, 12094, 2088)
s	2023280	(662, 371)	[(252, 720, 648), (198, 684, 792), (162, 666, 810), (126, 648, 828), (72, 630, 864), (54, 594, 900), (36, 612, 918), (0, 612, 936), (18, 594, 900), (54, 612, 864), (36, 612, 846), (36, 612, 864), (36, 612, 882), (36, 612, 882), (54, 612, 864), (18, 594, 882), (18, 594, 918), (36, 594, 882), (54, 594, 882), (54, 612, 864), (36, 612, 846), (72, 648, 936), (72, 648, 684), (90, 612, 882), (54, 594, 972)]	(9503, 11377, 10188, 11715, 11509, 9769, 6173, 6093, 4625, 7111, 5961, 6326, 4694, 7341, 10856, 7323, 11618, 22360, 17131, 9324, 16990, 14010, 12115, 2077)
 	2024667	(828, 255)	[(90, 612, 864), (54, 612, 882), (54, 612, 864), (72, 612, 864), (72, 612, 846), (72, 630, 846), (72, 612, 864), (72, 612, 846), (72, 630, 864), (72, 612, 864), (54, 630, 828), (72, 630, 864), (54, 630, 828), (72, 612, 882), (54, 612, 846), (54, 630, 846), (72, 612, 846), (54, 612, 846), (54, 630, 846), (72, 630, 1026), (144, 612, 720), (18, 612, 972), (-36, 576, 954), (36, 594, 846), (90, 630, 846)]	(9506, 11375, 10177, 11726, 11505, 9709, 5971, 6006, 4510, 7050, 5883, 6222, 4674, 7297, 10756, 7309, 11592, 22309, 17071, 9316, 16950, 14000, 12101, 2084)
p	2027936	(604, 15)	[(90, 666, 846), (90, 666, 810), (126, 666, 828), (126, 666, 846), (180, 684, 864), (162, 702, 792), (180, 684, 720), (180, 684, 720), (198, 702, 720), (180, 720, 720), (198, 702, 756), (216, 720, 774), (216, 738, 774), (198, 702, 756), (216, 720, 756), (216, 738, 738), (288, 738, 576), (378, 774, 594), (342, 756, 720), (288, 756, 774), (252, 720, 774), (324, 756, 720), (324, 756, 648), (288, 756, 558), (306, 756, 522)]	(9501, 11394, 10069, 11422, 11489, 9719, 5934, 5990, 4404, 7070, 5970, 6287, 4697, 7387, 10883, 7311, 11603, 22389, 17060, 9275, 16866, 13989, 12098, 2093)
e	2028750	(590, 347)	[(108, 666, 846), (108, 648, 846), (72, 630, 846), (54, 648, 846), (90, 648, 846), (72, 648, 828), (72, 648, 846), (72, 630, 846), (72, 648, 864), (72, 630, 882), (72, 630, 846), (72, 630, 828), (90, 648, 828), (72, 648, 828), (90, 648, 828), (90, 648, 810), (72, 648, 810), (72, 648, 846), (72, 648, 846), (108, 648, 882), (108, 684, 576), (108, 630, 954), (90, 630, 1044), (36, 630, 810), (90, 648, 792)]	(9500, 11394, 10111, 11639, 11506, 9797, 6309, 5908, 4482, 7101, 5920, 6246, 4687, 7361, 10915, 7342, 11614, 22296, 17067, 9312, 16954, 14006, 12100, 2080)
r	2029317	(596, 307)	[(108, 684, 576), (108, 630, 954), (90, 630, 1044), (36, 630, 810), (90, 648, 792), (108, 666, 792), (72, 648, 882), (72, 648, 846), (90, 648, 846), (108, 648, 810), (108, 648, 810), (90, 648, 828), (90, 648, 828), (90, 666, 828), (90, 648, 828), (72, 648, 846), (90, 648, 846), (90, 648, 864), (72, 648, 846), (180, 684, 684), (144, 666, 630), (108, 648, 1008), (18, 612, 1044), (54, 630, 846), (108, 666, 828)]	(9498, 11413, 10129, 11641, 11508, 9765, 6334, 5947, 4478, 7109, 5909, 6214, 4738, 7434, 11057, 7370, 11643, 22466, 17193, 9338, 17032, 14055, 12120, 2096)
 	2030356	(849, 215)	[(108, 666, 828), (90, 648, 828), (108, 648, 828), (90, 648, 828), (90, 648, 846), (108, 666, 828), (90, 630, 828), (90, 648, 846), (108, 648, 828), (108, 630, 828), (108, 648, 810), (90, 666, 810), (90, 648, 810), (108, 648, 828), (108, 648, 846), (108, 666, 846), (72, 648, 828), (108, 648, 828), (90, 648, 828), (90, 648, 810), (126, 666, 918), (144, 738, 540), (18, 630, 990), (36, 612, 936), (72, 630, 864)]	(9496, 11386, 10129, 11640, 11505, 9766, 6149, 5928, 4519, 7089, 5973, 6308, 4694, 7345, 10878, 7323, 11608, 22314, 17070, 9322, 16953, 14020, 12105, 2070)
t	2031074	(577, 273)	[(90, 648, 828), (108, 648, 828), (126, 648, 810), (126, 666, 792), (108, 648, 828), (90, 648, 828), (72, 648, 846), (90, 648, 828), (90, 648, 846), (108, 666, 810), (108, 648, 828), (108, 648, 828), (90, 648, 828), (108, 648, 828), (90, 666, 864), (90, 666, 846), (72, 648, 846), (72, 648, 828), (126, 666, 792), (180, 684, 666), (198, 684, 828), (108, 666, 900), (90, 648, 828), (126, 684, 756), (162, 684, 774)]	(9493, 11376, 10104, 11604, 11503, 9757, 6129, 5904, 4574, 7090, 5982, 6211, 4710, 7382, 10928, 7339, 11612, 22357, 17092, 9310, 16926, 14003, 12110, 2077)
h	2031471	(675, 194)	[(108, 648, 828), (90, 666, 864), (90, 666, 846), (72, 648, 846), (72, 648, 828), (126, 666, 792), (180, 684, 666), (198, 684, 828), (108, 666, 900), (90, 648, 828), (126, 684, 756), (162, 684, 774), (126, 666, 828), (126, 666, 792), (126, 684, 774), (126, 684, 810), (126, 684, 810), (144, 684, 810), (144, 666, 792), (198, 720, 594), (180, 684, 828), (108, 684, 900), (108, 666, 810), (126, 684, 792), (144, 684, 774)]	(9498, 11353, 10090, 11582, 11496, 9725, 5912, 5931, 4429, 7047, 5864, 6235, 4704, 7373, 10882, 7325, 11609, 22374, 17079, 9306, 16904, 13996, 12112, 2086)
e	2032033	(585, 353)	[(180, 684, 828), (108, 684, 900), (108, 666, 810), (126, 684, 792), (144, 684, 774), (144, 684, 792), (126, 684, 810), (126, 684, 828), (126, 666, 810), (108, 666, 774), (108, 666, 810), (108, 666, 810), (108, 666, 810), (90, 684, 828), (90, 648, 828), (90, 648, 828), (90, 648, 828), (90, 648, 846), (90, 648, 810), (108, 666, 810), (144, 684, 738), (144, 666, 666), (126, 648, 864), (72, 630, 972), (72, 648, 882)]	(9499, 11374, 10117, 11626, 11501, 9742, 6034, 5987, 4428, 7083, 5842, 6250, 4702, 7357, 10881, 7339, 11614, 22371, 17106, 9314, 16960, 14023, 12114, 2084)
 	2032479	(813, 233)	[(90, 648, 828), (90, 648, 846), (90, 648, 810), (108, 666, 810), (144, 684, 738), (144, 666, 666), (126, 648, 864), (72, 630, 972), (72, 648, 882), (90, 648, 810), (72, 648, 864), (54, 630, 864), (72, 648, 846), (90, 630, 828), (90, 648, 810), (72, 648, 810), (90, 648, 846), (90, 648, 846), (90, 648, 828), (72, 630, 918), (126, 702, 576), (126, 666, 864), (36, 630, 990), (36, 612, 846), (108, 648, 828)]	(9499, 11370, 10114, 11635, 11501, 9743, 5993, 5994, 4461, 7116, 5970, 6275, 4682, 7365, 10882, 7326, 11621, 22362, 17122, 9327, 16971, 14030, 12106, 2080)
n	2033617	(749, 142)	[(90, 648, 828), (90, 648, 846), (90, 648, 846), (72, 648, 828), (108, 666, 828), (90, 648, 828), (90, 648, 828), (108, 648, 810), (90, 648, 792), (108, 666, 828), (126, 648, 846), (90, 648, 882), (90, 648, 846), (108, 648, 828), (126, 666, 828), (108, 666, 810), (126, 684, 792), (108, 666, 792), (126, 666, 828), (198, 720, 594), (198, 702, 756), (126, 684, 936), (126, 684, 864), (126, 684, 810), (126, 702, 756)]	(9499, 11355, 10095, 11580, 11495, 9739, 5897, 5875, 4401, 7083, 5910, 6281, 4683, 7342, 10830, 7313, 11603, 22350, 17060, 9304, 16896, 13996, 12108, 2076)
e	2034236	(577, 351)	[(126, 684, 810), (126, 702, 756), (126, 684, 792), (108, 666, 810), (108, 666, 792), (90, 648, 810), (90, 648, 828), (72, 666, 846), (90, 648, 864), (90, 648, 864), (72, 648, 846), (72, 648, 828), (90, 648, 828), (90, 648, 828), (108, 666, 828), (90, 648, 846), (72, 648, 846), (90, 648, 810), (108, 666, 810), (162, 666, 756), (126, 666, 738), (108, 666, 1026), (36, 612, 864), (72, 630, 774), (126, 666, 792)]	(9499, 11347, 10106, 11590, 11500, 9677, 5883, 5922, 4574, 7103, 5912, 6168, 4686, 7344, 10814, 7318, 11585, 22327, 17043, 9310, 16919, 14007, 12106, 2078)
t	2034900	(595, 249)	[(108, 648, 810), (90, 648, 828), (126, 666, 810), (126, 666, 828), (108, 648, 828), (90, 648, 810), (108, 648, 792), (108, 666, 828), (90, 666, 828), (108, 648, 828), (108, 666, 810), (108, 666, 810), (108, 666, 828), (126, 666, 810), (126, 666, 828), (108, 666, 828), (108, 666, 810), (90, 666, 828), (108, 648, 828), (90, 648, 828), (252, 720, 576), (216, 702, 810), (126, 648, 1008), (90, 648, 900), (108, 648, 810)]	(9501, 11368, 10110, 11565, 11507, 9763, 6013, 5990, 4513, 7069, 5869, 6233, 4737, 7431, 10970, 7359, 11646, 22501, 17147, 9320, 16936, 14023, 12121, 2090)
c	2036238	(739, 293)	[(108, 666, 828), (108, 666, 810), (108, 648, 810), (126, 666, 810), (108, 648, 828), (126, 648, 828), (90, 648, 810), (108, 666, 828), (126, 666, 828), (108, 648, 828), (90, 648, 828), (108, 648, 828), (108, 666, 828), (126, 648, 846), (90, 666, 828), (108, 648, 810), (108, 648, 810), (108, 666, 810), (108, 666, 864), (126, 684, 702), (162, 666, 756), (72, 630, 972), (72, 630, 882), (108, 648, 846), (126, 666, 810)]	(9500, 11350, 10095, 11596, 11510, 9747, 5850, 5943, 4494, 7076, 5922, 6287, 4710, 7380, 10892, 7324, 11619, 22402, 17067, 9308, 16909, 13998, 12113, 2086)
o	2036805	(578, 92)	[(72, 630, 972), (72, 630, 882), (108, 648, 846), (126, 666, 810), (90, 648, 828), (0, 630, 828), (36, 666, 828), (72, 666, 828), (180, 666, 864), (216, 702, 828), (252, 702, 792), (234, 702, 738), (216, 720, 666), (234, 720, 648), (252, 738, 684), (252, 738, 684), (216, 720, 720), (198, 720, 720), (180, 702, 738), (180, 720, 756), (288, 720, 522), (306, 738, 810), (270, 720, 882), (216, 702, 738), (216, 720, 756)]	(9510, 11376, 10060, 11493, 11504, 9695, 5736, 5925, 4495, 7101, 5914, 6255, 4712, 7417, 10888, 7323, 11644, 22548, 17148, 9295, 16885, 13984, 12109, 2088)
 	2037528	(824, 249)	[(198, 684, 756), (144, 666, 810), (126, 666, 864), (90, 648, 918), (54, 630, 900), (54, 630, 900), (72, 630, 918), (54, 630, 918), (72, 648, 864), (36, 630, 828), (72, 630, 774), (108, 648, 810), (108, 648, 846), (90, 648, 828), (90, 630, 810), (72, 630, 846), (72, 648, 846), (72, 630, 882), (72, 630, 864), (108, 630, 990), (144, 666, 576), (72, 648, 900), (36, 630, 918), (108, 630, 792), (126, 648, 828)]	(9510, 11339, 10088, 11556, 11498, 9720, 6208, 5875, 4554, 7059, 5826, 6275, 4702, 7377, 10776, 7334, 11603, 22302, 16953, 9301, 16835, 13977, 12105, 2080)
a	2038351	(661, 431)	[(36, 630, 864), (36, 612, 882), (36, 612, 864), (36, 630, 864), (18, 612, 882), (36, 612, 864), (36, 612, 864), (36, 630, 846), (54, 630, 846), (36, 630, 846), (54, 630, 846), (36, 630, 864), (36, 612, 846), (36, 612, 846), (54, 630, 846), (54, 630, 846), (36, 612, 846), (54, 630, 990), (54, 648, 648), (90, 630, 846), (0, 594, 936), (36, 594, 846), (54, 630, 846), (90, 648, 828), (90, 630, 828)]	(9494, 11353, 10083, 11628, 11509, 9747, 6553, 6000, 4500, 7131, 5922, 6212, 4675, 7372, 10745, 7331, 11595, 22175, 16991, 9301, 16833, 13985, 12100, 2076)
g	2039019	(677, 236)	[(36, 612, 882), (54, 630, 846), (54, 630, 846), (54, 630, 828), (90, 630, 828), (72, 648, 828), (90, 648, 846), (90, 648, 828), (108, 648, 828), (90, 648, 828), (108, 648, 828), (108, 648, 828), (108, 648, 846), (108, 666, 810), (108, 648, 810), (108, 648, 828), (90, 648, 828), (90, 648, 846), (108, 648, 828), (162, 702, 612), (90, 648, 954), (72, 630, 972), (72, 630, 810), (108, 666, 774), (162, 684, 774)]	(9499, 11338, 10090, 11538, 11503, 9732, 6159, 5985, 4454, 7104, 5836, 6330, 4709, 7416, 10801, 7329, 11615, 22341, 17006, 9291, 16775, 13949, 12110, 2084)
r	2039518	(593, 294)	[(162, 702, 612), (90, 648, 954), (72, 630, 972), (72, 630, 810), (108, 666, 774), (162, 684, 774), (126, 666, 756), (90, 648, 846), (108, 666, 828), (108, 648, 810), (126, 666, 810), (108, 666, 810), (108, 666, 810), (108, 648, 828), (90, 648, 828), (108, 648, 828), (90, 648, 828), (126, 666, 792), (180, 684, 648), (126, 648, 828), (72, 630, 990), (54, 630, 972), (72, 630, 882), (108, 648, 792), (162, 666, 738)]	(9503, 11321, 10081, 11555, 11503, 9751, 6138, 5962, 4466, 7093, 5891, 6241, 4707, 7423, 10802, 7334, 11609, 22347, 16974, 9286, 16764, 13949, 12099, 2087)
e	2040409	(587, 354)	[(90, 648, 846), (108, 666, 810), (108, 648, 828), (90, 648, 810), (90, 648, 828), (90, 648, 828), (108, 648, 846), (90, 648, 828), (108, 648, 810), (90, 648, 828), (90, 648, 828), (108, 648, 828), (90, 648, 846), (90, 648, 828), (108, 648, 828), (108, 648, 846), (108, 666, 828), (90, 648, 810), (72, 648, 828), (90, 648, 828), (126, 666, 828), (162, 666, 666), (54, 612, 1008), (54, 612, 828), (108, 648, 810)]	(9507, 11342, 10090, 11578, 11510, 9755, 6102, 5968, 4528, 7126, 5973, 6345, 4726, 7456, 10835, 7352, 11632, 22385, 17005, 9296, 16786, 13975, 12109, 2092)
e	2040706	(589, 344)	[(108, 648, 810), (90, 648, 828), (90, 648, 828), (108, 648, 828), (90, 648, 846), (90, 648, 828), (108, 648, 828), (108, 648, 846), (108, 666, 828), (90, 648, 810), (72, 648, 828), (90, 648, 828), (126, 666, 828), (162, 666, 666), (54, 612, 1008), (54, 612, 828), (108, 648, 810), (108, 648, 810), (54, 630, 864), (90, 648, 828), (126, 666, 828), (144, 666, 702), (108, 666, 936), (36, 630, 882), (72, 630, 774)]	(9503, 11315, 10081, 11546, 11503, 9779, 6075, 6090, 4499, 7079, 5931, 6381, 4718, 7439, 10825, 7338, 11614, 22355, 16967, 9292, 16765, 13952, 12097, 2089)
m	2041778	(751, 100)	[(90, 648, 810), (108, 648, 828), (108, 648, 828), (72, 648, 810), (90, 630, 828), (90, 648, 846), (90, 630, 882), (90, 648, 810), (108, 648, 846), (108, 648, 828), (126, 666, 792), (108, 666, 810), (108, 666, 792), (126, 666, 792), (126, 666, 810), (126, 666, 846), (126, 666, 846), (108, 666, 828), (108, 666, 846), (90, 648, 828), (108, 666, 828), (144, 684, 738), (180, 684, 756), (108, 648, 882), (126, 666, 882)]	(9504, 11366, 10083, 11550, 11506, 9742, 6355, 6081, 4565, 7128, 5908, 6280, 4735, 7490, 10950, 7374, 11655, 22444, 17121, 9317, 16841, 13988, 12115, 2092)
e	2042568	(581, 343)	[(108, 648, 846), (90, 648, 846), (90, 648, 864), (108, 648, 846), (90, 648, 828), (72, 630, 846), (90, 648, 828), (90, 648, 828), (90, 648, 810), (90, 648, 828), (108, 648, 828), (90, 648, 828), (108, 648, 846), (90, 648, 846), (90, 648, 828), (90, 648, 828), (90, 648, 828), (90, 666, 846), (162, 666, 792), (144, 684, 540), (126, 648, 1098), (36, 612, 1008), (54, 612, 810), (108, 666, 810), (144, 684, 774)]	(9494, 11344, 10083, 11540, 11505, 9747, 6167, 6021, 4510, 7100, 5920, 6333, 4709, 7425, 10812, 7335, 11605, 22329, 16982, 9287, 16772, 13962, 12110, 2081)
n	2043434	(746, 150)	[(108, 648, 828), (90, 648, 810), (108, 648, 828), (126, 666, 810), (126, 666, 774), (108, 648, 810), (126, 666, 828), (108, 648, 846), (90, 648, 828), (90, 666, 828), (108, 648, 828), (90, 648, 828), (90, 648, 810), (108, 648, 810), (126, 666, 810), (108, 666, 792), (126, 666, 792), (144, 666, 828), (198, 684, 774), (180, 684, 702), (90, 666, 864), (72, 630, 918), (90, 648, 900), (108, 648, 810), (144, 684, 738)]	(9505, 11362, 10107, 11571, 11512, 9747, 6360, 6020, 4610, 7089, 5993, 6283, 4742, 7478, 10917, 7367, 11642, 22420, 17087, 9308, 16814, 13977, 12111, 2084)
t	2044050	(586, 254)	[(108, 648, 810), (144, 684, 738), (108, 648, 828), (108, 666, 810), (144, 684, 792), (144, 666, 792), (144, 666, 792), (126, 666, 810), (108, 648, 828), (90, 648, 846), (108, 648, 810), (126, 666, 810), (126, 666, 810), (126, 684, 810), (126, 666, 810), (126, 666, 810), (108, 666, 810), (108, 666, 810), (144, 666, 756), (144, 666, 846), (108, 648, 1026), (72, 630, 900), (108, 648, 828), (126, 666, 774), (162, 684, 738)]	(9503, 11327, 10066, 11525, 11498, 9723, 6057, 5980, 4476, 7097, 5970, 6288, 4710, 7440, 10800, 7327, 11615, 22350, 16980, 9285, 16759, 13951, 12106, 2083)
