Please hold the phone in your right hand and type with your left index finger
i	2735795	(586, 132)	[(18, 612, 864), (0, 612, 864), (0, 612, 846), (0, 594, 864), (0, 612, 864), (18, 612, 846), (18, 612, 846), (18, 612, 864), (18, 612, 864), (18, 612, 864), (18, 612, 864), (0, 612, 846), (-18, 594, 864), (-36, 594, 864), (-36, 612, 846), (-18, 612, 846), (18, 612, 864), (18, 612, 846), (0, 612, 864), (-36, 612, 846), (0, 612, 864), (72, 630, 792), (0, 612, 900), (18, 630, 954), (54, 630, 900)]	(9497, 11377, 9311, 10852, 12500, 11447, 4918, 5645, 4027, 9533, 5745, 6119, 4392, 6092, 7350, 7860, 11654, 19982, 17217, 9204, 17134, 14471, 12288, 1922)
s	2736554	(676, 370)	[(18, 612, 846), (36, 630, 846), (54, 612, 846), (36, 612, 846), (36, 612, 846), (18, 594, 864), (-54, 612, 846), (-72, 576, 864), (-90, 576, 864), (-108, 576, 864), (-126, 576, 882), (-162, 576, 918), (-144, 576, 936), (-126, 576, 900), (-108, 558, 864), (-90, 594, 846), (-72, 594, 846), (-36, 594, 864), (-18, 594, 882), (0, 612, 882), (0, 594, 864), (-54, 576, 846), (-36, 594, 882), (-108, 594, 756), (36, 630, 918)]	(9499, 11343, 9298, 10872, 12481, 11358, 4877, 5631, 4010, 9490, 5704, 6105, 4366, 6090, 7360, 7835, 11645, 19980, 17174, 9204, 17202, 14500, 12289, 1928)
 	2737366	(849, 235)	[(-54, 594, 882), (-72, 594, 882), (-54, 594, 882), (-36, 612, 846), (0, 612, 846), (-36, 594, 828), (-36, 594, 846), (-36, 612, 864), (-54, 612, 864), (-54, 594, 864), (-54, 576, 864), (-54, 612, 882), (-72, 594, 864), (-36, 594, 846), (-36, 612, 864), (-36, 594, 864), (-36, 612, 846), (-36, 612, 846), (-54, 594, 864), (18, 576, 936), (-90, 594, 540), (90, 648, 936), (0, 630, 1062), (-108, 594, 1098), (-126, 594, 954)]	(9493, 11322, 9292, 10911, 12409, 11125, 4857, 5619, 4007, 9536, 5695, 6090, 4361, 6088, 7376, 7829, 11650, 19995, 17224, 9220, 17284, 14531, 12300, 1933)
t	2737859	(574, 278)	[(-54, 594, 864), (18, 576, 936), (-90, 594, 540), (90, 648, 936), (0, 630, 1062), (-108, 594, 1098), (-126, 594, 954), (18, 630, 864), (-36, 612, 918), (-36, 594, 828), (-36, 612, 828), (-36, 594, 828), (18, 594, 828), (18, 612, 846), (0, 612, 864), (0, 612, 846), (0, 612, 846), (18, 630, 828), (36, 630, 846), (18, 612, 846), (-36, 576, 774), (54, 612, 918), (54, 648, 936), (-36, 612, 900), (-36, 594, 792)]	(9504, 11326, 9296, 10860, 12452, 11195, 4856, 5630, 4015, 9618, 5728, 6102, 4365, 6090, 7376, 7782, 11636, 19987, 17182, 9207, 17233, 14496, 12296, 1921)
h	2738115	(671, 190)	[(18, 630, 864), (-36, 612, 918), (-36, 594, 828), (-36, 612, 828), (-36, 594, 828), (18, 594, 828), (18, 612, 846), (0, 612, 864), (0, 612, 846), (0, 612, 846), (18, 630, 828), (36, 630, 846), (18, 612, 846), (-36, 576, 774), (54, 612, 918), (54, 648, 936), (-36, 612, 900), (-36, 594, 792), (18, 594, 738), (-36, 594, 810), (18, 612, 792), (-36, 630, 774), (54, 648, 954), (0, 630, 972), (-36, 594, 882)]	(9490, 11323, 9288, 10848, 12462, 11194, 4854, 5622, 4017, 9560, 5724, 6104, 4363, 6101, 7370, 7779, 11613, 19983, 17165, 9197, 17225, 14479, 12289, 1920)
i	2738656	(576, 124)	[(18, 612, 792), (-36, 630, 774), (54, 648, 954), (0, 630, 972), (-36, 594, 882), (0, 630, 882), (0, 612, 864), (0, 612, 828), (18, 630, 846), (0, 612, 864), (-36, 612, 864), (0, 612, 864), (0, 630, 864), (-18, 612, 846), (0, 612, 864), (18, 612, 864), (18, 612, 846), (18, 630, 846), (18, 630, 846), (36, 630, 792), (72, 630, 864), (108, 648, 864), (108, 630, 846), (72, 630, 846), (36, 612, 810)]	(9503, 11326, 9284, 10816, 12445, 11121, 4829, 5616, 4020, 9611, 5712, 6097, 4365, 6094, 7373, 7741, 11629, 19987, 17185, 9194, 17223, 14482, 12293, 1935)
s	2739367	(657, 394)	[(-36, 612, 846), (-54, 594, 864), (-72, 594, 864), (-72, 594, 882), (-72, 594, 900), (-54, 594, 900), (-72, 594, 864), (-54, 594, 882), (-54, 594, 864), (-36, 594, 864), (-54, 594, 846), (-54, 594, 882), (-54, 594, 864), (-54, 576, 864), (-54, 594, 846), (-54, 594, 882), (-54, 594, 864), (-54, 594, 846), (-54, 594, 864), (-36, 612, 936), (-144, 576, 756), (36, 594, 882), (18, 630, 990), (-90, 576, 810), (-36, 576, 792)]	(9480, 11292, 9277, 10867, 12413, 11002, 4802, 5599, 3980, 9429, 5680, 6060, 4351, 6052, 7347, 7712, 11596, 19974, 17104, 9193, 17262, 14507, 12298, 1941)
 	2739826	(853, 258)	[(-54, 594, 864), (-54, 594, 846), (-54, 594, 864), (-36, 612, 936), (-144, 576, 756), (36, 594, 882), (18, 630, 990), (-90, 576, 810), (-36, 576, 792), (-54, 594, 918), (-54, 594, 864), (-54, 594, 846), (-36, 594, 846), (-54, 594, 846), (-72, 594, 918), (-54, 612, 900), (-36, 594, 882), (-54, 594, 846), (-72, 576, 846), (36, 576, 954), (-54, 612, 684), (54, 648, 972), (-54, 612, 1026), (-108, 594, 954), (-72, 576, 774)]	(9501, 11303, 9287, 10902, 12420, 11015, 4800, 5618, 3988, 9500, 5683, 6071, 4345, 6076, 7348, 7726, 11609, 19983, 17121, 9202, 17287, 14515, 12292, 1939)
t	2741060	(588, 266)	[(-18, 612, 846), (0, 612, 846), (18, 612, 828), (54, 630, 810), (72, 630, 864), (54, 630, 846), (36, 630, 828), (36, 630, 828), (36, 612, 810), (54, 630, 864), (54, 630, 864), (36, 630, 864), (0, 612, 846), (18, 612, 846), (18, 612, 828), (18, 630, 846), (18, 630, 846), (18, 612, 882), (18, 612, 882), (36, 612, 756), (36, 630, 918), (54, 648, 954), (36, 612, 918), (-36, 594, 846), (0, 594, 774)]	(9501, 11295, 9283, 10835, 12383, 10852, 4779, 5586, 3985, 9444, 5672, 6060, 4332, 6083, 7355, 7681, 11589, 19967, 17118, 9195, 17256, 14512, 12291, 1933)
h	2741452	(694, 192)	[(18, 612, 846), (18, 612, 828), (18, 630, 846), (18, 630, 846), (18, 612, 882), (18, 612, 882), (36, 612, 756), (36, 630, 918), (54, 648, 954), (36, 612, 918), (-36, 594, 846), (0, 594, 774), (36, 630, 918), (18, 594, 792), (0, 612, 810), (18, 612, 846), (36, 630, 900), (18, 630, 882), (18, 612, 864), (36, 612, 810), (72, 594, 738), (54, 612, 774), (54, 666, 972), (54, 630, 1008), (0, 594, 936)]	(9503, 11324, 9275, 10886, 12410, 10949, 4800, 5605, 4016, 9495, 5688, 6070, 4339, 6080, 7364, 7696, 11602, 19996, 17210, 9217, 17330, 14552, 12304, 1933)
e	2742064	(580, 359)	[(54, 630, 1008), (0, 594, 936), (18, 612, 828), (18, 612, 846), (18, 612, 828), (18, 612, 810), (18, 612, 828), (18, 630, 864), (36, 630, 882), (18, 612, 864), (18, 612, 828), (18, 612, 828), (18, 630, 846), (18, 612, 882), (36, 612, 882), (18, 612, 846), (18, 612, 846), (18, 612, 828), (18, 612, 846), (36, 612, 846), (36, 630, 846), (54, 576, 702), (54, 612, 882), (90, 666, 1008), (-54, 612, 972)]	(9506, 11310, 9287, 10835, 12397, 10854, 4768, 5606, 3996, 9470, 5684, 6074, 4348, 6083, 7357, 7693, 11594, 19981, 17148, 9201, 17287, 14527, 12296, 1943)
 	2742477	(852, 215)	[(36, 612, 882), (18, 612, 846), (18, 612, 846), (18, 612, 828), (18, 612, 846), (36, 612, 846), (36, 630, 846), (54, 576, 702), (54, 612, 882), (90, 666, 1008), (-54, 612, 972), (36, 612, 864), (0, 612, 882), (0, 594, 846), (0, 594, 810), (18, 612, 828), (36, 630, 846), (36, 630, 864), (18, 630, 864), (90, 558, 864), (-36, 630, 576), (162, 648, 990), (-36, 612, 1026), (-108, 576, 900), (-72, 594, 810)]	(9485, 11258, 9277, 10843, 12371, 10870, 4759, 5586, 3975, 9393, 5684, 6062, 4329, 6062, 7340, 7668, 11579, 19971, 17095, 9195, 17237, 14500, 12284, 1933)
c	2743967	(752, 301)	[(18, 612, 864), (0, 594, 846), (0, 612, 864), (18, 612, 882), (-36, 612, 882), (-18, 612, 864), (-36, 612, 864), (18, 612, 846), (0, 594, 846), (0, 612, 846), (0, 594, 846), (18, 612, 864), (0, 612, 864), (-18, 630, 846), (0, 612, 846), (-36, 612, 846), (0, 612, 864), (-36, 612, 864), (-18, 612, 864), (18, 612, 900), (-36, 612, 684), (36, 648, 918), (0, 630, 1008), (-54, 612, 936), (-36, 576, 810)]	(9510, 11293, 9284, 10860, 12370, 10820, 4767, 5615, 3999, 9495, 5681, 6072, 4345, 6081, 7360, 7664, 11595, 19994, 17157, 9201, 17290, 14533, 12293, 1939)
o	2744679	(573, 84)	[(-36, 612, 792), (18, 612, 864), (36, 612, 864), (54, 630, 846), (54, 630, 846), (72, 630, 828), (72, 630, 864), (108, 630, 810), (90, 630, 810), (126, 630, 846), (126, 648, 828), (126, 648, 810), (108, 648, 828), (90, 630, 828), (90, 630, 810), (72, 630, 846), (54, 630, 882), (54, 630, 828), (72, 612, 810), (90, 648, 846), (180, 630, 702), (144, 648, 864), (36, 666, 972), (144, 648, 882), (126, 630, 774)]	(9506, 11250, 9262, 10740, 12295, 10568, 4708, 5582, 3980, 9470, 5664, 6058, 4333, 6077, 7365, 7568, 11545, 19975, 17166, 9190, 17233, 14497, 12284, 1937)
n	2745645	(749, 163)	[(18, 612, 882), (0, 612, 882), (0, 612, 864), (0, 594, 864), (18, 612, 846), (18, 612, 846), (18, 612, 864), (18, 612, 846), (36, 594, 846), (0, 612, 846), (18, 612, 864), (18, 612, 828), (36, 612, 846), (18, 612, 846), (18, 612, 864), (36, 612, 864), (18, 612, 846), (36, 612, 846), (18, 612, 864), (18, 612, 846), (54, 630, 846), (54, 612, 864), (36, 630, 936), (18, 630, 936), (18, 612, 846)]	(9507, 11285, 9280, 10855, 12335, 10669, 4744, 5608, 4007, 9527, 5686, 6073, 4341, 6083, 7372, 7609, 11558, 19993, 17182, 9208, 17304, 14563, 12300, 1939)
f	2746356	(670, 293)	[(0, 612, 828), (18, 612, 864), (18, 612, 882), (18, 612, 864), (18, 612, 864), (36, 612, 846), (36, 630, 828), (36, 630, 846), (36, 630, 846), (36, 612, 864), (18, 612, 846), (18, 612, 846), (18, 612, 864), (18, 630, 864), (18, 612, 864), (18, 612, 846), (18, 612, 846), (18, 612, 864), (36, 630, 882), (0, 576, 630), (90, 630, 918), (54, 648, 990), (-18, 612, 972), (-36, 594, 828), (18, 594, 702)]	(9505, 11270, 9281, 10840, 12312, 10585, 4713, 5591, 3985, 9412, 5665, 6047, 4333, 6077, 7353, 7587, 11549, 19979, 17113, 9197, 17261, 14532, 12285, 1934)
e	2747439	(586, 358)	[(18, 612, 864), (18, 612, 864), (18, 612, 864), (18, 612, 846), (36, 612, 846), (36, 612, 846), (36, 612, 864), (18, 612, 864), (36, 612, 882), (18, 612, 846), (18, 612, 846), (36, 612, 846), (18, 612, 828), (36, 630, 846), (18, 612, 846), (18, 612, 864), (18, 612, 846), (54, 630, 864), (36, 594, 738), (72, 612, 882), (54, 630, 954), (18, 612, 954), (0, 612, 864), (18, 612, 756), (18, 612, 774)]	(9502, 11265, 9269, 10814, 12269, 10514, 4693, 5568, 3967, 9373, 5654, 6037, 4321, 6078, 7348, 7569, 11540, 19967, 17094, 9194, 17248, 14528, 12277, 1939)
r	2747680	(595, 311)	[(36, 612, 864), (18, 612, 864), (36, 612, 882), (18, 612, 846), (18, 612, 846), (36, 612, 846), (18, 612, 828), (36, 630, 846), (18, 612, 846), (18, 612, 864), (18, 612, 846), (54, 630, 864), (36, 594, 738), (72, 612, 882), (54, 630, 954), (18, 612, 954), (0, 612, 864), (18, 612, 756), (18, 612, 774), (18, 612, 918), (18, 612, 828), (36, 612, 846), (54, 630, 936), (18, 630, 972), (-36, 612, 900)]	(9508, 11267, 9284, 10830, 12304, 10584, 4720, 5577, 3983, 9484, 5670, 6062, 4336, 6072, 7361, 7590, 11555, 19984, 17128, 9204, 17274, 14558, 12295, 1940)
e	2747923	(581, 349)	[(18, 612, 828), (36, 630, 846), (18, 612, 846), (18, 612, 864), (18, 612, 846), (54, 630, 864), (36, 594, 738), (72, 612, 882), (54, 630, 954), (18, 612, 954), (0, 612, 864), (18, 612, 756), (18, 612, 774), (18, 612, 918), (18, 612, 828), (36, 612, 846), (54, 630, 936), (18, 630, 972), (-36, 612, 900), (54, 630, 900), (54, 594, 720), (0, 576, 756), (72, 666, 972), (18, 648, 1062), (-36, 594, 954)]	(9519, 11282, 9288, 10835, 12300, 10551, 4725, 5600, 3998, 9503, 5662, 6035, 4345, 6071, 7376, 7590, 11563, 19992, 17183, 9214, 17307, 14589, 12303, 1941)
n	2749323	(747, 151)	[(54, 630, 864), (36, 612, 864), (36, 630, 846), (36, 612, 846), (18, 612, 846), (18, 612, 846), (18, 612, 864), (18, 612, 864), (18, 612, 864), (36, 612, 864), (36, 612, 828), (36, 612, 864), (36, 630, 864), (36, 612, 864), (36, 630, 864), (36, 630, 846), (18, 612, 846), (18, 612, 864), (18, 594, 864), (18, 612, 864), (36, 630, 864), (36, 630, 612), (18, 630, 990), (36, 630, 1026), (0, 630, 918)]	(9503, 11285, 9279, 10899, 12313, 10631, 4749, 5606, 3997, 9450, 5667, 6065, 4347, 6084, 7378, 7618, 11568, 20004, 17212, 9220, 17323, 14599, 12298, 1949)
c	2750186	(743, 297)	[(18, 612, 828), (36, 612, 864), (36, 630, 864), (18, 630, 864), (18, 612, 846), (18, 612, 864), (0, 612, 846), (18, 612, 828), (18, 612, 864), (36, 630, 864), (36, 612, 864), (36, 612, 864), (36, 630, 846), (36, 612, 846), (36, 612, 864), (36, 612, 864), (18, 612, 864), (18, 630, 846), (18, 612, 846), (18, 612, 882), (0, 612, 738), (54, 630, 918), (18, 630, 954), (0, 594, 882), (36, 612, 774)]	(9509, 11259, 9277, 10847, 12285, 10526, 4695, 5572, 3973, 9373, 5654, 6041, 4326, 6074, 7354, 7571, 11547, 19975, 17100, 9186, 17275, 14549, 12283, 1940)
e	2750678	(568, 369)	[(18, 612, 846), (18, 612, 882), (0, 612, 738), (54, 630, 918), (18, 630, 954), (0, 594, 882), (36, 612, 774), (36, 630, 882), (18, 630, 828), (18, 612, 810), (18, 612, 864), (18, 630, 864), (18, 612, 864), (54, 630, 846), (54, 630, 828), (36, 612, 846), (72, 630, 864), (36, 630, 846), (36, 612, 864), (36, 630, 864), (18, 612, 846), (90, 612, 756), (18, 594, 828), (90, 666, 990), (-36, 612, 990)]	(9512, 11285, 9281, 10866, 12301, 10538, 4714, 5599, 3991, 9444, 5660, 6055, 4333, 6064, 7368, 7596, 11560, 19990, 17169, 9211, 17335, 14574, 12302, 1948)
 	2751286	(824, 236)	[(90, 666, 990), (-36, 612, 990), (18, 612, 882), (36, 612, 882), (0, 612, 828), (18, 612, 810), (18, 612, 810), (36, 612, 864), (18, 612, 864), (18, 612, 846), (36, 612, 846), (54, 630, 846), (36, 612, 846), (18, 612, 846), (18, 612, 864), (36, 630, 864), (18, 612, 864), (18, 612, 864), (0, 612, 864), (36, 612, 846), (0, 630, 648), (126, 648, 918), (36, 648, 1008), (-36, 612, 972), (18, 594, 846)]	(9513, 11267, 9280, 10855, 12273, 10526, 4725, 5588, 3981, 9399, 5652, 6059, 4333, 6071, 7362, 7592, 11556, 19991, 17166, 9211, 17320, 14568, 12298, 1952)
r	2751796	(580, 318)	[(0, 612, 864), (36, 612, 846), (0, 630, 648), (126, 648, 918), (36, 648, 1008), (-36, 612, 972), (18, 594, 846), (18, 594, 756), (18, 612, 810), (18, 612, 792), (18, 612, 828), (36, 594, 882), (18, 612, 882), (36, 612, 828), (36, 612, 846), (36, 612, 846), (36, 612, 846), (0, 612, 828), (54, 612, 882), (54, 630, 846), (72, 630, 846), (18, 630, 792), (90, 630, 918), (54, 612, 918), (36, 594, 864)]	(9506, 11238, 9262, 10807, 12260, 10484, 4688, 5572, 3961, 9348, 5644, 6029, 4322, 6073, 7348, 7562, 11533, 19966, 17094, 9204, 17266, 14530, 12274, 1940)
a	2752187	(656, 470)	[(36, 612, 828), (36, 612, 846), (36, 612, 846), (36, 612, 846), (0, 612, 828), (54, 612, 882), (54, 630, 846), (72, 630, 846), (18, 630, 792), (90, 630, 918), (54, 612, 918), (36, 594, 864), (18, 612, 846), (18, 612, 864), (36, 630, 882), (36, 612, 846), (54, 612, 864), (0, 594, 882), (0, 612, 846), (18, 612, 828), (0, 594, 864), (36, 612, 882), (54, 612, 810), (54, 630, 900), (0, 612, 882)]	(9503, 11255, 9277, 10830, 12267, 10478, 4678, 5562, 3949, 9319, 5636, 6025, 4320, 6066, 7344, 7563, 11538, 19967, 17093, 9196, 17261, 14534, 12286, 1946)
t	2753369	(571, 261)	[(36, 612, 864), (36, 612, 846), (18, 594, 864), (18, 612, 846), (18, 612, 864), (36, 612, 864), (18, 612, 882), (36, 612, 846), (18, 612, 846), (36, 594, 846), (54, 630, 864), (36, 612, 864), (18, 630, 900), (18, 612, 882), (18, 612, 846), (36, 630, 828), (54, 612, 828), (90, 630, 810), (90, 630, 828), (72, 630, 810), (144, 612, 648), (144, 630, 810), (126, 666, 954), (144, 666, 990), (108, 648, 882)]	(9510, 11280, 9284, 10834, 12282, 10506, 4691, 5581, 3969, 9402, 5643, 6035, 4323, 6064, 7354, 7578, 11559, 19994, 17171, 9212, 17326, 14560, 12294, 1950)
e	2753981	(586, 337)	[(144, 666, 990), (108, 648, 882), (126, 666, 864), (72, 612, 828), (54, 630, 810), (72, 630, 810), (72, 630, 828), (72, 630, 864), (90, 630, 864), (72, 612, 846), (72, 630, 864), (72, 630, 828), (72, 630, 828), (72, 630, 846), (54, 630, 846), (72, 630, 846), (72, 630, 828), (54, 612, 828), (72, 630, 846), (90, 630, 864), (90, 630, 864), (108, 594, 738), (108, 630, 882), (126, 666, 954), (36, 612, 846)]	(9510, 11268, 9281, 10829, 12251, 10474, 4680, 5566, 3957, 9329, 5636, 6020, 4324, 6070, 7347, 7571, 11548, 19979, 17119, 9200, 17295, 14548, 12280, 1936)
i	2757866	(563, 136)	[(-54, 558, 846), (-54, 540, 864), (-36, 540, 882), (-18, 540, 882), (-36, 540, 846), (36, 594, 918), (54, 594, 846), (144, 612, 864), (90, 612, 846), (90, 612, 828), (90, 594, 828), (18, 576, 918), (54, 576, 882), (36, 594, 864), (90, 612, 918), (108, 594, 864), (90, 594, 828), (126, 612, 828), (108, 612, 828), (108, 612, 846), (108, 612, 792), (90, 612, 846), (90, 594, 936), (90, 576, 954), (54, 594, 882)]	(9452, 11191, 9296, 11299, 11828, 11638, 6460, 5969, 4319, 9614, 6077, 6393, 4429, 6176, 7938, 8073, 11326, 19976, 15861, 9289, 17170, 14664, 12046, 1955)
 	2758330	(814, 227)	[(90, 594, 828), (126, 612, 828), (108, 612, 828), (108, 612, 846), (108, 612, 792), (90, 612, 846), (90, 594, 936), (90, 576, 954), (54, 594, 882), (72, 594, 792), (90, 576, 882), (72, 594, 864), (54, 594, 882), (54, 594, 846), (18, 594, 882), (36, 576, 882), (54, 576, 882), (36, 576, 864), (72, 558, 882), (108, 594, 864), (126, 594, 810), (90, 594, 810), (36, 576, 864), (36, 558, 882), (18, 558, 918)]	(9451, 11194, 9300, 11231, 11802, 11664, 6316, 5833, 4170, 9289, 5895, 6269, 4417, 6132, 7655, 8073, 11276, 19928, 15759, 9248, 16985, 14553, 12030, 1943)
l	2759192	(675, 17)	[(-18, 558, 882), (18, 540, 918), (18, 540, 900), (-18, 540, 882), (-18, 540, 900), (0, 540, 918), (-36, 558, 900), (-36, 558, 918), (-36, 558, 900), (0, 540, 918), (18, 558, 918), (54, 558, 900), (54, 558, 882), (90, 558, 846), (90, 576, 846), (72, 558, 936), (90, 576, 918), (72, 558, 864), (90, 576, 864), (90, 576, 864), (108, 558, 702), (108, 630, 756), (72, 576, 954), (54, 540, 954), (36, 540, 900)]	(9459, 11318, 9336, 11207, 11873, 11750, 5931, 5921, 4278, 9774, 6029, 6353, 4442, 6173, 7890, 7869, 11314, 19950, 15629, 9257, 17038, 14623, 12045, 1957)
o	2759589	(567, 53)	[(90, 558, 846), (90, 576, 846), (72, 558, 936), (90, 576, 918), (72, 558, 864), (90, 576, 864), (90, 576, 864), (108, 558, 702), (108, 630, 756), (72, 576, 954), (54, 540, 954), (36, 540, 900), (90, 594, 864), (54, 558, 900), (72, 558, 900), (72, 558, 900), (72, 576, 882), (72, 576, 864), (72, 576, 864), (90, 576, 864), (90, 576, 864), (144, 612, 756), (54, 594, 972), (72, 576, 954), (18, 540, 864)]	(9462, 11325, 9368, 11297, 11920, 11907, 6017, 5966, 4325, 9771, 6053, 6384, 4446, 6171, 7879, 7915, 11316, 19965, 15658, 9269, 17072, 14659, 12042, 1968)
v	2760475	(743, 243)	[(72, 576, 882), (54, 576, 882), (54, 558, 882), (36, 558, 882), (54, 558, 882), (54, 576, 882), (54, 576, 882), (72, 576, 882), (72, 576, 882), (54, 576, 882), (54, 576, 900), (54, 576, 882), (36, 558, 882), (54, 558, 900), (54, 558, 882), (54, 576, 882), (36, 576, 882), (36, 558, 900), (36, 558, 864), (54, 576, 882), (72, 558, 918), (108, 576, 810), (54, 558, 954), (18, 540, 882), (36, 558, 864)]	(9453, 11301, 9362, 11272, 11912, 11906, 6016, 5948, 4316, 9698, 6066, 6375, 4444, 6160, 7846, 7924, 11301, 19957, 15659, 9267, 17050, 14645, 12038, 1963)
e	2760868	(562, 338)	[(54, 558, 900), (54, 558, 882), (54, 576, 882), (36, 576, 882), (36, 558, 900), (36, 558, 864), (54, 576, 882), (72, 558, 918), (108, 576, 810), (54, 558, 954), (18, 540, 882), (36, 558, 864), (54, 576, 882), (54, 576, 882), (54, 558, 882), (72, 576, 900), (54, 576, 882), (36, 558, 900), (54, 558, 882), (126, 576, 792), (54, 576, 828), (54, 540, 1008), (36, 558, 972), (0, 540, 846), (36, 558, 828)]	(9450, 11258, 9338, 11233, 11888, 11848, 5964, 5934, 4302, 9648, 6068, 6370, 4432, 6160, 7855, 7920, 11292, 19943, 15624, 9256, 17020, 14615, 12031, 1958)
 	2761212	(841, 262)	[(36, 558, 864), (54, 576, 882), (54, 576, 882), (54, 558, 882), (72, 576, 900), (54, 576, 882), (36, 558, 900), (54, 558, 882), (126, 576, 792), (54, 576, 828), (54, 540, 1008), (36, 558, 972), (0, 540, 846), (36, 558, 828), (90, 594, 864), (18, 558, 900), (36, 558, 900), (54, 576, 882), (36, 576, 864), (54, 558, 882), (36, 558, 1062), (108, 594, 720), (54, 576, 936), (0, 540, 1008), (18, 540, 918)]	(9460, 11274, 9352, 11305, 11908, 11930, 6101, 5986, 4346, 9701, 6098, 6404, 4455, 6169, 7867, 7962, 11312, 19960, 15673, 9278, 17065, 14650, 12035, 1959)
m	2761572	(741, 100)	[(0, 540, 846), (36, 558, 828), (90, 594, 864), (18, 558, 900), (36, 558, 900), (54, 576, 882), (36, 576, 864), (54, 558, 882), (36, 558, 1062), (108, 594, 720), (54, 576, 936), (0, 540, 1008), (18, 540, 918), (54, 576, 846), (54, 558, 882), (36, 558, 882), (54, 558, 900), (54, 576, 882), (72, 576, 864), (90, 594, 864), (126, 558, 864), (72, 576, 882), (54, 576, 954), (72, 576, 900), (54, 576, 882)]	(9448, 11320, 9361, 11313, 11947, 12025, 6155, 6020, 4382, 9746, 6133, 6429, 4460, 6170, 7834, 7966, 11317, 19961, 15646, 9271, 17058, 14658, 12042, 1971)
y	2762066	(579, 210)	[(72, 576, 864), (90, 594, 864), (126, 558, 864), (72, 576, 882), (54, 576, 954), (72, 576, 900), (54, 576, 882), (72, 576, 882), (54, 576, 900), (54, 576, 900), (54, 576, 882), (72, 576, 882), (72, 576, 846), (72, 594, 864), (54, 576, 882), (72, 576, 882), (54, 576, 864), (72, 576, 882), (126, 594, 702), (108, 594, 864), (54, 558, 1008), (-18, 540, 1044), (-36, 540, 954), (18, 540, 864), (72, 576, 828)]	(9449, 11301, 9357, 11289, 11909, 11959, 6043, 5916, 4280, 9621, 6040, 6361, 4439, 6155, 7817, 7942, 11305, 19942, 15618, 9259, 17034, 14624, 12034, 1965)
 	2762580	(853, 243)	[(126, 594, 702), (108, 594, 864), (54, 558, 1008), (-18, 540, 1044), (-36, 540, 954), (18, 540, 864), (72, 576, 828), (72, 558, 864), (18, 558, 918), (36, 558, 900), (54, 558, 900), (72, 576, 846), (72, 576, 864), (72, 576, 846), (54, 576, 882), (54, 558, 900), (54, 576, 882), (36, 558, 882), (54, 576, 882), (126, 558, 936), (126, 576, 756), (36, 576, 918), (-36, 540, 936), (18, 540, 936), (18, 558, 882)]	(9457, 11280, 9346, 11263, 11879, 11907, 5975, 5873, 4230, 9582, 5973, 6297, 4440, 6150, 7805, 7942, 11296, 19935, 15614, 9270, 17015, 14628, 12018, 1975)
b	2764282	(734, 193)	[(54, 576, 882), (36, 576, 882), (72, 576, 864), (54, 576, 900), (54, 576, 864), (72, 576, 900), (54, 558, 900), (54, 576, 900), (72, 576, 864), (54, 576, 882), (54, 558, 882), (54, 576, 864), (54, 576, 882), (54, 576, 882), (36, 576, 864), (54, 576, 882), (54, 594, 900), (54, 576, 882), (54, 576, 846), (54, 576, 846), (108, 576, 846), (108, 594, 828), (54, 576, 954), (36, 558, 918), (36, 540, 846)]	(9450, 11322, 9369, 11303, 11919, 11990, 6053, 5945, 4288, 9651, 6041, 6350, 4444, 6155, 7820, 7973, 11301, 19955, 15628, 9268, 17073, 14653, 12039, 1952)
l	2764573	(638, 28)	[(54, 576, 882), (54, 558, 882), (54, 576, 864), (54, 576, 882), (54, 576, 882), (36, 576, 864), (54, 576, 882), (54, 594, 900), (54, 576, 882), (54, 576, 846), (54, 576, 846), (108, 576, 846), (108, 594, 828), (54, 576, 954), (36, 558, 918), (36, 540, 846), (54, 576, 864), (72, 594, 882), (72, 576, 882), (90, 594, 864), (72, 594, 864), (144, 648, 684), (108, 612, 972), (54, 558, 990), (54, 558, 900)]	(9456, 11340, 9361, 11338, 11947, 12061, 6153, 6011, 4358, 9715, 6115, 6400, 4458, 6160, 7825, 7984, 11300, 19948, 15613, 9274, 17063, 14652, 12035, 1968)
a	2765389	(673, 429)	[(0, 558, 882), (18, 558, 882), (18, 558, 864), (72, 576, 882), (54, 576, 882), (54, 576, 864), (36, 558, 882), (36, 558, 900), (18, 558, 900), (36, 558, 918), (54, 558, 864), (54, 558, 864), (54, 558, 882), (36, 558, 882), (36, 558, 882), (54, 576, 918), (54, 558, 882), (36, 558, 882), (36, 558, 882), (72, 612, 738), (72, 558, 828), (-36, 558, 1026), (0, 540, 918), (0, 540, 846), (54, 576, 864)]	(9449, 11260, 9352, 11273, 11898, 11959, 6011, 5907, 4284, 9560, 6359, 0, 4439, 6150, 7797, 7960, 11299, 19937, 15600, 9261, 17006, 14619, 12028, 1971)
c	2766470	(743, 293)	[(54, 576, 882), (54, 558, 864), (54, 576, 882), (54, 558, 882), (36, 558, 882), (54, 558, 900), (54, 576, 882), (72, 576, 864), (54, 576, 900), (54, 576, 864), (54, 576, 900), (54, 576, 864), (72, 576, 900), (54, 576, 882), (54, 558, 864), (54, 576, 882), (36, 558, 882), (36, 576, 882), (54, 576, 882), (72, 594, 828), (72, 576, 864), (18, 558, 936), (18, 558, 882), (18, 558, 900)]	(9459, 11295, 9365, 11310, 11914, 12014, 6060, 5955, 4306, 9622, 6053, 6371, 4442, 6159, 7820, 7998, 11309, 19949, 15627, 9273, 17044, 14647, 12042, 1943)
k	2766816	(634, 98)	[(54, 576, 900), (54, 576, 864), (72, 576, 900), (54, 576, 882), (54, 558, 864), (54, 576, 882), (36, 558, 882), (36, 576, 882), (54, 576, 882), (72, 594, 828), (72, 576, 864), (18, 558, 936), (18, 558, 882), (18, 558, 900), (36, 576, 918), (126, 612, 846), (108, 594, 828), (108, 594, 828), (126, 594, 828), (252, 576, 720), (198, 612, 828), (54, 612, 972), (36, 576, 1026), (18, 540, 846), (72, 576, 810)]	(9448, 11285, 9352, 11274, 11902, 11930, 6025, 5945, 4291, 9599, 6053, 6365, 4442, 6150, 7817, 7969, 11306, 19940, 15590, 9265, 17047, 14636, 12042, 1965)
b	2767236	(835, 262)	[(36, 576, 918), (126, 612, 846), (108, 594, 828), (108, 594, 828), (126, 594, 828), (252, 576, 720), (198, 612, 828), (54, 612, 972), (36, 576, 1026), (18, 540, 846), (72, 576, 810), (126, 594, 828), (36, 576, 900), (36, 576, 918), (36, 576, 900), (36, 576, 882), (72, 576, 954), (126, 648, 684), (126, 594, 810), (18, 558, 954), (18, 558, 918), (36, 576, 900), (72, 576, 864), (108, 612, 846), (108, 594, 846)]	(9444, 11202, 9330, 11245, 11884, 11856, 5940, 5892, 4256, 9542, 6013, 6330, 4435, 6156, 7817, 7952, 11303, 19936, 15580, 9265, 17030, 14621, 12043, 1961)
e	2771320	(585, 344)	[(72, 594, 882), (72, 576, 882), (72, 576, 882), (72, 576, 864), (72, 576, 846), (72, 576, 864), (54, 594, 864), (72, 576, 882), (54, 576, 882), (72, 594, 864), (54, 576, 864), (54, 594, 882), (54, 576, 882), (54, 594, 882), (54, 576, 864), (54, 576, 864), (54, 576, 864), (72, 594, 846), (144, 594, 720), (126, 612, 774), (54, 576, 1026), (-54, 540, 1044), (-54, 522, 936), (18, 558, 846), (108, 594, 828)]	(9449, 11200, 9348, 11305, 11908, 11971, 6085, 5990, 4365, 9673, 6132, 6425, 4441, 6165, 7837, 7995, 11309, 19940, 15587, 9263, 17023, 14623, 12030, 1975)
r	2772403	(578, 314)	[(90, 594, 864), (72, 594, 846), (72, 594, 864), (72, 594, 846), (72, 594, 864), (90, 594, 864), (72, 594, 864), (72, 594, 864), (72, 594, 828), (90, 576, 882), (72, 594, 864), (54, 594, 864), (54, 576, 846), (72, 594, 882), (72, 594, 864), (72, 594, 882), (90, 594, 900), (72, 576, 882), (72, 594, 846), (72, 594, 864), (72, 594, 882), (108, 612, 810), (72, 594, 882), (36, 576, 936), (36, 558, 864)]	(9453, 11306, 9361, 11319, 11910, 11991, 6050, 5948, 4310, 9638, 6074, 6369, 4451, 6159, 7833, 8012, 11312, 19955, 15611, 9276, 17054, 14648, 12046, 1971)
r	2772646	(583, 308)	[(72, 594, 864), (72, 594, 828), (90, 576, 882), (72, 594, 864), (54, 594, 864), (54, 576, 846), (72, 594, 882), (72, 594, 864), (72, 594, 882), (90, 594, 900), (72, 576, 882), (72, 594, 846), (72, 594, 864), (72, 594, 882), (108, 612, 810), (72, 594, 882), (36, 576, 936), (36, 558, 864), (72, 594, 864), (108, 594, 828), (54, 594, 864), (72, 576, 882), (108, 594, 828), (90, 594, 882), (72, 594, 918)]	(9449, 11323, 9351, 11305, 11909, 11968, 6007, 5911, 4270, 9643, 6036, 6355, 4444, 6156, 7819, 7996, 11309, 19950, 15605, 9273, 17054, 14642, 12036, 1971)
y	2773832	(580, 213)	[(72, 594, 864), (90, 594, 864), (90, 594, 864), (90, 594, 864), (90, 612, 864), (90, 594, 846), (72, 594, 846), (72, 594, 864), (72, 594, 864), (90, 576, 864), (72, 576, 882), (108, 594, 882), (90, 594, 864), (90, 594, 864), (90, 594, 846), (90, 594, 864), (90, 594, 864), (90, 594, 882), (126, 612, 774), (162, 630, 684), (36, 594, 990), (36, 558, 1026), (18, 558, 900), (54, 576, 828), (108, 612, 810)]	(9455, 11486, 9383, 11352, 11944, 12130, 6074, 5871, 4233, 9598, 5976, 6324, 4440, 6140, 7749, 8052, 11324, 19965, 15640, 9290, 17140, 14689, 12054, 1968)
 	2775067	(825, 226)	[(90, 612, 864), (90, 594, 882), (108, 612, 864), (108, 594, 846), (108, 594, 864), (90, 594, 864), (90, 576, 864), (90, 594, 864), (108, 612, 882), (90, 594, 846), (90, 594, 864), (90, 594, 846), (72, 594, 846), (90, 594, 882), (90, 612, 882), (90, 594, 864), (90, 594, 882), (90, 594, 864), (180, 576, 972), (180, 648, 630), (-36, 558, 1008), (18, 558, 918), (36, 594, 900), (108, 612, 846), (144, 612, 792)]	(9450, 11373, 9351, 11281, 11862, 11926, 5898, 5793, 4147, 9466, 5903, 6258, 4427, 6138, 7749, 8006, 11314, 19946, 15590, 9281, 17093, 14646, 12035, 1976)
b	2775464	(735, 192)	[(90, 594, 882), (90, 612, 882), (90, 594, 864), (90, 594, 882), (90, 594, 864), (180, 576, 972), (180, 648, 630), (-36, 558, 1008), (18, 558, 918), (36, 594, 900), (108, 612, 846), (144, 612, 792), (144, 612, 774), (72, 612, 864), (108, 612, 828), (108, 612, 846), (108, 612, 846), (90, 594, 864), (72, 612, 864), (90, 594, 900), (126, 648, 720), (72, 594, 936), (36, 594, 954), (36, 558, 882), (72, 594, 810)]	(9455, 11400, 9366, 11317, 11894, 12011, 5984, 5857, 4208, 9532, 5962, 6303, 4434, 6143, 7762, 8022, 11315, 19955, 15607, 9283, 17103, 14661, 12045, 1977)
u	2775975	(579, 162)	[(72, 612, 864), (90, 594, 900), (126, 648, 720), (72, 594, 936), (36, 594, 954), (36, 558, 882), (72, 594, 810), (90, 612, 882), (90, 594, 882), (90, 594, 864), (108, 612, 846), (90, 594, 882), (90, 594, 864), (90, 594, 882), (90, 594, 882), (90, 594, 846), (90, 612, 864), (108, 612, 846), (90, 612, 864), (144, 612, 738), (144, 612, 792), (0, 612, 1008), (54, 558, 990), (18, 576, 846), (90, 594, 792)]	(9451, 11414, 9373, 11325, 11905, 12030, 5999, 5859, 4215, 9594, 5971, 6313, 4429, 6141, 7766, 8012, 11320, 19952, 15600, 9279, 17101, 14666, 12049, 1968)
t	2776688	(575, 260)	[(126, 612, 828), (108, 594, 846), (90, 612, 846), (72, 594, 864), (90, 594, 882), (72, 594, 864), (90, 594, 864), (90, 612, 846), (90, 594, 846), (108, 594, 846), (108, 612, 864), (90, 594, 864), (90, 594, 846), (90, 612, 864), (90, 576, 882), (90, 594, 864), (90, 594, 864), (90, 594, 846), (90, 594, 846), (108, 612, 864), (162, 648, 684), (72, 594, 936), (36, 576, 1026), (18, 558, 900), (54, 576, 810)]	(9456, 11398, 9374, 11314, 11907, 12006, 5993, 5846, 4202, 9576, 5966, 6311, 4430, 6151, 7775, 8021, 11321, 19950, 15600, 9281, 17100, 14657, 12042, 1979)
 	2778427	(849, 255)	[(90, 594, 846), (72, 594, 846), (72, 594, 864), (72, 594, 882), (90, 594, 864), (90, 612, 846), (90, 594, 864), (90, 594, 882), (90, 594, 846), (90, 594, 864), (90, 594, 864), (90, 594, 846), (90, 612, 846), (72, 594, 864), (72, 594, 864), (72, 594, 900), (90, 594, 882), (72, 594, 864), (90, 594, 846), (90, 612, 864), (90, 594, 882), (90, 648, 684), (108, 594, 828), (36, 558, 936), (54, 576, 900)]	(9447, 11356, 9365, 11321, 11873, 11945, 5946, 5837, 4185, 9535, 5909, 6261, 4430, 6141, 7761, 8005, 11316, 19944, 15594, 9282, 17091, 14642, 12039, 1961)
s	2779143	(674, 381)	[(72, 594, 864), (108, 612, 846), (72, 612, 846), (90, 594, 864), (72, 594, 864), (90, 576, 864), (72, 594, 864), (90, 576, 864), (90, 594, 846), (72, 594, 846), (90, 594, 846), (90, 594, 846), (72, 594, 864), (90, 594, 882), (72, 594, 864), (72, 576, 846), (90, 594, 864), (90, 594, 882), (90, 594, 864), (90, 594, 882), (126, 612, 756), (90, 594, 882), (54, 594, 972), (18, 576, 846), (54, 576, 864)]	(9433, 11335, 9348, 11270, 11870, 11891, 5887, 5808, 4158, 9465, 5909, 6274, 4422, 6144, 7750, 7995, 11303, 19940, 15570, 9268, 17070, 14637, 12043, 1963)
t	2779605	(584, 263)	[(90, 594, 864), (90, 594, 882), (90, 594, 864), (90, 594, 882), (126, 612, 756), (90, 594, 882), (54, 594, 972), (18, 576, 846), (54, 576, 864), (72, 594, 864), (90, 594, 864), (90, 594, 864), (90, 612, 846), (90, 594, 846), (72, 594, 846), (72, 612, 900), (72, 594, 882), (90, 594, 846), (162, 612, 792), (144, 630, 774), (36, 594, 972), (18, 558, 954), (18, 540, 900), (54, 594, 846), (108, 630, 810)]	(9453, 11370, 9360, 11296, 11887, 11962, 5927, 5845, 4194, 9553, 5950, 6295, 4443, 6144, 7772, 8018, 11311, 19947, 15590, 9283, 17082, 14650, 12044, 1979)
i	2780068	(581, 115)	[(90, 594, 846), (162, 612, 792), (144, 630, 774), (36, 594, 972), (18, 558, 954), (18, 540, 900), (54, 594, 846), (108, 630, 810), (144, 612, 828), (54, 594, 864), (108, 594, 864), (108, 612, 828), (108, 612, 828), (108, 612, 846), (90, 612, 846), (90, 594, 864), (72, 594, 864), (90, 594, 864), (90, 594, 864), (126, 594, 792), (126, 612, 828), (54, 594, 936), (72, 576, 900), (72, 594, 828), (90, 612, 864)]	(9449, 11371, 9361, 11285, 11890, 11963, 5949, 5845, 4208, 9545, 5963, 6303, 4431, 6151, 7779, 8004, 11322, 19948, 15579, 9273, 17086, 14651, 12052, 1962)
l	2780464	(684, 67)	[(108, 612, 846), (90, 612, 846), (90, 594, 864), (72, 594, 864), (90, 594, 864), (90, 594, 864), (126, 594, 792), (126, 612, 828), (54, 594, 936), (72, 576, 900), (72, 594, 828), (90, 612, 864), (72, 594, 882), (90, 594, 882), (108, 612, 846), (108, 612, 864), (90, 612, 846), (108, 594, 846), (72, 594, 882), (108, 612, 882), (126, 666, 630), (72, 612, 936), (36, 576, 972), (36, 558, 936), (36, 576, 846)]	(9455, 11390, 9358, 11299, 11909, 11995, 5994, 5872, 4236, 9605, 5989, 6330, 4440, 6146, 7778, 8010, 11325, 19943, 15582, 9274, 17088, 14634, 12047, 1968)
l	2780658	(680, 63)	[(90, 594, 864), (90, 594, 864), (126, 594, 792), (126, 612, 828), (54, 594, 936), (72, 576, 900), (72, 594, 828), (90, 612, 864), (72, 594, 882), (90, 594, 882), (108, 612, 846), (108, 612, 864), (90, 612, 846), (108, 594, 846), (72, 594, 882), (108, 612, 882), (126, 666, 630), (72, 612, 936), (36, 576, 972), (36, 558, 936), (36, 576, 846), (144, 630, 702), (18, 558, 918), (72, 594, 828), (126, 630, 828)]	(9447, 11357, 9344, 11244, 11896, 11964, 5975, 5871, 4229, 9538, 6004, 6326, 4430, 6155, 7788, 8001, 11316, 19945, 15578, 9271, 17083, 14640, 12038, 1961)
 	2781423	(805, 252)	[(108, 612, 846), (90, 612, 864), (72, 612, 864), (90, 594, 882), (72, 612, 846), (108, 612, 846), (90, 594, 846), (90, 594, 846), (108, 612, 864), (90, 594, 864), (90, 612, 846), (90, 594, 864), (90, 612, 864), (90, 594, 882), (90, 594, 864), (108, 594, 864), (90, 594, 864), (90, 594, 864), (72, 594, 864), (126, 666, 684), (90, 612, 900), (-36, 558, 990), (36, 558, 936), (54, 576, 900), (90, 612, 828)]	(9456, 11384, 9364, 11307, 11900, 11989, 6004, 5865, 4235, 9587, 5979, 6319, 4446, 6149, 7785, 8024, 11326, 19961, 15621, 9285, 17116, 14667, 12040, 1980)
g	2781883	(663, 220)	[(90, 594, 864), (90, 594, 864), (72, 594, 864), (126, 666, 684), (90, 612, 900), (-36, 558, 990), (36, 558, 936), (54, 576, 900), (90, 612, 828), (144, 630, 810), (54, 594, 882), (108, 612, 864), (126, 612, 828), (126, 612, 828), (108, 612, 828), (90, 612, 882), (90, 612, 882), (72, 594, 864), (90, 594, 882), (90, 594, 864), (126, 612, 792), (126, 612, 810), (90, 594, 936), (54, 576, 918), (54, 594, 864)]	(9451, 11387, 9374, 11315, 11910, 12000, 5994, 5869, 4221, 9600, 5974, 6306, 4422, 6146, 7791, 8018, 11321, 19958, 15618, 9285, 17126, 14670, 12053, 1973)
e	2782496	(579, 351)	[(54, 576, 918), (54, 594, 864), (90, 594, 846), (72, 594, 882), (72, 594, 882), (54, 594, 846), (108, 612, 846), (90, 594, 846), (108, 594, 864), (72, 594, 864), (72, 576, 846), (90, 594, 864), (90, 594, 864), (90, 594, 864), (90, 612, 846), (90, 594, 864), (90, 594, 864), (90, 594, 864), (90, 594, 882), (108, 612, 810), (72, 594, 810), (72, 576, 972), (54, 576, 846), (90, 612, 810), (126, 630, 828)]	(9443, 11339, 9369, 11307, 11891, 11974, 5941, 5856, 4196, 9548, 5960, 6295, 4428, 6145, 7756, 8005, 11313, 19951, 15594, 9277, 17089, 14647, 12045, 1970)
t	2783041	(588, 268)	[(72, 594, 810), (72, 576, 972), (54, 576, 846), (90, 612, 810), (126, 630, 828), (72, 594, 882), (90, 612, 864), (90, 612, 846), (90, 594, 828), (90, 594, 846), (90, 594, 882), (72, 594, 864), (72, 594, 846), (72, 594, 846), (90, 594, 864), (90, 594, 846), (90, 594, 864), (90, 594, 864), (90, 594, 864), (90, 594, 864), (72, 594, 846), (90, 594, 846), (144, 630, 720), (18, 594, 1026), (36, 558, 954)]	(9451, 11370, 9373, 11338, 11905, 12009, 6024, 5902, 4257, 9614, 5995, 6329, 4460, 6157, 7797, 8034, 11327, 19965, 15628, 9290, 17137, 14684, 12043, 1973)
t	2783237	(594, 253)	[(126, 630, 828), (72, 594, 882), (90, 612, 864), (90, 612, 846), (90, 594, 828), (90, 594, 846), (90, 594, 882), (72, 594, 864), (72, 594, 846), (72, 594, 846), (90, 594, 864), (90, 594, 846), (90, 594, 864), (90, 594, 864), (90, 594, 864), (90, 594, 864), (72, 594, 846), (90, 594, 846), (144, 630, 720), (18, 594, 1026), (36, 558, 954), (54, 576, 846), (90, 594, 846), (54, 558, 990), (36, 576, 864)]	(9444, 11380, 9360, 11305, 11908, 12011, 5983, 5874, 4243, 9581, 5991, 6324, 4434, 6145, 7783, 8020, 11310, 19956, 15596, 9284, 17100, 14664, 12045, 1976)
i	2783754	(571, 138)	[(36, 558, 954), (54, 576, 846), (90, 594, 846), (54, 558, 990), (36, 576, 864), (90, 612, 828), (108, 612, 846), (72, 594, 882), (90, 594, 864), (90, 612, 846), (108, 594, 828), (108, 612, 846), (90, 594, 882), (72, 594, 864), (90, 612, 864), (90, 612, 864), (90, 612, 846), (108, 594, 774), (144, 630, 738), (54, 594, 918), (54, 576, 972), (54, 576, 936), (108, 594, 846), (108, 612, 828), (108, 612, 792)]	(9455, 11370, 9359, 11284, 11896, 11972, 5970, 5843, 4202, 9574, 5969, 6301, 4440, 6153, 7771, 7995, 11324, 19950, 15580, 9279, 17087, 14650, 12045, 1976)
n	2784366	(734, 157)	[(108, 612, 828), (108, 612, 792), (54, 594, 864), (90, 612, 864), (108, 594, 828), (108, 612, 828), (108, 612, 846), (90, 594, 864), (72, 594, 864), (72, 594, 864), (108, 612, 846), (90, 612, 846), (108, 594, 864), (90, 594, 864), (90, 612, 846), (90, 594, 846), (108, 594, 864), (90, 594, 864), (90, 612, 846), (108, 594, 864), (126, 648, 720), (72, 612, 954), (54, 594, 900), (54, 576, 846), (90, 612, 810)]	(9450, 11371, 9360, 11282, 11894, 11965, 5946, 5840, 4196, 9539, 5954, 6287, 4429, 6148, 7775, 8001, 11308, 19955, 15577, 9275, 17098, 14655, 12045, 1977)
g	2785082	(660, 238)	[(108, 612, 792), (126, 594, 810), (90, 594, 864), (90, 612, 882), (72, 594, 864), (72, 594, 864), (90, 612, 864), (90, 594, 846), (90, 594, 846), (90, 612, 882), (90, 594, 864), (90, 594, 882), (90, 594, 864), (90, 612, 864), (90, 612, 864), (108, 612, 864), (90, 612, 864), (180, 594, 774), (108, 612, 810), (36, 594, 1026), (36, 576, 972), (54, 576, 864), (90, 594, 828), (144, 630, 792), (144, 630, 810)]	(9450, 11347, 9351, 11275, 11880, 11942, 5918, 5815, 4180, 9508, 5935, 6276, 4428, 6140, 7761, 7995, 11313, 19950, 15585, 9272, 17088, 14653, 12037, 1974)
 	2785949	(808, 246)	[(108, 612, 846), (72, 576, 864), (90, 594, 864), (72, 594, 864), (90, 594, 864), (90, 594, 882), (90, 612, 864), (90, 594, 846), (90, 594, 864), (90, 594, 882), (90, 594, 864), (72, 594, 864), (90, 594, 864), (90, 594, 864), (90, 594, 882), (90, 594, 864), (90, 612, 846), (72, 594, 864), (90, 594, 864), (90, 612, 882), (108, 594, 954), (144, 612, 720), (72, 612, 936), (18, 558, 990), (54, 576, 882)]	(9456, 11370, 9365, 11315, 11903, 11990, 5975, 5865, 4208, 9563, 5943, 6301, 4435, 6145, 7771, 8010, 11322, 19952, 15607, 9270, 17105, 14668, 12046, 1970)
u	2786566	(557, 165)	[(18, 558, 990), (54, 576, 882), (126, 612, 828), (54, 576, 882), (72, 594, 882), (90, 612, 864), (108, 594, 846), (108, 612, 828), (108, 612, 846), (90, 612, 864), (90, 594, 882), (90, 594, 864), (90, 594, 846), (108, 612, 846), (108, 594, 864), (108, 594, 846), (72, 612, 864), (90, 594, 846), (108, 612, 864), (108, 594, 846), (90, 612, 828), (108, 594, 936), (72, 576, 882), (72, 594, 828), (90, 612, 882)]	(9455, 11348, 9351, 11275, 11890, 11950, 5910, 5849, 4196, 9517, 5947, 6285, 4434, 6148, 7780, 7962, 11314, 19948, 15579, 9276, 17098, 14647, 12035, 1979)
s	2787380	(666, 381)	[(90, 594, 882), (90, 594, 846), (108, 594, 846), (90, 612, 846), (90, 576, 864), (90, 594, 864), (90, 576, 882), (90, 576, 864), (108, 594, 864), (90, 594, 864), (72, 594, 864), (72, 612, 864), (90, 594, 882), (108, 594, 846), (90, 594, 864), (90, 594, 864), (90, 594, 864), (90, 576, 864), (162, 612, 792), (144, 594, 702), (54, 594, 1062), (-18, 558, 990), (36, 558, 828), (90, 612, 828), (144, 630, 828)]	(9458, 11328, 9350, 11265, 11879, 11913, 5895, 5840, 4190, 9519, 5941, 6282, 4423, 6142, 7790, 7955, 11310, 19944, 15582, 9264, 17082, 14647, 12046, 1970)
e	2787623	(579, 328)	[(90, 576, 882), (90, 576, 864), (108, 594, 864), (90, 594, 864), (72, 594, 864), (72, 612, 864), (90, 594, 882), (108, 594, 846), (90, 594, 864), (90, 594, 864), (90, 594, 864), (90, 576, 864), (162, 612, 792), (144, 594, 702), (54, 594, 1062), (-18, 558, 990), (36, 558, 828), (90, 612, 828), (144, 630, 828), (54, 576, 900), (90, 594, 864), (126, 630, 684), (72, 594, 1026), (36, 576, 954), (36, 558, 828)]	(9455, 11348, 9360, 11300, 11910, 12003, 6001, 5913, 4250, 9622, 5979, 6342, 4444, 6156, 7803, 7988, 11321, 19959, 15623, 9292, 17121, 14680, 12051, 1980)
d	2787937	(660, 335)	[(90, 594, 864), (90, 576, 864), (162, 612, 792), (144, 594, 702), (54, 594, 1062), (-18, 558, 990), (36, 558, 828), (90, 612, 828), (144, 630, 828), (54, 576, 900), (90, 594, 864), (126, 630, 684), (72, 594, 1026), (36, 576, 954), (36, 558, 828), (90, 612, 828), (90, 594, 828), (90, 594, 882), (90, 576, 882), (108, 612, 864), (144, 648, 648), (90, 594, 864), (36, 558, 972), (36, 558, 846), (90, 612, 828)]	(9445, 11349, 9365, 11287, 11907, 11960, 5975, 5880, 4233, 9595, 5956, 6325, 4435, 6150, 7785, 7980, 11313, 19957, 15597, 9276, 17097, 14657, 12045, 1975)
 	2788483	(833, 267)	[(144, 648, 648), (90, 594, 864), (36, 558, 972), (36, 558, 846), (90, 612, 828), (90, 594, 846), (54, 576, 882), (108, 612, 864), (108, 612, 846), (108, 594, 828), (90, 594, 828), (90, 594, 864), (72, 594, 900), (72, 594, 864), (90, 594, 864), (90, 594, 846), (90, 594, 864), (90, 594, 846), (90, 594, 882), (108, 702, 540), (144, 612, 810), (-18, 576, 1044), (0, 558, 954), (36, 558, 882), (90, 612, 828)]	(9447, 11333, 9356, 11278, 11896, 11948, 5951, 5853, 4227, 9542, 5970, 6309, 4433, 6141, 7787, 7970, 11316, 19953, 15589, 9273, 17092, 14635, 12040, 1971)
t	2789516	(586, 262)	[(108, 594, 864), (90, 612, 846), (90, 594, 828), (90, 594, 864), (108, 612, 864), (90, 612, 864), (90, 594, 864), (90, 594, 846), (90, 594, 846), (90, 594, 846), (90, 594, 864), (90, 594, 864), (90, 594, 864), (90, 612, 846), (90, 594, 864), (108, 594, 864), (90, 594, 846), (90, 594, 864), (90, 594, 864), (144, 630, 756), (90, 612, 900), (90, 594, 990), (36, 558, 864), (72, 576, 828), (108, 612, 828)]	(9450, 11315, 9351, 11262, 11874, 11904, 5904, 5837, 4211, 9535, 5953, 6309, 4427, 6154, 7799, 7976, 11321, 19950, 15585, 9274, 17096, 14652, 12040, 1945)
o	2790281	(583, 73)	[(90, 594, 846), (90, 594, 864), (90, 594, 882), (72, 594, 864), (90, 594, 846), (108, 612, 846), (108, 594, 864), (108, 594, 864), (108, 612, 864), (72, 594, 846), (90, 594, 864), (108, 612, 882), (108, 612, 882), (90, 594, 846), (108, 612, 864), (90, 594, 882), (90, 594, 864), (108, 594, 828), (126, 630, 792), (90, 594, 918), (72, 576, 900), (72, 576, 864), (72, 612, 864), (108, 612, 846), (126, 612, 810)]	(9451, 11337, 9351, 11280, 11896, 11948, 5942, 5867, 4207, 9600, 5977, 6323, 4436, 6150, 7800, 7981, 11312, 19949, 15591, 9277, 17100, 14653, 12037, 1972)
 	2790945	(813, 225)	[(108, 594, 864), (90, 612, 828), (90, 612, 846), (90, 594, 864), (72, 594, 882), (72, 594, 900), (90, 594, 864), (90, 594, 846), (90, 612, 864), (90, 594, 846), (90, 612, 828), (90, 612, 846), (90, 594, 882), (90, 612, 864), (90, 594, 864), (90, 594, 846), (90, 594, 864), (126, 630, 774), (126, 612, 810), (54, 594, 954), (36, 576, 918), (72, 594, 864), (108, 612, 846), (126, 612, 810), (108, 612, 828)]	(9444, 11287, 9337, 11216, 11871, 11864, 5882, 5820, 4190, 9501, 5934, 6287, 4416, 6143, 7784, 7965, 11313, 19941, 15570, 9268, 17081, 14641, 12041, 1975)
t	2791559	(585, 277)	[(126, 612, 810), (108, 612, 828), (72, 594, 882), (108, 594, 846), (108, 612, 828), (108, 594, 864), (72, 594, 864), (72, 594, 882), (72, 594, 864), (108, 594, 864), (90, 594, 828), (108, 594, 846), (90, 594, 864), (90, 594, 864), (72, 594, 864), (72, 594, 864), (108, 612, 864), (126, 612, 810), (162, 612, 828), (36, 576, 954), (18, 558, 972), (0, 558, 936), (18, 558, 936), (54, 594, 846), (144, 612, 792)]	(9451, 11310, 9341, 11209, 11868, 11866, 5873, 5816, 4190, 9485, 5934, 6277, 4438, 6147, 7789, 7967, 11313, 19942, 15569, 9275, 17077, 14645, 12041, 1977)
y	2791806	(578, 219)	[(72, 594, 882), (72, 594, 864), (108, 594, 864), (90, 594, 828), (108, 594, 846), (90, 594, 864), (90, 594, 864), (72, 594, 864), (72, 594, 864), (108, 612, 864), (126, 612, 810), (162, 612, 828), (36, 576, 954), (18, 558, 972), (0, 558, 936), (18, 558, 936), (54, 594, 846), (144, 612, 792), (144, 612, 810), (72, 576, 882), (18, 594, 990), (36, 558, 846), (90, 576, 828), (126, 612, 828), (126, 630, 792)]	(9444, 11364, 9362, 11278, 11903, 11975, 5964, 5867, 4219, 9615, 5965, 6307, 4438, 6148, 7793, 7988, 11316, 19959, 15607, 9282, 17118, 14673, 12052, 1980)
p	2793043	(588, 7)	[(90, 594, 846), (90, 594, 864), (90, 612, 882), (90, 594, 846), (72, 594, 864), (90, 594, 864), (90, 612, 864), (90, 594, 864), (108, 594, 864), (90, 612, 828), (72, 612, 846), (108, 594, 864), (108, 594, 864), (90, 594, 864), (90, 594, 846), (90, 594, 864), (90, 594, 864), (90, 594, 864), (90, 594, 864), (90, 594, 846), (144, 630, 756), (108, 612, 954), (36, 594, 972), (18, 558, 918), (90, 594, 846)]	(9447, 11345, 9342, 11258, 11902, 11975, 5965, 5883, 4240, 9561, 6000, 6326, 4436, 6148, 7806, 7988, 11316, 19950, 15578, 9279, 17106, 14644, 12045, 1979)
i	2793553	(588, 111)	[(90, 594, 864), (90, 594, 846), (144, 630, 756), (108, 612, 954), (36, 594, 972), (18, 558, 918), (90, 594, 846), (144, 630, 810), (90, 594, 864), (108, 612, 846), (126, 612, 846), (108, 612, 828), (90, 594, 882), (72, 576, 882), (72, 594, 864), (90, 594, 846), (90, 594, 846), (108, 612, 846), (108, 594, 864), (108, 594, 864), (126, 576, 774), (90, 612, 954), (36, 594, 972), (36, 558, 846), (72, 594, 792)]	(9445, 11356, 9362, 11272, 11906, 11966, 5963, 5882, 4259, 9614, 6005, 6335, 4424, 6156, 7800, 7975, 11317, 19950, 15578, 9277, 17092, 14651, 12048, 1981)
n	2794322	(738, 145)	[(72, 594, 864), (72, 594, 882), (90, 594, 864), (90, 594, 864), (90, 594, 864), (90, 594, 846), (90, 594, 846), (90, 594, 882), (72, 594, 864), (90, 594, 864), (90, 594, 864), (90, 594, 864), (90, 594, 864), (90, 594, 846), (90, 594, 846), (72, 594, 846), (72, 594, 846), (90, 594, 864), (90, 594, 864), (216, 612, 810), (144, 594, 864), (36, 594, 936), (0, 558, 954), (18, 558, 900), (108, 612, 810)]	(9453, 11362, 9370, 11292, 11898, 11968, 5994, 5876, 4229, 9599, 5975, 6324, 4428, 6139, 7814, 7998, 11317, 19966, 15609, 9286, 17124, 14672, 12044, 1971)
g	2794784	(658, 248)	[(72, 594, 846), (90, 594, 864), (90, 594, 864), (216, 612, 810), (144, 594, 864), (36, 594, 936), (0, 558, 954), (18, 558, 900), (108, 612, 810), (72, 594, 900), (54, 594, 882), (108, 594, 846), (126, 612, 810), (126, 612, 828), (90, 594, 864), (72, 594, 864), (72, 594, 864), (72, 576, 864), (90, 612, 846), (108, 594, 864), (144, 612, 810), (54, 594, 1008), (0, 540, 954), (54, 576, 882), (90, 594, 846)]	(9452, 11343, 9363, 11290, 11888, 11951, 5975, 5861, 4206, 9603, 5967, 6310, 4441, 6155, 7802, 7980, 11314, 19964, 15611, 9286, 17118, 14671, 12046, 1947)
 	2795131	(853, 231)	[(126, 612, 810), (126, 612, 828), (90, 594, 864), (72, 594, 864), (72, 594, 864), (72, 576, 864), (90, 612, 846), (108, 594, 864), (144, 612, 810), (54, 594, 1008), (0, 540, 954), (54, 576, 882), (90, 594, 846), (162, 630, 810), (72, 594, 900), (90, 594, 846), (108, 612, 828), (126, 612, 828), (126, 612, 828), (162, 594, 882), (108, 594, 774), (54, 576, 936), (36, 576, 954), (36, 576, 918), (54, 594, 864)]	(9451, 11331, 9359, 11274, 11886, 11932, 5942, 5865, 4223, 9577, 5966, 6314, 4440, 6146, 7795, 7971, 11314, 19955, 15602, 9281, 17096, 14661, 12051, 1980)
o	2795847	(572, 54)	[(126, 612, 828), (108, 612, 828), (72, 612, 846), (72, 594, 882), (72, 594, 882), (90, 612, 864), (90, 612, 864), (108, 594, 846), (108, 594, 846), (108, 612, 846), (90, 612, 864), (72, 594, 882), (90, 612, 864), (90, 612, 846), (90, 612, 846), (90, 594, 828), (90, 612, 864), (90, 594, 900), (90, 594, 864), (108, 594, 864), (180, 612, 828), (72, 612, 936), (54, 576, 918), (54, 594, 828), (108, 612, 828)]	(9450, 11345, 9358, 11284, 11894, 11973, 5960, 5867, 4224, 9620, 5962, 6313, 4442, 6158, 7808, 7971, 11322, 19957, 15598, 9277, 17102, 14650, 12051, 1976)
n	2796782	(731, 145)	[(90, 594, 864), (90, 594, 882), (108, 594, 864), (108, 612, 864), (90, 594, 846), (90, 594, 864), (108, 594, 882), (90, 576, 864), (90, 594, 864), (90, 594, 846), (108, 612, 864), (108, 612, 864), (90, 594, 864), (90, 594, 846), (90, 594, 864), (90, 594, 882), (90, 594, 864), (90, 612, 864), (162, 612, 738), (72, 612, 936), (0, 558, 1008), (18, 540, 936), (54, 594, 846), (144, 630, 792), (180, 630, 756)]	(9458, 11350, 9364, 11286, 11892, 11949, 5963, 5872, 4221, 9570, 5970, 6307, 4438, 6144, 7810, 7981, 11325, 19960, 15595, 9283, 17109, 14673, 12047, 1982)
 	2797074	(833, 218)	[(90, 594, 846), (108, 612, 864), (108, 612, 864), (90, 594, 864), (90, 594, 846), (90, 594, 864), (90, 594, 882), (90, 594, 864), (90, 612, 864), (162, 612, 738), (72, 612, 936), (0, 558, 1008), (18, 540, 936), (54, 594, 846), (144, 630, 792), (180, 630, 756), (36, 576, 900), (108, 612, 828), (144, 612, 900), (162, 648, 702), (90, 594, 864), (36, 558, 990), (36, 558, 918), (36, 594, 864), (108, 612, 828)]	(9444, 11299, 9349, 11235, 11870, 11876, 5905, 5827, 4208, 9493, 5962, 6295, 4423, 6150, 7786, 7956, 11311, 19945, 15574, 9270, 17076, 14650, 12046, 1980)
i	2797541	(568, 104)	[(36, 576, 900), (108, 612, 828), (144, 612, 900), (162, 648, 702), (90, 594, 864), (36, 558, 990), (36, 558, 918), (36, 594, 864), (108, 612, 828), (72, 612, 864), (72, 612, 864), (108, 594, 882), (108, 594, 828), (108, 612, 810), (108, 612, 864), (90, 594, 864), (90, 594, 882), (72, 612, 864), (90, 594, 846), (108, 612, 846), (198, 594, 774), (126, 576, 954), (18, 558, 918), (54, 576, 810), (126, 630, 792)]	(9460, 11340, 9356, 11286, 11902, 11955, 5964, 5873, 4240, 9590, 5984, 6308, 4435, 6139, 7792, 7971, 11315, 19950, 15588, 9278, 17095, 14654, 12035, 1976)
t	2798254	(593, 285)	[(108, 612, 846), (108, 594, 846), (108, 576, 846), (90, 594, 864), (90, 594, 864), (72, 594, 864), (90, 612, 864), (108, 594, 864), (90, 612, 846), (90, 594, 864), (90, 594, 864), (90, 594, 864), (90, 594, 864), (72, 594, 864), (90, 612, 864), (90, 594, 864), (72, 594, 864), (90, 594, 864), (108, 594, 846), (144, 612, 810), (90, 594, 918), (18, 576, 954), (18, 558, 900), (36, 558, 882), (108, 612, 846)]	(9451, 11366, 9370, 11308, 11917, 12000, 6027, 5919, 4269, 9635, 6021, 6353, 4444, 6150, 7814, 7981, 11322, 19963, 15615, 9278, 17111, 14663, 12043, 1988)
