Please hold the phone in your right hand and type with you right thumb
w	954329	(560, 387)	[(-36, 612, 810), (-36, 594, 828), (-36, 594, 900), (18, 594, 990), (-54, 612, 954), (-72, 612, 936), (18, 630, 882), (-72, 630, 900), (-126, 612, 954), (-144, 630, 810), (-36, 648, 648), (-72, 666, 702), (-72, 684, 702), (-54, 684, 756), (-72, 684, 756), (-126, 684, 738), (-126, 684, 756), (-108, 702, 756), (-108, 702, 738), (-144, 738, 738), (-108, 702, 864), (-108, 684, 864), (-144, 666, 810), (-126, 666, 738)]	(9381, 11537, 10082, 11195, 11536, 9922, 7701, 6835, 5159, 6953, 7522, 7730, 4834, 6107, 7163, 7452, 11130, 19710, 16650, 8722, 15720, 13104, 11938, 1950)
z	955662	(756, 400)	[(-90, 630, 828), (-126, 612, 882), (-108, 612, 882), (-126, 630, 846), (-108, 630, 810), (-90, 630, 846), (-36, 612, 882), (-36, 612, 882), (0, 576, 864), (-54, 558, 918), (-162, 558, 954), (-144, 576, 864), (-126, 576, 882), (-126, 576, 864), (-72, 576, 846), (-72, 594, 846), (-90, 594, 828), (-90, 594, 828), (-126, 594, 882), (-108, 594, 882), (-108, 594, 864), (-126, 576, 864), (-144, 558, 846), (-144, 540, 828), (-72, 648, 828)]	(9388, 11591, 10123, 11041, 11487, 9807, 7016, 7267, 4940, 6902, 6353, 7698, 4803, 6125, 7151, 7097, 11127, 19730, 16760, 8724, 15788, 13127, 11941, 1946)
u	957151	(592, 149)	[(-90, 594, 828), (-72, 612, 882), (-90, 594, 882), (-90, 612, 846), (-90, 612, 864), (-108, 594, 864), (-126, 594, 882), (-90, 576, 864), (-72, 612, 882), (-72, 594, 846), (-108, 594, 810), (-108, 576, 846), (-90, 612, 846), (-90, 612, 864), (-90, 612, 882), (-72, 612, 846), (-90, 612, 846), (-90, 594, 882), (-90, 612, 846), (-72, 612, 918), (-90, 594, 900), (-126, 612, 918), (-126, 612, 846), (-108, 630, 756), (-108, 612, 774)]	(9383, 11158, 9855, 10970, 11530, 10849, 5340, 7915, 5420, 6927, 5873, 8837, 4877, 6153, 7154, 6886, 11108, 19696, 16436, 8717, 15654, 13103, 11931, 1948)
j	958634	(670, 144)	[(-180, 576, 810), (-180, 630, 864), (-144, 612, 864), (-144, 594, 900), (-144, 594, 864), (-144, 612, 846), (-108, 594, 864), (-72, 594, 864), (-90, 594, 882), (-90, 594, 864), (-108, 594, 846), (-108, 594, 864), (-90, 594, 846), (-72, 612, 828), (-72, 612, 810), (-108, 612, 882), (-108, 594, 882), (-126, 594, 846), (-108, 594, 828), (-126, 594, 864), (-108, 594, 828), (-108, 594, 864), (-126, 594, 900), (-126, 648, 900), (-162, 612, 864)]	(9377, 11045, 9720, 10583, 11509, 10882, 5217, 7803, 5202, 6917, 5794, 8887, 4815, 6147, 7157, 6883, 11099, 19680, 16348, 8702, 15553, 13086, 11933, 1947)
w	959795	(586, 415)	[(-108, 612, 846), (-126, 612, 828), (-108, 612, 828), (-108, 612, 846), (-126, 594, 864), (-144, 612, 846), (-144, 612, 846), (-144, 594, 882), (-144, 594, 900), (-162, 594, 846), (-162, 594, 900), (-108, 630, 774), (-126, 630, 810), (-108, 630, 810), (-126, 648, 846), (-126, 648, 846), (-126, 648, 828), (-126, 648, 828), (-144, 666, 810), (-144, 648, 828), (-162, 648, 828), (-144, 648, 792), (-144, 666, 774), (-144, 648, 774), (-144, 666, 792)]	(9389, 11217, 10055, 11250, 11533, 10756, 4998, 7165, 5248, 6897, 5756, 8186, 4764, 6098, 7147, 6878, 11106, 19696, 16599, 8707, 15599, 13088, 11929, 1935)
x	960981	(746, 350)	[(-144, 666, 774), (-126, 666, 792), (-144, 666, 774), (-126, 684, 756), (-108, 666, 756), (-126, 666, 702), (-162, 648, 864), (-108, 648, 972), (-90, 612, 900), (-126, 594, 882), (-90, 558, 882), (-144, 612, 918), (-126, 594, 900), (-90, 612, 774), (-90, 630, 774), (-90, 630, 828), (-90, 630, 828), (-108, 630, 828), (-144, 612, 864), (-126, 630, 846), (-108, 612, 828), (-126, 612, 810), (-126, 630, 810), (-108, 666, 882), (-180, 630, 846)]	(9398, 11246, 9987, 10969, 11544, 11019, 5266, 7655, 5250, 6920, 5850, 8698, 4817, 6150, 7158, 6901, 11106, 19698, 16627, 8715, 15638, 13099, 11939, 1945)
e	962269	(575, 348)	[(-144, 630, 810), (-144, 612, 774), (-162, 612, 900), (-126, 612, 918), (-108, 630, 864), (-144, 648, 828), (-144, 630, 810), (-126, 648, 810), (-108, 648, 828), (-144, 666, 792), (-126, 648, 810), (-126, 648, 846), (-162, 648, 810), (-180, 648, 792), (-144, 648, 864), (-144, 648, 828), (-144, 684, 774), (-180, 666, 792), (-180, 666, 756), (-144, 666, 810), (-144, 684, 810), (-180, 666, 792), (-162, 684, 756), (-144, 702, 702), (-90, 666, 810)]	(9387, 11132, 9959, 11159, 11522, 10814, 5064, 7652, 5407, 6905, 5829, 8635, 4795, 6103, 7157, 6895, 11115, 19691, 16577, 8704, 15594, 13094, 11933, 1947)
t	963688	(588, 265)	[(-144, 648, 810), (-162, 666, 792), (-162, 666, 792), (-144, 666, 846), (-144, 666, 828), (-162, 648, 792), (-162, 630, 846), (-162, 648, 810), (-180, 648, 846), (-162, 648, 810), (-162, 648, 810), (-162, 666, 810), (-126, 666, 792), (-162, 666, 792), (-162, 648, 810), (-144, 666, 810), (-144, 666, 828), (-144, 684, 774), (-144, 684, 774), (-144, 648, 810), (-144, 666, 810), (-144, 666, 828), (-144, 666, 792), (-162, 666, 792), (-144, 702, 774)]	(9382, 11058, 9911, 11054, 11514, 10767, 5072, 8175, 5423, 6917, 5890, 9153, 4796, 6115, 7152, 6883, 11079, 19659, 16465, 8697, 15551, 13085, 11935, 1945)
p	964873	(584, 17)	[(-144, 666, 774), (-144, 666, 846), (-162, 666, 774), (-144, 684, 792), (-162, 666, 810), (-144, 684, 828), (-144, 684, 810), (-162, 684, 774), (-144, 666, 756), (-126, 684, 792), (-108, 684, 702), (-90, 684, 702), (-180, 666, 702), (-270, 648, 900), (-216, 648, 1026), (-144, 612, 918), (-144, 630, 846), (-144, 630, 864), (-144, 630, 828), (-90, 630, 792), (-72, 630, 792), (-72, 630, 792), (-54, 630, 702), (-54, 648, 864), (-162, 630, 882)]	(9356, 10801, 9444, 10220, 11535, 10822, 5398, 8128, 5312, 6929, 6089, 9535, 4857, 6188, 7168, 6880, 11086, 19653, 15995, 8691, 15464, 13072, 11929, 1940)
q	966037	(584, 465)	[(-90, 666, 828), (-90, 666, 792), (-108, 666, 792), (-90, 648, 810), (-90, 648, 828), (-90, 666, 864), (-108, 666, 810), (-90, 666, 810), (-90, 666, 810), (-108, 648, 828), (-90, 666, 828), (-90, 630, 864), (-108, 666, 810), (-108, 684, 774), (-90, 702, 738), (-126, 684, 756), (-144, 684, 810), (-180, 666, 810), (-180, 648, 864), (-162, 648, 846), (-180, 648, 810), (-180, 666, 756), (-162, 666, 756), (-72, 666, 792), (-180, 756, 702)]	(9403, 11309, 10186, 11395, 11545, 10681, 4971, 7007, 5030, 6891, 5733, 7389, 4690, 6084, 7140, 6868, 11107, 19695, 16817, 8711, 15585, 13086, 11925, 1952)
r	967269	(592, 305)	[(-126, 666, 810), (-126, 666, 810), (-144, 648, 828), (-144, 666, 810), (-144, 666, 846), (-144, 666, 810), (-126, 666, 774), (-144, 666, 810), (-144, 648, 828), (-144, 666, 828), (-126, 666, 792), (-126, 666, 756), (-126, 684, 792), (-144, 648, 846), (-126, 648, 810), (-126, 684, 828), (-144, 666, 846), (-126, 684, 810), (-126, 666, 828), (-126, 666, 810), (-126, 666, 792), (-126, 666, 828), (-144, 666, 774), (-126, 666, 756), (-144, 684, 720)]	(9385, 11150, 9980, 11129, 11537, 10960, 5144, 7139, 5035, 6900, 5845, 8118, 4717, 6090, 7143, 6876, 11104, 19687, 16623, 8699, 15566, 13081, 11928, 1946)
z	968484	(750, 392)	[(-162, 666, 810), (-162, 666, 828), (-162, 666, 810), (-126, 684, 810), (-144, 666, 792), (-126, 666, 810), (-144, 666, 774), (-162, 666, 774), (-144, 684, 720), (-126, 648, 774), (-126, 648, 900), (-90, 630, 972), (-90, 594, 936), (-162, 630, 810), (-216, 612, 900), (-162, 612, 810), (-162, 612, 810), (-162, 630, 846), (-144, 648, 828), (-126, 630, 810), (-126, 630, 792), (-144, 630, 810), (-144, 648, 810), (-144, 648, 792), (-126, 630, 810)]	(9384, 11220, 10049, 10944, 11547, 10893, 5180, 7202, 4919, 6898, 5821, 7937, 4687, 6098, 7135, 6864, 11102, 19687, 16695, 8703, 15571, 13085, 11933, 1940)
r	970187	(589, 306)	[(-126, 648, 846), (-162, 666, 828), (-162, 648, 828), (-162, 648, 810), (-126, 630, 828), (-126, 648, 792), (-162, 648, 810), (-162, 648, 810), (-144, 630, 846), (-162, 648, 828), (-144, 648, 828), (-126, 648, 810), (-144, 648, 828), (-144, 648, 846), (-144, 648, 846), (-144, 648, 810), (-144, 648, 828), (-162, 666, 846), (-144, 648, 810), (-162, 648, 810), (-162, 666, 828), (-144, 648, 828), (-162, 666, 774), (-162, 684, 738), (-144, 648, 828)]	(9406, 11267, 10083, 11267, 11568, 11102, 5207, 7290, 5091, 6925, 5846, 8349, 4736, 6097, 7150, 6878, 11101, 19692, 16691, 8702, 15566, 13086, 11934, 1947)
i	971570	(582, 128)	[(-162, 648, 810), (-162, 648, 810), (-144, 666, 774), (-144, 666, 792), (-144, 666, 792), (-162, 666, 738), (-162, 648, 756), (-162, 630, 720), (-198, 666, 918), (-90, 630, 990), (-126, 630, 954), (-180, 594, 846), (-198, 594, 864), (-162, 612, 882), (-162, 630, 774), (-108, 612, 792), (-126, 630, 828), (-144, 630, 828), (-144, 630, 846), (-126, 648, 828), (-144, 630, 846), (-162, 630, 900), (-162, 612, 882), (-180, 630, 846), (-162, 666, 756)]	(9368, 10992, 9823, 10759, 11532, 10787, 5281, 7723, 5059, 6903, 6004, 8588, 4729, 6107, 7144, 6862, 11080, 19654, 16320, 8693, 15502, 13079, 11926, 1948)
d	972885	(675, 335)	[(-162, 648, 810), (-162, 630, 828), (-144, 648, 810), (-144, 648, 828), (-162, 648, 846), (-144, 648, 792), (-162, 648, 810), (-162, 648, 864), (-162, 648, 828), (-162, 648, 828), (-180, 630, 864), (-162, 648, 810), (-144, 648, 792), (-126, 648, 774), (-144, 648, 828), (-144, 648, 864), (-162, 648, 828), (-162, 666, 792), (-162, 648, 792), (-144, 648, 828), (-144, 648, 828), (-162, 648, 810), (-162, 648, 864), (-162, 684, 756), (-162, 630, 738)]	(9391, 11180, 10029, 11094, 11560, 11016, 5343, 7569, 5140, 6935, 6086, 8600, 4757, 6090, 7144, 6887, 11100, 19687, 16648, 8701, 15547, 13083, 11933, 1950)
s	974069	(666, 382)	[(-144, 666, 810), (-180, 666, 828), (-162, 630, 810), (-162, 648, 828), (-162, 648, 810), (-180, 648, 810), (-162, 648, 810), (-162, 648, 846), (-162, 648, 828), (-144, 666, 810), (-144, 648, 810), (-180, 648, 756), (-162, 648, 756), (-162, 648, 846), (-162, 630, 882), (-162, 648, 828), (-144, 666, 792), (-180, 666, 792), (-180, 648, 828), (-162, 648, 828), (-162, 648, 810), (-144, 648, 810), (-162, 666, 756), (-144, 630, 792), (-108, 720, 720)]	(9369, 11062, 9963, 10997, 11531, 10765, 5158, 7439, 5050, 6898, 5958, 8370, 4750, 6078, 7148, 6869, 11085, 19677, 16553, 8700, 15514, 13069, 11937, 1938)
y	975444	(581, 214)	[(-144, 666, 810), (-144, 666, 792), (-144, 648, 846), (-162, 648, 810), (-162, 666, 792), (-144, 648, 792), (-144, 648, 810), (-144, 666, 864), (-144, 648, 864), (-162, 648, 828), (-162, 648, 828), (-162, 648, 810), (-162, 648, 810), (-144, 648, 810), (-126, 666, 792), (-126, 648, 792), (-126, 666, 810), (-144, 666, 864), (-180, 666, 846), (-144, 666, 828), (-126, 666, 792), (-144, 666, 792), (-162, 648, 810), (-180, 666, 792), (-144, 666, 774)]	(9380, 11080, 9904, 10987, 11550, 10991, 5266, 7206, 5016, 6914, 6016, 8176, 4713, 6079, 7142, 6867, 11082, 19669, 16504, 8693, 15513, 13071, 11926, 1942)
j	976986	(666, 156)	[(-162, 666, 774), (-126, 630, 756), (-144, 666, 864), (-144, 648, 936), (-144, 648, 864), (-144, 630, 846), (-126, 630, 810), (-144, 630, 810), (-126, 612, 882), (-144, 612, 846), (-162, 630, 792), (-162, 630, 828), (-126, 630, 828), (-144, 630, 864), (-162, 630, 864), (-144, 648, 810), (-144, 630, 792), (-144, 630, 864), (-144, 648, 828), (-126, 648, 810), (-144, 648, 828), (-144, 630, 828), (-144, 648, 828), (-126, 648, 828), (-126, 630, 828)]	(9378, 11070, 9870, 10797, 11576, 10979, 5491, 7514, 5147, 6940, 6328, 8413, 4740, 6107, 7155, 6872, 11085, 19676, 16469, 8693, 15513, 13073, 11926, 1936)
i	978252	(589, 134)	[(-162, 648, 792), (-162, 648, 810), (-144, 648, 828), (-162, 648, 792), (-180, 648, 792), (-144, 648, 810), (-144, 648, 792), (-162, 648, 828), (-144, 648, 828), (-144, 648, 846), (-144, 666, 846), (-144, 666, 810), (-126, 666, 792), (-144, 648, 756), (-144, 648, 828), (-162, 630, 864), (-144, 648, 846), (-162, 648, 828), (-198, 648, 810), (-144, 630, 810), (-162, 648, 774), (-144, 648, 756), (-126, 648, 792), (-162, 666, 810)]	(9369, 11039, 9851, 10876, 11556, 10932, 5319, 7456, 5092, 6907, 6094, 8424, 4719, 6099, 7155, 6883, 11099, 19686, 16529, 8683, 15506, 13072, 11935, 1941)
f	979631	(677, 304)	[(-144, 666, 792), (-144, 666, 810), (-162, 648, 828), (-144, 666, 828), (-144, 666, 810), (-144, 666, 810), (-144, 648, 792), (-144, 666, 810), (-144, 648, 810), (-144, 666, 810), (-144, 666, 792), (-144, 684, 810), (-144, 666, 828), (-144, 666, 810), (-144, 666, 792), (-144, 666, 792), (-162, 666, 774), (-144, 666, 810), (-162, 666, 792), (-144, 666, 864), (-144, 666, 828), (-162, 666, 792), (-144, 666, 864), (-180, 684, 810), (-162, 666, 828)]	(9381, 11154, 9981, 10992, 11559, 11021, 5241, 7494, 5081, 6913, 6011, 8577, 4747, 6091, 7155, 6865, 11089, 19676, 16556, 8690, 15510, 13069, 11923, 1943)
b	981264	(752, 205)	[(-144, 666, 666), (-162, 648, 630), (-162, 648, 756), (-126, 630, 1044), (-198, 648, 954), (-216, 630, 846), (-216, 612, 900), (-216, 576, 918), (-180, 612, 828), (-126, 612, 774), (-126, 612, 792), (-72, 594, 846), (-108, 648, 810), (-108, 648, 810), (-144, 630, 864), (-144, 630, 900), (-126, 630, 810), (-144, 630, 792), (-144, 630, 846), (-126, 630, 846), (-162, 630, 810), (-162, 630, 828), (-162, 630, 864), (-162, 630, 846), (-180, 612, 792)]	(9382, 10975, 9672, 10340, 11569, 11020, 5415, 7281, 4894, 6935, 6271, 8422, 4727, 6138, 7134, 6847, 11056, 19658, 16280, 8686, 15473, 13063, 11922, 1945)
h	982503	(661, 200)	[(-126, 648, 828), (-144, 648, 810), (-162, 648, 864), (-144, 648, 792), (-162, 630, 810), (-144, 648, 792), (-144, 648, 792), (-126, 666, 846), (-144, 648, 864), (-144, 648, 846), (-144, 648, 792), (-126, 630, 828), (-126, 648, 864), (-162, 630, 828), (-144, 612, 864), (-108, 648, 792), (-126, 648, 774), (-144, 648, 864), (-126, 666, 810), (-126, 648, 828), (-144, 648, 810), (-126, 648, 810), (-144, 648, 792), (-126, 648, 810), (-144, 630, 792)]	(9372, 11025, 9812, 10559, 11560, 11008, 5307, 7323, 4903, 6919, 6053, 8448, 4704, 6131, 7148, 6842, 11071, 19652, 16300, 8688, 15483, 13066, 11928, 1949)
y	983889	(579, 208)	[(-144, 666, 828), (-144, 648, 828), (-162, 648, 828), (-126, 666, 864), (-144, 648, 846), (-144, 666, 810), (-108, 684, 774), (-108, 684, 792), (-162, 684, 828), (-144, 684, 792), (-126, 684, 774), (-162, 666, 792), (-144, 684, 774), (-162, 684, 738), (-162, 702, 756), (-162, 666, 828), (-162, 684, 810), (-162, 684, 774), (-144, 684, 828), (-126, 702, 810), (-162, 684, 774), (-180, 684, 792), (-144, 684, 792), (-90, 684, 756), (-162, 684, 774)]	(9378, 11095, 9928, 10989, 11555, 10968, 5216, 7384, 5017, 6897, 5920, 8509, 4726, 6115, 7154, 6861, 11087, 19668, 16435, 8689, 15507, 13068, 11934, 1948)
l	985273	(654, 41)	[(-162, 684, 828), (-162, 684, 828), (-144, 684, 774), (-144, 684, 774), (-180, 684, 756), (-180, 684, 792), (-162, 684, 810), (-162, 684, 756), (-144, 666, 864), (-126, 648, 774), (-90, 648, 792), (-126, 648, 846), (-126, 630, 864), (-144, 648, 828), (-144, 648, 810), (-144, 648, 810), (-126, 630, 846), (-108, 612, 864), (-90, 630, 774), (-108, 666, 774), (-90, 630, 846), (-126, 648, 864), (-108, 666, 846), (-180, 666, 828), (-162, 648, 864)]	(9357, 10859, 9420, 10166, 11540, 10832, 5416, 8046, 5493, 6924, 5976, 9672, 4836, 6175, 7158, 6846, 11070, 19629, 15905, 8673, 15407, 13051, 11915, 1944)
f	986690	(667, 294)	[(-144, 684, 792), (-144, 684, 792), (-144, 666, 774), (-144, 684, 828), (-144, 684, 810), (-144, 702, 774), (-126, 684, 792), (-126, 684, 810), (-162, 684, 792), (-162, 702, 792), (-144, 684, 828), (-180, 684, 810), (-180, 684, 774), (-162, 684, 774), (-162, 684, 756), (-162, 684, 756), (-144, 684, 774), (-162, 684, 774), (-162, 702, 792), (-144, 702, 810), (-180, 702, 792), (-180, 684, 792), (-144, 684, 774), (-144, 702, 810), (-144, 684, 810)]	(9372, 11035, 9850, 10758, 11542, 10913, 5095, 7471, 5081, 6900, 5838, 8881, 4710, 6117, 7144, 6875, 11069, 19655, 16325, 8684, 15470, 13050, 11919, 1943)
k	987971	(662, 106)	[(-162, 684, 774), (-162, 702, 774), (-180, 684, 774), (-144, 666, 774), (-162, 684, 756), (-162, 684, 720), (-180, 684, 810), (-180, 684, 864), (-162, 684, 864), (-144, 684, 864), (-162, 684, 810), (-180, 648, 828), (-180, 648, 792), (-126, 666, 756), (-126, 648, 756), (-126, 666, 774), (-126, 684, 774), (-180, 684, 810), (-162, 684, 828), (-162, 684, 810), (-180, 666, 792), (-162, 666, 792), (-126, 666, 756), (-144, 702, 810), (-180, 684, 882)]	(9363, 10903, 9677, 10455, 11552, 10930, 5285, 8310, 5323, 6950, 6076, 9458, 4788, 6136, 7150, 6861, 11064, 19647, 16219, 8680, 15456, 13055, 11929, 1948)
o	989261	(578, 85)	[(-162, 684, 774), (-144, 684, 810), (-144, 684, 792), (-162, 684, 774), (-162, 684, 774), (-144, 702, 810), (-162, 684, 810), (-162, 684, 774), (-162, 684, 810), (-180, 684, 828), (-180, 684, 792), (-180, 684, 738), (-162, 666, 774), (-180, 684, 828), (-144, 684, 810), (-162, 684, 792), (-144, 684, 810), (-144, 684, 810), (-126, 702, 774), (-144, 684, 792), (-144, 702, 792), (-162, 684, 774), (-162, 666, 738), (-144, 666, 738), (-108, 684, 828)]	(9377, 10990, 9777, 10663, 11559, 11016, 5242, 7952, 5191, 6904, 5985, 9237, 4761, 6123, 7150, 6878, 11067, 19655, 16297, 8685, 15461, 13043, 11923, 1935)
g	990649	(672, 234)	[(-162, 684, 810), (-162, 684, 792), (-144, 684, 792), (-144, 684, 792), (-144, 702, 792), (-144, 684, 792), (-162, 684, 774), (-162, 684, 810), (-162, 684, 792), (-180, 684, 810), (-180, 666, 828), (-162, 666, 774), (-144, 684, 810), (-144, 684, 774), (-144, 684, 792), (-162, 684, 792), (-180, 684, 792), (-162, 684, 792), (-144, 666, 774), (-162, 684, 828), (-162, 684, 810), (-162, 684, 774), (-144, 684, 792), (-162, 684, 792), (-144, 702, 756)]	(9376, 10991, 9826, 10642, 11549, 10945, 5134, 7813, 5113, 6913, 5903, 9115, 4746, 6125, 7151, 6880, 11077, 19651, 16297, 8685, 15453, 13056, 11926, 1944)
v	991869	(758, 264)	[(-162, 666, 792), (-180, 684, 810), (-162, 666, 810), (-162, 666, 792), (-144, 684, 774), (-162, 666, 792), (-180, 648, 792), (-126, 684, 702), (-144, 684, 702), (-180, 648, 720), (-144, 648, 828), (-144, 630, 1116), (-234, 612, 936), (-270, 612, 774), (-198, 630, 882), (-162, 630, 864), (-198, 630, 774), (-162, 648, 702), (-162, 648, 756), (-144, 648, 828), (-198, 648, 810), (-198, 666, 792), (-198, 648, 810), (-180, 648, 828), (-144, 666, 882)]	(9370, 10992, 9808, 10497, 11549, 10934, 5161, 7562, 4950, 6923, 5930, 8703, 4714, 6106, 7154, 6839, 11061, 19637, 16304, 8678, 15435, 13043, 11910, 1945)
v	993361	(736, 261)	[(-198, 666, 792), (-180, 666, 828), (-180, 684, 774), (-180, 666, 810), (-198, 666, 810), (-198, 684, 792), (-180, 684, 756), (-162, 666, 792), (-162, 684, 756), (-180, 666, 792), (-198, 666, 828), (-162, 666, 828), (-180, 684, 828), (-180, 666, 792), (-198, 684, 756), (-180, 684, 810), (-180, 666, 792), (-198, 684, 792), (-180, 684, 792), (-180, 666, 792), (-180, 684, 792), (-180, 666, 828), (-144, 684, 792), (-180, 702, 810), (-198, 684, 828)]	(9374, 11022, 9891, 10733, 11548, 10928, 5092, 7577, 4992, 6903, 5838, 8778, 4702, 6112, 7142, 6855, 11063, 19650, 16378, 8681, 15461, 13050, 11914, 1944)
q	994545	(589, 465)	[(-180, 684, 792), (-180, 666, 792), (-162, 666, 774), (-162, 684, 792), (-162, 684, 774), (-180, 684, 792), (-198, 666, 828), (-180, 666, 846), (-198, 684, 828), (-126, 702, 720), (-126, 720, 648), (-144, 702, 774), (-144, 702, 828), (-108, 720, 756), (-180, 720, 756), (-180, 738, 792), (-198, 702, 792), (-216, 702, 792), (-234, 684, 756), (-216, 684, 666), (-144, 702, 648), (-144, 702, 774), (-180, 774, 594), (-108, 702, 756), (-162, 720, 1044)]	(9406, 11277, 10227, 11451, 11557, 10708, 4935, 7301, 5192, 6906, 5748, 8329, 4703, 6072, 7143, 6865, 11100, 19675, 16748, 8694, 15547, 13070, 11920, 1936)
n	995762	(748, 161)	[(-180, 684, 792), (-216, 666, 774), (-234, 648, 738), (-198, 648, 810), (-144, 630, 936), (-162, 630, 900), (-144, 648, 846), (-126, 666, 846), (-108, 648, 810), (-90, 648, 774), (-90, 648, 774), (-108, 648, 810), (-108, 648, 810), (-144, 666, 828), (-144, 648, 828), (-144, 648, 828), (-144, 648, 828), (-162, 648, 810), (-162, 648, 810), (-126, 648, 810), (-144, 648, 846), (-144, 648, 828), (-144, 648, 828), (-144, 648, 792), (-108, 684, 882)]	(9403, 11102, 9711, 10400, 11564, 11026, 4962, 7515, 4779, 6903, 5674, 9120, 4701, 6088, 7137, 6833, 11061, 19641, 16183, 8680, 15444, 13047, 11922, 1946)
k	997005	(657, 104)	[(-144, 666, 810), (-162, 666, 810), (-162, 666, 810), (-162, 666, 774), (-144, 684, 792), (-180, 666, 810), (-180, 684, 828), (-162, 666, 792), (-144, 666, 756), (-162, 666, 774), (-144, 666, 810), (-162, 666, 828), (-162, 666, 846), (-180, 666, 810), (-180, 666, 810), (-162, 666, 792), (-162, 666, 810), (-144, 666, 846), (-144, 684, 810), (-144, 666, 810), (-162, 666, 810), (-162, 666, 792), (-162, 666, 810), (-162, 666, 774), (-180, 666, 774)]	(9374, 10994, 9728, 10495, 11528, 10838, 4922, 7827, 4889, 6891, 5691, 9191, 4687, 6113, 7145, 6821, 11059, 19636, 16144, 8686, 15440, 13057, 11922, 1952)
t	998490	(574, 253)	[(-162, 666, 810), (-162, 684, 810), (-180, 666, 792), (-144, 666, 846), (-144, 684, 774), (-126, 684, 756), (-144, 702, 792), (-126, 684, 756), (-180, 702, 810), (-180, 684, 810), (-162, 684, 810), (-162, 684, 810), (-180, 666, 792), (-198, 666, 792), (-180, 684, 792), (-180, 684, 792), (-180, 684, 792), (-180, 684, 756), (-162, 702, 792), (-162, 684, 810), (-162, 684, 810), (-162, 702, 792), (-162, 702, 738), (-162, 702, 756), (-180, 720, 738)]	(9381, 11062, 9886, 10892, 11517, 10744, 4845, 7616, 4954, 6889, 5713, 8993, 4687, 6087, 7143, 6855, 11061, 19644, 16304, 8676, 15449, 13044, 11919, 1943)
d	1000006	(647, 335)	[(-198, 666, 828), (-216, 666, 792), (-180, 684, 774), (-180, 684, 774), (-180, 684, 810), (-180, 684, 774), (-162, 702, 774), (-162, 702, 774), (-180, 702, 774), (-198, 684, 774), (-162, 702, 774), (-180, 702, 756), (-198, 702, 774), (-180, 684, 756), (-180, 702, 792), (-162, 702, 810), (-180, 702, 774), (-162, 702, 774), (-180, 702, 774), (-162, 702, 738), (-162, 702, 774), (-162, 684, 774), (-162, 702, 774), (-234, 720, 810), (-198, 684, 810)]	(9394, 11174, 10013, 11034, 11555, 10902, 4909, 7643, 5014, 6893, 5742, 8969, 4732, 6088, 7143, 6837, 11067, 19647, 16452, 8679, 15479, 13050, 11913, 1943)
c	1001320	(747, 293)	[(-198, 684, 810), (-180, 684, 792), (-162, 666, 792), (-180, 684, 774), (-180, 702, 756), (-144, 702, 774), (-216, 666, 774), (-198, 684, 774), (-180, 684, 828), (-162, 702, 810), (-162, 702, 792), (-180, 702, 774), (-180, 684, 774), (-162, 684, 792), (-162, 684, 774), (-162, 702, 756), (-180, 684, 810), (-198, 684, 810), (-180, 684, 774), (-180, 666, 792), (-180, 684, 792), (-180, 684, 738), (-180, 684, 756), (-180, 684, 792), (-180, 702, 756)]	(9384, 11085, 9910, 10801, 11537, 10875, 4978, 7555, 4915, 6884, 5722, 8778, 4672, 6093, 7145, 6823, 11075, 19641, 16381, 8681, 15461, 13045, 11920, 1953)
s	1002656	(650, 384)	[(-162, 702, 774), (-162, 702, 738), (-180, 702, 792), (-180, 702, 792), (-162, 702, 756), (-180, 702, 774), (-198, 666, 810), (-180, 702, 738), (-162, 684, 774), (-180, 702, 810), (-180, 684, 774), (-180, 702, 774), (-198, 702, 774), (-180, 720, 756), (-162, 720, 792), (-144, 702, 792), (-162, 720, 756), (-180, 702, 774), (-180, 702, 738), (-180, 720, 774), (-180, 702, 792), (-198, 702, 738), (-198, 720, 720), (-180, 702, 756), (-162, 702, 810)]	(9384, 11094, 9919, 10888, 11539, 10858, 4830, 7355, 4960, 6902, 5700, 8627, 4660, 6095, 7154, 6826, 11065, 19637, 16412, 8684, 15456, 13031, 11910, 1945)
m	1003937	(756, 120)	[(-180, 702, 774), (-144, 720, 720), (-180, 720, 810), (-126, 684, 846), (-162, 702, 738), (-180, 702, 738), (-180, 702, 756), (-180, 684, 810), (-144, 684, 774), (-162, 702, 774), (-198, 684, 756), (-216, 648, 810), (-162, 666, 792), (-216, 648, 882), (-234, 648, 882), (-234, 630, 846), (-180, 666, 774), (-162, 666, 756), (-144, 666, 810), (-144, 666, 792), (-162, 666, 792), (-162, 666, 810), (-162, 666, 810), (-162, 666, 810), (-162, 666, 792)]	(9381, 10987, 9762, 10435, 11545, 10954, 5088, 8140, 4959, 6928, 5761, 9062, 4773, 6129, 7136, 6818, 11047, 19646, 16254, 8677, 15449, 13052, 11919, 1944)
u	1005620	(589, 160)	[(-162, 702, 774), (-162, 702, 792), (-180, 702, 774), (-180, 684, 792), (-162, 702, 774), (-162, 684, 792), (-162, 702, 774), (-180, 702, 774), (-180, 702, 792), (-180, 702, 774), (-162, 684, 792), (-162, 702, 810), (-162, 702, 756), (-162, 702, 756), (-180, 702, 756), (-144, 702, 792), (-162, 702, 792), (-198, 702, 792), (-180, 702, 792), (-180, 702, 774), (-162, 702, 756), (-162, 702, 792), (-126, 720, 738), (-162, 738, 756), (-180, 702, 774)]	(9377, 11049, 9875, 10856, 11533, 10876, 4921, 7674, 4949, 6920, 5742, 8924, 4713, 6094, 7145, 6818, 11087, 19649, 16314, 8676, 15459, 13049, 11907, 1943)
b	1006908	(751, 221)	[(-144, 702, 756), (-162, 720, 738), (-162, 702, 792), (-180, 702, 774), (-162, 720, 774), (-180, 702, 756), (-180, 702, 774), (-162, 702, 774), (-144, 702, 738), (-162, 702, 720), (-162, 702, 792), (-180, 684, 810), (-162, 702, 810), (-162, 684, 792), (-180, 666, 774), (-198, 684, 792), (-180, 684, 810), (-162, 684, 810), (-162, 666, 792), (-162, 666, 774), (-144, 684, 774), (-180, 684, 792), (-162, 684, 774), (-162, 684, 810), (-162, 684, 792)]	(9400, 11140, 9955, 10800, 11551, 11008, 5003, 7819, 4889, 6886, 5739, 8964, 4681, 6095, 7151, 6844, 11077, 19663, 16405, 8685, 15472, 13058, 11918, 1942)
n	1008396	(756, 157)	[(-180, 684, 792), (-180, 684, 756), (-162, 702, 738), (-162, 666, 738), (-198, 684, 792), (-198, 666, 828), (-180, 684, 846), (-180, 666, 828), (-180, 684, 792), (-180, 684, 774), (-162, 666, 774), (-180, 666, 882), (-162, 666, 846), (-180, 666, 756), (-162, 684, 792), (-180, 666, 810), (-162, 666, 828), (-162, 684, 774), (-162, 684, 756), (-180, 684, 810), (-180, 666, 792), (-162, 666, 792), (-180, 666, 846), (-180, 666, 828), (-162, 702, 774)]	(9381, 11041, 9850, 10591, 11540, 11012, 5010, 8150, 4867, 6909, 5771, 9135, 4686, 6097, 7145, 6854, 11085, 19660, 16331, 8682, 15455, 13047, 11916, 1948)
p	1009722	(579, 12)	[(-180, 684, 792), (-162, 684, 774), (-162, 684, 810), (-198, 684, 828), (-180, 684, 810), (-162, 666, 792), (-144, 702, 756), (-162, 702, 774), (-162, 684, 810), (-198, 684, 774), (-180, 684, 792), (-180, 684, 810), (-180, 702, 774), (-126, 684, 738), (-126, 702, 774), (-144, 684, 792), (-144, 684, 810), (-180, 684, 864), (-162, 684, 846), (-180, 684, 720), (-216, 702, 720), (-180, 648, 882), (-198, 666, 864), (-216, 684, 810), (-198, 684, 774)]	(9360, 10953, 9765, 10656, 11544, 11143, 5102, 8513, 5200, 6925, 5819, 9485, 4695, 6113, 7151, 6833, 11045, 19643, 16246, 8674, 15448, 13046, 11917, 1946)
o	1010901	(590, 83)	[(-180, 684, 774), (-180, 666, 792), (-162, 684, 810), (-144, 684, 810), (-144, 720, 720), (-144, 702, 792), (-144, 702, 810), (-162, 684, 792), (-126, 702, 774), (-162, 684, 756), (-162, 702, 792), (-162, 684, 810), (-162, 684, 774), (-144, 702, 756), (-162, 684, 756), (-162, 684, 792), (-162, 684, 810), (-144, 702, 756), (-144, 702, 756), (-180, 684, 792), (-180, 666, 792), (-180, 702, 774), (-162, 684, 774), (-180, 702, 738), (-162, 702, 774)]	(9393, 11086, 9895, 10845, 11547, 11116, 5009, 7853, 4940, 6895, 5755, 9011, 4661, 6129, 7160, 6825, 11059, 19644, 16295, 8676, 15466, 13052, 11930, 1931)
a	1012126	(669, 446)	[(-162, 684, 774), (-162, 684, 792), (-144, 702, 792), (-144, 702, 774), (-144, 702, 792), (-144, 702, 792), (-162, 684, 774), (-162, 702, 828), (-180, 684, 792), (-180, 684, 810), (-162, 684, 810), (-162, 702, 774), (-162, 702, 738), (-126, 702, 810), (-126, 702, 810), (-126, 720, 738), (-162, 738, 756), (-180, 720, 792), (-180, 684, 810), (-180, 702, 756), (-198, 702, 756), (-162, 720, 684), (-162, 720, 702), (-180, 720, 738), (-216, 738, 684)]	(9387, 11095, 9970, 10920, 11540, 10771, 4828, 7627, 4973, 6890, 5699, 8801, 4725, 6095, 7151, 6846, 11052, 19635, 16395, 8684, 15475, 13051, 11921, 1955)
e	1013406	(583, 352)	[(-162, 666, 828), (-162, 666, 828), (-144, 666, 792), (-162, 666, 756), (-198, 666, 792), (-198, 666, 846), (-180, 684, 810), (-216, 666, 792), (-198, 684, 774), (-198, 666, 756), (-198, 666, 792), (-180, 666, 810), (-144, 702, 720), (-162, 720, 738), (-144, 738, 810), (-162, 720, 846), (-126, 720, 792), (-126, 738, 684), (-126, 774, 648), (-162, 738, 738), (-180, 756, 792), (-180, 738, 720), (-162, 738, 648), (-126, 756, 684), (-144, 792, 720)]	(9397, 11169, 10082, 11274, 11524, 10695, 4847, 7390, 5179, 6913, 5767, 8628, 4712, 6074, 7130, 6841, 11075, 19634, 16587, 8682, 15510, 13065, 11921, 1945)
l	1014687	(663, 23)	[(-180, 738, 774), (-144, 738, 774), (-126, 756, 756), (-126, 738, 738), (-144, 720, 720), (-180, 720, 756), (-180, 684, 846), (-198, 702, 810), (-216, 684, 792), (-252, 684, 810), (-198, 666, 792), (-144, 684, 774), (-144, 684, 774), (-126, 684, 810), (-108, 684, 828), (-90, 702, 792), (-126, 702, 792), (-126, 684, 810), (-108, 684, 774), (-126, 684, 720), (-126, 648, 882), (-162, 684, 792), (-162, 666, 774), (-126, 684, 792), (-90, 666, 828)]	(9366, 10835, 9545, 10229, 11520, 10908, 5092, 8367, 5056, 6905, 5800, 9629, 4753, 6171, 7150, 6850, 11052, 19603, 16045, 8675, 15417, 13053, 11922, 1946)
c	1016059	(739, 293)	[(-198, 702, 774), (-198, 684, 756), (-180, 702, 774), (-180, 684, 792), (-180, 702, 756), (-198, 702, 720), (-144, 702, 792), (-126, 702, 810), (-144, 702, 756), (-162, 702, 756), (-180, 702, 720), (-198, 684, 792), (-180, 702, 774), (-180, 702, 756), (-162, 702, 738), (-162, 720, 774), (-162, 702, 774), (-162, 702, 774), (-180, 720, 738), (-162, 720, 756), (-162, 702, 810), (-198, 702, 774), (-144, 702, 756), (-162, 720, 756), (-126, 702, 810)]	(9370, 11081, 9947, 10743, 11546, 10970, 4980, 7629, 4802, 6887, 5751, 8807, 4691, 6124, 7150, 6875, 11083, 19656, 16414, 8679, 15489, 13054, 11920, 1950)
h	1017390	(667, 188)	[(-162, 702, 738), (-162, 702, 756), (-198, 684, 756), (-198, 702, 828), (-198, 702, 792), (-180, 702, 810), (-144, 702, 810), (-126, 702, 720), (-162, 684, 774), (-180, 666, 846), (-198, 702, 828), (-180, 702, 810), (-216, 702, 774), (-180, 684, 756), (-162, 684, 756), (-162, 702, 774), (-180, 702, 756), (-180, 702, 756), (-144, 684, 792), (-144, 702, 792), (-180, 702, 792), (-162, 702, 774), (-144, 702, 756), (-162, 684, 792), (-162, 702, 792)]	(9370, 11025, 9874, 10771, 11528, 10895, 4970, 7771, 4838, 6901, 5790, 8857, 4665, 6110, 7133, 6855, 11060, 19652, 16389, 8681, 15481, 13048, 11917, 1949)
m	1018773	(748, 111)	[(-144, 702, 738), (-162, 702, 774), (-180, 720, 756), (-162, 720, 756), (-180, 684, 738), (-180, 684, 702), (-162, 684, 702), (-180, 684, 738), (-180, 666, 918), (-162, 648, 990), (-180, 684, 846), (-216, 666, 828), (-198, 648, 792), (-180, 648, 774), (-162, 666, 792), (-162, 666, 864), (-162, 666, 792), (-180, 666, 774), (-180, 666, 792), (-198, 666, 810), (-180, 648, 756), (-144, 648, 810), (-162, 648, 828), (-198, 666, 828), (-180, 666, 828)]	(9374, 10997, 9824, 10585, 11556, 10981, 5265, 7456, 4890, 6908, 5967, 8523, 4681, 6140, 7139, 6849, 11071, 19640, 16272, 8677, 15460, 13044, 11908, 1955)
a	1019940	(639, 427)	[(-180, 666, 792), (-180, 666, 792), (-180, 666, 810), (-180, 684, 810), (-198, 666, 792), (-180, 666, 828), (-180, 666, 774), (-162, 684, 810), (-162, 666, 828), (-180, 666, 810), (-180, 684, 828), (-144, 684, 738), (-108, 720, 720), (-126, 720, 774), (-162, 702, 810), (-198, 702, 810), (-180, 684, 720), (-180, 684, 774), (-180, 666, 864), (-180, 684, 846), (-198, 702, 738), (-198, 720, 738), (-162, 684, 756), (-126, 702, 774), (-180, 756, 612)]	(9390, 11175, 10092, 11117, 11550, 10755, 4903, 7197, 4899, 6890, 5741, 8321, 4700, 6088, 7134, 6829, 11055, 19645, 16525, 8672, 15485, 13057, 11916, 1947)
g	1021377	(650, 242)	[(-144, 666, 774), (-126, 684, 756), (-180, 666, 810), (-180, 666, 828), (-180, 666, 792), (-162, 684, 792), (-180, 684, 792), (-216, 648, 792), (-180, 666, 828), (-198, 666, 810), (-216, 666, 810), (-198, 666, 792), (-180, 648, 792), (-180, 666, 810), (-180, 684, 846), (-198, 666, 810), (-198, 666, 774), (-180, 666, 810), (-198, 666, 792), (-180, 666, 792), (-180, 666, 810), (-162, 666, 792), (-180, 684, 756), (-126, 702, 666), (-144, 630, 828)]	(9384, 11118, 10020, 10956, 11545, 10969, 5038, 8019, 4866, 6899, 5767, 8852, 4699, 6073, 7160, 6817, 11097, 19658, 16453, 8679, 15460, 13070, 11912, 1946)
x	1022659	(732, 340)	[(-162, 666, 756), (-180, 666, 756), (-162, 666, 756), (-180, 684, 756), (-162, 666, 792), (-180, 666, 828), (-198, 684, 792), (-180, 666, 774), (-180, 666, 828), (-180, 648, 828), (-180, 666, 792), (-162, 702, 792), (-162, 684, 828), (-144, 684, 810), (-162, 684, 792), (-162, 684, 792), (-162, 666, 774), (-162, 684, 774), (-162, 666, 810), (-162, 684, 792), (-180, 684, 810), (-180, 684, 792), (-180, 684, 810), (-180, 684, 810), (-144, 666, 756)]	(9384, 11086, 9984, 10841, 11541, 10935, 4912, 8027, 4862, 6917, 5757, 8900, 4694, 6109, 7140, 6856, 11056, 19642, 16423, 8676, 15468, 13050, 11920, 1949)
