From now on you will be typing sentences rather than letters. Please hold the phone in your right hand and type with you right thumb
i	1366556	(579, 127)	[(0, 378, 972), (-36, 396, 972), (-36, 396, 1008), (-36, 396, 1026), (-36, 414, 954), (18, 414, 1044), (0, 414, 1008), (18, 432, 972), (0, 432, 954), (18, 414, 1008), (54, 432, 954), (18, 450, 936), (-36, 414, 882), (0, 414, 900), (36, 432, 900), (36, 432, 936), (18, 414, 1008), (18, 414, 936), (18, 432, 990), (-18, 432, 972), (0, 414, 1026), (18, 414, 990), (18, 432, 954), (0, 432, 936), (-54, 432, 900)]	(9491, 11680, 10368, 10593, 13227, 10897, 6794, 6721, 6650, 7904, 6424, 6918, 6325, 8209, 7595, 7527, 14497, 20029, 14945, 9008, 16015, 13443, 12739, 1986)
 	1366896	(821, 195)	[(18, 450, 936), (-36, 414, 882), (0, 414, 900), (36, 432, 900), (36, 432, 936), (18, 414, 1008), (18, 414, 936), (18, 432, 990), (-18, 432, 972), (0, 414, 1026), (18, 414, 990), (18, 432, 954), (0, 432, 936), (-54, 432, 900), (54, 468, 972), (0, 414, 936), (0, 414, 972), (-36, 432, 918), (-54, 468, 1116), (-36, 468, 900), (54, 450, 846), (-18, 450, 900), (0, 450, 882), (-36, 450, 954), (18, 468, 972)]	(9500, 11628, 10353, 10553, 13211, 10683, 5666, 6509, 6629, 7671, 6124, 6768, 6486, 8015, 7495, 7327, 14187, 19992, 14784, 8992, 15958, 13406, 12729, 1993)
t	1368283	(582, 261)	[(18, 468, 936), (0, 432, 954), (0, 468, 972), (0, 450, 936), (18, 450, 936), (0, 450, 972), (-36, 468, 1008), (0, 450, 954), (36, 450, 918), (54, 468, 918), (-54, 432, 954), (-36, 432, 972), (0, 450, 990), (-18, 450, 972), (0, 432, 954), (18, 468, 954), (-54, 432, 936), (-72, 450, 954), (-72, 450, 954), (-54, 486, 972), (-90, 468, 864), (-72, 486, 882), (-18, 486, 918), (-72, 486, 882), (-126, 468, 972)]	(9470, 11747, 10467, 10622, 13483, 10607, 7161, 6518, 6176, 7806, 6166, 6744, 5780, 8883, 7645, 7290, 14460, 20159, 15204, 9020, 16010, 13447, 12826, 2009)
h	1368691	(652, 195)	[(-18, 450, 972), (0, 432, 954), (18, 468, 954), (-54, 432, 936), (-72, 450, 954), (-72, 450, 954), (-54, 486, 972), (-90, 468, 864), (-72, 486, 882), (-18, 486, 918), (-72, 486, 882), (-126, 468, 972), (-36, 432, 990), (18, 468, 936), (18, 486, 900), (0, 468, 936), (36, 486, 918), (36, 504, 918), (-36, 486, 990), (-72, 468, 954), (-72, 468, 972), (-90, 486, 954), (-36, 468, 900), (-18, 486, 882), (-54, 486, 900)]	(9498, 11789, 10484, 10633, 13563, 10716, 6879, 6548, 6776, 7899, 6203, 6904, 6531, 8735, 7620, 7275, 14334, 20127, 14949, 8987, 15960, 13425, 12817, 2005)
i	1368982	(560, 143)	[(-18, 486, 918), (-72, 486, 882), (-126, 468, 972), (-36, 432, 990), (18, 468, 936), (18, 486, 900), (0, 468, 936), (36, 486, 918), (36, 504, 918), (-36, 486, 990), (-72, 468, 954), (-72, 468, 972), (-90, 486, 954), (-36, 468, 900), (-18, 486, 882), (-54, 486, 900), (90, 468, 846), (-90, 468, 1008), (-18, 468, 936), (0, 468, 936), (0, 468, 936), (-54, 486, 900), (-90, 486, 900), (-18, 468, 882), (72, 522, 918)]	(9476, 11723, 10398, 10564, 13418, 10726, 7043, 6530, 6655, 7838, 6174, 6900, 6834, 8707, 7617, 7264, 14290, 20093, 14843, 8987, 15914, 13406, 12773, 1998)
n	1369272	(750, 158)	[(-36, 486, 990), (-72, 468, 954), (-72, 468, 972), (-90, 486, 954), (-36, 468, 900), (-18, 486, 882), (-54, 486, 900), (90, 468, 846), (-90, 468, 1008), (-18, 468, 936), (0, 468, 936), (0, 468, 936), (-54, 486, 900), (-90, 486, 900), (-18, 468, 882), (72, 522, 918), (-54, 432, 1062), (54, 468, 936), (-108, 504, 1008), (54, 486, 828), (54, 468, 810), (18, 468, 864), (-108, 468, 936), (-54, 432, 972), (72, 468, 918)]	(9497, 11709, 10405, 10569, 13524, 10829, 5375, 6450, 7091, 8020, 6009, 6942, 7108, 7658, 7627, 7190, 13880, 20044, 14715, 8996, 15917, 13405, 12797, 2000)
k	1369462	(664, 90)	[(-36, 468, 900), (-18, 486, 882), (-54, 486, 900), (90, 468, 846), (-90, 468, 1008), (-18, 468, 936), (0, 468, 936), (0, 468, 936), (-54, 486, 900), (-90, 486, 900), (-18, 468, 882), (72, 522, 918), (-54, 432, 1062), (54, 468, 936), (-108, 504, 1008), (54, 486, 828), (54, 468, 810), (18, 468, 864), (-108, 468, 936), (-54, 432, 972), (72, 468, 918), (-36, 450, 1026), (54, 468, 882), (18, 468, 900), (-72, 468, 936)]	(9507, 11741, 10444, 10628, 13704, 10995, 5445, 6599, 7534, 8157, 6078, 7085, 7243, 7800, 7659, 7221, 13969, 20070, 14723, 8996, 15936, 13431, 12833, 2003)
 	1370021	(810, 193)	[(-36, 450, 1026), (54, 468, 882), (18, 468, 900), (-72, 468, 936), (36, 468, 972), (0, 432, 918), (36, 468, 900), (36, 468, 936), (36, 468, 918), (0, 450, 954), (0, 450, 918), (18, 468, 954), (0, 468, 918), (-36, 450, 972), (-36, 468, 900), (18, 450, 954), (18, 450, 954), (0, 468, 954), (0, 450, 954), (0, 468, 1044), (-72, 468, 936), (18, 468, 828), (-36, 468, 846), (-54, 468, 936), (-54, 468, 990)]	(9525, 11750, 10427, 10617, 13802, 10847, 5219, 6547, 7665, 8004, 6051, 7064, 7406, 7469, 7555, 7188, 13855, 20074, 14730, 9003, 15954, 13438, 12846, 2008)
t	1370988	(582, 262)	[(-36, 468, 936), (0, 486, 918), (0, 450, 954), (-36, 450, 954), (18, 486, 954), (18, 486, 936), (0, 486, 918), (-36, 486, 954), (-36, 486, 954), (18, 486, 972), (0, 468, 972), (-36, 468, 954), (0, 486, 918), (-36, 504, 918), (0, 504, 900), (-18, 522, 900), (-18, 504, 918), (-36, 504, 900), (-36, 504, 900), (18, 540, 900), (-36, 522, 900), (-54, 504, 846), (0, 522, 918), (0, 558, 918), (-36, 486, 900)]	(9521, 11952, 10612, 10729, 13819, 10716, 5924, 6603, 7167, 8008, 6087, 7172, 6242, 8520, 7674, 7198, 14195, 20231, 15205, 9031, 16029, 13470, 12914, 2004)
h	1371194	(652, 191)	[(18, 486, 954), (18, 486, 936), (0, 486, 918), (-36, 486, 954), (-36, 486, 954), (18, 486, 972), (0, 468, 972), (-36, 468, 954), (0, 486, 918), (-36, 504, 918), (0, 504, 900), (-18, 522, 900), (-18, 504, 918), (-36, 504, 900), (-36, 504, 900), (18, 540, 900), (-36, 522, 900), (-54, 504, 846), (0, 522, 918), (0, 558, 918), (-36, 486, 900), (72, 432, 972), (54, 522, 810), (18, 504, 954), (54, 522, 918)]	(9508, 11913, 10525, 10677, 13700, 10649, 5762, 6531, 6925, 8025, 6014, 7031, 6114, 8331, 7681, 7162, 14040, 20198, 15145, 9012, 15987, 13444, 12891, 1980)
e	1371443	(584, 341)	[(0, 468, 972), (-36, 468, 954), (0, 486, 918), (-36, 504, 918), (0, 504, 900), (-18, 522, 900), (-18, 504, 918), (-36, 504, 900), (-36, 504, 900), (18, 540, 900), (-36, 522, 900), (-54, 504, 846), (0, 522, 918), (0, 558, 918), (-36, 486, 900), (72, 432, 972), (54, 522, 810), (18, 504, 954), (54, 522, 918), (-162, 486, 936), (-36, 540, 954), (-36, 540, 918), (0, 540, 900), (18, 540, 846), (0, 522, 864)]	(9505, 12132, 10695, 10795, 13793, 10317, 5864, 6584, 6926, 7957, 5972, 6925, 5256, 8168, 7709, 7177, 14179, 20354, 15689, 9075, 16220, 13533, 13027, 2016)
r	1371639	(575, 299)	[(0, 504, 900), (-18, 522, 900), (-18, 504, 918), (-36, 504, 900), (-36, 504, 900), (18, 540, 900), (-36, 522, 900), (-54, 504, 846), (0, 522, 918), (0, 558, 918), (-36, 486, 900), (72, 432, 972), (54, 522, 810), (18, 504, 954), (54, 522, 918), (-162, 486, 936), (-36, 540, 954), (-36, 540, 918), (0, 540, 900), (18, 540, 846), (0, 522, 864), (-126, 504, 918), (-54, 540, 936), (18, 540, 900), (18, 540, 954)]	(9481, 12008, 10571, 10681, 13629, 10257, 5782, 6468, 6222, 7882, 5909, 6768, 5206, 8262, 7666, 7145, 14070, 20308, 15588, 9059, 16147, 13502, 12974, 2010)
e	1371829	(574, 352)	[(-36, 504, 900), (18, 540, 900), (-36, 522, 900), (-54, 504, 846), (0, 522, 918), (0, 558, 918), (-36, 486, 900), (72, 432, 972), (54, 522, 810), (18, 504, 954), (54, 522, 918), (-162, 486, 936), (-36, 540, 954), (-36, 540, 918), (0, 540, 900), (18, 540, 846), (0, 522, 864), (-126, 504, 918), (-54, 540, 936), (18, 540, 900), (18, 540, 954), (-18, 540, 918), (-54, 558, 900), (-54, 522, 900), (0, 558, 864)]	(9485, 12039, 10584, 10711, 13637, 10240, 5841, 6504, 6319, 7913, 5942, 6779, 5329, 8193, 7723, 7145, 14050, 20298, 15504, 9052, 16122, 13492, 12969, 2003)
 	1372909	(790, 241)	[(0, 522, 918), (-36, 522, 882), (-36, 504, 900), (-36, 504, 900), (-18, 522, 918), (0, 522, 900), (0, 522, 900), (0, 522, 936), (-54, 522, 936), (-36, 504, 954), (-36, 504, 918), (-18, 540, 900), (-36, 522, 918), (-54, 504, 972), (-90, 504, 936), (-54, 504, 918), (-36, 504, 918), (-36, 504, 954), (-54, 522, 918), (18, 522, 828), (-36, 540, 846), (-36, 522, 882), (-36, 522, 900), (0, 522, 900), (18, 486, 900)]	(9505, 11899, 10478, 10595, 13720, 10243, 5243, 6471, 7441, 7854, 5908, 6842, 6435, 7394, 7566, 7095, 13790, 20209, 15067, 9015, 16057, 13463, 12939, 2008)
a	1373199	(673, 436)	[(-36, 504, 954), (-36, 504, 918), (-18, 540, 900), (-36, 522, 918), (-54, 504, 972), (-90, 504, 936), (-54, 504, 918), (-36, 504, 918), (-36, 504, 954), (-54, 522, 918), (18, 522, 828), (-36, 540, 846), (-36, 522, 882), (-36, 522, 900), (0, 522, 900), (18, 486, 900), (-90, 486, 936), (-36, 504, 936), (-72, 540, 864), (-54, 540, 846), (-108, 540, 936), (-126, 540, 900), (-72, 522, 846), (-54, 540, 846), (-90, 504, 918)]	(9541, 12315, 10870, 10939, 13718, 10098, 5348, 6400, 6399, 7717, 5853, 6592, 4786, 7478, 7589, 7112, 14043, 20511, 16213, 9110, 16530, 13607, 13165, 2021)
r	1373491	(582, 313)	[(-54, 522, 918), (18, 522, 828), (-36, 540, 846), (-36, 522, 882), (-36, 522, 900), (0, 522, 900), (18, 486, 900), (-90, 486, 936), (-36, 504, 936), (-72, 540, 864), (-54, 540, 846), (-108, 540, 936), (-126, 540, 900), (-72, 522, 846), (-54, 540, 846), (-90, 504, 918), (0, 522, 954), (-108, 540, 954), (-126, 504, 918), (-72, 522, 864), (-36, 540, 846), (0, 540, 846), (-90, 522, 846), (18, 576, 864), (-36, 522, 954)]	(9498, 12167, 10714, 10767, 13635, 10070, 5370, 6305, 5887, 7835, 5803, 6495, 4854, 7593, 7673, 7092, 13989, 20452, 15928, 9075, 16352, 13546, 13076, 1997)
e	1373682	(578, 344)	[(-36, 522, 900), (0, 522, 900), (18, 486, 900), (-90, 486, 936), (-36, 504, 936), (-72, 540, 864), (-54, 540, 846), (-108, 540, 936), (-126, 540, 900), (-72, 522, 846), (-54, 540, 846), (-90, 504, 918), (0, 522, 954), (-108, 540, 954), (-126, 504, 918), (-72, 522, 864), (-36, 540, 846), (0, 540, 846), (-90, 522, 846), (18, 576, 864), (-36, 522, 954), (-108, 522, 990), (-72, 522, 882), (-18, 558, 918), (36, 576, 882)]	(9507, 12218, 10736, 10765, 13620, 10059, 5473, 6358, 6132, 7879, 5843, 6543, 4901, 7513, 7702, 7085, 13965, 20447, 15781, 9079, 16347, 13554, 13079, 2018)
 	1373973	(790, 257)	[(-72, 522, 846), (-54, 540, 846), (-90, 504, 918), (0, 522, 954), (-108, 540, 954), (-126, 504, 918), (-72, 522, 864), (-36, 540, 846), (0, 540, 846), (-90, 522, 846), (18, 576, 864), (-36, 522, 954), (-108, 522, 990), (-72, 522, 882), (-18, 558, 918), (36, 576, 882), (54, 558, 936), (-36, 504, 972), (-36, 522, 918), (-108, 522, 972), (18, 540, 846), (36, 558, 792), (0, 540, 882), (-36, 540, 936), (-54, 522, 954)]	(9516, 12025, 10598, 10635, 13576, 10004, 4841, 6376, 7539, 7977, 5813, 6606, 5339, 6849, 7680, 7054, 13532, 20333, 15405, 9052, 16338, 13541, 13132, 2024)
t	1374533	(564, 251)	[(18, 540, 846), (36, 558, 792), (0, 540, 882), (-36, 540, 936), (-54, 522, 954), (-18, 558, 900), (0, 504, 990), (-36, 504, 936), (0, 504, 900), (-18, 522, 900), (18, 522, 918), (18, 522, 900), (0, 522, 900), (-72, 522, 972), (-54, 504, 954), (-18, 522, 918), (-18, 504, 900), (-72, 522, 918), (-108, 522, 936), (-90, 504, 918), (-36, 522, 882), (-36, 540, 900), (-36, 504, 846), (-36, 522, 846), (-54, 504, 900)]	(9530, 12221, 10711, 10692, 13844, 10130, 5274, 6539, 7188, 8046, 5892, 6732, 5769, 7289, 7695, 7096, 13832, 20388, 15425, 9051, 16241, 13526, 13083, 2018)
h	1374723	(663, 217)	[(-54, 522, 954), (-18, 558, 900), (0, 504, 990), (-36, 504, 936), (0, 504, 900), (-18, 522, 900), (18, 522, 918), (18, 522, 900), (0, 522, 900), (-72, 522, 972), (-54, 504, 954), (-18, 522, 918), (-18, 504, 900), (-72, 522, 918), (-108, 522, 936), (-90, 504, 918), (-36, 522, 882), (-36, 540, 900), (-36, 504, 846), (-36, 522, 846), (-54, 504, 900), (-54, 468, 1026), (0, 504, 864), (-36, 522, 864), (-54, 504, 864)]	(9509, 12154, 10661, 10676, 13789, 10120, 5206, 6528, 7325, 8061, 5873, 6690, 5915, 7225, 7733, 7097, 13786, 20361, 15383, 9046, 16227, 13523, 13076, 2014)
r	1374970	(579, 311)	[(18, 522, 900), (0, 522, 900), (-72, 522, 972), (-54, 504, 954), (-18, 522, 918), (-18, 504, 900), (-72, 522, 918), (-108, 522, 936), (-90, 504, 918), (-36, 522, 882), (-36, 540, 900), (-36, 504, 846), (-36, 522, 846), (-54, 504, 900), (-54, 468, 1026), (0, 504, 864), (-36, 522, 864), (-54, 504, 864), (-54, 522, 972), (-54, 522, 954), (-90, 540, 972), (-126, 504, 936), (-72, 504, 900), (-54, 504, 936), (18, 540, 918)]	(9521, 12300, 10777, 10769, 13749, 10105, 5315, 6487, 6250, 8001, 5852, 6655, 4989, 7330, 7727, 7077, 13821, 20427, 15766, 9079, 16312, 13547, 13104, 2016)
e	1375176	(569, 355)	[(-18, 504, 900), (-72, 522, 918), (-108, 522, 936), (-90, 504, 918), (-36, 522, 882), (-36, 540, 900), (-36, 504, 846), (-36, 522, 846), (-54, 504, 900), (-54, 468, 1026), (0, 504, 864), (-36, 522, 864), (-54, 504, 864), (-54, 522, 972), (-54, 522, 954), (-90, 540, 972), (-126, 504, 936), (-72, 504, 900), (-54, 504, 936), (18, 540, 918), (-144, 504, 900), (-108, 540, 900), (-90, 522, 882), (-90, 522, 918), (-18, 558, 918)]	(9523, 12386, 10839, 10875, 13698, 10076, 5543, 6435, 5976, 7869, 5820, 6556, 4904, 7672, 7662, 7095, 13993, 20485, 15887, 9094, 16390, 13562, 13113, 2014)
e	1375368	(574, 355)	[(-36, 522, 882), (-36, 540, 900), (-36, 504, 846), (-36, 522, 846), (-54, 504, 900), (-54, 468, 1026), (0, 504, 864), (-36, 522, 864), (-54, 504, 864), (-54, 522, 972), (-54, 522, 954), (-90, 540, 972), (-126, 504, 936), (-72, 504, 900), (-54, 504, 936), (18, 540, 918), (-144, 504, 900), (-108, 540, 900), (-90, 522, 882), (-90, 522, 918), (-18, 558, 918), (-126, 540, 864), (-126, 522, 900), (-108, 522, 900), (-108, 558, 918)]	(9499, 12350, 10780, 10791, 13600, 10054, 5837, 6492, 6007, 7740, 5823, 6595, 5060, 7804, 7632, 7099, 13981, 20452, 15700, 9073, 16310, 13545, 13069, 2022)
 	1375710	(807, 242)	[(-90, 540, 972), (-126, 504, 936), (-72, 504, 900), (-54, 504, 936), (18, 540, 918), (-144, 504, 900), (-108, 540, 900), (-90, 522, 882), (-90, 522, 918), (-18, 558, 918), (-126, 540, 864), (-126, 522, 900), (-108, 522, 900), (-108, 558, 918), (0, 504, 918), (18, 486, 990), (18, 522, 828), (-36, 504, 900), (-36, 522, 882), (-72, 522, 1044), (0, 504, 864), (0, 504, 828), (-54, 486, 864), (-54, 522, 936), (-36, 486, 972)]	(9508, 12046, 10525, 10592, 13704, 10060, 5006, 6498, 7749, 7836, 5834, 6675, 6435, 7020, 7567, 7060, 13577, 20273, 15079, 9029, 16165, 13482, 13022, 2008)
d	1376471	(652, 336)	[(-72, 504, 936), (-108, 504, 936), (-108, 486, 936), (-90, 486, 918), (-90, 486, 900), (-72, 486, 918), (-54, 522, 954), (-72, 522, 954), (-54, 522, 936), (-54, 522, 918), (-72, 522, 900), (-90, 522, 918), (-90, 504, 918), (-72, 504, 864), (-72, 504, 900), (-90, 504, 936), (-90, 504, 936), (-90, 504, 918), (-54, 540, 954), (-126, 540, 900), (-126, 504, 846), (-90, 522, 882), (-72, 504, 972), (-90, 522, 936), (18, 540, 828)]	(9510, 12304, 10765, 10757, 13683, 10060, 5193, 6442, 6172, 7787, 5774, 6475, 4819, 7260, 7640, 7089, 13810, 20480, 15948, 9105, 16473, 13570, 13127, 2010)
e	1376661	(571, 366)	[(-90, 486, 900), (-72, 486, 918), (-54, 522, 954), (-72, 522, 954), (-54, 522, 936), (-54, 522, 918), (-72, 522, 900), (-90, 522, 918), (-90, 504, 918), (-72, 504, 864), (-72, 504, 900), (-90, 504, 936), (-90, 504, 936), (-90, 504, 918), (-54, 540, 954), (-126, 540, 900), (-126, 504, 846), (-90, 522, 882), (-72, 504, 972), (-90, 522, 936), (18, 540, 828), (-162, 504, 990), (-162, 504, 882), (-126, 522, 990), (-90, 522, 918)]	(9522, 12515, 10990, 11082, 13770, 10125, 5505, 6482, 6185, 7906, 5807, 6558, 4790, 7553, 7695, 7126, 14033, 20567, 16169, 9142, 16610, 13622, 13197, 2028)
a	1376851	(644, 430)	[(-54, 522, 936), (-54, 522, 918), (-72, 522, 900), (-90, 522, 918), (-90, 504, 918), (-72, 504, 864), (-72, 504, 900), (-90, 504, 936), (-90, 504, 936), (-90, 504, 918), (-54, 540, 954), (-126, 540, 900), (-126, 504, 846), (-90, 522, 882), (-72, 504, 972), (-90, 522, 936), (18, 540, 828), (-162, 504, 990), (-162, 504, 882), (-126, 522, 990), (-90, 522, 918), (-72, 504, 882), (-54, 522, 900), (-72, 522, 846), (-126, 522, 900)]	(9511, 12453, 10909, 10966, 13744, 10065, 5409, 6495, 6535, 7796, 5863, 6524, 4835, 7435, 7642, 7109, 13973, 20556, 16100, 9134, 16556, 13610, 13191, 2021)
l	1377213	(678, 48)	[(-126, 540, 900), (-126, 504, 846), (-90, 522, 882), (-72, 504, 972), (-90, 522, 936), (18, 540, 828), (-162, 504, 990), (-162, 504, 882), (-126, 522, 990), (-90, 522, 918), (-72, 504, 882), (-54, 522, 900), (-72, 522, 846), (-126, 522, 900), (-90, 504, 1008), (234, 450, 900), (126, 486, 936), (108, 504, 936), (90, 486, 972), (108, 486, 1026), (144, 486, 936), (90, 468, 882), (90, 432, 900), (36, 450, 918), (-18, 450, 900)]	(9515, 11863, 10312, 10550, 13956, 10250, 4882, 6419, 7494, 7984, 5854, 6676, 7309, 6738, 7552, 7032, 13310, 20132, 14852, 8984, 16037, 13437, 12977, 1998)
s	1377606	(651, 374)	[(-126, 522, 900), (-90, 504, 1008), (234, 450, 900), (126, 486, 936), (108, 504, 936), (90, 486, 972), (108, 486, 1026), (144, 486, 936), (90, 468, 882), (90, 432, 900), (36, 450, 918), (-18, 450, 900), (-162, 432, 1098), (18, 486, 936), (-36, 504, 990), (-54, 522, 900), (-90, 504, 900), (-72, 504, 936), (-54, 522, 936), (-126, 504, 846), (-90, 504, 810), (-108, 522, 810), (-90, 504, 936), (-72, 486, 954), (-72, 522, 936)]	(9490, 12274, 10669, 10683, 13625, 10006, 5053, 6450, 6452, 7663, 5771, 6510, 4970, 6992, 7585, 7062, 13595, 20459, 15768, 9095, 16392, 13571, 13149, 2024)
m	1379470	(736, 91)	[(36, 450, 954), (0, 450, 882), (18, 432, 900), (72, 414, 900), (72, 414, 1008), (36, 396, 1062), (18, 396, 1062), (54, 378, 972), (54, 396, 1008), (54, 396, 1062), (90, 396, 972), (72, 414, 972), (36, 414, 954), (54, 432, 936), (72, 414, 954), (54, 396, 990), (18, 378, 972), (18, 396, 954), (36, 396, 954), (0, 396, 1008), (0, 432, 990), (0, 432, 918), (0, 432, 882), (36, 432, 864), (18, 468, 918)]	(9466, 11315, 9903, 10380, 12067, 9904, 7806, 6763, 6758, 7000, 6211, 9228, 7606, 9380, 7470, 7282, 13705, 20191, 14595, 8979, 15650, 13350, 12668, 1988)
y	1379862	(570, 234)	[(54, 432, 936), (72, 414, 954), (54, 396, 990), (18, 378, 972), (18, 396, 954), (36, 396, 954), (0, 396, 1008), (0, 432, 990), (0, 432, 918), (0, 432, 882), (36, 432, 864), (18, 468, 918), (90, 432, 972), (-72, 450, 972), (-90, 432, 990), (-90, 414, 972), (-90, 432, 936), (-90, 432, 900), (-126, 450, 954), (-126, 468, 972), (-162, 468, 900), (-90, 468, 864), (-72, 486, 846), (-108, 468, 918), (-126, 468, 972)]	(9461, 11995, 10319, 10611, 12922, 9952, 9031, 7069, 7173, 7131, 6075, 8471, 6772, 10020, 7516, 7283, 13660, 20554, 15156, 9056, 15850, 13460, 12883, 2009)
 	1380152	(808, 196)	[(0, 432, 882), (36, 432, 864), (18, 468, 918), (90, 432, 972), (-72, 450, 972), (-90, 432, 990), (-90, 414, 972), (-90, 432, 936), (-90, 432, 900), (-126, 450, 954), (-126, 468, 972), (-162, 468, 900), (-90, 468, 864), (-72, 486, 846), (-108, 468, 918), (-126, 468, 972), (-18, 522, 972), (18, 432, 954), (-36, 468, 918), (-72, 468, 990), (0, 486, 882), (0, 486, 846), (-36, 468, 864), (-36, 504, 936), (-90, 468, 1026)]	(9471, 11831, 10165, 10541, 12961, 9902, 7985, 6961, 7586, 7058, 6016, 8552, 8311, 9419, 7478, 7253, 13448, 20397, 14797, 9021, 15770, 13411, 12822, 1997)
n	1380564	(728, 168)	[(-108, 468, 918), (-126, 468, 972), (-18, 522, 972), (18, 432, 954), (-36, 468, 918), (-72, 468, 990), (0, 486, 882), (0, 486, 846), (-36, 468, 864), (-36, 504, 936), (-90, 468, 1026), (0, 468, 900), (-18, 468, 936), (-54, 468, 954), (-18, 468, 954), (-54, 450, 1008), (-90, 450, 972), (-126, 450, 918), (-90, 468, 936), (-72, 486, 972), (-72, 468, 918), (-54, 468, 828), (-54, 486, 828), (-54, 486, 882), (-108, 468, 954)]	(9479, 11873, 10199, 10543, 13254, 9968, 7944, 6929, 7509, 7160, 6021, 8345, 8456, 9274, 7470, 7243, 13411, 20365, 14757, 9003, 15758, 13405, 12816, 2006)
u	1380806	(579, 169)	[(0, 486, 882), (0, 486, 846), (-36, 468, 864), (-36, 504, 936), (-90, 468, 1026), (0, 468, 900), (-18, 468, 936), (-54, 468, 954), (-18, 468, 954), (-54, 450, 1008), (-90, 450, 972), (-126, 450, 918), (-90, 468, 936), (-72, 486, 972), (-72, 468, 918), (-54, 468, 828), (-54, 486, 828), (-54, 486, 882), (-108, 468, 954), (-90, 450, 990), (-72, 504, 936), (-72, 468, 918), (-72, 450, 882), (-72, 486, 900), (-54, 504, 972)]	(9487, 11949, 10257, 10601, 13410, 10023, 8660, 7062, 7646, 7281, 6096, 8478, 8634, 9742, 7520, 7283, 13536, 20442, 14830, 9026, 15782, 13425, 12850, 1968)
m	1381050	(752, 104)	[(-18, 468, 936), (-54, 468, 954), (-18, 468, 954), (-54, 450, 1008), (-90, 450, 972), (-126, 450, 918), (-90, 468, 936), (-72, 486, 972), (-72, 468, 918), (-54, 468, 828), (-54, 486, 828), (-54, 486, 882), (-108, 468, 954), (-90, 450, 990), (-72, 504, 936), (-72, 468, 918), (-72, 450, 882), (-72, 486, 900), (-54, 504, 972), (-72, 468, 918), (-108, 468, 1008), (-18, 468, 936), (0, 468, 864), (0, 468, 882), (-18, 486, 954)]	(9494, 11887, 10179, 10565, 13499, 9999, 7127, 6788, 7376, 7283, 5989, 7620, 8514, 8700, 7455, 7192, 13342, 20335, 14726, 9003, 15726, 13390, 12833, 1995)
b	1381295	(730, 216)	[(-90, 468, 936), (-72, 486, 972), (-72, 468, 918), (-54, 468, 828), (-54, 486, 828), (-54, 486, 882), (-108, 468, 954), (-90, 450, 990), (-72, 504, 936), (-72, 468, 918), (-72, 450, 882), (-72, 486, 900), (-54, 504, 972), (-72, 468, 918), (-108, 468, 1008), (-18, 468, 936), (0, 468, 864), (0, 468, 882), (-18, 486, 954), (0, 468, 918), (-72, 504, 1080), (-54, 468, 918), (-54, 468, 810), (-36, 486, 828), (-36, 450, 918)]	(9510, 12048, 10314, 10641, 13495, 9993, 7511, 6846, 7400, 7289, 5958, 7594, 7235, 8771, 7454, 7183, 13391, 20430, 15023, 9024, 15831, 13433, 12896, 1998)
e	1381556	(578, 357)	[(-90, 450, 990), (-72, 504, 936), (-72, 468, 918), (-72, 450, 882), (-72, 486, 900), (-54, 504, 972), (-72, 468, 918), (-108, 468, 1008), (-18, 468, 936), (0, 468, 864), (0, 468, 882), (-18, 486, 954), (0, 468, 918), (-72, 504, 1080), (-54, 468, 918), (-54, 468, 810), (-36, 486, 828), (-36, 450, 918), (-234, 486, 936), (-54, 558, 1044), (-216, 540, 1008), (-144, 522, 990), (-54, 522, 882), (-90, 522, 864), (-54, 522, 864)]	(9480, 12313, 10562, 10708, 12922, 9812, 7291, 6513, 6336, 7264, 5807, 6711, 5624, 8503, 7487, 7108, 13598, 20635, 15381, 9049, 16089, 13504, 13092, 2018)
r	1381748	(582, 282)	[(-72, 486, 900), (-54, 504, 972), (-72, 468, 918), (-108, 468, 1008), (-18, 468, 936), (0, 468, 864), (0, 468, 882), (-18, 486, 954), (0, 468, 918), (-72, 504, 1080), (-54, 468, 918), (-54, 468, 810), (-36, 486, 828), (-36, 450, 918), (-234, 486, 936), (-54, 558, 1044), (-216, 540, 1008), (-144, 522, 990), (-54, 522, 882), (-90, 522, 864), (-54, 522, 864), (-162, 504, 990), (-144, 486, 936), (-108, 504, 936), (-126, 522, 918)]	(9475, 12273, 10457, 10635, 12948, 9849, 7865, 6684, 6845, 7202, 5824, 6835, 6020, 8669, 7456, 7119, 13373, 20592, 15318, 9045, 16050, 13474, 13007, 2014)
 	1381990	(797, 208)	[(0, 468, 882), (-18, 486, 954), (0, 468, 918), (-72, 504, 1080), (-54, 468, 918), (-54, 468, 810), (-36, 486, 828), (-36, 450, 918), (-234, 486, 936), (-54, 558, 1044), (-216, 540, 1008), (-144, 522, 990), (-54, 522, 882), (-90, 522, 864), (-54, 522, 864), (-162, 504, 990), (-144, 486, 936), (-108, 504, 936), (-126, 522, 918), (-18, 450, 972), (18, 468, 846), (-90, 522, 936), (72, 504, 864), (18, 504, 846), (-36, 486, 900)]	(9541, 12184, 10318, 10643, 13097, 9846, 6718, 6826, 8325, 7125, 5895, 7061, 8375, 7827, 7438, 7140, 13239, 20477, 15056, 9034, 16021, 13450, 12971, 2001)
i	1382385	(566, 141)	[(-54, 522, 864), (-162, 504, 990), (-144, 486, 936), (-108, 504, 936), (-126, 522, 918), (-18, 450, 972), (18, 468, 846), (-90, 522, 936), (72, 504, 864), (18, 504, 846), (-36, 486, 900), (-72, 486, 972), (-36, 468, 900), (36, 486, 936), (90, 504, 882), (-54, 468, 990), (-54, 432, 972), (-72, 450, 990), (-72, 450, 1026), (-72, 432, 918), (-72, 450, 900), (-54, 468, 846), (-36, 468, 900), (-36, 468, 918), (36, 450, 936)]	(9519, 12199, 10285, 10583, 13168, 9898, 7570, 6745, 7344, 7152, 5888, 7064, 7798, 8329, 7450, 7117, 13117, 20516, 15031, 9001, 15880, 13401, 12901, 2004)
s	1382695	(661, 379)	[(18, 504, 846), (-36, 486, 900), (-72, 486, 972), (-36, 468, 900), (36, 486, 936), (90, 504, 882), (-54, 468, 990), (-54, 432, 972), (-72, 450, 990), (-72, 450, 1026), (-72, 432, 918), (-72, 450, 900), (-54, 468, 846), (-36, 468, 900), (-36, 468, 918), (36, 450, 936), (-252, 396, 990), (-126, 414, 1008), (-144, 486, 1116), (-162, 432, 882), (-108, 468, 864), (-72, 450, 972), (-144, 468, 936), (-180, 432, 954), (-108, 468, 990)]	(9480, 12330, 10434, 10606, 12735, 9815, 6789, 6558, 6877, 7098, 5731, 6552, 5108, 7627, 7451, 7110, 13170, 20822, 15650, 9115, 16285, 13562, 13149, 2017)
 	1382939	(801, 261)	[(-54, 468, 990), (-54, 432, 972), (-72, 450, 990), (-72, 450, 1026), (-72, 432, 918), (-72, 450, 900), (-54, 468, 846), (-36, 468, 900), (-36, 468, 918), (36, 450, 936), (-252, 396, 990), (-126, 414, 1008), (-144, 486, 1116), (-162, 432, 882), (-108, 468, 864), (-72, 450, 972), (-144, 468, 936), (-180, 432, 954), (-108, 468, 990), (-72, 414, 954), (-18, 486, 882), (0, 468, 900), (-36, 486, 882), (-90, 450, 1008), (-72, 414, 990)]	(9521, 12210, 10352, 10581, 12937, 9795, 5699, 6589, 8058, 7195, 5803, 6705, 5767, 7284, 7422, 7083, 13030, 20725, 15461, 9078, 16199, 13529, 13115, 2014)
s	1384274	(647, 381)	[(-54, 432, 936), (-54, 450, 1026), (-72, 450, 990), (-54, 450, 954), (-36, 468, 900), (-72, 468, 864), (-90, 450, 918), (-108, 450, 954), (-126, 432, 954), (-126, 432, 918), (-108, 450, 918), (-108, 432, 990), (-108, 432, 990), (-126, 450, 990), (-144, 432, 1026), (-108, 450, 1008), (-72, 468, 954), (-90, 504, 936), (-72, 468, 810), (-144, 486, 846), (-108, 486, 900), (-90, 468, 954), (-126, 486, 936), (-90, 468, 882), (-36, 486, 900)]	(9479, 12375, 10539, 10724, 12770, 9845, 7134, 6585, 6221, 7088, 5759, 6490, 4825, 8498, 7478, 7137, 13341, 20932, 15846, 9130, 16320, 13567, 13127, 2025)
e	1384465	(546, 330)	[(-36, 468, 900), (-72, 468, 864), (-90, 450, 918), (-108, 450, 954), (-126, 432, 954), (-126, 432, 918), (-108, 450, 918), (-108, 432, 990), (-108, 432, 990), (-126, 450, 990), (-144, 432, 1026), (-108, 450, 1008), (-72, 468, 954), (-90, 504, 936), (-72, 468, 810), (-144, 486, 846), (-108, 486, 900), (-90, 468, 954), (-126, 486, 936), (-90, 468, 882), (-36, 486, 900), (-90, 468, 918), (-144, 450, 954), (-108, 450, 1008), (-90, 450, 1026)]	(9483, 12388, 10527, 10672, 12795, 9876, 7558, 6523, 6177, 7121, 5734, 6508, 4971, 8675, 7497, 7129, 13256, 20940, 15694, 9124, 16288, 13545, 13087, 2027)
v	1385024	(738, 254)	[(-90, 468, 918), (-144, 450, 954), (-108, 450, 1008), (-90, 450, 1026), (-108, 432, 972), (-72, 450, 954), (18, 468, 954), (-36, 468, 936), (-90, 450, 936), (-72, 432, 954), (-36, 432, 918), (-18, 468, 918), (-72, 450, 954), (-54, 450, 936), (-54, 450, 954), (-72, 450, 954), (-72, 432, 972), (-90, 432, 954), (-126, 486, 990), (18, 468, 900), (-54, 450, 882), (0, 486, 882), (-36, 468, 918), (-18, 468, 882), (18, 468, 918)]	(9485, 12313, 10461, 10622, 12812, 9807, 6794, 6501, 6737, 7090, 5700, 6507, 4869, 7840, 7449, 7107, 13230, 20925, 15863, 9128, 16377, 13574, 13127, 2028)
e	1385216	(564, 366)	[(-108, 432, 972), (-72, 450, 954), (18, 468, 954), (-36, 468, 936), (-90, 450, 936), (-72, 432, 954), (-36, 432, 918), (-18, 468, 918), (-72, 450, 954), (-54, 450, 936), (-54, 450, 954), (-72, 450, 954), (-72, 432, 972), (-90, 432, 954), (-126, 486, 990), (18, 468, 900), (-54, 450, 882), (0, 486, 882), (-36, 468, 918), (-18, 468, 882), (18, 468, 918), (-54, 468, 990), (-108, 468, 936), (-90, 486, 936), (-180, 450, 954)]	(9547, 12625, 10719, 10818, 12830, 9877, 7108, 6462, 6256, 7113, 5725, 6430, 4832, 7828, 7457, 7090, 13208, 20939, 15825, 9149, 16531, 13586, 13154, 2015)
n	1385661	(738, 169)	[(-54, 450, 882), (0, 486, 882), (-36, 468, 918), (-18, 468, 882), (18, 468, 918), (-54, 468, 990), (-108, 468, 936), (-90, 486, 936), (-180, 450, 954), (126, 504, 900), (-36, 450, 936), (0, 450, 918), (54, 450, 954), (18, 450, 1008), (-36, 414, 1026), (0, 450, 900), (18, 450, 882), (18, 450, 990), (18, 432, 936), (-72, 432, 1026), (18, 450, 864), (0, 432, 882), (-72, 432, 900), (-36, 432, 918), (-54, 432, 1026)]	(9549, 12273, 10330, 10609, 13156, 9815, 5952, 6612, 8320, 7142, 5846, 6634, 6905, 7290, 7412, 7081, 13074, 20631, 15216, 9054, 16242, 13503, 13055, 2019)
 	1385902	(809, 167)	[(-108, 468, 936), (-90, 486, 936), (-180, 450, 954), (126, 504, 900), (-36, 450, 936), (0, 450, 918), (54, 450, 954), (18, 450, 1008), (-36, 414, 1026), (0, 450, 900), (18, 450, 882), (18, 450, 990), (18, 432, 936), (-72, 432, 1026), (18, 450, 864), (0, 432, 882), (-72, 432, 900), (-36, 432, 918), (-54, 432, 1026), (18, 432, 972), (18, 468, 900), (36, 486, 864), (0, 432, 882), (0, 432, 900), (-108, 432, 972)]	(9565, 12207, 10329, 10641, 13284, 9825, 5375, 6618, 8625, 7221, 5823, 6666, 7868, 7015, 7393, 7074, 12976, 20522, 15118, 9018, 16216, 13483, 13072, 2013)
o	1386164	(547, 80)	[(-36, 414, 1026), (0, 450, 900), (18, 450, 882), (18, 450, 990), (18, 432, 936), (-72, 432, 1026), (18, 450, 864), (0, 432, 882), (-72, 432, 900), (-36, 432, 918), (-54, 432, 1026), (18, 432, 972), (18, 468, 900), (36, 486, 864), (0, 432, 882), (0, 432, 900), (-108, 432, 972), (-90, 414, 990), (126, 414, 972), (36, 468, 900), (36, 432, 990), (54, 432, 990), (36, 468, 972), (54, 486, 900), (0, 450, 954)]	(9558, 12226, 10296, 10615, 13357, 9869, 5589, 6632, 8290, 7221, 5840, 6715, 8693, 7100, 7400, 7073, 12895, 20462, 14911, 8978, 16060, 13423, 12972, 1998)
n	1386411	(741, 152)	[(0, 432, 882), (-72, 432, 900), (-36, 432, 918), (-54, 432, 1026), (18, 432, 972), (18, 468, 900), (36, 486, 864), (0, 432, 882), (0, 432, 900), (-108, 432, 972), (-90, 414, 990), (126, 414, 972), (36, 468, 900), (36, 432, 990), (54, 432, 990), (36, 468, 972), (54, 486, 900), (0, 450, 954), (18, 432, 954), (18, 414, 954), (0, 450, 990), (90, 468, 954), (72, 468, 900), (36, 432, 900), (18, 432, 954)]	(9570, 12287, 10293, 10624, 13370, 9872, 5573, 6708, 8571, 7232, 5845, 6718, 8678, 7066, 7403, 7074, 12933, 20509, 15035, 9030, 16123, 13463, 13023, 1995)
e	1386705	(585, 381)	[(-90, 414, 990), (126, 414, 972), (36, 468, 900), (36, 432, 990), (54, 432, 990), (36, 468, 972), (54, 486, 900), (0, 450, 954), (18, 432, 954), (18, 414, 954), (0, 450, 990), (90, 468, 954), (72, 468, 900), (36, 432, 900), (18, 432, 954), (54, 450, 882), (-90, 432, 864), (-144, 414, 1080), (-144, 432, 1044), (-108, 468, 1026), (-162, 414, 936), (-108, 414, 954), (-72, 450, 936), (-72, 450, 954), (-36, 450, 954)]	(9530, 12571, 10635, 10740, 12697, 9900, 7420, 6987, 6922, 7095, 5767, 6788, 5028, 8083, 7460, 7156, 13269, 20912, 15647, 9144, 16321, 13575, 13174, 2020)
 	1387166	(788, 221)	[(-90, 432, 864), (-144, 414, 1080), (-144, 432, 1044), (-108, 468, 1026), (-162, 414, 936), (-108, 414, 954), (-72, 450, 936), (-72, 450, 954), (-36, 450, 954), (-90, 414, 972), (0, 468, 936), (-36, 468, 1008), (-54, 450, 972), (0, 432, 900), (-36, 432, 882), (0, 450, 936), (18, 450, 954), (18, 468, 954), (-72, 450, 1080), (-90, 450, 936), (72, 486, 810), (0, 450, 900), (18, 468, 918), (0, 486, 954), (-18, 450, 1044)]	(9520, 12199, 10293, 10556, 12840, 9784, 6039, 6819, 8464, 7055, 5791, 6822, 6441, 7359, 7410, 7099, 13024, 20705, 15228, 9079, 16167, 13507, 13063, 1997)
t	1387712	(568, 266)	[(0, 450, 900), (18, 468, 918), (0, 486, 954), (-18, 450, 1044), (0, 450, 990), (0, 450, 954), (-36, 450, 972), (0, 450, 936), (0, 450, 918), (0, 468, 954), (18, 468, 954), (36, 468, 972), (18, 468, 936), (0, 468, 936), (-36, 450, 936), (-36, 450, 954), (-36, 450, 954), (-54, 450, 936), (-90, 450, 936), (-90, 468, 900), (-90, 468, 900), (-72, 468, 900), (-36, 468, 936), (-36, 486, 936), (0, 468, 918)]	(9507, 12263, 10370, 10601, 12895, 9853, 7127, 6977, 8209, 7130, 5813, 6890, 6106, 7902, 7456, 7124, 13214, 20791, 15322, 9085, 16150, 13521, 13093, 2015)
h	1387906	(647, 203)	[(0, 450, 990), (0, 450, 954), (-36, 450, 972), (0, 450, 936), (0, 450, 918), (0, 468, 954), (18, 468, 954), (36, 468, 972), (18, 468, 936), (0, 468, 936), (-36, 450, 936), (-36, 450, 954), (-36, 450, 954), (-54, 450, 936), (-90, 450, 936), (-90, 468, 900), (-90, 468, 900), (-72, 468, 900), (-36, 468, 936), (-36, 486, 936), (0, 468, 918), (54, 396, 990), (-18, 468, 864), (-36, 468, 936), (-36, 450, 936)]	(9504, 12250, 10377, 10619, 13006, 9857, 6913, 6930, 8316, 7169, 5823, 6856, 6032, 7814, 7453, 7126, 13242, 20809, 15412, 9096, 16176, 13525, 13123, 2020)
r	1388166	(581, 305)	[(18, 468, 954), (36, 468, 972), (18, 468, 936), (0, 468, 936), (-36, 450, 936), (-36, 450, 954), (-36, 450, 954), (-54, 450, 936), (-90, 450, 936), (-90, 468, 900), (-90, 468, 900), (-72, 468, 900), (-36, 468, 936), (-36, 486, 936), (0, 468, 918), (54, 396, 990), (-18, 468, 864), (-36, 468, 936), (-36, 450, 936), (0, 468, 918), (-54, 486, 1008), (-36, 486, 936), (-36, 486, 918), (-36, 486, 900), (-18, 468, 900)]	(9483, 12274, 10428, 10610, 12813, 9837, 7035, 6828, 7058, 7100, 5772, 6719, 5128, 8074, 7466, 7132, 13325, 20879, 15670, 9113, 16234, 13556, 13135, 2005)
e	1388361	(571, 364)	[(-36, 450, 954), (-36, 450, 954), (-54, 450, 936), (-90, 450, 936), (-90, 468, 900), (-90, 468, 900), (-72, 468, 900), (-36, 468, 936), (-36, 486, 936), (0, 468, 918), (54, 396, 990), (-18, 468, 864), (-36, 468, 936), (-36, 450, 936), (0, 468, 918), (-54, 486, 1008), (-36, 486, 936), (-36, 486, 918), (-36, 486, 900), (-18, 468, 900), (54, 522, 900), (-108, 432, 1008), (-126, 450, 918), (-90, 468, 900), (-72, 450, 936)]	(9522, 12427, 10565, 10742, 12822, 9881, 7310, 6907, 6958, 7140, 5783, 6725, 5123, 8338, 7472, 7146, 13340, 20913, 15684, 9129, 16294, 13570, 13156, 2020)
e	1388552	(576, 363)	[(-90, 468, 900), (-90, 468, 900), (-72, 468, 900), (-36, 468, 936), (-36, 486, 936), (0, 468, 918), (54, 396, 990), (-18, 468, 864), (-36, 468, 936), (-36, 450, 936), (0, 468, 918), (-54, 486, 1008), (-36, 486, 936), (-36, 486, 918), (-36, 486, 900), (-18, 468, 900), (54, 522, 900), (-108, 432, 1008), (-126, 450, 918), (-90, 468, 900), (-72, 450, 936), (-108, 486, 864), (-90, 486, 954), (-72, 450, 954), (-90, 468, 936)]	(9491, 12315, 10458, 10653, 12712, 9861, 7465, 6877, 7093, 7115, 5755, 6736, 5363, 8231, 7481, 7131, 13289, 20867, 15518, 9110, 16240, 13533, 13120, 2024)
 	1388996	(791, 228)	[(54, 522, 900), (-108, 432, 1008), (-126, 450, 918), (-90, 468, 900), (-72, 450, 936), (-108, 486, 864), (-90, 486, 954), (-72, 450, 954), (-90, 468, 936), (36, 486, 936), (18, 450, 918), (54, 504, 846), (54, 486, 882), (36, 486, 936), (18, 468, 936), (0, 486, 972), (18, 486, 972), (-36, 450, 954), (0, 450, 972), (-36, 468, 900), (0, 450, 900), (-36, 450, 936), (-36, 468, 972), (0, 468, 990), (0, 450, 954)]	(9537, 12170, 10248, 10534, 12703, 9791, 6129, 6745, 8388, 7025, 5794, 6801, 8329, 7485, 7419, 7097, 12983, 20620, 14868, 9029, 16005, 13432, 12959, 2002)
t	1389828	(590, 273)	[(18, 450, 936), (0, 450, 936), (-18, 486, 954), (0, 468, 954), (-36, 450, 918), (-36, 450, 918), (0, 468, 918), (-18, 468, 936), (-54, 450, 954), (-72, 450, 954), (-72, 450, 954), (-54, 450, 936), (-54, 468, 972), (-90, 468, 972), (-90, 468, 918), (-54, 486, 900), (-54, 486, 918), (-72, 468, 954), (-72, 504, 954), (-90, 486, 972), (-72, 486, 936), (-90, 486, 900), (-72, 486, 936), (-72, 486, 918), (-72, 486, 954)]	(9507, 12294, 10418, 10640, 12751, 9924, 7791, 7030, 7574, 7170, 5853, 6992, 5346, 8885, 7515, 7191, 13321, 20974, 15626, 9120, 16190, 13540, 13115, 2022)
w	1390072	(583, 385)	[(0, 468, 918), (-18, 468, 936), (-54, 450, 954), (-72, 450, 954), (-72, 450, 954), (-54, 450, 936), (-54, 468, 972), (-90, 468, 972), (-90, 468, 918), (-54, 486, 900), (-54, 486, 918), (-72, 468, 954), (-72, 504, 954), (-90, 486, 972), (-72, 486, 936), (-90, 486, 900), (-72, 486, 936), (-72, 486, 918), (-72, 486, 954), (-108, 486, 900), (-90, 540, 918), (-54, 504, 918), (-72, 504, 900), (-90, 522, 954), (-72, 504, 918)]	(9506, 12386, 10507, 10685, 12632, 9861, 7579, 6990, 6810, 7106, 5800, 6831, 5102, 8245, 7473, 7160, 13243, 20895, 15636, 9122, 16215, 13556, 13103, 1983)
o	1390415	(606, 101)	[(-72, 468, 954), (-72, 504, 954), (-90, 486, 972), (-72, 486, 936), (-90, 486, 900), (-72, 486, 936), (-72, 486, 918), (-72, 486, 954), (-108, 486, 900), (-90, 540, 918), (-54, 504, 918), (-72, 504, 900), (-90, 522, 954), (-72, 504, 918), (-108, 486, 972), (54, 468, 918), (18, 468, 954), (18, 450, 972), (-54, 450, 990), (18, 486, 1026), (72, 468, 918), (36, 486, 864), (18, 486, 900), (-36, 468, 918), (0, 468, 936)]	(9517, 12118, 10225, 10546, 12954, 9824, 6880, 7011, 8336, 7128, 5836, 6979, 8041, 7835, 7439, 7133, 13125, 20570, 14984, 9026, 15964, 13434, 12947, 1997)
 	1391402	(802, 204)	[(-36, 468, 918), (18, 486, 918), (0, 468, 936), (-36, 468, 936), (-54, 468, 954), (-36, 468, 936), (36, 486, 936), (18, 468, 972), (-36, 468, 954), (-54, 468, 936), (-36, 486, 936), (-36, 468, 936), (-18, 468, 954), (-18, 468, 972), (0, 486, 918), (0, 468, 918), (18, 486, 918), (0, 486, 918), (-36, 468, 954), (-72, 468, 1044), (-54, 504, 900), (0, 486, 828), (-54, 486, 918), (-36, 486, 936), (-36, 486, 990)]	(9569, 12183, 10240, 10593, 12660, 9786, 6076, 6803, 8645, 7021, 5820, 6894, 7630, 7458, 7424, 7120, 12942, 20690, 15079, 9047, 16051, 13460, 12995, 2001)
o	1392049	(573, 105)	[(-36, 468, 936), (-54, 468, 954), (-72, 468, 990), (-36, 468, 954), (0, 486, 954), (18, 468, 954), (-36, 486, 900), (-18, 486, 900), (-36, 468, 882), (-18, 468, 882), (-36, 468, 918), (-54, 468, 972), (0, 468, 972), (-36, 486, 936), (-36, 468, 954), (0, 504, 900), (0, 468, 954), (-36, 468, 954), (-54, 468, 954), (-72, 468, 864), (-90, 468, 972), (-90, 468, 954), (-72, 450, 972), (-54, 468, 918), (-54, 450, 900)]	(9559, 12187, 10210, 10562, 12887, 9845, 6960, 6840, 8635, 7068, 5877, 6880, 9039, 7788, 7455, 7125, 12987, 20639, 14837, 9025, 15954, 13426, 12948, 2001)
n	1392308	(736, 162)	[(-36, 468, 882), (-18, 468, 882), (-36, 468, 918), (-54, 468, 972), (0, 468, 972), (-36, 486, 936), (-36, 468, 954), (0, 504, 900), (0, 468, 954), (-36, 468, 954), (-54, 468, 954), (-72, 468, 864), (-90, 468, 972), (-90, 468, 954), (-72, 450, 972), (-54, 468, 918), (-54, 450, 900), (-36, 468, 900), (-36, 468, 972), (-54, 468, 918), (-90, 468, 1080), (-54, 486, 900), (-36, 468, 828), (-36, 450, 828), (-72, 450, 918)]	(9557, 12257, 10251, 10551, 12781, 9831, 6642, 6718, 8565, 7033, 5831, 6740, 8677, 7584, 7428, 7087, 12950, 20643, 14840, 9018, 15941, 13427, 12969, 1992)
e	1392654	(587, 354)	[(-90, 468, 972), (-90, 468, 954), (-72, 450, 972), (-54, 468, 918), (-54, 450, 900), (-36, 468, 900), (-36, 468, 972), (-54, 468, 918), (-90, 468, 1080), (-54, 486, 900), (-36, 468, 828), (-36, 450, 828), (-72, 450, 918), (-90, 468, 882), (-72, 432, 936), (-90, 468, 1044), (-126, 486, 972), (-144, 468, 900), (-162, 486, 900), (-180, 468, 918), (-162, 468, 900), (-126, 450, 900), (-180, 486, 864), (-162, 450, 918), (-72, 504, 936)]	(9522, 12462, 10499, 10632, 12508, 9954, 7672, 6711, 6788, 7064, 5783, 6666, 5331, 8510, 7485, 7127, 13087, 20959, 15346, 9106, 16206, 13517, 13068, 1990)
 	1392896	(781, 242)	[(-36, 468, 972), (-54, 468, 918), (-90, 468, 1080), (-54, 486, 900), (-36, 468, 828), (-36, 450, 828), (-72, 450, 918), (-90, 468, 882), (-72, 432, 936), (-90, 468, 1044), (-126, 486, 972), (-144, 468, 900), (-162, 486, 900), (-180, 468, 918), (-162, 468, 900), (-126, 450, 900), (-180, 486, 864), (-162, 450, 918), (-72, 504, 936), (-36, 468, 936), (-54, 468, 1098), (-90, 468, 972), (-36, 468, 864), (-54, 468, 810), (-36, 468, 900)]	(9548, 12348, 10382, 10589, 12750, 9818, 6133, 6702, 8132, 7112, 5781, 6680, 6207, 7360, 7432, 7088, 12958, 20790, 15262, 9080, 16172, 13504, 13078, 2011)
e	1393190	(599, 353)	[(-72, 432, 936), (-90, 468, 1044), (-126, 486, 972), (-144, 468, 900), (-162, 486, 900), (-180, 468, 918), (-162, 468, 900), (-126, 450, 900), (-180, 486, 864), (-162, 450, 918), (-72, 504, 936), (-36, 468, 936), (-54, 468, 1098), (-90, 468, 972), (-36, 468, 864), (-54, 468, 810), (-36, 468, 900), (-108, 432, 918), (-108, 468, 1080), (-126, 486, 954), (-180, 504, 882), (-144, 450, 918), (-54, 486, 900), (-54, 504, 900), (-90, 504, 900)]	(9560, 12645, 10652, 10725, 12677, 9921, 7343, 6770, 6905, 7121, 5751, 6652, 5225, 7945, 7475, 7132, 13157, 20987, 15579, 9122, 16314, 13585, 13156, 2021)
i	1393553	(591, 139)	[(-36, 468, 936), (-54, 468, 1098), (-90, 468, 972), (-36, 468, 864), (-54, 468, 810), (-36, 468, 900), (-108, 432, 918), (-108, 468, 1080), (-126, 486, 954), (-180, 504, 882), (-144, 450, 918), (-54, 486, 900), (-54, 504, 900), (-90, 504, 900), (-54, 486, 900), (18, 468, 954), (-54, 450, 990), (-90, 414, 1044), (-90, 468, 990), (-36, 486, 918), (18, 468, 882), (-54, 486, 846), (0, 468, 864), (0, 486, 900), (18, 504, 918)]	(9497, 12238, 10356, 10562, 12820, 9797, 6546, 6688, 7701, 7165, 5790, 6662, 6414, 7449, 7435, 7091, 13072, 20690, 15229, 9064, 16112, 13490, 13051, 2016)
g	1393797	(660, 238)	[(-108, 468, 1080), (-126, 486, 954), (-180, 504, 882), (-144, 450, 918), (-54, 486, 900), (-54, 504, 900), (-90, 504, 900), (-54, 486, 900), (18, 468, 954), (-54, 450, 990), (-90, 414, 1044), (-90, 468, 990), (-36, 486, 918), (18, 468, 882), (-54, 486, 846), (0, 468, 864), (0, 486, 900), (18, 504, 918), (-36, 486, 954), (-90, 432, 972), (-36, 504, 918), (-54, 504, 828), (0, 486, 864), (-36, 468, 900), (-108, 486, 918)]	(9533, 12317, 10402, 10594, 12849, 9814, 6445, 6748, 7938, 7180, 5803, 6695, 6432, 7387, 7433, 7090, 13044, 20698, 15233, 9063, 16122, 13485, 13058, 2002)
h	1393994	(649, 183)	[(-54, 504, 900), (-90, 504, 900), (-54, 486, 900), (18, 468, 954), (-54, 450, 990), (-90, 414, 1044), (-90, 468, 990), (-36, 486, 918), (18, 468, 882), (-54, 486, 846), (0, 468, 864), (0, 486, 900), (18, 504, 918), (-36, 486, 954), (-90, 432, 972), (-36, 504, 918), (-54, 504, 828), (0, 486, 864), (-36, 468, 900), (-108, 486, 918), (18, 486, 918), (-108, 468, 1008), (-54, 468, 918), (18, 504, 918), (-54, 468, 954)]	(9512, 12297, 10400, 10571, 12834, 9800, 6179, 6611, 7449, 7154, 5765, 6576, 5863, 7319, 7424, 7077, 13063, 20733, 15405, 9081, 16193, 13510, 13087, 2017)
t	1394190	(587, 268)	[(-90, 414, 1044), (-90, 468, 990), (-36, 486, 918), (18, 468, 882), (-54, 486, 846), (0, 468, 864), (0, 486, 900), (18, 504, 918), (-36, 486, 954), (-90, 432, 972), (-36, 504, 918), (-54, 504, 828), (0, 486, 864), (-36, 468, 900), (-108, 486, 918), (18, 486, 918), (-108, 468, 1008), (-54, 468, 918), (18, 504, 918), (-54, 468, 954), (-90, 468, 936), (-108, 468, 954), (-72, 486, 900), (18, 522, 900), (36, 504, 936)]	(9485, 12275, 10397, 10573, 12833, 9795, 6289, 6626, 7414, 7222, 5770, 6575, 5931, 7325, 7437, 7083, 13045, 20726, 15373, 9072, 16184, 13501, 13081, 2017)
 	1395426	(792, 195)	[(-54, 486, 918), (-36, 486, 936), (-36, 468, 918), (-36, 468, 936), (-36, 468, 954), (-36, 486, 900), (-36, 486, 900), (-36, 486, 918), (0, 468, 954), (-36, 486, 954), (-36, 468, 954), (0, 468, 972), (-36, 468, 936), (-54, 468, 936), (-54, 468, 954), (-18, 486, 918), (0, 486, 972), (-36, 486, 954), (-54, 468, 972), (-36, 486, 936), (-36, 468, 864), (-54, 468, 882), (-36, 468, 936), (-54, 486, 972), (-54, 468, 954)]	(9582, 12169, 10265, 10566, 12798, 9765, 5582, 6636, 8463, 7025, 5805, 6665, 7281, 7112, 7396, 7064, 12930, 20583, 15058, 9048, 16123, 13463, 13024, 2003)
s	1396144	(655, 380)	[(-36, 468, 954), (-72, 468, 954), (-36, 468, 936), (-36, 468, 936), (-36, 486, 918), (-54, 486, 918), (-72, 486, 918), (-90, 468, 864), (0, 468, 882), (18, 486, 918), (-72, 468, 900), (-108, 450, 972), (-90, 468, 1026), (-108, 468, 1062), (-126, 432, 1026), (-108, 414, 972), (-126, 432, 918), (-108, 450, 936), (-54, 468, 954), (-72, 504, 900), (-126, 468, 864), (-126, 468, 882), (-90, 450, 936), (-54, 486, 990), (-90, 468, 918)]	(9560, 12518, 10597, 10752, 12518, 9904, 7400, 6789, 6937, 7030, 5797, 6650, 5003, 8265, 7483, 7162, 13233, 21027, 15725, 9148, 16343, 13575, 13139, 2029)
e	1396390	(581, 348)	[(-72, 486, 918), (-90, 468, 864), (0, 468, 882), (18, 486, 918), (-72, 468, 900), (-108, 450, 972), (-90, 468, 1026), (-108, 468, 1062), (-126, 432, 1026), (-108, 414, 972), (-126, 432, 918), (-108, 450, 936), (-54, 468, 954), (-72, 504, 900), (-126, 468, 864), (-126, 468, 882), (-90, 450, 936), (-54, 486, 990), (-90, 468, 918), (-54, 450, 1062), (-144, 432, 918), (-126, 450, 918), (-90, 450, 954), (-108, 468, 954), (-108, 450, 972)]	(9545, 12540, 10604, 10739, 12664, 9950, 7708, 6883, 6898, 7125, 5780, 6724, 5050, 8542, 7508, 7158, 13196, 21030, 15680, 9135, 16302, 13568, 13108, 2015)
v	1397006	(731, 251)	[(-108, 468, 954), (-108, 450, 972), (-72, 450, 1008), (0, 450, 936), (18, 486, 918), (-72, 450, 918), (-90, 432, 954), (-54, 450, 918), (-54, 450, 990), (-72, 450, 1026), (-54, 450, 990), (-54, 450, 954), (-72, 468, 954), (-36, 450, 936), (0, 468, 918), (0, 468, 954), (0, 468, 918), (-54, 450, 918), (-108, 432, 936), (-162, 450, 1044), (-72, 432, 936), (-54, 450, 882), (-54, 450, 900), (-54, 468, 1008), (-72, 486, 972)]	(9495, 12424, 10481, 10639, 12754, 9853, 6844, 6619, 7510, 7193, 5758, 6584, 5162, 7690, 7471, 7093, 13106, 20991, 15632, 9117, 16330, 13564, 13130, 2024)
e	1397251	(578, 348)	[(-90, 432, 954), (-54, 450, 918), (-54, 450, 990), (-72, 450, 1026), (-54, 450, 990), (-54, 450, 954), (-72, 468, 954), (-36, 450, 936), (0, 468, 918), (0, 468, 954), (0, 468, 918), (-54, 450, 918), (-108, 432, 936), (-162, 450, 1044), (-72, 432, 936), (-54, 450, 882), (-54, 450, 900), (-54, 468, 1008), (-72, 486, 972), (-126, 450, 936), (-36, 522, 918), (-72, 468, 828), (-90, 468, 864), (-54, 504, 936), (-90, 486, 990)]	(9550, 12548, 10581, 10742, 12722, 9919, 7413, 6657, 7405, 7173, 5779, 6582, 5118, 8144, 7506, 7122, 13195, 21077, 15677, 9140, 16414, 13586, 13162, 2021)
n	1397713	(719, 152)	[(-54, 450, 900), (-54, 468, 1008), (-72, 486, 972), (-126, 450, 936), (-36, 522, 918), (-72, 468, 828), (-90, 468, 864), (-54, 504, 936), (-90, 486, 990), (90, 522, 918), (-72, 450, 990), (-36, 450, 954), (18, 450, 954), (36, 450, 1026), (18, 450, 1026), (-54, 450, 954), (18, 450, 936), (36, 450, 918), (36, 450, 936), (-54, 450, 990), (36, 468, 882), (0, 450, 846), (-54, 450, 882), (-72, 432, 936), (-72, 450, 990)]	(9536, 12229, 10260, 10560, 12879, 9812, 6224, 6682, 8334, 7163, 5809, 6689, 6831, 7352, 7428, 7070, 12946, 20704, 15117, 9055, 16140, 13477, 13019, 2009)
 	1397957	(802, 174)	[(-90, 468, 864), (-54, 504, 936), (-90, 486, 990), (90, 522, 918), (-72, 450, 990), (-36, 450, 954), (18, 450, 954), (36, 450, 1026), (18, 450, 1026), (-54, 450, 954), (18, 450, 936), (36, 450, 918), (36, 450, 936), (-54, 450, 990), (36, 468, 882), (0, 450, 846), (-54, 450, 882), (-72, 432, 936), (-72, 450, 990), (18, 432, 1026), (72, 486, 936), (0, 468, 882), (18, 450, 864), (-36, 450, 954), (-144, 432, 936)]	(9545, 12197, 10253, 10550, 12959, 9795, 5670, 6645, 8487, 7208, 5800, 6676, 8139, 7210, 7422, 7075, 12855, 20610, 14939, 9023, 16038, 13433, 12975, 1998)
o	1398201	(573, 95)	[(18, 450, 954), (36, 450, 1026), (18, 450, 1026), (-54, 450, 954), (18, 450, 936), (36, 450, 918), (36, 450, 936), (-54, 450, 990), (36, 468, 882), (0, 450, 846), (-54, 450, 882), (-72, 432, 936), (-72, 450, 990), (18, 432, 1026), (72, 486, 936), (0, 468, 882), (18, 450, 864), (-36, 450, 954), (-144, 432, 936), (36, 504, 900), (54, 432, 918), (54, 450, 990), (18, 468, 990), (-54, 432, 954), (0, 432, 918)]	(9551, 12174, 10176, 10571, 13161, 9856, 6415, 6865, 8482, 7361, 5904, 6935, 9590, 7467, 7437, 7100, 12760, 20523, 14707, 8984, 15837, 13378, 12858, 2010)
n	1398398	(729, 153)	[(36, 450, 918), (36, 450, 936), (-54, 450, 990), (36, 468, 882), (0, 450, 846), (-54, 450, 882), (-72, 432, 936), (-72, 450, 990), (18, 432, 1026), (72, 486, 936), (0, 468, 882), (18, 450, 864), (-36, 450, 954), (-144, 432, 936), (36, 504, 900), (54, 432, 918), (54, 450, 990), (18, 468, 990), (-54, 432, 954), (0, 432, 918), (36, 450, 936), (-36, 396, 1062), (-36, 468, 1008), (36, 468, 864), (36, 450, 864)]	(9556, 12273, 10230, 10560, 13039, 9843, 6327, 6753, 8240, 7260, 5839, 6826, 8841, 7381, 7437, 7097, 12738, 20599, 14859, 8990, 15894, 13402, 12902, 2002)
e	1398761	(588, 368)	[(18, 450, 864), (-36, 450, 954), (-144, 432, 936), (36, 504, 900), (54, 432, 918), (54, 450, 990), (18, 468, 990), (-54, 432, 954), (0, 432, 918), (36, 450, 936), (-36, 396, 1062), (-36, 468, 1008), (36, 468, 864), (36, 450, 864), (0, 414, 972), (-90, 450, 990), (-36, 486, 954), (-54, 450, 918), (-108, 468, 936), (-108, 486, 972), (-126, 486, 918), (0, 486, 864), (-72, 468, 882), (-126, 486, 936), (-90, 486, 900)]	(9550, 12612, 10637, 10713, 12729, 9860, 6740, 6640, 6308, 7134, 5720, 6523, 5102, 7486, 7456, 7101, 13039, 20960, 15522, 9128, 16352, 13572, 13175, 2028)
 	1399054	(779, 223)	[(36, 450, 936), (-36, 396, 1062), (-36, 468, 1008), (36, 468, 864), (36, 450, 864), (0, 414, 972), (-90, 450, 990), (-36, 486, 954), (-54, 450, 918), (-108, 468, 936), (-108, 486, 972), (-126, 486, 918), (0, 486, 864), (-72, 468, 882), (-126, 486, 936), (-90, 486, 900), (-36, 468, 918), (36, 468, 954), (36, 450, 936), (-36, 468, 1044), (-72, 450, 918), (18, 468, 882), (0, 450, 846), (18, 450, 918), (-36, 432, 918)]	(9550, 12377, 10407, 10626, 12857, 9819, 5895, 6793, 8405, 7224, 5801, 6669, 6952, 7238, 7425, 7092, 12914, 20777, 15188, 9048, 16154, 13495, 13089, 2020)
f	1399348	(660, 266)	[(-108, 468, 936), (-108, 486, 972), (-126, 486, 918), (0, 486, 864), (-72, 468, 882), (-126, 486, 936), (-90, 486, 900), (-36, 468, 918), (36, 468, 954), (36, 450, 936), (-36, 468, 1044), (-72, 450, 918), (18, 468, 882), (0, 450, 846), (18, 450, 918), (-36, 432, 918), (-54, 450, 936), (-54, 432, 990), (-72, 468, 954), (-72, 468, 900), (-54, 450, 900), (0, 468, 864), (-36, 486, 918), (-72, 450, 972), (-90, 450, 936)]	(9537, 12442, 10453, 10636, 12838, 9848, 6591, 6820, 8117, 7248, 5791, 6725, 6472, 7371, 7448, 7101, 12925, 20820, 15237, 9077, 16169, 13515, 13076, 2018)
i	1399595	(591, 135)	[(-90, 486, 900), (-36, 468, 918), (36, 468, 954), (36, 450, 936), (-36, 468, 1044), (-72, 450, 918), (18, 468, 882), (0, 450, 846), (18, 450, 918), (-36, 432, 918), (-54, 450, 936), (-54, 432, 990), (-72, 468, 954), (-72, 468, 900), (-54, 450, 900), (0, 468, 864), (-36, 486, 918), (-72, 450, 972), (-90, 450, 936), (72, 432, 990), (-90, 432, 1026), (-54, 414, 990), (18, 450, 900), (18, 468, 918), (0, 468, 954)]	(9537, 12315, 10375, 10591, 12964, 9844, 6416, 6753, 8125, 7300, 5808, 6724, 7234, 7373, 7446, 7098, 12884, 20730, 15120, 9049, 16059, 13461, 13028, 2009)
v	1399909	(709, 245)	[(-36, 432, 918), (-54, 450, 936), (-54, 432, 990), (-72, 468, 954), (-72, 468, 900), (-54, 450, 900), (0, 468, 864), (-36, 486, 918), (-72, 450, 972), (-90, 450, 936), (72, 432, 990), (-90, 432, 1026), (-54, 414, 990), (18, 450, 900), (18, 468, 918), (0, 468, 954), (-54, 432, 954), (-72, 396, 1062), (-72, 414, 990), (-72, 450, 882), (-54, 468, 936), (18, 450, 882), (-36, 450, 864), (-36, 432, 936), (-54, 468, 936)]	(9561, 12407, 10416, 10656, 12833, 9870, 6691, 6743, 8325, 7176, 5790, 6701, 6528, 7543, 7455, 7121, 12952, 20890, 15357, 9092, 16193, 13517, 13080, 2024)
e	1400204	(588, 372)	[(-90, 450, 936), (72, 432, 990), (-90, 432, 1026), (-54, 414, 990), (18, 450, 900), (18, 468, 918), (0, 468, 954), (-54, 432, 954), (-72, 396, 1062), (-72, 414, 990), (-72, 450, 882), (-54, 468, 936), (18, 450, 882), (-36, 450, 864), (-36, 432, 936), (-54, 468, 936), (-36, 450, 972), (-90, 450, 918), (-90, 504, 900), (-162, 468, 864), (-126, 450, 882), (-90, 468, 900), (-90, 468, 954), (-90, 486, 936), (-54, 468, 936)]	(9536, 12610, 10649, 10743, 12664, 9895, 7108, 6626, 6079, 7142, 5725, 6548, 4989, 7881, 7489, 7122, 13077, 21061, 15642, 9134, 16343, 13563, 13145, 2019)
 	1402586	(789, 209)	[(-54, 468, 954), (-36, 468, 936), (-36, 468, 954), (-54, 468, 936), (-72, 468, 918), (-54, 468, 918), (-18, 468, 972), (-54, 468, 954), (-54, 468, 918), (-36, 468, 936), (-54, 432, 954), (-72, 450, 972), (-54, 468, 936), (-54, 468, 936), (-36, 468, 936), (-18, 486, 936), (-36, 414, 972), (-54, 432, 918), (0, 432, 954), (-36, 468, 1026), (-36, 468, 900), (0, 450, 864), (-36, 450, 900), (-18, 468, 936), (-54, 432, 1008)]	(9537, 12236, 10328, 10599, 12907, 9808, 5745, 6745, 8550, 7215, 5807, 6696, 6596, 7215, 7422, 7097, 12903, 20790, 15224, 9068, 16128, 13501, 13075, 2012)
f	1403552	(678, 277)	[(-36, 432, 972), (-54, 432, 990), (-36, 450, 936), (-36, 432, 900), (-54, 432, 936), (-36, 432, 972), (0, 450, 954), (-36, 450, 972), (-36, 432, 954), (-54, 432, 918), (-54, 432, 954), (-36, 432, 990), (-36, 432, 972), (-54, 432, 954), (-54, 450, 972), (-54, 450, 972), (-54, 432, 972), (-54, 450, 972), (-90, 468, 954), (-54, 432, 864), (-54, 450, 864), (-54, 450, 954), (-54, 450, 972), (-54, 450, 972), (-54, 450, 972)]	(9575, 12301, 10383, 10620, 12898, 9826, 6204, 6826, 8588, 7162, 5835, 6754, 6461, 7404, 7436, 7120, 12978, 20844, 15329, 9080, 16172, 13522, 13101, 2015)
i	1403897	(583, 144)	[(-36, 432, 990), (-36, 432, 972), (-54, 432, 954), (-54, 450, 972), (-54, 450, 972), (-54, 432, 972), (-54, 450, 972), (-90, 468, 954), (-54, 432, 864), (-54, 450, 864), (-54, 450, 954), (-54, 450, 972), (-54, 450, 972), (-54, 450, 972), (108, 468, 954), (-36, 432, 954), (-36, 414, 972), (-36, 432, 1044), (0, 468, 990), (0, 468, 882), (18, 468, 882), (18, 468, 918), (0, 450, 900), (-54, 450, 954), (-54, 432, 990)]	(9536, 12173, 10264, 10539, 12955, 9808, 6234, 6757, 8529, 7223, 5833, 6741, 8180, 7426, 7443, 7114, 12889, 20675, 14948, 9027, 16006, 13443, 12966, 1967)
v	1404260	(731, 246)	[(-54, 450, 972), (-54, 450, 972), (108, 468, 954), (-36, 432, 954), (-36, 414, 972), (-36, 432, 1044), (0, 468, 990), (0, 468, 882), (18, 468, 882), (18, 468, 918), (0, 450, 900), (-54, 450, 954), (-54, 432, 990), (-72, 414, 1080), (18, 432, 936), (18, 450, 918), (-36, 486, 1026), (-54, 468, 954), (36, 450, 792), (-36, 450, 828), (-36, 450, 918), (0, 432, 990), (-54, 450, 1026), (-54, 432, 1008), (18, 468, 954)]	(9530, 12185, 10227, 10533, 12819, 9820, 6611, 6741, 8449, 7129, 5807, 6739, 7908, 7840, 7471, 7131, 12896, 20822, 15033, 9046, 16004, 13440, 12967, 2013)
e	1404503	(595, 350)	[(0, 468, 990), (0, 468, 882), (18, 468, 882), (18, 468, 918), (0, 450, 900), (-54, 450, 954), (-54, 432, 990), (-72, 414, 1080), (18, 432, 936), (18, 450, 918), (-36, 486, 1026), (-54, 468, 954), (36, 450, 792), (-36, 450, 828), (-36, 450, 918), (0, 432, 990), (-54, 450, 1026), (-54, 432, 1008), (18, 468, 954), (-54, 450, 954), (-108, 450, 918), (-90, 450, 936), (-72, 468, 954), (-72, 468, 972), (-72, 468, 954)]	(9567, 12394, 10456, 10673, 12621, 9929, 7718, 6838, 7564, 7093, 5815, 6749, 5465, 8803, 7518, 7180, 13112, 21051, 15490, 9121, 16196, 13544, 13075, 2017)
