Please hold the phone in your right hand and type with your left index finger
h	1828343	(662, 207)	[(-36, 504, 972), (-36, 504, 954), (-36, 468, 936), (-54, 504, 936), (-54, 504, 918), (-36, 486, 936), (18, 504, 918), (18, 504, 936), (-36, 486, 954), (-54, 486, 972), (-54, 486, 936), (-54, 486, 900), (-36, 486, 936), (0, 486, 918), (0, 486, 918), (0, 486, 918), (-18, 486, 918), (18, 504, 936), (0, 486, 936), (-18, 504, 954), (18, 486, 936), (0, 504, 900), (0, 486, 954), (36, 504, 954), (18, 522, 810)]	(9605, 12137, 10393, 10805, 13531, 9771, 4239, 6095, 5163, 7085, 5539, 5949, 4391, 6131, 7340, 7559, 11651, 20131, 17537, 9167, 16416, 14726, 12246, 1976)
a	1829304	(652, 449)	[(-18, 522, 936), (0, 504, 918), (18, 504, 918), (18, 522, 900), (0, 504, 918), (18, 522, 918), (0, 504, 918), (18, 504, 918), (18, 504, 918), (0, 504, 918), (-18, 504, 936), (0, 504, 936), (0, 504, 936), (18, 522, 918), (-36, 504, 936), (-36, 504, 918), (0, 504, 900), (18, 504, 918), (0, 522, 936), (0, 504, 936), (0, 504, 918), (18, 522, 936), (0, 522, 918), (-18, 522, 954), (18, 504, 864)]	(9610, 12062, 10395, 10832, 13683, 9787, 4250, 6072, 5205, 7186, 5532, 5972, 4396, 6144, 7515, 7528, 11631, 20141, 17410, 9154, 16376, 14724, 12243, 1985)
v	1829594	(730, 253)	[(0, 504, 918), (-18, 504, 936), (0, 504, 936), (0, 504, 936), (18, 522, 918), (-36, 504, 936), (-36, 504, 918), (0, 504, 900), (18, 504, 918), (0, 522, 936), (0, 504, 936), (0, 504, 918), (18, 522, 936), (0, 522, 918), (-18, 522, 954), (18, 504, 864), (36, 522, 846), (-36, 504, 900), (-18, 522, 972), (0, 504, 900), (36, 522, 918), (18, 504, 936), (-36, 504, 936), (0, 504, 954), (36, 522, 846)]	(9627, 12099, 10405, 10848, 13699, 9786, 4235, 6062, 5234, 7206, 5596, 5968, 4391, 6143, 7520, 7530, 11623, 20147, 17449, 9158, 16388, 14716, 12255, 1975)
e	1829834	(562, 382)	[(0, 504, 900), (18, 504, 918), (0, 522, 936), (0, 504, 936), (0, 504, 918), (18, 522, 936), (0, 522, 918), (-18, 522, 954), (18, 504, 864), (36, 522, 846), (-36, 504, 900), (-18, 522, 972), (0, 504, 900), (36, 522, 918), (18, 504, 936), (-36, 504, 936), (0, 504, 954), (36, 522, 846), (18, 522, 882), (0, 504, 918), (0, 522, 954), (0, 504, 900), (18, 522, 918), (18, 504, 918), (0, 504, 918)]	(9605, 12031, 10358, 10796, 13622, 9755, 4231, 6060, 5186, 7179, 5586, 5995, 4392, 6140, 7510, 7503, 11615, 20124, 17365, 9141, 16355, 14684, 12239, 1979)
 	1830244	(805, 264)	[(18, 504, 936), (-36, 504, 936), (0, 504, 954), (36, 522, 846), (18, 522, 882), (0, 504, 918), (0, 522, 954), (0, 504, 900), (18, 522, 918), (18, 504, 918), (0, 504, 918), (18, 522, 864), (18, 522, 900), (0, 504, 936), (18, 504, 918), (18, 522, 936), (18, 504, 918), (0, 504, 936), (18, 522, 918), (0, 504, 936), (18, 504, 954), (18, 522, 918), (0, 504, 972), (36, 522, 828), (36, 522, 828)]	(9628, 12101, 10405, 10855, 13690, 9788, 4258, 6097, 5291, 7212, 5599, 6000, 4403, 6146, 7525, 7527, 11638, 20148, 17444, 9152, 16392, 14704, 12244, 1981)
w	1830905	(568, 404)	[(-36, 486, 936), (-36, 504, 990), (18, 504, 954), (18, 504, 918), (0, 504, 882), (0, 504, 900), (0, 504, 936), (18, 504, 936), (36, 522, 918), (18, 504, 900), (0, 504, 936), (18, 504, 918), (0, 504, 918), (18, 504, 900), (18, 504, 900), (0, 504, 936), (18, 504, 936), (18, 504, 936), (18, 522, 918), (18, 522, 936), (0, 504, 936), (-18, 504, 954), (0, 504, 918), (54, 504, 864), (72, 504, 846)]	(9599, 12043, 10363, 10824, 13668, 9775, 4262, 6075, 5187, 7198, 5615, 5970, 4385, 6149, 7529, 7535, 11662, 20146, 17455, 9155, 16402, 14706, 12260, 1982)
e	1831146	(568, 340)	[(0, 504, 936), (18, 504, 936), (36, 522, 918), (18, 504, 900), (0, 504, 936), (18, 504, 918), (0, 504, 918), (18, 504, 900), (18, 504, 900), (0, 504, 936), (18, 504, 936), (18, 504, 936), (18, 522, 918), (18, 522, 936), (0, 504, 936), (-18, 504, 954), (0, 504, 918), (54, 504, 864), (72, 504, 846), (-18, 504, 918), (-54, 522, 1026), (18, 504, 918), (18, 504, 882), (18, 522, 936), (18, 504, 936)]	(9622, 12059, 10370, 10826, 13678, 9793, 4235, 6047, 5213, 7183, 5610, 5949, 4379, 6133, 7504, 7493, 11619, 20120, 17352, 9134, 16353, 14649, 12240, 1974)
 	1831336	(815, 260)	[(0, 504, 936), (18, 504, 918), (0, 504, 918), (18, 504, 900), (18, 504, 900), (0, 504, 936), (18, 504, 936), (18, 504, 936), (18, 522, 918), (18, 522, 936), (0, 504, 936), (-18, 504, 954), (0, 504, 918), (54, 504, 864), (72, 504, 846), (-18, 504, 918), (-54, 522, 1026), (18, 504, 918), (18, 504, 882), (18, 522, 936), (18, 504, 936), (0, 504, 936), (18, 504, 828), (54, 540, 792), (-36, 486, 918)]	(9636, 12104, 10394, 10860, 13725, 9790, 4239, 6113, 5334, 7206, 5614, 6006, 4409, 6146, 7539, 7526, 11637, 20151, 17445, 9156, 16410, 14708, 12259, 1966)
a	1831583	(654, 465)	[(18, 504, 936), (18, 522, 918), (18, 522, 936), (0, 504, 936), (-18, 504, 954), (0, 504, 918), (54, 504, 864), (72, 504, 846), (-18, 504, 918), (-54, 522, 1026), (18, 504, 918), (18, 504, 882), (18, 522, 936), (18, 504, 936), (0, 504, 936), (18, 504, 828), (54, 540, 792), (-36, 486, 918), (18, 522, 1026), (0, 486, 846), (18, 504, 954), (18, 504, 918), (0, 522, 882), (-36, 504, 918), (-36, 522, 1008)]	(9594, 12015, 10337, 10802, 13635, 9770, 4212, 6039, 5137, 7167, 5541, 6010, 4387, 6147, 7524, 7506, 11646, 20137, 17417, 9147, 16395, 14687, 12246, 1978)
s	1831893	(662, 391)	[(18, 504, 918), (18, 504, 882), (18, 522, 936), (18, 504, 936), (0, 504, 936), (18, 504, 828), (54, 540, 792), (-36, 486, 918), (18, 522, 1026), (0, 486, 846), (18, 504, 954), (18, 504, 918), (0, 522, 882), (-36, 504, 918), (-36, 522, 1008), (90, 504, 828), (18, 504, 828), (-72, 504, 954), (-54, 504, 1026), (18, 522, 972), (18, 522, 918), (36, 504, 864), (-54, 504, 954), (0, 522, 1008), (18, 504, 954)]	(9601, 12034, 10339, 10814, 13658, 9769, 4267, 6028, 5222, 7196, 5575, 5975, 4375, 6140, 7521, 7495, 11633, 20123, 17370, 9136, 16369, 14636, 12252, 1980)
s	1832084	(665, 378)	[(0, 504, 936), (18, 504, 828), (54, 540, 792), (-36, 486, 918), (18, 522, 1026), (0, 486, 846), (18, 504, 954), (18, 504, 918), (0, 522, 882), (-36, 504, 918), (-36, 522, 1008), (90, 504, 828), (18, 504, 828), (-72, 504, 954), (-54, 504, 1026), (18, 522, 972), (18, 522, 918), (36, 504, 864), (-54, 504, 954), (0, 522, 1008), (18, 504, 954), (54, 522, 810), (18, 522, 954), (18, 504, 936), (0, 504, 900)]	(9601, 12012, 10332, 10793, 13642, 9740, 4234, 6032, 5201, 7204, 5566, 5979, 4382, 6147, 7521, 7492, 11619, 20120, 17357, 9138, 16354, 14648, 12236, 1944)
i	1832324	(575, 118)	[(18, 504, 954), (18, 504, 918), (0, 522, 882), (-36, 504, 918), (-36, 522, 1008), (90, 504, 828), (18, 504, 828), (-72, 504, 954), (-54, 504, 1026), (18, 522, 972), (18, 522, 918), (36, 504, 864), (-54, 504, 954), (0, 522, 1008), (18, 504, 954), (54, 522, 810), (18, 522, 954), (18, 504, 936), (0, 504, 900), (18, 504, 900), (18, 504, 918), (36, 522, 936), (18, 504, 936), (18, 522, 936), (18, 522, 918)]	(9609, 12038, 10360, 10808, 13674, 9755, 4231, 6063, 5222, 7209, 5593, 5955, 4402, 6145, 7555, 7540, 11668, 20171, 17512, 9159, 16432, 14720, 12278, 1979)
g	1832816	(639, 233)	[(0, 504, 900), (18, 504, 900), (18, 504, 918), (36, 522, 936), (18, 504, 936), (18, 522, 936), (18, 522, 918), (108, 504, 882), (-54, 540, 918), (36, 504, 936), (36, 576, 918), (36, 504, 954), (18, 522, 918), (0, 504, 918), (0, 504, 918), (18, 504, 918), (18, 504, 918), (36, 504, 918), (18, 504, 900), (0, 504, 918), (18, 522, 918), (18, 522, 936), (18, 522, 954), (54, 522, 846), (54, 522, 846)]	(9609, 12082, 10387, 10851, 13719, 9784, 4247, 6097, 5296, 7204, 5568, 5980, 4401, 6154, 7562, 7526, 11663, 20165, 17496, 9148, 16432, 14701, 12270, 1982)
n	1833075	(736, 160)	[(108, 504, 882), (-54, 540, 918), (36, 504, 936), (36, 576, 918), (36, 504, 954), (18, 522, 918), (0, 504, 918), (0, 504, 918), (18, 504, 918), (18, 504, 918), (36, 504, 918), (18, 504, 900), (0, 504, 918), (18, 522, 918), (18, 522, 936), (18, 522, 954), (54, 522, 846), (54, 522, 846), (18, 504, 972), (18, 540, 990), (36, 522, 954), (36, 504, 936), (36, 504, 864), (-36, 522, 972), (18, 504, 954)]	(9615, 12061, 10361, 10829, 13668, 9766, 4243, 6049, 5215, 7206, 5581, 5974, 4382, 6143, 7517, 7491, 11634, 20123, 17380, 9135, 16381, 14648, 12254, 1978)
e	1833314	(557, 352)	[(0, 504, 918), (0, 504, 918), (18, 504, 918), (18, 504, 918), (36, 504, 918), (18, 504, 900), (0, 504, 918), (18, 522, 918), (18, 522, 936), (18, 522, 954), (54, 522, 846), (54, 522, 846), (18, 504, 972), (18, 540, 990), (36, 522, 954), (36, 504, 936), (36, 504, 864), (-36, 522, 972), (18, 504, 954), (0, 522, 900), (18, 504, 900), (18, 522, 900), (18, 522, 918), (36, 522, 900), (54, 504, 864)]	(9618, 12085, 10387, 10853, 13729, 9799, 4227, 6100, 5290, 7220, 5568, 5971, 4391, 6150, 7556, 7513, 11665, 20160, 17480, 9150, 16432, 14695, 12262, 1980)
d	1833555	(666, 324)	[(18, 522, 918), (18, 522, 936), (18, 522, 954), (54, 522, 846), (54, 522, 846), (18, 504, 972), (18, 540, 990), (36, 522, 954), (36, 504, 936), (36, 504, 864), (-36, 522, 972), (18, 504, 954), (0, 522, 900), (18, 504, 900), (18, 522, 900), (18, 522, 918), (36, 522, 900), (54, 504, 864), (-36, 522, 900), (-36, 504, 1008), (18, 522, 954), (18, 504, 936), (54, 522, 828), (0, 504, 882), (-36, 522, 1026)]	(9629, 12097, 10394, 10870, 13724, 9789, 4241, 6071, 5278, 7219, 5576, 5985, 4392, 6149, 7534, 7498, 11647, 20136, 17415, 9145, 16396, 14660, 12254, 1987)
 	1833744	(817, 275)	[(54, 522, 846), (18, 504, 972), (18, 540, 990), (36, 522, 954), (36, 504, 936), (36, 504, 864), (-36, 522, 972), (18, 504, 954), (0, 522, 900), (18, 504, 900), (18, 522, 900), (18, 522, 918), (36, 522, 900), (54, 504, 864), (-36, 522, 900), (-36, 504, 1008), (18, 522, 954), (18, 504, 936), (54, 522, 828), (0, 504, 882), (-36, 522, 1026), (0, 504, 882), (18, 504, 882), (0, 504, 936), (54, 540, 774)]	(9628, 12100, 10387, 10870, 13706, 9798, 4270, 6113, 5308, 7211, 5575, 5986, 4392, 6155, 7543, 7512, 11654, 20151, 17457, 9155, 16427, 14683, 12265, 1982)
e	1837315	(569, 351)	[(18, 522, 918), (36, 522, 918), (36, 522, 900), (36, 522, 918), (36, 522, 900), (36, 504, 918), (18, 522, 936), (36, 522, 918), (54, 522, 918), (36, 522, 900), (36, 522, 918), (18, 522, 918), (18, 522, 882), (18, 522, 900), (18, 522, 918), (18, 522, 882), (18, 522, 900), (18, 540, 900), (18, 522, 936), (36, 522, 918), (18, 522, 936), (0, 504, 936), (18, 522, 918), (36, 540, 882), (36, 540, 882)]	(9631, 11985, 10300, 10775, 13774, 9789, 4251, 6026, 5179, 7201, 5599, 5976, 4369, 6140, 7401, 7487, 11635, 20104, 17313, 9136, 16442, 14648, 12259, 1982)
m	1838126	(741, 106)	[(36, 522, 918), (36, 522, 900), (36, 522, 918), (36, 522, 918), (18, 522, 918), (18, 522, 918), (36, 522, 900), (36, 522, 918), (18, 522, 918), (36, 522, 900), (54, 522, 900), (36, 540, 900), (18, 522, 918), (36, 504, 918), (18, 522, 900), (18, 522, 918), (18, 522, 936), (36, 522, 918), (36, 522, 918), (36, 522, 918), (18, 522, 918), (18, 522, 900), (36, 522, 900), (18, 522, 918), (36, 522, 900)]	(9603, 11951, 10285, 10764, 13753, 9810, 4245, 6033, 5217, 7203, 5599, 5989, 4382, 6145, 7425, 7499, 11664, 20144, 17390, 9152, 16501, 14701, 12282, 1980)
p	1838368	(569, 27)	[(36, 522, 918), (18, 522, 918), (36, 522, 900), (54, 522, 900), (36, 540, 900), (18, 522, 918), (36, 504, 918), (18, 522, 900), (18, 522, 918), (18, 522, 936), (36, 522, 918), (36, 522, 918), (36, 522, 918), (18, 522, 918), (18, 522, 900), (36, 522, 900), (18, 522, 918), (36, 522, 900), (54, 540, 792), (36, 504, 882), (36, 522, 1026), (18, 522, 882), (72, 540, 900), (54, 540, 900), (36, 558, 774)]	(9587, 11917, 10268, 10747, 13729, 9791, 4249, 6041, 5233, 7200, 5609, 5966, 4379, 6141, 7442, 7479, 11645, 20116, 17235, 9138, 16463, 14645, 12264, 1978)
l	1838660	(673, 60)	[(18, 522, 936), (36, 522, 918), (36, 522, 918), (36, 522, 918), (18, 522, 918), (18, 522, 900), (36, 522, 900), (18, 522, 918), (36, 522, 900), (54, 540, 792), (36, 504, 882), (36, 522, 1026), (18, 522, 882), (72, 540, 900), (54, 540, 900), (36, 558, 774), (72, 558, 828), (-54, 522, 936), (90, 558, 954), (36, 540, 954), (36, 522, 954), (54, 522, 918), (36, 522, 882), (36, 504, 972), (54, 558, 936)]	(9611, 11938, 10276, 10767, 13768, 9808, 4241, 6045, 5242, 7191, 5603, 5980, 4375, 6134, 7454, 7477, 11638, 20108, 17204, 9138, 16454, 14644, 12268, 1988)
o	1838918	(573, 224)	[(18, 522, 918), (36, 522, 900), (54, 540, 792), (36, 504, 882), (36, 522, 1026), (18, 522, 882), (72, 540, 900), (54, 540, 900), (36, 558, 774), (72, 558, 828), (-54, 522, 936), (90, 558, 954), (36, 540, 954), (36, 522, 954), (54, 522, 918), (36, 522, 882), (36, 504, 972), (54, 558, 936), (36, 522, 900), (54, 522, 900), (36, 540, 918), (36, 522, 918), (36, 540, 918), (54, 540, 900), (54, 540, 882)]	(9609, 11932, 10280, 10756, 13770, 9802, 4258, 6042, 5205, 7209, 5588, 5974, 4376, 6137, 7448, 7474, 11633, 20127, 17272, 9136, 16487, 14671, 12266, 1977)
y	1840105	(576, 337)	[(54, 522, 918), (18, 522, 900), (36, 540, 900), (18, 522, 918), (36, 540, 900), (36, 540, 918), (36, 540, 918), (54, 540, 900), (36, 522, 918), (36, 522, 900), (36, 540, 900), (36, 540, 900), (36, 522, 900), (36, 522, 900), (36, 540, 900), (36, 522, 918), (36, 522, 900), (18, 540, 918), (36, 540, 936), (36, 540, 918), (36, 540, 918), (36, 540, 936), (36, 522, 918), (54, 540, 882), (36, 540, 864)]	(9611, 11918, 10272, 10758, 13770, 9789, 4243, 6006, 5190, 7208, 5609, 5995, 4366, 6132, 7457, 7469, 11639, 20134, 17251, 9147, 16488, 14676, 12270, 1981)
e	1840417	(573, 334)	[(36, 522, 900), (36, 540, 900), (36, 540, 900), (36, 522, 900), (36, 522, 900), (36, 540, 900), (36, 522, 918), (36, 522, 900), (18, 540, 918), (36, 540, 936), (36, 540, 918), (36, 540, 918), (36, 540, 936), (36, 522, 918), (54, 540, 882), (36, 540, 864), (54, 540, 810), (36, 540, 882), (18, 540, 990), (72, 558, 936), (36, 522, 918), (36, 540, 882), (36, 540, 936), (18, 540, 900), (36, 522, 900)]	(9616, 11935, 10275, 10758, 13772, 9803, 4260, 6009, 5171, 7214, 5624, 5980, 4360, 6143, 7451, 7462, 11638, 20111, 17198, 9126, 16446, 14637, 12271, 1980)
e	1840613	(637, 381)	[(36, 522, 900), (36, 540, 900), (36, 522, 918), (36, 522, 900), (18, 540, 918), (36, 540, 936), (36, 540, 918), (36, 540, 918), (36, 540, 936), (36, 522, 918), (54, 540, 882), (36, 540, 864), (54, 540, 810), (36, 540, 882), (18, 540, 990), (72, 558, 936), (36, 522, 918), (36, 540, 882), (36, 540, 936), (18, 540, 900), (36, 522, 900), (18, 522, 828), (36, 540, 972), (18, 504, 918), (18, 540, 864)]	(9609, 11915, 10256, 10745, 13754, 9790, 4245, 6009, 5165, 7204, 5594, 5985, 4377, 6140, 7460, 7463, 11634, 20106, 17188, 9132, 16442, 14631, 12245, 1980)
s	1841525	(636, 371)	[(36, 522, 918), (18, 522, 900), (18, 522, 918), (36, 540, 918), (36, 522, 900), (18, 540, 882), (36, 540, 900), (36, 540, 900), (18, 522, 918), (18, 522, 900), (54, 540, 882), (36, 540, 900), (36, 522, 918), (36, 522, 936), (36, 522, 918), (36, 540, 900), (36, 540, 882), (18, 540, 900), (36, 522, 900), (18, 522, 918), (36, 522, 918), (36, 540, 900), (36, 522, 918), (36, 540, 918), (18, 540, 900)]	(9598, 11919, 10245, 10740, 13768, 9790, 4238, 5980, 5154, 7213, 5596, 5971, 4380, 6141, 7458, 7469, 11651, 20124, 17240, 9140, 16484, 14638, 12272, 1988)
 	1841867	(816, 272)	[(36, 540, 900), (36, 522, 918), (36, 522, 936), (36, 522, 918), (36, 540, 900), (36, 540, 882), (18, 540, 900), (36, 522, 900), (18, 522, 918), (36, 522, 918), (36, 540, 900), (36, 522, 918), (36, 540, 918), (18, 540, 900), (72, 540, 828), (36, 522, 864), (18, 522, 864), (18, 522, 936), (36, 522, 900), (18, 522, 882), (18, 522, 918), (36, 522, 936), (18, 540, 864), (72, 540, 792)]	(9630, 11951, 10272, 10761, 13820, 9814, 4279, 6003, 5169, 7225, 5595, 5984, 4370, 6140, 7467, 7476, 11661, 20135, 17275, 9149, 16497, 14676, 12276, 1980)
t	1842848	(582, 256)	[(18, 522, 918), (36, 540, 900), (18, 540, 936), (36, 522, 918), (36, 558, 900), (36, 522, 900), (18, 540, 918), (18, 540, 900), (36, 522, 918), (36, 522, 936), (36, 540, 918), (36, 540, 900), (36, 540, 882), (36, 540, 900), (36, 540, 918), (36, 522, 900), (36, 522, 918), (36, 540, 918), (36, 540, 900), (36, 540, 918), (36, 540, 900), (36, 540, 918), (0, 540, 936), (36, 540, 900), (72, 540, 756)]	(9616, 11919, 10264, 10756, 13785, 9789, 4244, 6007, 5195, 7220, 5599, 5985, 4384, 6150, 7468, 7487, 11666, 20149, 17292, 9157, 16517, 14677, 12277, 1958)
o	1843089	(577, 67)	[(18, 540, 918), (18, 540, 900), (36, 522, 918), (36, 522, 936), (36, 540, 918), (36, 540, 900), (36, 540, 882), (36, 540, 900), (36, 540, 918), (36, 522, 900), (36, 522, 918), (36, 540, 918), (36, 540, 900), (36, 540, 918), (36, 540, 900), (36, 540, 918), (0, 540, 936), (36, 540, 900), (72, 540, 756), (18, 504, 882), (18, 540, 954), (36, 540, 990), (54, 540, 936), (54, 540, 864), (54, 522, 828)]	(9626, 11926, 10256, 10757, 13806, 9801, 4233, 6019, 5199, 7226, 5606, 5983, 4391, 6147, 7483, 7494, 11672, 20143, 17287, 9164, 16513, 14689, 12288, 1971)
 	1843383	(815, 271)	[(36, 522, 900), (36, 522, 918), (36, 540, 918), (36, 540, 900), (36, 540, 918), (36, 540, 900), (36, 540, 918), (0, 540, 936), (36, 540, 900), (72, 540, 756), (18, 504, 882), (18, 540, 954), (36, 540, 990), (54, 540, 936), (54, 540, 864), (54, 522, 828), (18, 558, 882), (72, 522, 918), (36, 558, 882), (36, 522, 936), (18, 540, 918), (18, 540, 900), (18, 522, 900), (0, 522, 918), (18, 522, 936)]	(9616, 11898, 10249, 10735, 13770, 9789, 4223, 5981, 5159, 7217, 5593, 5971, 4387, 6142, 7477, 7474, 11646, 20130, 17257, 9150, 16502, 14663, 12269, 1983)
n	1844095	(736, 143)	[(36, 522, 918), (36, 522, 864), (36, 540, 864), (36, 540, 918), (36, 540, 936), (36, 540, 918), (18, 522, 900), (18, 522, 900), (36, 522, 918), (18, 522, 936), (18, 522, 918), (36, 522, 882), (36, 522, 864), (18, 522, 900), (18, 522, 918), (36, 540, 918), (36, 540, 900), (36, 540, 918), (36, 540, 936), (36, 540, 936), (18, 540, 918), (36, 540, 900), (36, 522, 900), (36, 558, 828), (36, 540, 810)]	(9615, 11913, 10259, 10750, 13765, 9774, 4243, 6014, 5196, 7228, 5597, 5974, 4389, 6153, 7499, 7493, 11674, 20147, 17280, 9159, 16514, 14685, 12285, 1992)
e	1844456	(583, 356)	[(36, 522, 882), (36, 522, 864), (18, 522, 900), (18, 522, 918), (36, 540, 918), (36, 540, 900), (36, 540, 918), (36, 540, 936), (36, 540, 936), (18, 540, 918), (36, 540, 900), (36, 522, 900), (36, 558, 828), (36, 540, 810), (36, 486, 936), (0, 576, 1044), (36, 522, 864), (36, 540, 864), (18, 540, 864), (18, 522, 900), (36, 540, 918), (18, 540, 936), (36, 540, 936), (54, 540, 900), (36, 540, 864)]	(9633, 11950, 10279, 10799, 13827, 9782, 4261, 6034, 5233, 7232, 5613, 5983, 4401, 6149, 7509, 7474, 11667, 20148, 17267, 9151, 16504, 14668, 12281, 1994)
t	1844697	(580, 256)	[(36, 540, 936), (36, 540, 936), (18, 540, 918), (36, 540, 900), (36, 522, 900), (36, 558, 828), (36, 540, 810), (36, 486, 936), (0, 576, 1044), (36, 522, 864), (36, 540, 864), (18, 540, 864), (18, 522, 900), (36, 540, 918), (18, 540, 936), (36, 540, 936), (54, 540, 900), (36, 540, 864), (18, 522, 936), (18, 540, 972), (54, 540, 900), (36, 522, 918), (36, 540, 846), (36, 522, 846), (18, 522, 918)]	(9636, 11962, 10285, 10790, 13832, 9786, 4282, 6015, 5263, 7265, 5623, 5990, 4357, 6148, 7500, 7481, 11665, 20150, 17289, 9160, 16511, 14675, 12287, 1995)
c	1844937	(748, 300)	[(36, 540, 810), (36, 486, 936), (0, 576, 1044), (36, 522, 864), (36, 540, 864), (18, 540, 864), (18, 522, 900), (36, 540, 918), (18, 540, 936), (36, 540, 936), (54, 540, 900), (36, 540, 864), (18, 522, 936), (18, 540, 972), (54, 540, 900), (36, 522, 918), (36, 540, 846), (36, 522, 846), (18, 522, 918), (18, 540, 972), (54, 522, 936), (36, 522, 900), (36, 540, 882), (18, 558, 882), (90, 540, 810)]	(9605, 11911, 10242, 10739, 13757, 9775, 4268, 6005, 5163, 7238, 5616, 5989, 4386, 6151, 7489, 7477, 11666, 20142, 17267, 9155, 16505, 14670, 12284, 1980)
o	1845280	(573, 83)	[(36, 540, 864), (18, 522, 936), (18, 540, 972), (54, 540, 900), (36, 522, 918), (36, 540, 846), (36, 522, 846), (18, 522, 918), (18, 540, 972), (54, 522, 936), (36, 522, 900), (36, 540, 882), (18, 558, 882), (90, 540, 810), (18, 504, 882), (-36, 540, 1008), (54, 540, 954), (36, 540, 864), (36, 540, 882), (18, 540, 954), (36, 540, 936), (18, 522, 936), (54, 540, 846), (18, 558, 846)]	(9658, 12015, 10317, 10829, 13879, 9822, 4279, 6049, 5320, 7254, 5625, 6015, 4396, 6152, 7492, 7489, 11677, 20149, 17283, 9155, 16513, 14674, 12277, 1970)
c	1847505	(744, 290)	[(36, 522, 936), (18, 522, 918), (36, 522, 936), (36, 522, 918), (18, 522, 918), (36, 504, 918), (36, 522, 900), (36, 522, 918), (18, 504, 936), (36, 522, 900), (36, 522, 918), (18, 504, 900), (18, 504, 918), (36, 504, 936), (36, 522, 882), (18, 504, 918), (18, 522, 918), (18, 522, 936), (36, 522, 936), (18, 504, 900), (18, 522, 918), (18, 504, 918), (18, 504, 918), (18, 504, 918), (18, 522, 954)]	(9597, 11988, 10294, 10754, 13769, 9813, 4250, 6031, 5161, 7203, 5574, 5963, 4396, 6145, 7480, 7502, 11707, 20139, 17255, 9152, 16551, 14671, 12292, 1975)
h	1847800	(661, 183)	[(18, 504, 936), (36, 522, 900), (36, 522, 918), (18, 504, 900), (18, 504, 918), (36, 504, 936), (36, 522, 882), (18, 504, 918), (18, 522, 918), (18, 522, 936), (36, 522, 936), (18, 504, 900), (18, 522, 918), (18, 504, 918), (18, 504, 918), (18, 504, 918), (18, 522, 954), (54, 522, 846), (0, 504, 918), (0, 540, 990), (54, 522, 954), (36, 522, 954), (36, 522, 900), (36, 540, 810), (18, 522, 900)]	(9614, 12047, 10339, 10825, 13855, 9839, 4266, 6093, 5334, 7234, 5590, 5996, 4399, 6151, 7506, 7502, 11719, 20162, 17267, 9154, 16558, 14679, 12295, 1982)
i	1848042	(586, 123)	[(18, 504, 918), (18, 522, 918), (18, 522, 936), (36, 522, 936), (18, 504, 900), (18, 522, 918), (18, 504, 918), (18, 504, 918), (18, 504, 918), (18, 522, 954), (54, 522, 846), (0, 504, 918), (0, 540, 990), (54, 522, 954), (36, 522, 954), (36, 522, 900), (36, 540, 810), (18, 522, 900), (36, 522, 972), (18, 522, 972), (0, 522, 918), (36, 522, 918), (72, 522, 828), (0, 522, 918), (18, 504, 936)]	(9627, 12052, 10331, 10811, 13898, 9843, 4261, 6087, 5335, 7265, 5595, 6004, 4388, 6157, 7520, 7500, 11698, 20130, 17158, 9155, 16516, 14653, 12292, 1984)
p	1848233	(585, 37)	[(18, 504, 900), (18, 522, 918), (18, 504, 918), (18, 504, 918), (18, 504, 918), (18, 522, 954), (54, 522, 846), (0, 504, 918), (0, 540, 990), (54, 522, 954), (36, 522, 954), (36, 522, 900), (36, 540, 810), (18, 522, 900), (36, 522, 972), (18, 522, 972), (0, 522, 918), (36, 522, 918), (72, 522, 828), (0, 522, 918), (18, 504, 936), (54, 522, 900), (72, 540, 900), (72, 558, 846), (72, 558, 864)]	(9619, 11999, 10293, 10776, 13838, 9819, 4255, 6044, 5266, 7250, 5613, 6009, 4394, 6152, 7512, 7485, 11679, 20128, 17138, 9150, 16500, 14651, 12284, 1976)
 	1848474	(811, 254)	[(54, 522, 846), (0, 504, 918), (0, 540, 990), (54, 522, 954), (36, 522, 954), (36, 522, 900), (36, 540, 810), (18, 522, 900), (36, 522, 972), (18, 522, 972), (0, 522, 918), (36, 522, 918), (72, 522, 828), (0, 522, 918), (18, 504, 936), (54, 522, 900), (72, 540, 900), (72, 558, 846), (72, 558, 864), (18, 504, 918), (36, 522, 936), (18, 504, 900), (18, 522, 900), (36, 522, 936), (36, 522, 954)]	(9591, 11927, 10255, 10734, 13765, 9804, 4232, 6011, 5190, 7241, 5576, 5970, 4384, 6144, 7511, 7496, 11679, 20136, 17169, 9152, 16518, 14655, 12281, 1982)
s	1849503	(645, 364)	[(36, 504, 918), (36, 522, 936), (18, 522, 900), (36, 522, 918), (36, 522, 936), (36, 522, 936), (36, 522, 918), (36, 522, 900), (36, 522, 900), (18, 522, 918), (36, 522, 936), (54, 522, 918), (36, 522, 918), (36, 540, 918), (54, 522, 936), (36, 522, 918), (36, 522, 900), (36, 540, 936), (36, 522, 900), (36, 522, 900), (18, 504, 936), (0, 504, 936), (36, 522, 918), (36, 522, 864), (36, 522, 900)]	(9609, 11968, 10288, 10772, 13804, 9813, 4254, 6054, 5239, 7248, 5634, 6001, 4379, 6150, 7520, 7481, 11678, 20124, 17153, 9144, 16509, 14646, 12283, 1985)
c	1849745	(755, 294)	[(36, 522, 918), (36, 522, 900), (36, 522, 900), (18, 522, 918), (36, 522, 936), (54, 522, 918), (36, 522, 918), (36, 540, 918), (54, 522, 936), (36, 522, 918), (36, 522, 900), (36, 540, 936), (36, 522, 900), (36, 522, 900), (18, 504, 936), (0, 504, 936), (36, 522, 918), (36, 522, 864), (36, 522, 900), (36, 522, 936), (18, 540, 918), (36, 522, 918), (36, 522, 918), (36, 522, 900), (36, 522, 900)]	(9602, 11948, 10272, 10750, 13780, 9792, 4260, 6025, 5223, 7248, 5599, 5979, 4379, 6149, 7528, 7489, 11685, 20135, 17172, 9144, 16524, 14659, 12278, 1979)
h	1850085	(659, 188)	[(36, 540, 936), (36, 522, 900), (36, 522, 900), (18, 504, 936), (0, 504, 936), (36, 522, 918), (36, 522, 864), (36, 522, 900), (36, 522, 936), (18, 540, 918), (36, 522, 918), (36, 522, 918), (36, 522, 900), (36, 522, 900), (54, 522, 882), (36, 522, 900), (18, 522, 936), (36, 522, 918), (36, 522, 882), (36, 522, 918), (54, 522, 918), (36, 522, 936), (36, 540, 918), (36, 522, 918), (36, 540, 900)]	(9591, 11931, 10250, 10739, 13772, 9788, 4259, 6009, 5212, 7236, 5618, 5992, 4388, 6144, 7518, 7473, 11681, 20127, 17151, 9152, 16508, 14635, 12282, 1984)
n	1851794	(741, 154)	[(36, 540, 918), (36, 522, 900), (54, 540, 900), (36, 522, 918), (36, 522, 918), (36, 522, 900), (18, 522, 900), (18, 522, 918), (36, 540, 900), (36, 522, 918), (36, 522, 918), (36, 522, 918), (36, 522, 900), (54, 522, 918), (36, 522, 918), (36, 540, 900), (36, 540, 900), (36, 522, 900), (36, 540, 900), (36, 540, 900), (18, 522, 900), (36, 522, 918), (36, 522, 918), (36, 522, 918), (36, 540, 846)]	(9612, 11954, 10273, 10766, 13803, 9808, 4255, 6030, 5241, 7240, 5605, 5987, 4400, 6158, 7537, 7500, 11702, 20159, 17233, 9161, 16569, 14694, 12290, 1993)
e	1852186	(570, 350)	[(36, 522, 900), (54, 522, 918), (36, 522, 918), (36, 540, 900), (36, 540, 900), (36, 522, 900), (36, 540, 900), (36, 540, 900), (18, 522, 900), (36, 522, 918), (36, 522, 918), (36, 522, 918), (36, 540, 846), (72, 558, 828), (18, 504, 936), (0, 558, 1008), (72, 522, 990), (18, 540, 882), (36, 522, 882), (36, 540, 900), (36, 540, 936), (54, 540, 936), (36, 522, 918), (36, 558, 864), (72, 540, 864)]	(9609, 11967, 10285, 10780, 13838, 9820, 4267, 6060, 5295, 7259, 5615, 5996, 4400, 6165, 7550, 7501, 11698, 20156, 17227, 9161, 16557, 14688, 12290, 1959)
i	1852493	(585, 95)	[(36, 522, 918), (36, 522, 918), (36, 522, 918), (36, 540, 846), (72, 558, 828), (18, 504, 936), (0, 558, 1008), (72, 522, 990), (18, 540, 882), (36, 522, 882), (36, 540, 900), (36, 540, 936), (54, 540, 936), (36, 522, 918), (36, 558, 864), (72, 540, 864), (0, 522, 918), (36, 522, 954), (36, 522, 900), (54, 522, 918), (36, 522, 918), (36, 540, 918), (36, 522, 900), (90, 540, 846), (-54, 558, 882)]	(9647, 12063, 10376, 10874, 13938, 9853, 4284, 6128, 5470, 7265, 5626, 6025, 4408, 6167, 7561, 7515, 11710, 20169, 17269, 9167, 16580, 14700, 12298, 1980)
d	1852835	(659, 328)	[(36, 540, 936), (54, 540, 936), (36, 522, 918), (36, 558, 864), (72, 540, 864), (0, 522, 918), (36, 522, 954), (36, 522, 900), (54, 522, 918), (36, 522, 918), (36, 540, 918), (36, 522, 900), (90, 540, 846), (-54, 558, 882), (54, 504, 936), (0, 558, 954), (18, 522, 1008), (36, 522, 918), (54, 540, 882), (54, 540, 900), (18, 522, 918), (18, 522, 918), (18, 522, 936), (18, 522, 918), (36, 522, 900)]	(9600, 11935, 10251, 10744, 13780, 9791, 4242, 6029, 5213, 7243, 5603, 5961, 4385, 6152, 7540, 7485, 11687, 20148, 17185, 9155, 16550, 14655, 12285, 1983)
e	1853077	(587, 347)	[(36, 522, 900), (54, 522, 918), (36, 522, 918), (36, 540, 918), (36, 522, 900), (90, 540, 846), (-54, 558, 882), (54, 504, 936), (0, 558, 954), (18, 522, 1008), (36, 522, 918), (54, 540, 882), (54, 540, 900), (18, 522, 918), (18, 522, 918), (18, 522, 936), (18, 522, 918), (36, 522, 900), (36, 540, 810), (36, 540, 864), (0, 504, 936), (36, 522, 900), (72, 522, 810), (54, 540, 828), (-54, 504, 954)]	(9630, 12011, 10323, 10816, 13877, 9816, 4283, 6093, 5361, 7276, 5617, 6007, 4384, 6160, 7574, 7508, 11709, 20162, 17253, 9171, 16563, 14690, 12304, 1991)
r	1853268	(574, 280)	[(36, 522, 900), (90, 540, 846), (-54, 558, 882), (54, 504, 936), (0, 558, 954), (18, 522, 1008), (36, 522, 918), (54, 540, 882), (54, 540, 900), (18, 522, 918), (18, 522, 918), (18, 522, 936), (18, 522, 918), (36, 522, 900), (36, 540, 810), (36, 540, 864), (0, 504, 936), (36, 522, 900), (72, 522, 810), (54, 540, 828), (-54, 504, 954), (18, 522, 882), (36, 558, 900), (18, 558, 936), (54, 540, 900)]	(9618, 11985, 10300, 10777, 13836, 9810, 4262, 6043, 5229, 7259, 5607, 5989, 4386, 6154, 7529, 7461, 11673, 20128, 17149, 9148, 16518, 14643, 12286, 1984)
 	1853459	(836, 269)	[(0, 558, 954), (18, 522, 1008), (36, 522, 918), (54, 540, 882), (54, 540, 900), (18, 522, 918), (18, 522, 918), (18, 522, 936), (18, 522, 918), (36, 522, 900), (36, 540, 810), (36, 540, 864), (0, 504, 936), (36, 522, 900), (72, 522, 810), (54, 540, 828), (-54, 504, 954), (18, 522, 882), (36, 558, 900), (18, 558, 936), (54, 540, 900), (36, 522, 918), (18, 540, 954), (144, 576, 666), (18, 486, 846)]	(9615, 11983, 10305, 10811, 13807, 9812, 4273, 6050, 5340, 7268, 5615, 6010, 4395, 6161, 7548, 7489, 11688, 20153, 17218, 9153, 16553, 14657, 12295, 1982)
m	1854021	(730, 111)	[(36, 522, 918), (18, 540, 954), (144, 576, 666), (18, 486, 846), (-36, 540, 1098), (72, 540, 1008), (18, 522, 918), (36, 540, 936), (36, 522, 900), (18, 522, 954), (18, 522, 954), (36, 522, 918), (18, 522, 900), (36, 540, 936), (36, 540, 936), (36, 540, 918), (36, 522, 882), (36, 522, 900), (36, 522, 882), (36, 522, 918), (18, 522, 936), (18, 540, 918), (18, 522, 918), (54, 522, 900), (36, 558, 810)]	(9635, 12009, 10318, 10805, 13872, 9835, 4294, 6091, 5345, 7268, 5625, 5996, 4392, 6160, 7547, 7491, 11699, 20160, 17238, 9154, 16572, 14686, 12296, 1981)
a	1854310	(651, 467)	[(36, 522, 900), (18, 522, 954), (18, 522, 954), (36, 522, 918), (18, 522, 900), (36, 540, 936), (36, 540, 936), (36, 540, 918), (36, 522, 882), (36, 522, 900), (36, 522, 882), (36, 522, 918), (18, 522, 936), (18, 540, 918), (18, 522, 918), (54, 522, 900), (36, 558, 810), (36, 504, 900), (18, 558, 936), (18, 522, 900), (18, 522, 882), (18, 522, 864), (0, 522, 900), (72, 522, 792), (126, 540, 792)]	(9612, 11976, 10288, 10790, 13819, 9799, 4251, 6069, 5340, 7272, 5613, 6010, 4401, 6161, 7582, 7495, 11698, 20156, 17209, 9159, 16557, 14674, 12284, 1985)
k	1854568	(668, 85)	[(36, 540, 918), (36, 522, 882), (36, 522, 900), (36, 522, 882), (36, 522, 918), (18, 522, 936), (18, 540, 918), (18, 522, 918), (54, 522, 900), (36, 558, 810), (36, 504, 900), (18, 558, 936), (18, 522, 900), (18, 522, 882), (18, 522, 864), (0, 522, 900), (72, 522, 792), (126, 540, 792), (-54, 522, 1044), (72, 558, 1008), (54, 540, 972), (36, 522, 954), (36, 522, 864), (36, 522, 918), (54, 540, 936)]	(9611, 11974, 10280, 10765, 13839, 9813, 4247, 6046, 5279, 7262, 5617, 5973, 4401, 6164, 7560, 7494, 11699, 20160, 17238, 9161, 16572, 14688, 12308, 1993)
e	1854860	(543, 338)	[(54, 522, 900), (36, 558, 810), (36, 504, 900), (18, 558, 936), (18, 522, 900), (18, 522, 882), (18, 522, 864), (0, 522, 900), (72, 522, 792), (126, 540, 792), (-54, 522, 1044), (72, 558, 1008), (54, 540, 972), (36, 522, 954), (36, 522, 864), (36, 522, 918), (54, 540, 936), (54, 522, 918), (0, 558, 918), (0, 504, 936), (36, 540, 918), (18, 522, 918), (18, 522, 882), (72, 540, 810), (54, 540, 864)]	(9625, 12019, 10318, 10815, 13887, 9826, 4259, 6088, 5358, 7291, 5607, 6021, 4399, 6159, 7564, 7496, 11701, 20162, 17251, 9167, 16581, 14688, 12286, 1994)
s	1855103	(654, 362)	[(0, 522, 900), (72, 522, 792), (126, 540, 792), (-54, 522, 1044), (72, 558, 1008), (54, 540, 972), (36, 522, 954), (36, 522, 864), (36, 522, 918), (54, 540, 936), (54, 522, 918), (0, 558, 918), (0, 504, 936), (36, 540, 918), (18, 522, 918), (18, 522, 882), (72, 540, 810), (54, 540, 864), (36, 504, 900), (0, 540, 1008), (36, 540, 972), (36, 522, 918), (18, 522, 828), (-36, 540, 1062), (54, 540, 990)]	(9613, 11973, 10282, 10769, 13824, 9809, 4265, 6033, 5250, 7245, 5612, 5992, 4379, 6151, 7526, 7475, 11680, 20132, 17154, 9145, 16525, 14640, 12281, 1981)
 	1855294	(817, 277)	[(72, 558, 1008), (54, 540, 972), (36, 522, 954), (36, 522, 864), (36, 522, 918), (54, 540, 936), (54, 522, 918), (0, 558, 918), (0, 504, 936), (36, 540, 918), (18, 522, 918), (18, 522, 882), (72, 540, 810), (54, 540, 864), (36, 504, 900), (0, 540, 1008), (36, 540, 972), (36, 522, 918), (18, 522, 828), (-36, 540, 1062), (54, 540, 990), (54, 522, 918), (90, 540, 756), (0, 504, 900), (-18, 522, 1008)]	(9620, 11979, 10296, 10795, 13825, 9800, 4257, 6045, 5293, 7265, 5618, 6007, 4388, 6157, 7550, 7490, 11680, 20147, 17201, 9152, 16549, 14660, 12284, 1985)
t	1855585	(575, 235)	[(0, 504, 936), (36, 540, 918), (18, 522, 918), (18, 522, 882), (72, 540, 810), (54, 540, 864), (36, 504, 900), (0, 540, 1008), (36, 540, 972), (36, 522, 918), (18, 522, 828), (-36, 540, 1062), (54, 540, 990), (54, 522, 918), (90, 540, 756), (0, 504, 900), (-18, 522, 1008), (0, 522, 900), (36, 540, 882), (36, 540, 846), (36, 540, 900), (36, 540, 954), (36, 540, 936), (18, 522, 882), (54, 540, 828)]	(9632, 12005, 10313, 10806, 13888, 9828, 4270, 6079, 5353, 7278, 5607, 6012, 4400, 6159, 7557, 7500, 11704, 20170, 17260, 9165, 16586, 14693, 12305, 1991)
h	1855846	(656, 185)	[(0, 540, 1008), (36, 540, 972), (36, 522, 918), (18, 522, 828), (-36, 540, 1062), (54, 540, 990), (54, 522, 918), (90, 540, 756), (0, 504, 900), (-18, 522, 1008), (0, 522, 900), (36, 540, 882), (36, 540, 846), (36, 540, 900), (36, 540, 954), (36, 540, 936), (18, 522, 882), (54, 540, 828), (36, 522, 954), (36, 540, 1008), (36, 522, 954), (36, 522, 936), (0, 558, 936), (36, 522, 1026), (18, 540, 990)]	(9607, 11932, 10262, 10756, 13805, 9804, 4279, 6021, 5199, 7252, 5595, 5999, 4384, 6150, 7533, 7473, 11673, 20135, 17142, 9150, 16530, 14641, 12285, 1985)
a	1856036	(634, 429)	[(-36, 540, 1062), (54, 540, 990), (54, 522, 918), (90, 540, 756), (0, 504, 900), (-18, 522, 1008), (0, 522, 900), (36, 540, 882), (36, 540, 846), (36, 540, 900), (36, 540, 954), (36, 540, 936), (18, 522, 882), (54, 540, 828), (36, 522, 954), (36, 540, 1008), (36, 522, 954), (36, 522, 936), (0, 558, 936), (36, 522, 1026), (18, 540, 990), (0, 522, 1080), (0, 504, 810), (-54, 540, 1152), (54, 540, 1116)]	(9620, 11980, 10286, 10770, 13842, 9799, 4260, 6004, 5258, 7247, 5598, 5987, 4373, 6158, 7538, 7474, 11684, 20137, 17170, 9148, 16531, 14648, 12289, 1978)
t	1856231	(607, 245)	[(-18, 522, 1008), (0, 522, 900), (36, 540, 882), (36, 540, 846), (36, 540, 900), (36, 540, 954), (36, 540, 936), (18, 522, 882), (54, 540, 828), (36, 522, 954), (36, 540, 1008), (36, 522, 954), (36, 522, 936), (0, 558, 936), (36, 522, 1026), (18, 540, 990), (0, 522, 1080), (0, 504, 810), (-54, 540, 1152), (54, 540, 1116), (36, 540, 990), (126, 558, 774), (-36, 558, 900), (18, 522, 936), (0, 522, 954)]	(9610, 11941, 10259, 10756, 13790, 9796, 4262, 6016, 5222, 7240, 5590, 5964, 4386, 6157, 7540, 7466, 11675, 20130, 17149, 9144, 16529, 14639, 12277, 1980)
 	1856424	(817, 260)	[(36, 540, 900), (36, 540, 954), (36, 540, 936), (18, 522, 882), (54, 540, 828), (36, 522, 954), (36, 540, 1008), (36, 522, 954), (36, 522, 936), (0, 558, 936), (36, 522, 1026), (18, 540, 990), (0, 522, 1080), (0, 504, 810), (-54, 540, 1152), (54, 540, 1116), (36, 540, 990), (126, 558, 774), (-36, 558, 900), (18, 522, 936), (0, 522, 954), (36, 522, 936), (-90, 540, 990), (18, 540, 1062), (90, 558, 954)]	(9621, 11979, 10285, 10769, 13837, 9809, 4262, 6029, 5244, 7264, 5608, 6000, 4391, 6146, 7524, 7465, 11677, 20139, 17156, 9142, 16528, 14640, 12283, 1988)
c	1856985	(734, 278)	[(0, 522, 954), (36, 522, 936), (-90, 540, 990), (18, 540, 1062), (90, 558, 954), (36, 522, 936), (18, 540, 864), (18, 540, 918), (18, 540, 954), (36, 522, 936), (18, 522, 900), (18, 522, 882), (36, 540, 918), (36, 540, 918), (54, 540, 882), (36, 522, 900), (18, 522, 918), (36, 522, 936), (36, 522, 936), (36, 540, 900), (36, 522, 900), (18, 522, 918), (36, 522, 918), (36, 522, 954), (162, 576, 630)]	(9588, 11919, 10255, 10743, 13774, 9786, 4245, 6014, 5250, 7241, 5595, 5983, 4394, 6160, 7548, 7469, 11693, 20155, 17237, 9164, 16590, 14651, 12293, 1985)
a	1857283	(670, 383)	[(36, 522, 936), (18, 522, 900), (18, 522, 882), (36, 540, 918), (36, 540, 918), (54, 540, 882), (36, 522, 900), (18, 522, 918), (36, 522, 936), (36, 522, 936), (36, 540, 900), (36, 522, 900), (18, 522, 918), (36, 522, 918), (36, 522, 954), (162, 576, 630), (18, 504, 756), (-90, 504, 1044), (54, 522, 1134), (72, 540, 1062), (36, 522, 954), (54, 540, 810), (18, 522, 1116), (72, 558, 1062), (18, 522, 1008)]	(9593, 11917, 10254, 10741, 13774, 9785, 4239, 6028, 5258, 7257, 5600, 5982, 4368, 6159, 7568, 7473, 11676, 20133, 17104, 9153, 16533, 14656, 12290, 1981)
l	1857473	(654, 57)	[(36, 540, 918), (54, 540, 882), (36, 522, 900), (18, 522, 918), (36, 522, 936), (36, 522, 936), (36, 540, 900), (36, 522, 900), (18, 522, 918), (36, 522, 918), (36, 522, 954), (162, 576, 630), (18, 504, 756), (-90, 504, 1044), (54, 522, 1134), (72, 540, 1062), (36, 522, 954), (54, 540, 810), (18, 522, 1116), (72, 558, 1062), (18, 522, 1008), (72, 540, 954), (-36, 558, 828), (72, 522, 936), (18, 558, 990)]	(9626, 11991, 10297, 10790, 13855, 9811, 4260, 6076, 5343, 7292, 5614, 6013, 4391, 6156, 7566, 7472, 11665, 20146, 17103, 9159, 16541, 14667, 12291, 1982)
l	1857665	(667, 56)	[(36, 522, 936), (36, 522, 936), (36, 540, 900), (36, 522, 900), (18, 522, 918), (36, 522, 918), (36, 522, 954), (162, 576, 630), (18, 504, 756), (-90, 504, 1044), (54, 522, 1134), (72, 540, 1062), (36, 522, 954), (54, 540, 810), (18, 522, 1116), (72, 558, 1062), (18, 522, 1008), (72, 540, 954), (-36, 558, 828), (72, 522, 936), (18, 558, 990), (54, 540, 918), (54, 540, 846), (36, 558, 900), (36, 540, 918)]	(9618, 11976, 10280, 10779, 13825, 9813, 4269, 6046, 5320, 7285, 5609, 5999, 4375, 6151, 7562, 7472, 11677, 20140, 17107, 9155, 16545, 14663, 12286, 1971)
