Please hold the phone in both hands. At each letter you will be instructed which thumb to use
left	k	94634	(647, 111)	[(-36, 342, 990), (-36, 360, 1008), (-36, 360, 954), (-18, 342, 972), (-54, 342, 990), (-54, 360, 1008), (36, 342, 1026), (72, 360, 990), (0, 378, 936), (-18, 360, 918), (72, 378, 990), (36, 414, 1062), (-18, 378, 954), (0, 360, 882), (18, 396, 918), (0, 396, 954), (36, 396, 972), (0, 378, 972), (0, 396, 918), (18, 450, 918), (-36, 414, 972), (-36, 396, 972), (-72, 396, 1008), (18, 378, 936), (0, 378, 918)]	(9367, 10624, 9525, 10139, 11528, 10104, 4848, 10907, 7524, 6938, 6569, 9710, 5820, 7491, 7315, 9894, 12999, 19709, 16515, 8931, 15606, 13800, 12172, 1913)
left	d	96744	(649, 335)	[(-36, 342, 972), (-36, 342, 1008), (-36, 342, 1008), (-36, 342, 954), (-36, 342, 990), (-36, 360, 954), (-36, 342, 990), (-36, 342, 990), (-36, 324, 954), (-54, 342, 972), (-36, 342, 972), (-36, 342, 1026), (-18, 342, 990), (0, 342, 954), (-36, 342, 954), (-54, 342, 972), (0, 342, 1008), (-36, 342, 990), (-36, 342, 1008), (-36, 342, 954), (0, 342, 882), (-54, 360, 1008), (-54, 360, 1026), (-36, 360, 990), (-54, 324, 936)]	(9367, 10638, 9527, 10180, 11552, 10260, 5027, 11380, 8380, 7019, 7029, 10198, 6030, 9297, 7435, 11171, 13574, 19708, 15565, 9048, 15608, 13812, 12135, 1909)
right	a	98606	(673, 432)	[(-54, 342, 990), (0, 342, 918), (0, 324, 954), (-72, 360, 1062), (-162, 396, 1080), (18, 306, 918), (0, 342, 882), (-90, 396, 918), (-90, 378, 972), (-90, 378, 1008), (72, 342, 936), (-72, 342, 990), (-36, 360, 990), (0, 342, 972), (18, 342, 972), (-54, 396, 954), (-72, 396, 954), (-72, 378, 954), (-54, 396, 972), (-54, 396, 972), (0, 360, 900), (-36, 378, 882), (0, 360, 990), (-36, 396, 990), (-72, 378, 1026)]	(9341, 10872, 9649, 10247, 11512, 9629, 5076, 11778, 7928, 6956, 6375, 9497, 5669, 7592, 7359, 9870, 13511, 19780, 15770, 9124, 15754, 14006, 12204, 1909)
right	q	100085	(553, 479)	[(-54, 360, 990), (-54, 360, 990), (-72, 342, 990), (-54, 360, 918), (-36, 342, 954), (-54, 378, 990), (-36, 360, 1026), (-54, 360, 990), (-54, 360, 954), (-36, 360, 954), (-36, 360, 954), (-54, 342, 990), (-54, 342, 990), (-36, 360, 954), (-36, 360, 954), (0, 360, 990), (-36, 378, 972), (-36, 360, 936), (-54, 378, 954), (-72, 360, 990), (-36, 342, 990), (-54, 378, 1008), (-36, 360, 1026), (-72, 342, 954), (-54, 342, 882)]	(9330, 10700, 9424, 10120, 11532, 9928, 5483, 11640, 7885, 7014, 7139, 10824, 5753, 9958, 7477, 11027, 13821, 19665, 14695, 8969, 15508, 13694, 12116, 1921)
left	a	103987	(660, 450)	[(-72, 342, 990), (-90, 342, 990), (-72, 324, 990), (-72, 342, 954), (-72, 342, 972), (-72, 324, 972), (-54, 342, 972), (-72, 324, 990), (-54, 342, 954), (-72, 342, 954), (-54, 324, 972), (-72, 342, 1008), (-54, 324, 990), (-72, 324, 972), (-36, 324, 1008), (-72, 324, 990), (-72, 324, 954), (-72, 324, 990), (-90, 324, 990), (-36, 324, 972), (-90, 324, 1008), (-54, 324, 972), (-72, 324, 1008), (-72, 324, 1008), (-72, 324, 972)]	(9334, 10601, 9430, 10147, 11511, 9813, 5268, 11770, 8284, 6990, 6882, 10763, 5751, 9578, 7454, 10669, 13822, 19684, 14671, 9012, 15573, 13787, 12144, 1917)
right	j	105561	(656, 138)	[(-72, 288, 990), (-54, 342, 990), (-90, 342, 990), (-54, 324, 990), (-54, 342, 990), (-54, 324, 972), (-54, 324, 1008), (-54, 324, 990), (-72, 342, 972), (-54, 324, 990), (-54, 324, 972), (-72, 324, 990), (-90, 342, 954), (-72, 342, 990), (-54, 342, 954), (-72, 342, 972), (-72, 360, 990), (-90, 360, 972), (-90, 360, 972), (-90, 360, 1026), (-72, 342, 1008), (-72, 342, 954), (-72, 360, 936), (-54, 342, 972), (-36, 360, 972)]	(9330, 10801, 9475, 10194, 11526, 9826, 6040, 12049, 8311, 7028, 7519, 10479, 5813, 9015, 7460, 11636, 13671, 19734, 15031, 9078, 15674, 13867, 12120, 1914)
right	n	108126	(738, 143)	[(-72, 342, 990), (-54, 342, 972), (-54, 342, 990), (-72, 342, 990), (-54, 360, 990), (-54, 360, 972), (-54, 360, 972), (-72, 342, 1008), (-54, 360, 954), (-54, 360, 954), (-72, 360, 972), (-90, 360, 990), (-54, 360, 954), (-72, 342, 972), (-72, 360, 990), (-72, 360, 954), (-72, 360, 972), (-54, 360, 990), (-72, 360, 972), (-90, 342, 990), (-54, 378, 990), (-54, 378, 900), (-54, 360, 936), (-72, 360, 990), (-72, 342, 972)]	(9336, 10778, 9511, 10204, 11573, 9896, 5668, 12018, 8541, 7033, 7248, 10532, 5992, 8806, 7444, 11434, 13703, 19771, 15236, 9101, 15719, 13916, 12144, 1911)
right	d	109978	(666, 309)	[(-72, 342, 972), (-36, 342, 990), (-72, 360, 1008), (-90, 342, 1044), (-72, 342, 936), (-144, 396, 990), (-72, 396, 954), (-36, 342, 936), (-54, 378, 954), (-108, 396, 990), (-72, 396, 990), (-72, 396, 972), (-72, 396, 954), (-18, 378, 918), (-54, 396, 954), (-54, 396, 990), (-108, 378, 972), (-72, 396, 918), (-90, 414, 954), (-54, 414, 936), (-54, 396, 936), (-90, 396, 954), (-72, 378, 936), (-72, 378, 954), (-72, 378, 990)]	(9324, 10812, 9528, 10192, 11552, 9666, 5830, 12130, 8477, 7010, 7295, 10505, 6061, 9116, 7459, 11431, 13720, 19753, 15133, 9105, 15700, 13885, 12128, 1916)
left	b	116547	(754, 186)	[(-18, 360, 954), (-36, 378, 936), (-18, 360, 972), (-18, 360, 972), (-18, 360, 990), (0, 360, 954), (-54, 378, 954), (-18, 360, 972), (-18, 360, 990), (-36, 378, 972), (-54, 360, 972), (-54, 378, 954), (-54, 378, 972), (-18, 360, 972), (-54, 360, 972), (-36, 378, 972), (-36, 396, 972), (-54, 396, 990), (-36, 396, 954), (-54, 378, 918), (-36, 396, 936), (-36, 414, 954), (0, 378, 954), (-54, 396, 954), (-18, 396, 972)]	(9350, 10573, 9550, 10206, 11611, 10131, 4930, 12103, 8384, 7025, 6798, 10539, 6008, 8465, 7428, 10961, 13576, 19780, 15985, 9093, 15760, 13927, 12144, 1916)
right	q	117784	(571, 472)	[(-36, 378, 954), (-36, 378, 954), (-18, 378, 990), (-36, 378, 936), (18, 396, 972), (-36, 378, 1026), (-36, 378, 936), (-36, 378, 954), (-36, 378, 972), (-36, 378, 972), (-18, 378, 954), (-36, 360, 954), (-54, 378, 990), (-36, 378, 990), (-36, 378, 954), (-36, 360, 954), (-36, 360, 990), (-36, 360, 936), (-72, 378, 972), (36, 378, 1008), (-36, 378, 1008), (-36, 378, 1044), (-54, 360, 972), (-36, 360, 936), (-36, 378, 936)]	(9340, 10510, 9454, 10137, 11595, 10139, 4925, 11830, 8017, 7037, 6827, 10913, 5791, 9580, 7484, 11067, 13757, 19704, 14838, 9051, 15601, 13768, 12107, 1899)
right	s	122684	(659, 367)	[(-72, 414, 936), (-54, 396, 936), (-72, 396, 954), (-72, 414, 954), (-54, 396, 936), (-54, 396, 954), (-54, 414, 972), (-54, 396, 954), (-54, 396, 936), (-72, 414, 936), (-72, 414, 972), (-54, 414, 954), (-54, 396, 936), (-72, 414, 918), (-54, 432, 990), (-54, 414, 990), (-36, 378, 954), (-90, 432, 936), (-72, 432, 936), (-54, 432, 900), (-90, 432, 990), (-54, 432, 954), (-72, 432, 918), (-72, 396, 918), (18, 432, 918)]	(9330, 10499, 9535, 10148, 11673, 9655, 4840, 12561, 8065, 7045, 6759, 11404, 5806, 9452, 7529, 11443, 13790, 19738, 14648, 9094, 15639, 13760, 12102, 1914)
left	n	125786	(745, 150)	[(-36, 378, 972), (-36, 378, 972), (-36, 360, 990), (-36, 378, 954), (0, 378, 972), (-36, 378, 972), (0, 360, 972), (18, 360, 972), (0, 360, 954), (0, 360, 954), (0, 378, 972), (0, 360, 990), (0, 360, 972), (-36, 360, 972), (-36, 378, 990), (-36, 360, 972), (0, 378, 972), (0, 378, 954), (-36, 360, 1008), (-54, 378, 972), (-36, 378, 954), (18, 396, 972), (0, 378, 990), (-36, 378, 990), (0, 360, 972)]	(9351, 10531, 9490, 10189, 11678, 9901, 4754, 11863, 8619, 7014, 6589, 11167, 5890, 7407, 7405, 10707, 13425, 19815, 15553, 9106, 15814, 13949, 12172, 1917)
right	w	127952	(580, 372)	[(-54, 378, 954), (-72, 396, 936), (-54, 414, 918), (-54, 396, 936), (-54, 378, 954), (-54, 396, 1008), (-36, 378, 1008), (0, 378, 972), (-72, 396, 972), (-72, 396, 954), (-54, 396, 936), (-54, 414, 954), (-54, 396, 954), (-72, 396, 972), (-72, 396, 954), (-36, 396, 972), (-72, 396, 972), (-72, 414, 936), (-54, 396, 972), (-36, 378, 936), (-54, 414, 936), (-90, 414, 954), (-72, 396, 954), (-54, 378, 972), (-18, 378, 990)]	(9326, 10619, 9621, 10204, 11584, 9729, 4944, 12555, 8081, 7017, 6776, 10597, 5783, 9121, 7495, 11516, 13724, 19752, 14870, 9107, 15695, 13871, 12161, 1908)
right	z	131833	(752, 387)	[(-54, 378, 972), (-36, 378, 954), (-72, 360, 990), (-90, 396, 972), (-72, 396, 972), (0, 360, 954), (-36, 360, 954), (0, 378, 936), (-36, 360, 1026), (18, 378, 1026), (-72, 378, 1026), (-72, 378, 936), (-72, 396, 936), (-72, 414, 918), (-36, 414, 900), (-36, 396, 936), (0, 396, 972), (-72, 396, 990), (-54, 378, 990), (-72, 414, 918), (-54, 432, 936), (-54, 414, 954), (18, 396, 918), (-54, 396, 900), (-36, 414, 864)]	(9347, 10566, 9633, 10179, 11677, 9757, 4808, 12503, 7488, 7026, 6588, 11197, 5638, 8428, 7461, 10669, 13616, 19779, 14805, 9105, 15724, 13884, 12171, 1910)
right	c	134294	(743, 283)	[(-54, 360, 972), (-72, 360, 954), (-54, 378, 990), (-54, 378, 1008), (-36, 378, 1008), (-90, 378, 972), (-72, 378, 918), (-54, 378, 918), (-90, 396, 972), (-90, 396, 1008), (-54, 378, 954), (-54, 378, 936), (-72, 378, 918), (-54, 396, 990), (-72, 378, 990), (-72, 378, 954), (-54, 378, 990), (-72, 396, 972), (-90, 396, 972), (-90, 396, 972), (-72, 414, 918), (-54, 414, 900), (-54, 396, 900), (-54, 396, 954), (-72, 414, 990)]	(9338, 10540, 9590, 10215, 11685, 9843, 4874, 12554, 8345, 7052, 6693, 11000, 5793, 9026, 7485, 11121, 13750, 19776, 14875, 9123, 15730, 13909, 12150, 1919)
right	o	135838	(560, 63)	[(-54, 396, 972), (-72, 396, 954), (-72, 378, 954), (-54, 378, 954), (-72, 396, 990), (-72, 378, 990), (-54, 378, 954), (-36, 378, 972), (-72, 378, 972), (-72, 396, 972), (-54, 378, 954), (-72, 396, 936), (-72, 396, 954), (-72, 396, 972), (-90, 396, 990), (-72, 378, 936), (-54, 378, 954), (-72, 396, 954), (-54, 396, 972), (-72, 396, 936), (-90, 396, 990), (-90, 396, 990), (-54, 378, 990), (-72, 396, 954), (-72, 378, 900)]	(9343, 10529, 9570, 10215, 11689, 9949, 4820, 12356, 8240, 7073, 6640, 10768, 5808, 9292, 7489, 10917, 13762, 19762, 14861, 9105, 15705, 13870, 12130, 1913)
right	i	137548	(584, 119)	[(-72, 378, 918), (-72, 396, 954), (-54, 396, 972), (-72, 396, 972), (-90, 396, 954), (-72, 414, 954), (-72, 378, 954), (-90, 396, 954), (-72, 396, 972), (-72, 414, 954), (-72, 396, 954), (-72, 396, 990), (-72, 396, 990), (-72, 396, 936), (-72, 396, 954), (-72, 396, 972), (-72, 396, 954), (-72, 396, 936), (-72, 378, 954), (-54, 396, 936), (-126, 414, 1026), (-90, 396, 1026), (-54, 378, 936), (-36, 396, 918), (-90, 378, 936)]	(9350, 10563, 9585, 10264, 11707, 9942, 4933, 12671, 8634, 7084, 6801, 10951, 5914, 9716, 7545, 11450, 13885, 19783, 14859, 9129, 15731, 13879, 12144, 1919)
left	d	140288	(655, 334)	[(-36, 396, 1008), (-54, 360, 990), (-54, 396, 936), (-90, 396, 972), (-54, 396, 936), (-72, 396, 918), (-90, 396, 954), (-54, 414, 972), (-72, 396, 990), (-72, 378, 972), (-72, 414, 954), (-54, 378, 972), (-54, 378, 954), (-54, 396, 954), (-36, 396, 954), (-36, 396, 972), (-54, 396, 954), (-54, 396, 936), (-72, 414, 918), (-36, 396, 990), (-72, 414, 1008), (-72, 414, 936), (-54, 396, 936), (-54, 414, 936), (-72, 414, 972)]	(9362, 10533, 9475, 10192, 11714, 10131, 4814, 11983, 8480, 7068, 6718, 11089, 5909, 9419, 7508, 11140, 13663, 19746, 14988, 9074, 15683, 13804, 12111, 1918)
right	c	142127	(755, 272)	[(-36, 396, 954), (-54, 396, 972), (-54, 396, 972), (-72, 396, 900), (-54, 396, 936), (-36, 378, 936), (-72, 396, 972), (-54, 396, 954), (-126, 378, 1008), (-90, 414, 918), (-72, 432, 936), (-90, 414, 936), (-72, 432, 918), (-90, 432, 936), (-72, 414, 918), (-90, 432, 954), (-90, 432, 918), (-72, 432, 918), (-108, 432, 954), (-90, 432, 1008), (-90, 414, 990), (-72, 414, 918), (-72, 432, 972), (-72, 432, 936), (-72, 450, 846)]	(9338, 10560, 9558, 10233, 11646, 9962, 5043, 12470, 8332, 7079, 6944, 11071, 5792, 9542, 7526, 11619, 13722, 19762, 14812, 9093, 15677, 13820, 12126, 1910)
right	d	143868	(680, 321)	[(-108, 414, 990), (-90, 396, 954), (-108, 414, 990), (-54, 414, 954), (-72, 432, 936), (-72, 414, 954), (-90, 432, 936), (-54, 396, 936), (-36, 396, 990), (-180, 432, 1044), (-126, 414, 954), (-90, 432, 882), (-126, 450, 1026), (-108, 450, 954), (-108, 468, 882), (-36, 432, 828), (-54, 468, 900), (-72, 468, 900), (-90, 450, 918), (-108, 468, 1008), (-108, 486, 936), (-90, 450, 918), (-72, 468, 900), (-72, 432, 936), (-72, 468, 918)]	(9338, 10614, 9585, 10245, 11612, 9936, 5237, 12741, 8633, 7089, 7200, 11400, 5918, 9470, 7525, 12108, 13675, 19764, 14798, 9090, 15671, 13816, 12150, 1912)
left	c	145936	(752, 286)	[(-90, 414, 972), (-108, 432, 954), (-90, 432, 936), (-108, 432, 936), (-72, 414, 954), (-72, 414, 972), (-90, 414, 954), (-108, 414, 936), (-90, 432, 954), (-90, 432, 954), (-90, 414, 954), (-72, 414, 954), (-90, 432, 936), (-90, 414, 972), (-72, 432, 936), (-90, 414, 972), (-90, 414, 936), (-72, 414, 954), (-108, 432, 954), (-90, 414, 936), (-108, 432, 954), (-72, 432, 936), (-90, 432, 990), (-72, 432, 954), (-90, 432, 918)]	(9352, 10538, 9498, 10242, 11656, 9947, 4998, 12484, 8808, 7083, 6983, 11004, 5837, 9653, 7542, 11966, 13858, 19734, 14739, 9088, 15654, 13818, 12152, 1917)
right	z	149435	(730, 388)	[(-36, 774, 756), (-36, 774, 666), (-36, 774, 666), (-54, 792, 702), (-36, 792, 684), (-90, 792, 684), (-108, 792, 702), (-72, 774, 702), (-72, 774, 756), (-72, 774, 666), (-72, 774, 684), (-36, 774, 702), (-90, 828, 666), (-72, 828, 666), (-72, 828, 684), (-90, 828, 684), (-90, 810, 648), (-36, 792, 648), (-54, 792, 684), (-90, 828, 648), (-108, 810, 576), (-162, 846, 702), (-126, 864, 738), (-126, 846, 666), (-108, 810, 666)]	(9375, 10630, 9709, 10176, 11561, 9744, 4879, 13332, 7162, 7047, 6778, 10804, 5822, 9635, 7523, 11403, 13715, 19746, 14684, 9057, 15630, 13758, 12114, 1920)
left	v	151427	(744, 256)	[(0, 810, 684), (0, 792, 684), (0, 810, 684), (-36, 810, 666), (0, 810, 666), (-36, 810, 684), (0, 810, 648), (-36, 792, 684), (-36, 810, 684), (-36, 810, 702), (-18, 810, 702), (18, 810, 684), (0, 810, 684), (0, 810, 702), (18, 810, 648), (-18, 810, 684), (0, 810, 702), (-36, 810, 684), (0, 810, 666), (0, 792, 684), (36, 828, 630), (18, 828, 612), (0, 828, 684), (0, 810, 702), (0, 810, 666)]	(9352, 10517, 9525, 10122, 11549, 9837, 4730, 12523, 8250, 7005, 6496, 10887, 5913, 7355, 7410, 9979, 13203, 19856, 15472, 9090, 15787, 13897, 12190, 1921)
left	t	153893	(593, 260)	[(-36, 828, 666), (-18, 828, 666), (-36, 810, 684), (-18, 828, 684), (-36, 810, 666), (-36, 810, 666), (-36, 810, 648), (0, 810, 648), (-36, 810, 684), (0, 810, 648), (-36, 828, 648), (-18, 828, 666), (-54, 810, 684), (-36, 810, 648), (-18, 828, 630), (0, 828, 702), (18, 810, 684), (-36, 810, 684), (0, 828, 666), (-36, 828, 666), (-54, 810, 648), (18, 810, 630), (0, 810, 684), (18, 828, 702), (-36, 828, 702)]	(9349, 10532, 9519, 10124, 11575, 9862, 4718, 12381, 8028, 7027, 6522, 10958, 5852, 7168, 7402, 9801, 13138, 19851, 15820, 9048, 15791, 13857, 12246, 1914)
left	v	155329	(738, 253)	[(-54, 828, 648), (-36, 810, 666), (-36, 792, 666), (-36, 810, 666), (-54, 828, 666), (-36, 810, 666), (-54, 810, 630), (-36, 810, 684), (0, 810, 684), (-36, 810, 684), (0, 810, 666), (-36, 828, 684), (-36, 810, 702), (-54, 810, 648), (-36, 810, 648), (0, 828, 702), (-18, 810, 648), (-18, 810, 648), (-18, 828, 648), (0, 810, 648), (-18, 828, 684), (-54, 828, 702), (-54, 828, 702), (0, 810, 702), (-36, 810, 648)]	(9343, 10516, 9523, 10102, 11547, 9824, 4725, 12393, 7962, 7012, 6514, 10742, 5866, 7267, 7385, 10046, 13204, 19831, 15600, 9060, 15761, 13846, 12211, 1914)
left	j	157428	(665, 148)	[(-36, 828, 666), (-18, 828, 630), (-54, 810, 648), (-54, 828, 648), (-36, 810, 666), (-36, 828, 648), (-36, 828, 648), (-54, 810, 684), (-54, 828, 648), (-36, 828, 648), (-36, 828, 666), (-18, 828, 684), (-18, 864, 594), (36, 846, 612), (-36, 846, 648), (0, 846, 648), (-36, 828, 666), (-18, 828, 666), (-36, 828, 666), (-36, 828, 648), (-36, 828, 612), (0, 828, 594), (0, 864, 648), (-54, 864, 684), (-36, 846, 666)]	(9362, 10541, 9560, 10161, 11524, 9810, 4771, 12578, 8608, 7036, 6542, 10870, 6003, 6949, 7390, 9772, 12912, 19909, 16329, 9088, 15882, 13935, 12255, 1917)
left	t	160208	(583, 258)	[(-36, 828, 666), (-36, 810, 666), (-36, 828, 666), (-36, 828, 702), (-54, 810, 648), (-54, 828, 684), (-54, 828, 648), (-36, 810, 648), (-36, 810, 666), (-36, 828, 648), (-36, 828, 648), (-36, 810, 684), (-18, 810, 684), (-54, 828, 684), (-36, 828, 666), (-36, 828, 666), (-54, 828, 648), (-36, 828, 648), (-36, 810, 648), (-36, 828, 684), (-36, 828, 630), (-54, 810, 612), (0, 828, 684), (-36, 846, 702), (-36, 810, 702)]	(9362, 10549, 9554, 10159, 11547, 9870, 4763, 12489, 8425, 7030, 6541, 10889, 5973, 7145, 7399, 10207, 13157, 19883, 16040, 9088, 15845, 13892, 12220, 1920)
right	v	162216	(738, 231)	[(-54, 828, 666), (-36, 828, 666), (-36, 828, 666), (-36, 810, 684), (-54, 828, 684), (-36, 810, 666), (-54, 828, 666), (-36, 810, 648), (-36, 810, 666), (-36, 828, 648), (-36, 828, 648), (-54, 828, 666), (-54, 828, 648), (-54, 846, 612), (-36, 828, 648), (-36, 828, 648), (-72, 810, 648), (-54, 828, 648), (-90, 828, 648), (-108, 828, 630), (-90, 864, 648), (-54, 864, 630), (-72, 846, 666), (-90, 846, 666), (-90, 828, 666)]	(9348, 10511, 9594, 10090, 11649, 9865, 4730, 12700, 6613, 7031, 6510, 10958, 5671, 7920, 7444, 9524, 13611, 19830, 15101, 9044, 15694, 13815, 12243, 1918)
right	s	164996	(666, 381)	[(-36, 846, 666), (-54, 846, 666), (-54, 828, 648), (-54, 828, 648), (-36, 828, 648), (-54, 828, 648), (-54, 828, 648), (-54, 846, 666), (-54, 828, 630), (-54, 828, 630), (-72, 828, 648), (-54, 828, 648), (-54, 828, 648), (-54, 828, 648), (-54, 828, 630), (-36, 846, 684), (-54, 828, 648), (-54, 828, 594), (-54, 828, 648), (-36, 846, 612), (-54, 828, 684), (-54, 846, 702), (-54, 828, 684), (-54, 846, 630), (-36, 828, 648)]	(9349, 10509, 9545, 10085, 11583, 9813, 4727, 12648, 7333, 7015, 6511, 11067, 5742, 7436, 7412, 9838, 13426, 19838, 15191, 9082, 15758, 13819, 12208, 1917)
right	v	167364	(753, 226)	[(-54, 828, 684), (-54, 828, 666), (-36, 828, 666), (-72, 828, 666), (-54, 828, 648), (-54, 828, 648), (-72, 828, 648), (-72, 846, 666), (-72, 846, 648), (-72, 846, 612), (-54, 846, 612), (-72, 846, 648), (-72, 846, 648), (-54, 846, 630), (-54, 846, 612), (-72, 828, 630), (-72, 828, 630), (-54, 828, 612), (-72, 828, 630), (-108, 846, 648), (-144, 882, 648), (-72, 846, 630), (-54, 828, 648), (-72, 846, 702), (-72, 846, 666)]	(9345, 10553, 9622, 10067, 11645, 9837, 4723, 12759, 6165, 7020, 6505, 10770, 5658, 7635, 7419, 10161, 13395, 19825, 15255, 9064, 15717, 13792, 12190, 1913)
left	s	168817	(647, 385)	[(-54, 828, 666), (-54, 828, 648), (-36, 828, 648), (-54, 828, 666), (-36, 846, 666), (-54, 846, 630), (-54, 846, 630), (-54, 828, 630), (-54, 828, 648), (-54, 828, 648), (-54, 846, 648), (-54, 828, 648), (-54, 828, 648), (-54, 846, 666), (-72, 846, 684), (-54, 846, 630), (-54, 828, 648), (-18, 828, 648), (-72, 828, 648), (0, 846, 612), (-72, 864, 648), (-72, 846, 648), (-72, 846, 666), (-72, 846, 648), (-54, 846, 630)]	(9354, 10536, 9599, 10067, 11605, 9831, 4708, 12821, 6315, 6990, 6483, 10999, 5670, 7445, 7413, 9913, 13349, 19825, 15304, 9075, 15733, 13796, 12202, 1912)
left	g	170891	(665, 203)	[(-72, 828, 666), (-72, 828, 648), (-72, 828, 648), (-54, 828, 648), (-72, 828, 630), (-72, 828, 648), (-90, 828, 630), (-54, 846, 648), (-54, 828, 648), (-72, 828, 666), (-90, 846, 666), (-72, 828, 666), (-72, 828, 666), (-72, 846, 648), (-72, 828, 630), (-54, 828, 630), (-90, 828, 612), (-90, 828, 630), (-72, 828, 630), (-72, 846, 666), (-90, 846, 666), (-72, 828, 666), (-90, 864, 666), (-72, 828, 666)]	(9371, 10564, 9607, 10078, 11624, 9823, 4810, 13148, 6150, 7039, 6615, 11159, 5652, 8836, 7490, 10718, 13620, 19795, 14882, 9062, 15656, 13746, 12180, 1917)
right	x	173900	(756, 286)	[(-72, 828, 648), (-72, 828, 648), (-72, 828, 666), (-72, 810, 666), (-54, 828, 684), (-54, 828, 648), (-54, 828, 648), (-54, 810, 684), (-72, 810, 666), (-36, 828, 684), (-90, 846, 666), (-54, 810, 648), (-54, 828, 612), (-90, 846, 648), (-54, 828, 648), (-54, 828, 612), (-72, 828, 684), (-54, 846, 648), (-54, 846, 648), (-90, 846, 648), (-72, 828, 648), (-108, 846, 684), (-90, 846, 648), (-72, 846, 648), (-54, 828, 630)]	(9362, 10560, 9586, 10040, 11614, 9695, 4759, 13073, 6135, 7018, 6520, 11022, 5690, 8225, 7454, 10283, 13589, 19811, 15030, 9061, 15700, 13776, 12211, 1915)
right	m	174303	(743, 323)	[(-54, 810, 684), (-72, 810, 666), (-36, 828, 684), (-90, 846, 666), (-54, 810, 648), (-54, 828, 612), (-90, 846, 648), (-54, 828, 648), (-54, 828, 612), (-72, 828, 684), (-54, 846, 648), (-54, 846, 648), (-90, 846, 648), (-72, 828, 648), (-108, 846, 684), (-90, 846, 648), (-72, 846, 648), (-54, 828, 630), (-90, 828, 684), (-90, 828, 630), (-90, 864, 720), (-90, 846, 666), (-72, 828, 576), (-90, 846, 630), (-72, 828, 612)]	(9354, 10546, 9598, 10033, 11614, 9696, 4729, 12877, 5935, 7028, 6469, 10655, 5644, 8228, 7461, 10328, 13524, 19790, 14980, 9053, 15662, 13741, 12181, 1919)
left	u	176587	(590, 170)	[(-54, 828, 630), (-54, 828, 630), (-36, 828, 612), (-54, 846, 630), (-54, 828, 666), (-36, 846, 648), (-54, 846, 648), (-90, 846, 648), (-72, 846, 666), (-72, 828, 648), (-54, 828, 648), (-72, 846, 648), (-108, 882, 702), (-54, 846, 648), (-54, 846, 594), (-54, 846, 612), (-108, 828, 594), (-126, 828, 648), (-90, 846, 630), (-72, 864, 630), (-54, 864, 630), (-72, 864, 630), (-90, 846, 666), (-90, 846, 630), (-90, 846, 630)]	(9370, 10568, 9575, 10062, 11652, 9800, 4780, 13070, 6092, 7055, 6626, 10916, 5671, 9239, 7499, 11112, 13580, 19773, 14832, 9039, 15612, 13699, 12150, 1913)
left	i	178275	(575, 100)	[(-36, 810, 648), (-54, 828, 666), (-72, 828, 666), (-54, 810, 666), (-36, 810, 648), (-72, 828, 648), (-36, 828, 666), (-36, 846, 630), (-18, 846, 648), (-54, 810, 648), (-54, 810, 666), (-54, 828, 666), (-72, 810, 648), (-72, 792, 666), (-90, 792, 612), (-36, 810, 684), (-108, 828, 684), (36, 882, 756), (0, 882, 702), (-18, 900, 702), (54, 846, 558), (18, 864, 666), (18, 882, 756), (18, 828, 666), (18, 864, 630)]	(9365, 10537, 9468, 9992, 11584, 9715, 4702, 12728, 5910, 7004, 6460, 11579, 5517, 6867, 7372, 8572, 12750, 19865, 15783, 8899, 15694, 13894, 12392, 1920)
right	n	180291	(752, 130)	[(-36, 810, 684), (-72, 810, 666), (-54, 828, 666), (-54, 810, 648), (-54, 810, 666), (-36, 810, 666), (-54, 810, 666), (-36, 810, 666), (-54, 810, 648), (-72, 828, 648), (-72, 828, 666), (-54, 828, 666), (-36, 828, 648), (-54, 828, 648), (-54, 810, 648), (-54, 828, 648), (-54, 828, 648), (-90, 828, 630), (-90, 828, 666), (-72, 828, 666), (-36, 828, 648), (-90, 828, 684), (-54, 828, 684), (-72, 828, 702), (-72, 828, 666)]	(9364, 10530, 9526, 9995, 11646, 9762, 4695, 12662, 5570, 7020, 6415, 10603, 5460, 7456, 7428, 10245, 13868, 19810, 14898, 9006, 15610, 13782, 12321, 1911)
left	l	184304	(654, 57)	[(-36, 828, 648), (-72, 810, 648), (-54, 810, 666), (-54, 828, 630), (-36, 828, 666), (-36, 828, 648), (-54, 810, 684), (-54, 810, 666), (-36, 828, 666), (-54, 828, 648), (-36, 828, 648), (-54, 810, 666), (-36, 828, 666), (-36, 828, 666), (-54, 810, 648), (-36, 846, 684), (-72, 810, 666), (-72, 828, 666), (-54, 810, 666), (-54, 828, 648), (-36, 846, 630), (0, 864, 594), (0, 828, 684), (0, 828, 684), (-36, 846, 648)]	(9384, 10603, 9657, 10116, 11609, 9790, 4672, 12682, 6218, 6993, 6378, 10339, 5562, 6849, 7392, 9367, 13049, 19925, 16366, 9020, 15854, 14206, 1921, 65535)
left	c	187185	(746, 300)	[(-72, 828, 648), (-54, 828, 666), (-72, 828, 648), (-54, 828, 648), (-54, 846, 648), (-36, 828, 648), (-54, 828, 702), (-72, 846, 684), (-54, 828, 702), (-54, 828, 666), (-90, 810, 648), (-90, 810, 666), (-72, 792, 648), (-108, 810, 666), (-90, 810, 612), (-72, 828, 666), (-72, 828, 666), (-72, 828, 648), (-72, 828, 666), (-72, 828, 612), (-54, 828, 612), (-90, 846, 684), (-90, 828, 702), (-72, 810, 684), (-54, 810, 648)]	(9376, 10575, 9622, 10063, 11623, 9769, 4734, 13078, 5667, 7022, 6448, 10858, 5455, 7183, 7418, 10154, 13800, 19828, 15039, 9034, 15665, 13904, 12350, 1917)
right	j	189231	(667, 140)	[(-72, 828, 684), (-54, 810, 684), (-72, 810, 666), (-72, 828, 648), (-72, 810, 666), (-72, 810, 666), (-54, 828, 666), (-72, 828, 666), (-72, 828, 666), (-54, 810, 648), (-54, 828, 666), (-72, 810, 666), (-72, 810, 648), (-54, 828, 666), (-54, 810, 648), (-72, 828, 666), (-54, 828, 648), (-54, 810, 666), (-72, 828, 630), (-72, 810, 666), (-72, 828, 648), (-108, 810, 702), (-90, 846, 720), (-54, 828, 684), (-72, 846, 648)]	(9370, 10574, 9589, 10047, 11660, 9791, 4720, 13093, 5567, 7000, 6429, 11021, 5423, 7079, 7417, 10440, 13394, 19833, 15024, 9041, 15693, 13865, 12257, 1917)
left	z	190971	(765, 397)	[(-72, 810, 648), (-72, 828, 648), (-90, 828, 666), (-72, 828, 684), (-90, 828, 630), (-72, 810, 630), (-54, 828, 666), (-72, 828, 666), (-90, 828, 648), (-54, 828, 666), (-72, 828, 666), (-90, 810, 684), (-72, 810, 666), (-72, 828, 666), (-72, 828, 666), (-72, 828, 666), (-72, 828, 648), (-72, 810, 648), (-72, 828, 630), (-90, 828, 630), (-36, 828, 648), (-108, 828, 720), (-54, 828, 702), (-72, 828, 684), (-72, 828, 684)]	(9363, 10522, 9561, 10035, 11590, 9730, 4735, 12886, 5633, 6985, 6450, 11029, 5452, 7134, 7426, 10345, 13524, 19809, 14925, 9013, 15649, 13795, 12263, 1913)
right	h	192717	(664, 176)	[(-72, 828, 666), (-72, 828, 666), (-72, 810, 666), (-54, 828, 648), (-72, 828, 666), (-72, 810, 630), (-72, 810, 666), (-72, 828, 666), (-90, 828, 648), (-72, 828, 630), (-72, 828, 666), (-72, 828, 666), (-72, 828, 648), (-72, 846, 666), (-72, 828, 648), (-72, 828, 648), (-72, 828, 666), (-90, 828, 630), (-90, 828, 630), (-90, 810, 648), (-90, 828, 666), (-90, 828, 666), (-54, 846, 666), (-36, 846, 648), (-72, 864, 666)]	(9373, 10578, 9616, 10049, 11655, 9803, 4684, 12942, 5583, 7027, 6426, 10933, 5456, 7122, 7437, 10408, 13597, 19822, 14974, 9029, 15662, 13840, 12286, 1921)
right	g	194735	(661, 231)	[(-72, 810, 666), (-72, 810, 666), (-72, 810, 666), (-72, 810, 684), (-72, 810, 666), (-54, 828, 648), (-54, 810, 666), (-54, 810, 648), (-72, 828, 684), (-90, 810, 684), (-72, 828, 666), (-72, 828, 648), (-90, 810, 648), (-72, 828, 666), (-72, 810, 666), (-72, 828, 630), (-72, 828, 648), (-108, 828, 666), (-108, 828, 666), (-90, 828, 648), (-90, 846, 648), (-90, 828, 666), (-108, 864, 684), (-90, 828, 684), (-90, 828, 702)]	(9383, 10600, 9650, 10081, 11670, 9807, 4749, 13183, 5564, 7027, 6507, 11097, 5458, 7285, 7443, 10900, 13765, 19846, 14932, 9024, 15673, 13865, 12304, 1921)
right	o	196174	(575, 60)	[(-108, 846, 666), (-108, 846, 648), (-72, 828, 648), (-54, 810, 630), (36, 810, 648), (-36, 810, 648), (-72, 828, 666), (-54, 810, 648), (-72, 810, 648), (-72, 828, 630), (-54, 828, 648), (-72, 828, 648), (-90, 828, 666), (-90, 828, 666), (-72, 810, 666), (-72, 828, 630), (-90, 828, 648), (-90, 828, 648), (-72, 828, 648), (-72, 828, 666), (-72, 846, 666), (-54, 846, 630), (-90, 864, 612), (-90, 828, 666), (-72, 846, 666)]	(9373, 10572, 9562, 10035, 11655, 9785, 4746, 12896, 5461, 7006, 6410, 10888, 5363, 7134, 7417, 10095, 13619, 19821, 14913, 9019, 15632, 13840, 12285, 1922)
right	k	199780	(688, 107)	[(-54, 828, 648), (-90, 828, 648), (-72, 828, 648), (-90, 828, 666), (-54, 828, 648), (-72, 828, 648), (-72, 828, 648), (-72, 828, 648), (-72, 828, 648), (-72, 828, 666), (-54, 828, 648), (-72, 828, 648), (-72, 828, 630), (-90, 828, 666), (-72, 828, 648), (-54, 828, 648), (-54, 846, 666), (-72, 828, 630), (-72, 828, 648), (-72, 846, 648), (-54, 846, 702), (-54, 828, 648), (-90, 864, 648), (-90, 828, 666), (-72, 828, 666)]	(9382, 10575, 9554, 10010, 11610, 9735, 4646, 12767, 5450, 6975, 6350, 10937, 5380, 7014, 7398, 10092, 13452, 19820, 15019, 9020, 15670, 13866, 12292, 1921)
right	w	201999	(594, 367)	[(-54, 828, 648), (-72, 828, 630), (-72, 828, 648), (-72, 828, 648), (-72, 828, 666), (-54, 828, 648), (-54, 828, 648), (-72, 828, 648), (-54, 828, 648), (-72, 828, 630), (-72, 810, 648), (-36, 810, 648), (-36, 810, 648), (0, 810, 702), (-36, 810, 648), (-90, 828, 630), (-126, 846, 648), (-198, 900, 612), (-144, 846, 612), (-198, 882, 594), (-180, 882, 576), (-144, 864, 576), (-162, 864, 612), (-126, 846, 648), (-108, 864, 612)]	(9377, 10586, 9608, 10019, 11563, 9543, 4725, 13211, 5381, 6988, 6440, 11087, 5347, 7307, 7448, 11309, 13500, 19796, 14682, 9014, 15575, 13739, 12214, 1911)
left	p	204062	(574, 16)	[(-54, 846, 648), (-54, 828, 648), (-72, 828, 648), (-54, 828, 648), (-54, 828, 648), (-72, 846, 648), (-72, 828, 648), (-108, 828, 630), (-90, 774, 648), (-126, 810, 594), (-144, 810, 594), (-108, 828, 684), (-72, 900, 666), (18, 882, 576), (-54, 882, 558), (-72, 936, 594), (54, 882, 612), (36, 918, 612), (-36, 900, 558), (-36, 918, 576), (0, 900, 486), (36, 864, 522), (18, 864, 630), (-72, 918, 558), (-36, 900, 576)]	(9357, 10535, 9610, 10195, 11460, 9690, 4526, 12049, 6899, 6965, 6107, 9216, 5291, 6467, 7254, 7811, 11759, 19925, 16734, 15809, 14275, 12380, 1925, 65535)
left	y	206180	(586, 194)	[(-72, 810, 684), (-72, 810, 684), (-54, 810, 684), (-72, 810, 684), (-54, 792, 684), (-54, 810, 684), (-36, 792, 684), (-54, 828, 666), (-54, 810, 684), (-54, 810, 666), (-72, 810, 702), (-54, 810, 684), (-54, 792, 684), (-72, 810, 666), (-54, 828, 666), (-54, 828, 684), (-36, 810, 702), (-54, 810, 648), (-18, 828, 684), (0, 828, 684), (-36, 846, 630), (18, 828, 702), (0, 864, 720), (-36, 810, 630), (-36, 810, 630)]	(9376, 10584, 9567, 10068, 11595, 9805, 4656, 12435, 5624, 6970, 6250, 10507, 5300, 6821, 7362, 9531, 13132, 19854, 15477, 8969, 15713, 14057, 12415, 1920)
left	h	208420	(661, 181)	[(-54, 810, 666), (-54, 810, 684), (-54, 828, 666), (-54, 828, 648), (-54, 828, 648), (-54, 810, 666), (-54, 810, 666), (-36, 828, 666), (-54, 828, 666), (-54, 810, 684), (-36, 828, 684), (-36, 828, 666), (-36, 828, 648), (-54, 810, 684), (-54, 810, 666), (-54, 810, 648), (-54, 828, 666), (-54, 828, 666), (-36, 810, 702), (-54, 810, 648), (-18, 810, 576), (0, 846, 684), (-54, 846, 702), (-36, 810, 666), (-54, 810, 666)]	(9368, 10576, 9632, 10165, 11579, 9806, 4647, 12790, 6605, 6992, 6307, 10636, 5521, 6887, 7387, 9862, 13450, 19873, 15710, 8995, 15736, 14073, 12424, 1914)
right	y	210260	(584, 223)	[(-72, 810, 684), (-72, 810, 666), (-54, 810, 684), (-54, 810, 666), (-54, 810, 666), (-54, 828, 684), (-54, 810, 666), (-36, 810, 666), (-36, 810, 666), (-54, 810, 702), (-90, 846, 666), (-72, 810, 630), (-72, 792, 630), (-90, 828, 666), (-108, 828, 666), (-108, 828, 648), (-108, 846, 648), (-108, 846, 648), (-126, 828, 594), (-144, 828, 630), (-108, 828, 612), (-126, 846, 666), (-126, 864, 666), (-144, 864, 666), (-108, 864, 684)]	(9375, 10576, 9616, 10105, 11630, 9646, 4715, 12940, 5886, 7030, 6454, 10740, 5463, 7183, 7447, 11638, 13739, 19791, 14910, 8983, 15581, 13810, 12308, 1921)
right	t	212220	(588, 265)	[(-90, 828, 648), (-90, 828, 648), (-54, 810, 666), (-72, 828, 666), (-72, 810, 684), (-90, 828, 702), (-108, 828, 666), (-108, 810, 648), (-126, 828, 630), (-90, 828, 648), (-90, 828, 630), (-72, 810, 684), (-144, 864, 648), (-90, 828, 630), (-72, 828, 630), (-126, 846, 630), (-144, 846, 630), (-126, 846, 648), (-90, 828, 630), (-144, 846, 612), (-144, 828, 702), (-108, 864, 684), (-126, 846, 666), (-126, 846, 630), (-108, 846, 648)]	(9371, 10561, 9591, 10145, 11564, 9620, 4739, 12996, 6381, 7010, 6338, 10836, 5516, 7023, 7425, 11122, 13556, 19811, 14947, 8984, 15610, 13792, 12314, 1923)
right	f	214615	(679, 275)	[(-54, 828, 684), (-72, 792, 666), (-54, 810, 666), (-54, 828, 666), (-72, 810, 666), (-72, 810, 684), (-54, 810, 666), (-72, 810, 666), (-72, 810, 684), (-72, 828, 684), (-72, 828, 648), (-54, 810, 666), (-54, 810, 648), (-72, 810, 648), (-72, 810, 648), (-72, 810, 666), (-72, 828, 666), (-72, 828, 684), (-72, 810, 666), (-72, 828, 666), (-54, 810, 702), (-72, 828, 648), (-54, 828, 648), (-90, 810, 702), (-36, 828, 666)]	(9365, 10574, 9533, 10093, 11579, 9630, 4560, 12537, 6108, 6989, 6130, 10771, 5439, 6801, 7368, 10010, 13272, 19846, 15260, 9001, 15705, 13931, 12362, 1912)
left	x	216353	(753, 333)	[(-90, 810, 666), (-72, 828, 684), (-72, 792, 666), (-108, 810, 738), (-90, 810, 720), (-72, 810, 684), (-90, 792, 666), (-90, 810, 702), (-90, 810, 648), (-72, 810, 648), (-72, 810, 648), (-90, 810, 702), (-90, 810, 684), (-90, 828, 684), (-90, 810, 684), (-90, 810, 648), (-72, 828, 684), (-72, 828, 648), (-72, 810, 666), (-90, 792, 684), (-72, 828, 648), (-72, 828, 648), (-72, 828, 702), (-90, 810, 684), (-90, 810, 666)]	(9355, 10536, 9522, 10090, 11563, 9630, 4619, 12624, 6157, 6967, 6117, 10800, 5412, 6880, 7390, 9935, 13580, 19820, 14830, 8986, 15625, 13845, 12380, 1922)
left	q	217773	(580, 479)	[(-90, 828, 684), (-72, 810, 702), (-72, 810, 648), (-54, 810, 666), (-54, 774, 666), (-72, 810, 630), (-108, 810, 648), (-54, 792, 666), (-72, 810, 684), (-90, 810, 666), (-72, 828, 666), (-72, 828, 666), (-72, 810, 666), (-72, 810, 648), (-72, 828, 612), (-90, 810, 666), (-90, 810, 684), (-72, 810, 666), (-72, 810, 666), (-90, 810, 648), (-36, 810, 630), (-90, 828, 720), (-90, 810, 702), (-54, 792, 702), (-90, 810, 666)]	(9345, 10494, 9480, 10085, 11565, 9704, 4644, 12849, 6451, 6976, 6243, 11487, 5476, 7140, 7422, 10331, 13885, 19821, 14695, 9002, 15604, 13760, 12364, 1916)
right	k	219488	(656, 109)	[(-72, 810, 666), (-90, 810, 666), (-90, 828, 666), (-90, 828, 666), (-54, 828, 648), (-90, 792, 684), (-90, 810, 666), (-90, 810, 666), (-72, 810, 684), (-72, 810, 666), (-72, 828, 648), (-72, 828, 684), (-90, 828, 684), (-72, 810, 684), (-90, 828, 684), (-90, 810, 666), (-90, 810, 684), (-72, 810, 684), (-90, 810, 666), (-72, 828, 648), (-72, 810, 666), (-72, 828, 666), (-72, 828, 684), (-90, 828, 702), (-72, 828, 702)]	(9348, 10516, 9473, 10075, 11585, 9684, 4610, 12723, 6238, 6986, 6200, 11103, 5464, 7031, 7403, 10195, 13756, 19819, 14765, 8970, 15606, 13774, 12353, 1918)
right	e	222031	(573, 362)	[(-72, 810, 666), (-72, 810, 684), (-72, 828, 648), (-36, 810, 666), (-54, 792, 648), (-54, 792, 630), (-108, 810, 666), (-108, 828, 648), (-126, 828, 648), (-144, 828, 612), (-126, 846, 666), (-108, 846, 684), (-108, 828, 720), (-90, 810, 684), (-108, 828, 666), (-126, 810, 666), (-108, 828, 648), (-126, 828, 594), (-90, 810, 594), (-108, 846, 648), (-108, 828, 648), (-162, 846, 666), (-162, 846, 702), (-162, 882, 702), (-162, 864, 720)]	(9375, 10622, 9600, 10077, 11561, 9590, 4728, 13380, 5723, 7001, 6305, 11311, 5449, 7298, 7458, 11624, 13920, 19796, 14697, 8985, 15557, 13716, 12320, 1921)
right	u	224843	(578, 168)	[(-72, 810, 684), (-72, 828, 702), (-90, 828, 648), (-72, 828, 666), (-72, 810, 684), (-72, 810, 684), (-72, 828, 630), (-72, 810, 666), (-36, 810, 648), (-72, 810, 648), (-72, 828, 666), (-90, 810, 684), (-108, 828, 648), (-72, 828, 648), (-90, 810, 666), (-90, 828, 684), (-72, 828, 684), (-108, 828, 612), (-126, 810, 684), (-108, 810, 648), (-72, 828, 684), (-90, 828, 684), (-108, 828, 666), (-126, 810, 702), (-90, 810, 684)]	(9353, 10523, 9526, 10104, 11551, 9569, 4639, 12757, 6626, 6950, 6236, 10902, 5522, 7169, 7426, 10939, 13935, 19820, 14847, 9003, 15601, 13776, 12364, 1924)
right	l	227107	(657, 19)	[(-54, 828, 630), (-54, 828, 666), (-36, 846, 648), (-72, 846, 666), (-72, 846, 666), (-72, 828, 684), (-54, 828, 630), (-54, 846, 612), (-36, 828, 648), (-54, 846, 648), (-72, 846, 666), (-54, 846, 684), (-54, 828, 612), (-72, 846, 630), (-54, 810, 630), (-54, 828, 630), (-54, 846, 630), (-54, 828, 684), (-54, 828, 648), (-72, 810, 630), (-54, 828, 630), (-90, 828, 702), (-108, 846, 684), (-72, 846, 648), (-72, 828, 648)]	(9354, 10540, 9580, 10160, 11522, 9647, 4590, 12540, 7330, 6967, 6074, 10478, 5528, 6802, 7375, 9664, 13524, 19900, 15690, 9025, 15762, 13947, 12424, 1923)
left	k	229014	(658, 95)	[(-54, 810, 702), (-72, 810, 666), (-126, 828, 630), (-90, 846, 594), (18, 846, 666), (-72, 828, 702), (-54, 828, 612), (-72, 810, 630), (-72, 828, 666), (-54, 846, 666), (-72, 828, 666), (-90, 828, 594), (-72, 846, 666), (-54, 828, 666), (-54, 828, 684), (-90, 864, 666), (-72, 828, 630), (-54, 828, 630), (-36, 846, 612), (-54, 846, 612), (-108, 846, 684), (-54, 828, 666), (-72, 828, 630), (-72, 864, 666), (-54, 846, 648)]	(9355, 10530, 9555, 10126, 11524, 9605, 4547, 12434, 6918, 6961, 6093, 10601, 5499, 6660, 7335, 9559, 13108, 19891, 15903, 9001, 15766, 14049, 12433, 1927)
left	p	231057	(582, 10)	[(-90, 828, 684), (-72, 810, 666), (-72, 828, 684), (-72, 792, 630), (-108, 792, 648), (-90, 792, 684), (-126, 828, 702), (-72, 792, 666), (-72, 792, 666), (-72, 810, 630), (-72, 828, 648), (-108, 810, 648), (-54, 864, 684), (-36, 810, 684), (-54, 846, 648), (-72, 846, 630), (-54, 846, 684), (-54, 828, 720), (-72, 828, 666), (-54, 810, 630), (-54, 882, 612), (-36, 828, 612), (-72, 828, 666), (-72, 864, 666), (-54, 846, 702)]	(9349, 10511, 9547, 10126, 11527, 9677, 4516, 11915, 7727, 6961, 5999, 9849, 5737, 6547, 7299, 8791, 12401, 19890, 16472, 8923, 15826, 14199, 12386, 1927)
right	i	238069	(577, 132)	[(-36, 810, 648), (-54, 810, 630), (-72, 810, 702), (-54, 810, 648), (-54, 810, 648), (-54, 828, 666), (-54, 828, 666), (-54, 828, 666), (-54, 828, 648), (-72, 828, 648), (-72, 828, 666), (-72, 828, 666), (-72, 828, 648), (-90, 828, 684), (-54, 810, 666), (-72, 828, 684), (-72, 810, 648), (-54, 828, 630), (-72, 810, 648), (-54, 828, 540), (-90, 828, 666), (-90, 828, 648), (-54, 828, 702), (-90, 846, 666), (-72, 828, 666)]	(9383, 10623, 9657, 10172, 11639, 9832, 4671, 12870, 6381, 7020, 6205, 10054, 5476, 7097, 7426, 11429, 13921, 19818, 15069, 9002, 15623, 13948, 12374, 1919)
left	z	239981	(771, 406)	[(-72, 792, 684), (-72, 810, 630), (-90, 810, 666), (-72, 810, 702), (-90, 792, 666), (-108, 810, 648), (-72, 792, 702), (-72, 810, 648), (-54, 810, 684), (-72, 810, 702), (-72, 810, 648), (-72, 810, 684), (-72, 810, 666), (-72, 810, 666), (-72, 810, 666), (-72, 810, 666), (-72, 810, 684), (-72, 810, 666), (-72, 810, 684), (-72, 792, 702), (-72, 810, 738), (-36, 792, 684), (-90, 810, 702), (-72, 810, 684), (-72, 810, 648)]	(9377, 10562, 9538, 10107, 11585, 9776, 4640, 12776, 6520, 7019, 6196, 10528, 5554, 6937, 7408, 11091, 13813, 19808, 14828, 9001, 15610, 13874, 12324, 1906)
left	q	241856	(574, 478)	[(-54, 828, 648), (-72, 828, 648), (-54, 810, 648), (-72, 828, 666), (-72, 810, 702), (-72, 810, 684), (-54, 828, 666), (-54, 828, 648), (-54, 810, 666), (-54, 810, 666), (-36, 792, 666), (-108, 792, 648), (-144, 846, 684), (-144, 864, 648), (-126, 846, 648), (-90, 846, 648), (-90, 810, 684), (-90, 810, 684), (-54, 810, 666), (-72, 828, 702), (-36, 828, 630), (-18, 810, 738), (-108, 810, 720), (-90, 810, 666), (-54, 810, 648)]	(9350, 10530, 9557, 10122, 11591, 9765, 4668, 12803, 7490, 6996, 6182, 10946, 5678, 7069, 7415, 10217, 14084, 19841, 14775, 8996, 15606, 13835, 12395, 1922)
right	l	243915	(675, 23)	[(-36, 828, 666), (-72, 810, 684), (-54, 828, 684), (-54, 810, 684), (-54, 828, 648), (-54, 810, 666), (-54, 828, 666), (-54, 810, 648), (-54, 810, 684), (-72, 828, 648), (-54, 828, 684), (-54, 810, 684), (-36, 828, 684), (-54, 810, 666), (-72, 828, 702), (-54, 828, 648), (-54, 810, 666), (-72, 810, 666), (-54, 810, 630), (-90, 810, 666), (-54, 810, 666), (-72, 828, 720), (-54, 828, 684), (-54, 810, 648), (-72, 828, 648)]	(9365, 10585, 9535, 10147, 11593, 9784, 4616, 12625, 7361, 6989, 6115, 10391, 5634, 6860, 7411, 11146, 13693, 19848, 15078, 9015, 15664, 13940, 12360, 1921)
right	r	245701	(591, 308)	[(-54, 810, 666), (-54, 810, 666), (-54, 810, 648), (-72, 828, 648), (-126, 828, 648), (-90, 828, 630), (-72, 792, 666), (-90, 828, 684), (-126, 864, 666), (-126, 846, 648), (-162, 882, 630), (-108, 846, 702), (-126, 846, 594), (-90, 828, 630), (-90, 846, 630), (-108, 846, 630), (-108, 828, 630), (-126, 846, 630), (-126, 846, 630), (-126, 828, 666), (-108, 846, 666), (-126, 846, 702), (-126, 846, 684), (-162, 864, 648), (-126, 864, 630)]	(9385, 10605, 9643, 10152, 11588, 9635, 4657, 13059, 6456, 7001, 6208, 10449, 5525, 7290, 7459, 11926, 14084, 19797, 14681, 8990, 15544, 13768, 12326, 1924)
right	b	247690	(744, 202)	[(-72, 828, 684), (-90, 810, 684), (-54, 828, 666), (-90, 810, 630), (-54, 810, 648), (-72, 828, 666), (-54, 810, 702), (-72, 828, 684), (-72, 828, 666), (-72, 810, 666), (-90, 828, 666), (-90, 828, 666), (-54, 810, 684), (-54, 828, 666), (-72, 810, 630), (-72, 810, 648), (-90, 810, 630), (-72, 828, 684), (-90, 828, 666), (-72, 828, 666), (-72, 828, 666), (-72, 828, 684), (-72, 828, 684), (-72, 828, 666), (-108, 828, 684)]	(9400, 10625, 9593, 10054, 11625, 9719, 4575, 12869, 5585, 6988, 6127, 10394, 5409, 6933, 7414, 11180, 13832, 19810, 14775, 8996, 15581, 13840, 12340, 1916)
left	m	249586	(738, 81)	[(-54, 828, 648), (-72, 810, 648), (-72, 828, 684), (-72, 810, 702), (-54, 810, 684), (-90, 828, 648), (-54, 828, 684), (-90, 846, 630), (-36, 846, 630), (-54, 828, 594), (-54, 846, 612), (-54, 846, 666), (-72, 846, 666), (-54, 828, 630), (-54, 828, 612), (-54, 828, 612), (-36, 828, 594), (0, 846, 612), (-36, 864, 630), (0, 864, 648), (-36, 864, 648), (-36, 846, 630), (-54, 846, 666), (-36, 846, 648), (0, 828, 612)]	(9393, 10589, 9597, 10049, 11519, 9637, 4463, 12160, 5590, 6934, 5941, 9823, 5329, 6481, 7296, 8963, 12560, 19896, 15981, 8979, 15752, 12408, 1917, 60102)
left	m	252116	(745, 86)	[(-54, 810, 684), (-72, 810, 666), (-36, 828, 648), (-54, 828, 648), (-36, 828, 666), (-36, 828, 666), (-54, 828, 648), (-36, 828, 684), (-54, 810, 684), (-54, 792, 666), (-54, 828, 684), (-36, 828, 666), (-18, 828, 612), (-36, 828, 612), (-72, 828, 612), (-36, 828, 648), (-36, 828, 666), (18, 828, 648), (18, 846, 594), (-54, 882, 594), (-36, 846, 702), (-54, 846, 720), (-54, 828, 666), (-54, 828, 630), (-18, 846, 612)]	(9415, 10651, 9717, 10101, 11534, 9672, 4477, 12269, 5567, 6932, 5907, 9413, 5278, 6414, 7303, 8994, 12651, 19924, 16237, 8991, 15830, 14275, 12461, 1921)
left	l	253856	(671, 46)	[(-54, 828, 630), (-54, 828, 648), (-54, 828, 648), (-36, 828, 648), (-54, 828, 648), (-54, 828, 666), (-54, 828, 612), (-54, 828, 648), (-72, 810, 666), (-36, 828, 666), (-36, 828, 630), (-54, 810, 630), (-54, 828, 612), (-36, 810, 684), (-18, 828, 648), (-54, 828, 648), (-54, 810, 684), (-54, 810, 666), (-108, 828, 684), (-36, 810, 612), (-54, 846, 630), (0, 846, 594), (36, 882, 630), (18, 864, 702), (0, 882, 702)]	(9402, 10630, 9621, 10054, 11541, 9670, 4477, 12453, 5482, 6933, 5938, 9784, 5307, 6369, 7300, 9007, 12302, 19890, 16508, 8970, 15836, 14234, 12384, 1919)
left	e	255620	(584, 351)	[(-36, 828, 666), (-54, 810, 666), (-54, 828, 648), (-54, 828, 666), (-36, 828, 666), (-54, 810, 648), (-36, 810, 666), (-54, 810, 684), (-36, 810, 666), (-36, 810, 684), (-54, 810, 684), (-36, 810, 666), (-54, 810, 666), (-54, 828, 666), (-36, 828, 666), (-36, 828, 666), (-36, 828, 684), (-54, 828, 684), (-36, 810, 630), (-54, 846, 594), (-36, 810, 666), (-72, 810, 666), (-54, 810, 702), (-36, 846, 666), (-18, 828, 666)]	(9377, 10563, 9519, 9981, 11535, 9665, 4484, 12250, 5161, 6924, 6004, 10330, 5190, 6490, 7329, 9570, 13008, 19845, 15388, 8991, 15680, 13983, 12391, 1923)
left	b	257622	(730, 211)	[(-54, 810, 684), (-54, 810, 702), (-54, 828, 666), (-72, 810, 684), (-72, 810, 666), (-54, 810, 666), (-54, 810, 648), (-36, 828, 666), (-54, 810, 666), (-54, 810, 666), (-54, 810, 684), (-36, 828, 648), (-54, 810, 666), (-54, 810, 630), (-54, 828, 666), (-72, 810, 666), (-72, 810, 648), (-72, 810, 648), (-54, 828, 630), (-36, 846, 648), (-72, 810, 666), (-54, 828, 738), (-54, 828, 684), (-54, 810, 666), (-54, 810, 702)]	(9399, 10603, 9552, 9998, 11547, 9686, 4486, 12321, 5124, 6930, 5955, 10143, 5227, 6441, 7325, 9648, 12863, 19855, 15700, 8990, 15725, 14052, 12383, 1922)
left	h	260764	(675, 191)	[(-54, 810, 684), (-36, 810, 684), (-36, 792, 666), (-72, 810, 666), (-72, 810, 684), (-54, 810, 684), (-54, 810, 684), (-54, 810, 702), (-54, 810, 648), (-54, 810, 648), (-54, 810, 684), (-36, 810, 666), (-54, 810, 666), (-54, 810, 684), (-54, 792, 684), (-54, 810, 648), (-36, 828, 666), (-36, 810, 666), (-36, 828, 648), (-36, 828, 648), (-54, 846, 702), (-54, 828, 720), (-54, 792, 684), (-54, 810, 612), (-54, 810, 648)]	(9382, 10577, 9539, 9989, 11539, 9656, 4492, 12255, 5153, 6932, 5991, 10193, 5211, 6472, 7330, 9785, 12947, 19840, 15513, 8988, 15692, 14042, 12385, 1926)
left	g	262050	(667, 235)	[(-54, 810, 666), (-54, 810, 666), (-54, 810, 666), (-54, 810, 666), (-54, 810, 684), (-54, 810, 684), (-54, 810, 684), (-54, 828, 666), (-54, 810, 666), (-54, 810, 702), (-54, 810, 666), (-54, 810, 684), (-54, 810, 684), (-54, 810, 666), (-54, 810, 666), (-72, 810, 684), (-36, 828, 666), (-36, 810, 666), (-72, 810, 648), (-72, 792, 684), (0, 828, 648), (-54, 828, 666), (-72, 828, 702), (-54, 810, 684), (-36, 810, 684)]	(9402, 10613, 9583, 10018, 11564, 9691, 4507, 12508, 5229, 6955, 5989, 10363, 5257, 6490, 7342, 9861, 13041, 19876, 15616, 9005, 15732, 14068, 12420, 1922)
left	j	263938	(668, 143)	[(-54, 810, 684), (-54, 810, 666), (-54, 810, 684), (-72, 810, 666), (-54, 810, 666), (-54, 792, 666), (-36, 810, 684), (-54, 828, 666), (-54, 828, 666), (-36, 846, 666), (0, 828, 720), (-54, 810, 666), (-54, 810, 684), (-54, 810, 648), (-54, 810, 648), (-54, 810, 666), (-54, 810, 648), (-36, 810, 648), (-54, 810, 702), (-36, 810, 684), (-72, 828, 666), (-36, 810, 702), (-54, 792, 666), (-54, 828, 684), (-36, 810, 648)]	(9391, 10590, 9539, 9992, 11545, 9678, 4480, 12218, 5166, 6927, 5969, 10248, 5227, 6440, 7331, 9848, 12833, 19848, 15719, 8987, 15710, 14081, 12376, 1923)
right	p	265378	(590, 8)	[(-54, 828, 648), (-72, 810, 702), (-54, 810, 648), (-36, 810, 684), (-54, 810, 720), (-54, 810, 648), (-54, 810, 666), (-54, 810, 684), (-36, 810, 702), (-54, 810, 684), (-36, 810, 630), (-54, 810, 630), (-36, 810, 720), (-54, 810, 702), (-54, 810, 666), (-72, 810, 702), (-54, 828, 684), (-54, 828, 612), (-90, 774, 756), (-72, 828, 684), (-18, 810, 666), (-54, 828, 684), (-72, 810, 666), (-90, 792, 684), (-72, 810, 666)]	(9375, 10560, 9515, 10012, 11536, 9669, 4544, 12513, 5305, 6933, 6041, 10325, 5262, 6549, 7333, 10452, 13155, 19811, 15305, 8981, 15639, 13890, 12351, 1919)
left	y	267387	(578, 193)	[(-54, 810, 666), (-54, 810, 684), (-36, 810, 666), (-54, 810, 666), (-54, 828, 666), (-54, 828, 684), (-54, 810, 684), (-54, 810, 684), (-54, 810, 666), (-54, 810, 666), (-36, 828, 666), (-72, 810, 702), (-72, 810, 702), (-72, 792, 666), (-72, 810, 702), (-54, 810, 666), (-54, 810, 666), (0, 810, 666), (-54, 828, 666), (-54, 828, 648), (-36, 828, 684), (-54, 810, 738), (-36, 828, 702), (-36, 828, 666), (-36, 828, 684)]	(9370, 10563, 9510, 9998, 11580, 9689, 4494, 12187, 5252, 6931, 6011, 10521, 5269, 6521, 7354, 10145, 12992, 19834, 15539, 8971, 15665, 13985, 12377, 1917)
left	a	270221	(664, 449)	[(-72, 810, 702), (-90, 810, 684), (-72, 792, 684), (-72, 792, 684), (-72, 810, 702), (-54, 792, 720), (-72, 792, 684), (-72, 792, 702), (-72, 792, 684), (-72, 810, 684), (-72, 792, 702), (-72, 792, 684), (-72, 792, 684), (-90, 810, 684), (-72, 810, 702), (-72, 792, 666), (-72, 792, 666), (-72, 810, 666), (-72, 792, 684), (-72, 810, 702), (-72, 774, 666), (-72, 810, 666), (-54, 828, 648), (-72, 810, 720), (-72, 774, 720)]	(9377, 10536, 9510, 10023, 11563, 9675, 4588, 12806, 5580, 6976, 6082, 11001, 5298, 6725, 7393, 10496, 13676, 19821, 14789, 8993, 15597, 13852, 12394, 1920)
left	e	272339	(584, 341)	[(-72, 810, 684), (-90, 810, 720), (-90, 810, 702), (-90, 810, 702), (-72, 810, 702), (-90, 810, 684), (-72, 810, 666), (-90, 810, 666), (-90, 792, 666), (-90, 810, 684), (-90, 810, 702), (-90, 792, 684), (-90, 810, 684), (-72, 792, 684), (-90, 792, 684), (-90, 810, 648), (-72, 810, 702), (-90, 810, 648), (-90, 810, 648), (-90, 828, 594), (-72, 810, 684), (-90, 810, 738), (-90, 828, 684), (-90, 792, 666), (-90, 810, 666)]	(9373, 10534, 9556, 10050, 11580, 9675, 4629, 12822, 5780, 6984, 6124, 10791, 5363, 6859, 7424, 11360, 13829, 19807, 14794, 8987, 15560, 13841, 12399, 1913)
right	a	274867	(666, 421)	[(-144, 828, 648), (-144, 810, 684), (-108, 810, 702), (-144, 810, 684), (-144, 810, 648), (-126, 828, 702), (-126, 810, 666), (-162, 810, 648), (-162, 828, 666), (-144, 810, 648), (-144, 828, 648), (-126, 810, 666), (-126, 810, 684), (-126, 792, 666), (-126, 810, 666), (-126, 810, 648), (-144, 810, 648), (-108, 810, 666), (-144, 828, 666), (-162, 828, 666), (-144, 810, 648), (-162, 846, 684), (-108, 828, 612), (-126, 828, 666), (-144, 828, 666)]	(9408, 10648, 9608, 9976, 11625, 9591, 4669, 13635, 4974, 7016, 6186, 11268, 5179, 7101, 7458, 11988, 14147, 19846, 14616, 9028, 15576, 13823, 12395, 1924)
left	f	276503	(674, 268)	[(-72, 810, 666), (-72, 828, 666), (-72, 810, 666), (-90, 810, 684), (-72, 810, 702), (-90, 810, 648), (-90, 828, 648), (-90, 810, 684), (-90, 828, 684), (-72, 810, 666), (-72, 810, 666), (-90, 828, 684), (-72, 810, 666), (-90, 810, 648), (-90, 810, 630), (-72, 810, 666), (-108, 810, 684), (-72, 810, 666), (-72, 828, 684), (-72, 846, 648), (-72, 810, 684), (-90, 846, 702), (-90, 810, 666), (-90, 810, 666), (-72, 828, 648)]	(9387, 10546, 9479, 9989, 11616, 9624, 4557, 12826, 5348, 6978, 6077, 11040, 5278, 6715, 7384, 10414, 13465, 19840, 14972, 8992, 15625, 13888, 12407, 1928)
left	w	280666	(572, 386)	[(-72, 828, 648), (-72, 828, 666), (-72, 810, 630), (-72, 828, 666), (-72, 828, 684), (-90, 810, 684), (-72, 810, 648), (-90, 828, 630), (-72, 828, 684), (-90, 828, 684), (-90, 828, 630), (-72, 828, 684), (-90, 828, 648), (-72, 828, 648), (-90, 828, 666), (-90, 828, 630), (-90, 828, 630), (-90, 828, 630), (-72, 810, 684), (-72, 810, 666), (-108, 828, 648), (-72, 828, 720), (-72, 828, 702), (-72, 810, 648), (-90, 828, 666)]	(9370, 10504, 9467, 9979, 11584, 9593, 4572, 12684, 5360, 6981, 6081, 10970, 5275, 6752, 7395, 10578, 13557, 19818, 14886, 8980, 15583, 13812, 12363, 1922)
right	r	282280	(568, 299)	[(-72, 828, 630), (-90, 810, 630), (-72, 810, 630), (-72, 810, 648), (-18, 810, 648), (-72, 828, 666), (-126, 828, 702), (-108, 828, 648), (-108, 828, 630), (-90, 828, 684), (-90, 792, 684), (-108, 828, 666), (-108, 828, 666), (-108, 810, 630), (-126, 846, 666), (-144, 846, 666), (-144, 828, 612), (-108, 828, 612), (-108, 828, 666), (-180, 846, 612), (-180, 828, 738), (-162, 864, 720), (-144, 846, 684), (-126, 828, 630), (-144, 828, 684)]	(9373, 10552, 9485, 9982, 11585, 9546, 4609, 13095, 5290, 6995, 6130, 11036, 5295, 7024, 7441, 11450, 13929, 19800, 14685, 8976, 15514, 13736, 12353, 1919)
right	m	284886	(723, 83)	[(-72, 828, 648), (-72, 828, 648), (-72, 828, 648), (-72, 828, 648), (-72, 828, 648), (-90, 828, 648), (-72, 828, 648), (-72, 828, 648), (-72, 828, 666), (-72, 828, 648), (-72, 828, 648), (-72, 828, 630), (-72, 828, 648), (-90, 828, 666), (-72, 810, 666), (-90, 828, 648), (-72, 810, 648), (-72, 828, 648), (-72, 828, 648), (-90, 828, 612), (-108, 828, 666), (-72, 828, 666), (-54, 810, 666), (-90, 828, 666), (-90, 846, 684)]	(9388, 10538, 9448, 9941, 11634, 9598, 4535, 12537, 5176, 6971, 6058, 10845, 5251, 6766, 7409, 10577, 13629, 19812, 14783, 8980, 15570, 13800, 12367, 1929)
right	f	286740	(658, 280)	[(-90, 828, 684), (-90, 828, 648), (-72, 828, 648), (-90, 828, 648), (-90, 810, 648), (-72, 828, 648), (-72, 828, 648), (-72, 828, 648), (-54, 828, 684), (-54, 828, 648), (-72, 810, 666), (-72, 828, 666), (-54, 828, 630), (-90, 828, 630), (-72, 828, 630), (-90, 828, 648), (-144, 828, 666), (-144, 846, 684), (-126, 828, 648), (-126, 846, 594), (-162, 846, 684), (-126, 846, 648), (-108, 846, 630), (-108, 828, 666), (-126, 846, 648)]	(9404, 10577, 9517, 9981, 11694, 9601, 4611, 13110, 5166, 7007, 6134, 10830, 5249, 7021, 7447, 11749, 13935, 19809, 14652, 8969, 15532, 13747, 12358, 1922)
left	r	288528	(575, 301)	[(-90, 828, 648), (-90, 828, 648), (-90, 828, 648), (-90, 828, 648), (-90, 828, 648), (-90, 828, 648), (-72, 846, 648), (-90, 828, 630), (-90, 828, 648), (-90, 828, 648), (-72, 828, 648), (-54, 828, 666), (-72, 828, 666), (-72, 828, 648), (-90, 828, 648), (-72, 810, 684), (-72, 828, 666), (-72, 846, 648), (-72, 828, 648), (-72, 828, 648), (-54, 828, 630), (-72, 828, 648), (-90, 828, 666), (-72, 846, 648), (-72, 828, 630)]	(9405, 10565, 9500, 9977, 11658, 9629, 4556, 12736, 5174, 6975, 6065, 11029, 5263, 6707, 7409, 11032, 13465, 19827, 14890, 8988, 15592, 13851, 12397, 1924)
right	y	290190	(583, 202)	[(-72, 828, 648), (-72, 828, 684), (-72, 846, 702), (-54, 828, 648), (-36, 828, 630), (-54, 810, 666), (-90, 810, 630), (-90, 828, 612), (-126, 828, 630), (-126, 846, 684), (-126, 846, 666), (-108, 828, 666), (-108, 828, 684), (-108, 846, 648), (-126, 846, 648), (-108, 828, 648), (-72, 810, 612), (-90, 846, 630), (-108, 828, 612), (-108, 828, 612), (-108, 828, 666), (-108, 846, 666), (-90, 846, 702), (-126, 846, 666), (-126, 828, 720)]	(9391, 10554, 9528, 9983, 11642, 9617, 4637, 13063, 5246, 7010, 6139, 10868, 5270, 7003, 7449, 11600, 13977, 19813, 14704, 8980, 15539, 13779, 12378, 1923)
left	o	292408	(595, 84)	[(-72, 828, 648), (-54, 846, 630), (-54, 846, 648), (-54, 864, 666), (-72, 846, 648), (-36, 828, 630), (-54, 846, 630), (-54, 828, 648), (-54, 828, 666), (-54, 828, 648), (-54, 828, 630), (-54, 846, 648), (-72, 828, 648), (-54, 846, 630), (-72, 828, 648), (-72, 828, 648), (-54, 828, 630), (-54, 828, 648), (-54, 864, 648), (-36, 828, 648), (-54, 828, 594), (0, 882, 612), (0, 846, 612), (-54, 846, 630), (-54, 846, 612)]	(9408, 10595, 9532, 9972, 11604, 9655, 4508, 12256, 5083, 6962, 6011, 10434, 5197, 6472, 7324, 9722, 12437, 19889, 15885, 8949, 15749, 14097, 12419, 1915)
left	w	294866	(586, 395)	[(-54, 828, 630), (-72, 846, 630), (-54, 828, 612), (-36, 846, 612), (-90, 810, 612), (-108, 828, 666), (-90, 828, 684), (-108, 828, 684), (-90, 846, 648), (-90, 828, 666), (-72, 828, 702), (-90, 828, 630), (-90, 846, 666), (-90, 828, 648), (-90, 828, 648), (-90, 828, 648), (-90, 846, 648), (-90, 828, 666), (-72, 828, 648), (-54, 828, 666), (-90, 828, 630), (-54, 846, 630), (-90, 828, 684), (-90, 864, 684), (-90, 828, 666)]	(9382, 10547, 9551, 9968, 11615, 9646, 4601, 12915, 5157, 6978, 6131, 11091, 5207, 6783, 7410, 10565, 13546, 19840, 14762, 8963, 15586, 13787, 12420, 1919)
left	r	296408	(581, 297)	[(-72, 828, 666), (-72, 828, 666), (-72, 828, 648), (-90, 828, 630), (-72, 828, 648), (-72, 828, 666), (-90, 828, 666), (-90, 828, 666), (-72, 828, 648), (-54, 828, 648), (-72, 828, 648), (-72, 828, 648), (-90, 810, 648), (-72, 828, 630), (-72, 810, 666), (-72, 846, 612), (-54, 828, 666), (-72, 828, 666), (-72, 846, 612), (-36, 846, 612), (-90, 846, 720), (-72, 846, 702), (-72, 846, 648), (-54, 828, 630), (-54, 828, 612)]	(9384, 10556, 9500, 9950, 11600, 9638, 4548, 12507, 5025, 6967, 6075, 10791, 5140, 6696, 7394, 10421, 13457, 19848, 14974, 8977, 15602, 13864, 12445, 1922)
left	n	297846	(745, 140)	[(-72, 828, 684), (-54, 828, 684), (-72, 846, 666), (-72, 828, 648), (-90, 810, 648), (-72, 828, 648), (-54, 828, 648), (-72, 846, 648), (-54, 846, 630), (-72, 810, 666), (-72, 846, 666), (-72, 828, 630), (-90, 828, 612), (-72, 828, 666), (-72, 828, 648), (-72, 828, 630), (-72, 828, 666), (-72, 846, 648), (-72, 846, 612), (-72, 882, 648), (-54, 846, 612), (-54, 864, 684), (-72, 846, 666), (-54, 846, 684), (-54, 828, 648)]	(9395, 10595, 9570, 9974, 11567, 9622, 4548, 12524, 4970, 6951, 6017, 10212, 5071, 6579, 7362, 9831, 13377, 19883, 15651, 8973, 15687, 14045, 12497, 1937)
right	p	299233	(591, 10)	[(-54, 846, 630), (-72, 828, 648), (-54, 828, 648), (-18, 846, 630), (-72, 828, 684), (0, 828, 612), (-90, 828, 612), (-108, 846, 684), (-72, 846, 648), (-108, 846, 630), (-108, 864, 684), (-72, 828, 666), (-72, 828, 630), (-72, 846, 594), (-72, 846, 612), (-54, 846, 666), (-90, 846, 630), (-72, 810, 522), (-108, 810, 720), (-90, 864, 666), (-54, 846, 684), (-54, 846, 684), (-72, 864, 630), (-72, 810, 630), (-90, 828, 648)]	(9379, 10563, 9518, 9978, 11571, 9642, 4567, 12676, 5013, 6973, 6084, 10527, 5094, 6715, 7386, 10494, 13583, 19829, 14853, 8969, 15588, 13842, 12406, 1925)
right	u	301104	(589, 164)	[(-54, 846, 648), (-90, 846, 648), (-108, 846, 648), (-108, 828, 648), (-72, 846, 612), (-90, 846, 630), (-72, 846, 612), (-72, 846, 630), (-90, 828, 666), (-72, 828, 648), (-90, 846, 666), (-72, 828, 648), (-72, 846, 648), (-90, 846, 630), (-108, 828, 648), (-90, 864, 630), (-108, 828, 648), (-108, 846, 630), (-90, 846, 630), (-90, 846, 648), (-108, 846, 666), (-90, 864, 630), (-108, 828, 648), (-90, 846, 630), (-90, 846, 648)]	(9387, 10566, 9572, 9974, 11611, 9604, 4609, 12919, 4935, 6996, 6121, 10350, 5097, 6916, 7435, 11810, 13848, 19797, 14676, 8976, 15528, 13768, 12369, 1921)
left	x	302722	(746, 327)	[(-90, 846, 630), (-72, 846, 666), (-90, 828, 630), (-72, 846, 648), (-90, 828, 648), (-72, 846, 648), (-72, 846, 648), (-90, 846, 648), (-90, 846, 630), (-72, 846, 684), (-90, 828, 666), (-72, 846, 612), (-72, 846, 630), (-72, 846, 648), (-72, 846, 666), (-90, 846, 630), (-72, 828, 666), (-72, 864, 648), (-72, 846, 630), (-90, 846, 630), (-90, 846, 630), (-90, 846, 666), (-72, 828, 666), (-54, 846, 630), (-72, 846, 630)]	(9396, 10574, 9582, 9985, 11613, 9645, 4589, 12865, 4934, 6985, 6090, 10442, 5096, 6809, 7407, 11279, 13810, 19820, 14770, 8984, 15567, 13827, 12417, 1930)
left	f	304159	(664, 274)	[(-72, 828, 648), (-72, 846, 666), (-90, 846, 630), (-72, 846, 630), (-72, 828, 648), (-72, 828, 630), (-72, 846, 648), (-72, 846, 648), (-72, 828, 630), (-90, 846, 648), (-72, 846, 648), (-54, 828, 630), (-72, 828, 648), (-54, 828, 648), (-90, 828, 648), (-54, 828, 648), (-54, 846, 684), (-72, 828, 648), (-90, 828, 594), (-90, 828, 594), (-72, 846, 648), (-72, 846, 702), (-90, 846, 648), (-72, 828, 630), (-72, 828, 648)]	(9402, 10584, 9569, 9981, 11629, 9664, 4576, 12898, 4940, 6985, 6068, 10551, 5095, 6787, 7406, 10589, 13841, 19860, 14802, 8981, 15602, 13884, 12470, 1922)
right	t	307818	(580, 238)	[(-90, 846, 630), (-54, 846, 630), (-54, 828, 666), (-36, 846, 648), (-72, 828, 666), (-54, 828, 648), (-54, 846, 648), (-36, 828, 630), (-54, 828, 666), (-36, 828, 648), (-90, 828, 576), (-126, 846, 666), (-108, 846, 666), (-72, 828, 648), (-72, 846, 630), (-90, 864, 648), (-126, 846, 630), (-108, 846, 612), (-72, 828, 558), (-144, 846, 612), (-108, 828, 630), (-108, 828, 648), (-144, 882, 702), (-108, 864, 666), (-108, 846, 684)]	(9405, 10578, 9577, 9993, 11627, 9596, 4626, 13060, 4993, 6994, 6154, 10699, 5125, 6993, 7437, 11815, 13908, 19808, 14690, 8980, 15536, 13760, 12375, 1924)
left	u	309400	(574, 138)	[(-72, 846, 630), (-90, 846, 612), (-90, 846, 612), (-90, 828, 648), (-90, 828, 648), (-72, 828, 630), (-72, 846, 612), (-90, 846, 648), (-90, 828, 648), (-72, 792, 666), (-108, 810, 612), (-126, 846, 630), (-90, 864, 612), (-90, 846, 648), (-54, 846, 666), (-36, 846, 666), (-72, 846, 594), (-90, 846, 648), (-54, 864, 630), (18, 864, 648), (-18, 882, 648), (0, 900, 612), (-36, 864, 684), (-54, 846, 612), (-72, 846, 594)]	(9370, 10517, 9530, 9927, 11568, 9606, 4511, 12380, 4832, 6952, 6008, 10476, 4952, 6662, 7349, 9317, 13288, 19892, 15068, 8975, 15665, 13971, 12505, 1931)
right	b	311308	(745, 204)	[(-72, 810, 648), (-72, 810, 666), (-54, 810, 684), (-72, 828, 684), (-72, 828, 630), (-72, 810, 648), (-54, 828, 666), (-72, 828, 666), (-72, 828, 666), (-54, 810, 684), (-72, 810, 648), (-108, 810, 684), (-90, 846, 648), (-72, 828, 666), (-54, 828, 702), (-72, 828, 684), (-90, 828, 666), (-90, 810, 684), (-72, 828, 612), (-90, 846, 648), (-72, 828, 630), (-90, 828, 666), (-72, 828, 648), (-72, 846, 666), (-72, 828, 684)]	(9402, 10576, 9510, 9951, 11641, 9640, 4571, 12829, 4909, 6965, 6076, 10918, 5065, 6783, 7419, 10262, 13759, 19881, 14818, 8998, 15635, 13892, 12452, 1897)
left	s	316404	(675, 370)	[(-72, 828, 684), (-90, 810, 666), (-90, 810, 684), (-90, 810, 666), (-72, 810, 666), (-72, 810, 666), (-72, 828, 666), (-90, 810, 666), (-72, 810, 666), (-72, 828, 684), (-72, 810, 684), (-72, 810, 666), (-90, 810, 648), (-72, 810, 684), (-72, 828, 666), (-72, 810, 666), (-72, 828, 684), (-72, 792, 702), (-90, 828, 576), (-54, 810, 684), (-90, 828, 720), (-90, 810, 684), (-72, 810, 630), (-72, 828, 666), (-72, 810, 666)]	(9374, 10523, 9460, 9920, 11606, 9610, 4566, 12621, 4876, 6979, 6085, 11047, 5074, 6695, 7395, 10696, 13436, 19827, 14718, 8970, 15594, 13862, 12386, 1928)
right	e	318275	(598, 351)	[(-72, 810, 666), (-72, 810, 666), (-72, 828, 684), (-90, 828, 684), (-72, 810, 666), (-36, 810, 666), (-72, 810, 648), (-90, 828, 630), (-90, 828, 684), (-90, 828, 612), (-72, 846, 630), (-90, 846, 630), (-108, 846, 612), (-90, 810, 702), (-90, 828, 630), (-108, 828, 612), (-108, 828, 684), (-126, 828, 702), (-162, 864, 576), (-126, 828, 630), (-144, 828, 648), (-126, 864, 666), (-144, 864, 684), (-108, 828, 666), (-126, 828, 648)]	(9380, 10538, 9507, 9945, 11589, 9546, 4619, 12969, 4964, 6999, 6130, 11145, 5124, 6873, 7444, 11393, 13784, 19816, 14625, 8970, 15534, 13755, 12358, 1925)
left	i	320129	(581, 112)	[(-54, 828, 666), (-72, 810, 666), (-54, 792, 630), (-90, 810, 666), (-72, 810, 702), (-72, 810, 684), (-54, 810, 684), (-72, 810, 684), (-72, 810, 684), (-72, 828, 684), (-72, 810, 666), (-72, 810, 684), (-54, 810, 666), (-54, 828, 684), (-72, 828, 702), (-72, 810, 702), (-54, 792, 666), (-72, 810, 666), (-54, 828, 684), (0, 810, 684), (-36, 846, 702), (0, 828, 702), (-18, 846, 666), (-54, 828, 702), (-36, 810, 684)]	(9398, 10587, 9530, 9960, 11611, 9649, 4515, 12566, 4811, 6962, 5999, 10959, 5047, 6538, 7366, 10171, 12772, 19906, 15348, 8951, 15764, 14105, 12456, 1926)
left	o	321612	(578, 56)	[(-54, 810, 666), (-54, 810, 684), (-54, 810, 684), (-54, 810, 666), (-54, 810, 648), (-72, 810, 648), (-54, 792, 666), (-72, 828, 666), (-54, 810, 648), (-72, 810, 684), (-72, 810, 702), (-72, 792, 684), (-72, 792, 666), (-90, 810, 630), (-108, 810, 630), (-108, 810, 666), (-54, 846, 648), (-36, 828, 702), (0, 846, 666), (-18, 864, 648), (18, 864, 666), (36, 864, 666), (18, 828, 558), (18, 810, 630), (-36, 846, 684)]	(9402, 10585, 9563, 9971, 11555, 9671, 4492, 12279, 4805, 6946, 5999, 10482, 4998, 6428, 7317, 9714, 12109, 19884, 15609, 8922, 15758, 14184, 12393, 1921)
right	h	323245	(657, 178)	[(-36, 810, 666), (-72, 828, 648), (-54, 810, 666), (0, 846, 648), (-36, 828, 684), (-36, 846, 702), (18, 810, 630), (-36, 810, 648), (-90, 810, 666), (-108, 810, 648), (-72, 828, 630), (-54, 828, 666), (-90, 828, 648), (-72, 828, 684), (-72, 828, 648), (-54, 828, 648), (-90, 828, 666), (-72, 810, 666), (-90, 810, 666), (-108, 828, 612), (-90, 846, 612), (-54, 846, 648), (-72, 828, 702), (-72, 846, 702), (-90, 828, 720)]	(9395, 10575, 9554, 9965, 11619, 9705, 4592, 12937, 4862, 6989, 6096, 10798, 5032, 6839, 7421, 10985, 13863, 19842, 14699, 8979, 15579, 13902, 12440, 1908)
right	g	326167	(662, 236)	[(-54, 810, 684), (-54, 828, 666), (-54, 828, 666), (-54, 828, 666), (-54, 828, 684), (-72, 828, 684), (-36, 810, 684), (-54, 828, 630), (-54, 828, 702), (-54, 810, 648), (-54, 846, 630), (-72, 828, 648), (-90, 828, 684), (-90, 810, 684), (-90, 828, 666), (-54, 828, 630), (-54, 828, 666), (-72, 828, 648), (-90, 828, 630), (-108, 828, 576), (-126, 846, 648), (-90, 828, 648), (-90, 882, 702), (-108, 846, 720), (-90, 828, 702)]	(9381, 10565, 9572, 9971, 11635, 9689, 4598, 12917, 4943, 6995, 6111, 10570, 5085, 6928, 7439, 11507, 13930, 19829, 14653, 8976, 15552, 13847, 12409, 1913)
right	x	328937	(751, 332)	[(-72, 828, 648), (-72, 810, 648), (-54, 810, 648), (-54, 828, 684), (-54, 810, 684), (-90, 810, 702), (-90, 828, 702), (-72, 828, 540), (-108, 864, 612), (-72, 828, 666), (-72, 846, 666), (-72, 846, 666), (-90, 846, 666), (-72, 828, 630), (-90, 828, 612), (-72, 828, 648), (-72, 810, 630), (-54, 828, 648), (-72, 828, 630), (-126, 846, 630), (-144, 846, 684), (-108, 864, 666), (-90, 846, 666), (-72, 828, 648), (-90, 828, 666)]	(9401, 10627, 9624, 9999, 11627, 9683, 4579, 13062, 4878, 6994, 6088, 10474, 5063, 6854, 7440, 11455, 13936, 19841, 14634, 8980, 15553, 13879, 12440, 1920)
