Please hold the phone in your left hand and type with your left thumb
p	830454	(582, 7)	[(18, 486, 954), (18, 486, 936), (18, 450, 954), (0, 468, 936), (-54, 450, 936), (-36, 432, 936), (-36, 396, 990), (-72, 468, 972), (-54, 468, 936), (-54, 468, 972), (-54, 450, 1062), (-54, 414, 954), (18, 468, 864), (-18, 540, 882), (-54, 558, 936), (0, 486, 900), (18, 486, 900), (18, 522, 972), (18, 540, 972), (126, 540, 756), (18, 540, 846), (54, 540, 990), (36, 558, 954), (90, 522, 828), (126, 504, 846)]	(9474, 11846, 9335, 10790, 11570, 9535, 4733, 7987, 6789, 6898, 5849, 6980, 4803, 6110, 7308, 7100, 11622, 20964, 16515, 8957, 16990, 14532, 13883, 2006)
r	831791	(603, 301)	[(-108, 468, 918), (-72, 468, 918), (-54, 450, 936), (-72, 450, 972), (-72, 468, 954), (-72, 468, 936), (-90, 486, 936), (-108, 486, 918), (-90, 486, 918), (-54, 468, 936), (-54, 450, 936), (-54, 450, 972), (-54, 450, 990), (-54, 468, 972), (-36, 468, 972), (0, 468, 936), (18, 432, 936), (-54, 468, 900), (-54, 522, 828), (-36, 504, 972), (-54, 450, 1026), (-54, 486, 954), (-90, 504, 882), (-72, 504, 900), (18, 504, 882)]	(9421, 11169, 9215, 10348, 11520, 9539, 5224, 8408, 7251, 6918, 6151, 7964, 4966, 6112, 7292, 7141, 11586, 20896, 15055, 8921, 16190, 14248, 13745, 2006)
j	833073	(676, 155)	[(-36, 468, 918), (-54, 468, 936), (-36, 468, 918), (-36, 450, 936), (18, 450, 972), (0, 450, 972), (-36, 468, 954), (-18, 468, 918), (-18, 468, 936), (0, 468, 954), (-18, 468, 936), (-18, 468, 936), (18, 450, 954), (0, 450, 954), (0, 450, 936), (-18, 468, 972), (18, 450, 972), (36, 450, 954), (0, 450, 900), (-18, 486, 882), (18, 486, 936), (18, 450, 990), (36, 468, 972), (36, 468, 936), (18, 468, 936)]	(9434, 11285, 9237, 10400, 11535, 9506, 5283, 8345, 7161, 6901, 6145, 7621, 4920, 6104, 7255, 7164, 11502, 20619, 15417, 8932, 16466, 14403, 13761, 2002)
z	834235	(764, 399)	[(0, 486, 972), (18, 468, 936), (18, 468, 954), (18, 468, 954), (18, 468, 936), (36, 450, 936), (36, 450, 882), (36, 450, 954), (-54, 468, 972), (-90, 486, 774), (-54, 468, 846), (-72, 450, 972), (-108, 432, 990), (-72, 414, 936), (-126, 432, 864), (-90, 486, 918), (-36, 468, 1044), (-36, 396, 1008), (-72, 414, 1152), (-18, 468, 864), (-72, 486, 936), (-108, 432, 954), (-54, 450, 900), (-90, 450, 900), (0, 468, 882)]	(9396, 10961, 9198, 10268, 11507, 9477, 5394, 8567, 7182, 6871, 6219, 8068, 4926, 6091, 7213, 7065, 11366, 20284, 14727, 8871, 15949, 14170, 13621, 1996)
c	835521	(744, 297)	[(0, 450, 954), (-36, 450, 936), (-36, 450, 936), (0, 432, 954), (-36, 432, 936), (0, 432, 936), (-36, 432, 936), (-54, 450, 936), (-36, 450, 936), (0, 432, 972), (36, 432, 1008), (0, 414, 990), (0, 432, 954), (-36, 450, 936), (0, 450, 954), (0, 450, 954), (18, 432, 990), (18, 450, 990), (18, 432, 918), (0, 468, 918), (36, 450, 954), (18, 468, 972), (36, 468, 900), (18, 468, 918), (18, 486, 936)]	(9401, 11057, 9196, 10292, 11510, 9453, 5199, 8454, 7187, 6889, 6134, 7907, 4971, 6097, 7234, 7108, 11452, 20481, 15016, 8903, 16126, 14275, 13717, 2000)
d	836688	(677, 335)	[(18, 450, 936), (18, 450, 936), (18, 468, 954), (18, 450, 936), (18, 450, 936), (36, 450, 972), (54, 450, 918), (18, 468, 936), (0, 468, 936), (36, 468, 936), (36, 432, 954), (18, 432, 936), (18, 450, 918), (18, 468, 936), (18, 450, 954), (18, 486, 918), (0, 450, 972), (18, 486, 972), (18, 450, 936), (0, 432, 936), (36, 522, 810), (-18, 450, 1008), (18, 432, 990), (36, 486, 864), (18, 468, 900)]	(9411, 11037, 9202, 10290, 11511, 9488, 5125, 8400, 7175, 6927, 6083, 7989, 4945, 6104, 7229, 7141, 11465, 20514, 14983, 8904, 16125, 14279, 13711, 2007)
n	838020	(725, 162)	[(36, 450, 918), (36, 432, 954), (0, 450, 918), (0, 468, 954), (0, 450, 954), (18, 450, 954), (18, 450, 972), (0, 468, 972), (-36, 468, 972), (-36, 468, 936), (0, 468, 954), (0, 450, 954), (18, 468, 936), (18, 450, 972), (18, 450, 954), (18, 468, 918), (18, 468, 900), (36, 468, 918), (18, 504, 900), (54, 486, 954), (36, 504, 990), (54, 486, 972), (36, 486, 918), (18, 468, 918), (18, 486, 918)]	(9416, 11115, 9202, 10336, 11514, 9515, 5134, 8249, 7223, 6890, 6192, 7764, 4933, 6103, 7247, 7112, 11506, 20670, 15197, 8917, 16227, 14331, 13783, 1998)
m	839132	(743, 85)	[(54, 468, 936), (36, 468, 936), (18, 468, 918), (36, 486, 918), (18, 486, 954), (36, 450, 954), (36, 468, 936), (18, 468, 954), (36, 468, 954), (18, 468, 936), (36, 468, 972), (36, 450, 936), (18, 468, 954), (36, 468, 972), (36, 468, 936), (18, 486, 918), (36, 468, 918), (36, 468, 936), (36, 468, 918), (72, 486, 936), (108, 522, 954), (90, 468, 918), (90, 486, 972), (90, 486, 900), (90, 486, 864)]	(9417, 11273, 9207, 10408, 11516, 9510, 5020, 8266, 7113, 6909, 6081, 7673, 4910, 6076, 7244, 7098, 11487, 20628, 15561, 8928, 16390, 14432, 13797, 2001)
w	840316	(577, 385)	[(54, 468, 972), (72, 468, 990), (72, 468, 972), (54, 468, 954), (54, 468, 918), (36, 468, 918), (36, 468, 882), (36, 486, 918), (54, 468, 954), (54, 450, 918), (54, 486, 954), (36, 486, 972), (54, 486, 936), (54, 486, 972), (54, 450, 918), (54, 486, 882), (54, 486, 900), (54, 468, 900), (36, 504, 936), (54, 486, 936), (72, 486, 936), (18, 504, 954), (18, 522, 936), (54, 468, 882), (72, 486, 882)]	(9424, 11122, 9228, 10402, 11519, 9511, 5178, 8603, 7151, 6939, 6140, 8136, 4907, 6093, 7266, 7087, 11548, 20707, 15176, 8908, 16209, 14327, 13759, 2000)
k	841480	(676, 97)	[(54, 486, 936), (54, 486, 936), (54, 468, 936), (54, 486, 936), (54, 486, 936), (36, 486, 936), (36, 486, 936), (54, 468, 936), (36, 468, 936), (36, 468, 936), (54, 468, 972), (36, 486, 990), (54, 486, 936), (72, 486, 936), (54, 486, 900), (36, 468, 918), (54, 468, 900), (90, 450, 918), (90, 468, 990), (90, 486, 954), (90, 486, 936), (72, 522, 864), (90, 540, 882), (90, 486, 972), (90, 486, 900)]	(9435, 11318, 9220, 10442, 11527, 9492, 5145, 8331, 7354, 6898, 6129, 7664, 4943, 6092, 7235, 7130, 11497, 20663, 15745, 8932, 16433, 14472, 13851, 1999)
s	842661	(662, 377)	[(54, 486, 918), (72, 486, 918), (36, 504, 954), (36, 504, 936), (72, 486, 918), (108, 486, 954), (126, 468, 990), (108, 450, 972), (72, 468, 972), (72, 504, 918), (36, 486, 918), (54, 468, 882), (36, 504, 882), (-36, 540, 864), (0, 558, 864), (18, 540, 918), (18, 522, 918), (18, 540, 882), (36, 540, 972), (36, 504, 918), (36, 504, 828), (18, 558, 846), (0, 504, 954), (36, 504, 918), (54, 504, 918)]	(9423, 11171, 9173, 10369, 11501, 9515, 5064, 8405, 6998, 6870, 6116, 7684, 4880, 6089, 7232, 7065, 11500, 20554, 15295, 8914, 16222, 14365, 13749, 1999)
u	843924	(585, 165)	[(54, 486, 900), (18, 504, 918), (54, 486, 918), (54, 486, 918), (18, 504, 918), (0, 504, 918), (36, 486, 954), (72, 486, 990), (72, 486, 1026), (72, 486, 990), (54, 504, 918), (54, 504, 864), (90, 504, 900), (72, 504, 846), (54, 504, 882), (72, 504, 936), (72, 504, 954), (72, 504, 918), (72, 504, 918), (72, 522, 936), (54, 522, 918), (72, 558, 810), (54, 540, 900), (90, 504, 936), (108, 522, 846)]	(9434, 11253, 9210, 10375, 11515, 9506, 4898, 8340, 7522, 6929, 6035, 7661, 4963, 6090, 7261, 7049, 11537, 20838, 15760, 8927, 16317, 14416, 13864, 1994)
m	845005	(717, 91)	[(72, 504, 954), (72, 486, 918), (72, 486, 936), (54, 504, 918), (36, 486, 936), (36, 486, 954), (54, 486, 936), (72, 486, 918), (54, 468, 918), (72, 468, 936), (54, 486, 918), (18, 504, 936), (54, 486, 972), (72, 486, 972), (54, 504, 918), (54, 504, 936), (36, 504, 954), (54, 486, 954), (54, 468, 918), (54, 504, 864), (18, 486, 864), (18, 504, 828), (72, 522, 828), (108, 540, 936), (72, 486, 990)]	(9427, 11315, 9213, 10430, 11508, 9465, 4998, 8199, 7284, 6869, 6008, 7435, 4898, 6088, 7240, 7115, 11520, 20750, 15859, 8941, 16445, 14497, 13879, 2006)
g	846118	(665, 235)	[(72, 486, 882), (72, 486, 936), (54, 486, 954), (72, 486, 936), (54, 486, 936), (72, 486, 954), (72, 468, 972), (72, 468, 972), (72, 468, 936), (72, 468, 936), (72, 468, 900), (36, 486, 882), (18, 486, 900), (36, 468, 900), (72, 468, 936), (36, 486, 990), (72, 468, 954), (54, 486, 990), (54, 468, 1008), (72, 450, 936), (54, 468, 882), (54, 504, 882), (36, 486, 918), (36, 486, 918), (36, 504, 900)]	(9436, 11247, 9206, 10431, 11520, 9504, 5300, 8388, 7251, 6908, 6165, 7705, 4880, 6102, 7254, 7133, 11541, 20768, 15448, 8945, 16375, 14435, 13853, 2001)
e	847333	(584, 348)	[(54, 486, 954), (72, 486, 936), (54, 486, 936), (90, 468, 972), (90, 468, 936), (90, 468, 918), (72, 468, 918), (54, 468, 918), (54, 468, 954), (72, 468, 918), (54, 486, 918), (36, 522, 918), (36, 504, 918), (18, 522, 918), (36, 504, 936), (54, 504, 918), (54, 504, 954), (54, 486, 918), (36, 486, 936), (90, 486, 846), (72, 468, 954), (90, 468, 1026), (54, 504, 936), (54, 522, 900), (36, 504, 900)]	(9420, 11172, 9210, 10366, 11511, 9499, 5131, 8233, 7009, 6900, 6065, 7695, 4848, 6106, 7285, 7101, 11612, 20938, 15350, 8924, 16282, 14374, 13776, 2002)
y	848614	(585, 208)	[(54, 468, 918), (54, 468, 918), (72, 486, 936), (54, 486, 936), (54, 486, 936), (36, 486, 936), (54, 504, 918), (54, 504, 936), (54, 486, 954), (54, 468, 954), (54, 468, 936), (72, 468, 954), (54, 468, 936), (72, 486, 954), (72, 486, 918), (54, 504, 900), (36, 504, 900), (54, 522, 882), (72, 486, 918), (36, 504, 936), (36, 522, 900), (36, 522, 900), (72, 486, 918), (72, 486, 918), (90, 486, 936)]	(9440, 11241, 9215, 10416, 11519, 9474, 5097, 8433, 7247, 6902, 6115, 7798, 4871, 6115, 7325, 7086, 11673, 21131, 15470, 8950, 16309, 14396, 13816, 2000)
a	849793	(662, 464)	[(72, 486, 900), (72, 504, 936), (72, 504, 918), (72, 504, 900), (108, 504, 936), (108, 522, 918), (90, 504, 918), (54, 522, 936), (72, 486, 972), (54, 468, 954), (0, 486, 918), (18, 468, 918), (36, 486, 882), (0, 504, 972), (0, 486, 990), (0, 468, 900), (-54, 486, 882), (-54, 522, 828), (36, 540, 918), (36, 468, 990), (18, 450, 1008), (36, 522, 936), (18, 504, 882), (18, 486, 990), (18, 486, 954)]	(9404, 10897, 9180, 10249, 11498, 9517, 5122, 8974, 7511, 6931, 6195, 8766, 5060, 6114, 7245, 7038, 11466, 20427, 14794, 8887, 15948, 14189, 13687, 2005)
q	851007	(586, 455)	[(36, 468, 936), (36, 486, 954), (36, 468, 954), (18, 486, 954), (36, 486, 936), (18, 486, 936), (0, 486, 900), (54, 504, 918), (54, 468, 936), (36, 468, 954), (36, 486, 918), (54, 486, 918), (54, 468, 936), (54, 468, 918), (18, 486, 936), (0, 504, 936), (54, 486, 954), (54, 486, 954), (-36, 450, 972), (90, 522, 810), (54, 486, 882), (54, 468, 900), (36, 486, 972), (36, 504, 954), (36, 486, 936)]	(9406, 10899, 9174, 10257, 11495, 9511, 5085, 8802, 7372, 6902, 6282, 8785, 4960, 6112, 7243, 7041, 11492, 20503, 14855, 8887, 15982, 14220, 13708, 2004)
q	852124	(590, 471)	[(36, 486, 936), (36, 486, 936), (36, 468, 918), (36, 486, 936), (54, 504, 936), (54, 504, 918), (36, 486, 936), (36, 468, 954), (36, 468, 954), (36, 486, 936), (54, 486, 918), (54, 486, 918), (36, 486, 918), (54, 486, 936), (36, 486, 936), (54, 486, 900), (18, 486, 936), (18, 504, 954), (72, 468, 936), (72, 486, 918), (18, 504, 918), (36, 486, 900), (36, 468, 936), (36, 486, 936), (36, 522, 918)]	(9409, 10908, 9169, 10281, 11502, 9536, 5076, 8902, 7454, 6951, 6267, 8863, 4974, 6112, 7260, 7045, 11501, 20537, 14906, 8901, 16003, 14220, 13714, 1996)
k	853418	(656, 99)	[(36, 486, 918), (36, 486, 918), (36, 468, 918), (36, 468, 900), (0, 486, 918), (-36, 504, 936), (36, 486, 1008), (54, 486, 1008), (36, 522, 918), (36, 522, 972), (126, 468, 900), (90, 468, 918), (90, 486, 918), (90, 486, 882), (108, 486, 882), (126, 486, 918), (144, 504, 936), (144, 504, 918), (108, 522, 864), (90, 540, 864), (108, 486, 900), (108, 504, 990), (90, 522, 954), (126, 504, 918), (126, 468, 918)]	(9426, 11236, 9199, 10407, 11509, 9467, 5145, 8655, 7307, 6933, 6142, 8022, 4933, 6087, 7243, 7081, 11483, 20593, 15751, 8924, 16343, 14471, 13835, 1997)
n	854799	(728, 145)	[(90, 504, 936), (90, 504, 918), (90, 504, 900), (108, 504, 918), (108, 504, 918), (90, 486, 936), (108, 486, 936), (90, 468, 936), (108, 468, 936), (90, 468, 936), (72, 504, 936), (72, 486, 936), (72, 504, 936), (72, 504, 954), (108, 504, 954), (108, 486, 882), (108, 486, 900), (90, 468, 900), (90, 522, 900), (54, 486, 918), (108, 504, 936), (90, 522, 954), (108, 504, 954), (72, 504, 936), (90, 522, 936)]	(9427, 11211, 9218, 10388, 11505, 9486, 5108, 8456, 7257, 6917, 6073, 7866, 4900, 6089, 7235, 7075, 11477, 20598, 15611, 8925, 16312, 14437, 13834, 1992)
v	856227	(738, 247)	[(90, 504, 900), (108, 504, 900), (90, 504, 936), (72, 522, 936), (108, 504, 936), (108, 504, 918), (108, 504, 918), (72, 486, 936), (90, 504, 918), (72, 504, 882), (90, 486, 918), (108, 504, 900), (54, 504, 936), (54, 486, 936), (90, 504, 936), (90, 504, 954), (108, 486, 918), (90, 486, 900), (54, 522, 882), (36, 522, 954), (72, 522, 936), (90, 504, 972), (90, 504, 954), (90, 540, 936), (54, 522, 954)]	(9424, 11181, 9211, 10375, 11500, 9475, 5124, 8407, 7132, 6909, 6037, 7847, 4897, 6092, 7233, 7074, 11475, 20582, 15535, 8917, 16279, 14429, 13796, 1997)
b	858165	(740, 217)	[(72, 486, 918), (54, 450, 954), (36, 486, 954), (36, 486, 954), (72, 486, 972), (18, 504, 918), (36, 504, 900), (36, 522, 936), (54, 486, 918), (54, 504, 936), (36, 504, 936), (36, 504, 918), (54, 486, 954), (54, 486, 918), (36, 504, 936), (36, 486, 936), (72, 486, 918), (36, 504, 918), (36, 486, 936), (36, 504, 918), (36, 504, 900), (54, 486, 918), (54, 504, 972), (54, 504, 954), (72, 486, 954)]	(9439, 11238, 9241, 10435, 11590, 9668, 5483, 8953, 7940, 7080, 6635, 8371, 5249, 10124, 7617, 7373, 14332, 20204, 15568, 8968, 16287, 14370, 13042, 1975)
o	859496	(587, 83)	[(18, 504, 972), (36, 486, 900), (54, 468, 900), (36, 468, 954), (36, 450, 936), (54, 486, 936), (36, 468, 954), (18, 468, 864), (36, 504, 900), (72, 486, 954), (54, 468, 954), (18, 504, 918), (36, 468, 936), (18, 468, 900), (-36, 504, 900), (-36, 522, 936), (54, 486, 972), (90, 468, 972), (72, 486, 918), (-36, 540, 972), (54, 522, 918), (54, 504, 972), (54, 486, 936), (54, 486, 936), (54, 486, 954)]	(9448, 11394, 9251, 10577, 11610, 9727, 5535, 9162, 8127, 7085, 6795, 8240, 5283, 10345, 7605, 7414, 14459, 20264, 16367, 9004, 16525, 14562, 13108, 1994)
s	860880	(671, 381)	[(0, 504, 972), (18, 486, 900), (54, 486, 864), (54, 486, 990), (18, 432, 936), (-36, 450, 918), (-36, 450, 990), (18, 432, 1008), (36, 432, 936), (0, 468, 918), (-54, 468, 882), (-54, 504, 954), (-54, 504, 972), (-18, 486, 900), (-18, 486, 882), (-54, 486, 918), (-36, 486, 972), (-36, 504, 954), (-36, 486, 918), (36, 522, 882), (-54, 504, 936), (0, 486, 918), (18, 486, 918), (18, 486, 918), (36, 486, 936)]	(9430, 11023, 9227, 10302, 11582, 9653, 5446, 9199, 8711, 7099, 6654, 8854, 5608, 10457, 7640, 7397, 14353, 20175, 15158, 8953, 16051, 14100, 12960, 2000)
w	862044	(585, 398)	[(0, 486, 936), (0, 468, 936), (-36, 486, 918), (-36, 486, 954), (18, 486, 936), (0, 486, 954), (0, 486, 936), (0, 486, 954), (18, 468, 918), (18, 486, 918), (0, 486, 900), (18, 486, 918), (36, 468, 972), (0, 486, 954), (0, 486, 918), (0, 504, 900), (0, 504, 918), (18, 486, 954), (18, 486, 900), (0, 468, 882), (0, 486, 900), (36, 504, 954), (18, 450, 936), (36, 504, 918), (18, 522, 972)]	(9412, 10995, 9225, 10311, 11587, 9664, 5441, 9247, 8331, 7087, 6668, 8990, 5443, 10461, 7648, 7378, 14390, 20179, 15098, 8947, 16042, 14116, 12970, 2002)
b	863325	(732, 207)	[(18, 486, 954), (18, 486, 936), (18, 504, 918), (-18, 504, 900), (-36, 504, 900), (0, 504, 900), (0, 486, 936), (36, 486, 936), (36, 486, 936), (18, 486, 900), (18, 504, 918), (18, 486, 972), (36, 486, 954), (0, 504, 918), (0, 522, 918), (18, 468, 918), (18, 486, 900), (36, 486, 918), (18, 450, 918), (18, 486, 900), (18, 504, 900), (36, 486, 936), (54, 486, 954), (36, 504, 972), (18, 522, 936)]	(9432, 11084, 9222, 10332, 11565, 9641, 5350, 9027, 8120, 7070, 6634, 8652, 5385, 10429, 7655, 7384, 14469, 20214, 15324, 8959, 16118, 14261, 13052, 2000)
r	864582	(573, 301)	[(18, 486, 972), (36, 486, 918), (36, 504, 954), (54, 450, 936), (54, 468, 900), (18, 486, 918), (36, 504, 900), (36, 486, 900), (36, 504, 900), (18, 522, 900), (0, 504, 936), (18, 504, 936), (18, 486, 918), (0, 504, 936), (18, 486, 954), (18, 486, 954), (36, 486, 936), (18, 486, 936), (36, 486, 900), (18, 468, 864), (18, 522, 1008), (54, 504, 936), (18, 522, 936), (-18, 540, 936), (0, 504, 900)]	(9426, 11069, 9222, 10341, 11603, 9664, 5467, 9154, 8183, 7056, 6705, 8635, 5395, 10460, 7641, 7383, 14420, 20185, 15387, 8959, 16144, 14227, 12980, 1991)
z	865847	(743, 411)	[(36, 504, 882), (18, 522, 990), (18, 504, 990), (36, 486, 882), (0, 504, 954), (0, 504, 882), (36, 486, 882), (72, 468, 936), (36, 486, 972), (54, 468, 1026), (36, 486, 1008), (54, 504, 900), (36, 504, 918), (36, 486, 864), (18, 450, 882), (18, 504, 774), (36, 522, 828), (36, 504, 936), (54, 468, 936), (72, 468, 936), (54, 522, 864), (36, 504, 900), (54, 522, 936), (72, 522, 918), (72, 504, 936)]	(9422, 10961, 9213, 10222, 11585, 9668, 5422, 9213, 8585, 7071, 6598, 8927, 5713, 10438, 7657, 7372, 14351, 20158, 14938, 8941, 15992, 14006, 12924, 2004)
l	867127	(643, 51)	[(126, 504, 882), (108, 522, 882), (108, 504, 900), (126, 486, 918), (108, 468, 936), (72, 468, 918), (126, 486, 900), (144, 504, 954), (126, 486, 936), (180, 504, 936), (216, 468, 918), (198, 504, 864), (90, 540, 810), (126, 522, 1008), (144, 468, 990), (108, 486, 918), (108, 540, 864), (180, 522, 810), (180, 558, 864), (162, 576, 918), (180, 504, 864), (198, 522, 900), (180, 504, 882), (162, 522, 846), (180, 522, 918)]	(9441, 11317, 9207, 10335, 11580, 9617, 5412, 8850, 8784, 7068, 6715, 8266, 5568, 10026, 7570, 7412, 14287, 20185, 16276, 8963, 16423, 14444, 13045, 1985)
i	868416	(576, 112)	[(72, 540, 936), (72, 522, 918), (90, 522, 864), (72, 540, 900), (36, 540, 900), (54, 522, 882), (54, 522, 864), (72, 522, 918), (72, 540, 918), (72, 540, 918), (54, 540, 918), (72, 522, 936), (72, 540, 936), (108, 540, 936), (126, 522, 972), (90, 540, 918), (72, 558, 846), (108, 540, 828), (90, 540, 846), (54, 558, 918), (36, 558, 918), (72, 558, 882), (108, 612, 882), (126, 540, 936), (126, 558, 900)]	(9437, 11273, 9236, 10366, 11601, 9646, 5490, 9107, 8891, 7085, 6803, 8419, 5605, 10367, 7606, 7439, 14456, 20224, 16200, 8973, 16395, 14412, 13080, 2002)
j	869628	(657, 141)	[(54, 522, 936), (72, 504, 918), (90, 468, 882), (90, 522, 882), (72, 522, 918), (90, 522, 936), (90, 486, 900), (72, 504, 810), (54, 522, 972), (54, 522, 954), (72, 504, 900), (126, 522, 918), (90, 522, 954), (54, 540, 918), (90, 540, 936), (72, 522, 918), (72, 522, 864), (54, 522, 864), (54, 522, 882), (54, 540, 918), (72, 558, 882), (90, 540, 846), (108, 540, 936), (90, 558, 936), (90, 540, 918)]	(9445, 11261, 9229, 10363, 11585, 9645, 5377, 8923, 8642, 7061, 6736, 8349, 5539, 10463, 7626, 7443, 14512, 20234, 15929, 8978, 16327, 14397, 13109, 2017)
h	870808	(659, 195)	[(72, 540, 900), (54, 540, 936), (90, 522, 918), (72, 522, 936), (72, 522, 900), (72, 504, 900), (90, 504, 918), (108, 504, 918), (72, 504, 918), (72, 522, 882), (72, 522, 900), (108, 486, 936), (90, 504, 900), (72, 522, 936), (54, 522, 918), (72, 522, 900), (72, 522, 900), (72, 522, 900), (90, 504, 918), (90, 504, 954), (72, 522, 936), (72, 540, 882), (54, 540, 864), (72, 522, 954), (126, 504, 954)]	(9441, 11242, 9243, 10361, 11591, 9646, 5437, 9033, 8680, 7047, 6710, 8386, 5557, 10495, 7638, 7445, 14529, 20253, 15899, 8984, 16355, 14397, 13100, 2009)
c	871922	(758, 298)	[(90, 522, 918), (90, 522, 900), (72, 522, 918), (72, 522, 900), (90, 522, 936), (90, 540, 936), (108, 522, 936), (72, 522, 918), (108, 522, 918), (108, 504, 936), (108, 486, 918), (108, 486, 918), (108, 486, 936), (72, 522, 846), (90, 504, 900), (108, 504, 900), (126, 504, 954), (108, 504, 972), (90, 522, 882), (72, 540, 864), (126, 522, 954), (72, 522, 846), (72, 540, 900), (90, 540, 918), (90, 522, 918)]	(9435, 11236, 9231, 10353, 11580, 9616, 5401, 8856, 8617, 7049, 6695, 8291, 5540, 10464, 7637, 7427, 14482, 20234, 15660, 8976, 16306, 14346, 13084, 2009)
y	873033	(584, 196)	[(90, 504, 918), (72, 522, 900), (72, 522, 918), (108, 522, 900), (90, 522, 936), (90, 522, 936), (90, 504, 918), (108, 504, 918), (108, 504, 900), (90, 522, 918), (108, 522, 936), (108, 504, 918), (108, 504, 936), (126, 522, 900), (90, 504, 882), (90, 522, 864), (90, 540, 936), (126, 504, 954), (126, 504, 918), (126, 522, 900), (126, 558, 828), (90, 558, 918), (90, 540, 936), (126, 558, 936), (126, 540, 900)]	(9445, 11249, 9239, 10368, 11584, 9649, 5425, 9083, 8720, 7069, 6722, 8534, 5580, 10522, 7640, 7449, 14533, 20260, 15984, 8986, 16357, 14392, 13125, 2017)
o	874183	(577, 76)	[(108, 522, 900), (90, 522, 918), (90, 522, 954), (108, 522, 918), (108, 522, 900), (90, 522, 918), (90, 504, 918), (126, 504, 900), (126, 504, 900), (90, 504, 882), (108, 522, 900), (90, 504, 954), (108, 486, 972), (126, 522, 954), (90, 522, 918), (90, 522, 846), (72, 540, 900), (90, 522, 936), (126, 504, 936), (162, 486, 864), (72, 594, 882), (162, 540, 882), (144, 540, 918), (126, 540, 864), (108, 522, 864)]	(9437, 11269, 9215, 10347, 11576, 9610, 5314, 8982, 8448, 7068, 6672, 8528, 5469, 10308, 7610, 7417, 14422, 20232, 16190, 8978, 16387, 14413, 13110, 2002)
a	875297	(660, 474)	[(108, 540, 936), (108, 504, 882), (108, 504, 918), (108, 540, 918), (108, 540, 972), (108, 504, 936), (144, 504, 882), (162, 504, 936), (144, 504, 936), (90, 522, 900), (144, 486, 882), (180, 432, 918), (126, 432, 900), (72, 504, 954), (72, 486, 954), (108, 468, 882), (90, 522, 990), (36, 522, 900), (54, 558, 882), (18, 540, 918), (72, 558, 864), (18, 540, 900), (54, 522, 882), (90, 522, 918), (72, 540, 918)]	(9427, 10961, 9214, 10280, 11580, 9651, 5318, 9124, 8195, 7097, 6605, 9029, 5425, 10420, 7638, 7398, 14286, 20154, 15038, 8941, 16040, 14056, 12936, 1985)
i	876536	(583, 113)	[(72, 522, 918), (54, 522, 900), (72, 522, 882), (90, 486, 900), (72, 504, 882), (18, 504, 882), (54, 504, 882), (72, 522, 882), (72, 522, 936), (54, 522, 1026), (90, 504, 1026), (108, 522, 990), (126, 504, 918), (90, 504, 864), (72, 504, 900), (36, 504, 900), (90, 504, 900), (144, 522, 882), (126, 540, 918), (108, 558, 864), (144, 558, 846), (162, 522, 918), (126, 522, 936), (144, 522, 918), (144, 504, 918)]	(9425, 11171, 9225, 10330, 11587, 9640, 5512, 9196, 8889, 7070, 6763, 8669, 5635, 10440, 7632, 7454, 14454, 20225, 15876, 8974, 16334, 14370, 13073, 2007)
l	877595	(659, 39)	[(108, 504, 936), (90, 522, 918), (108, 540, 918), (90, 522, 882), (90, 522, 918), (72, 504, 918), (90, 504, 900), (90, 540, 918), (72, 522, 918), (90, 522, 900), (90, 522, 918), (90, 504, 918), (72, 504, 918), (90, 504, 900), (72, 522, 954), (72, 522, 918), (36, 522, 918), (18, 522, 882), (54, 522, 846), (126, 522, 882), (198, 558, 900), (162, 630, 900), (108, 576, 918), (144, 504, 954), (198, 522, 900)]	(9447, 11337, 9200, 10372, 11572, 9586, 5276, 8917, 8452, 7018, 6640, 8282, 5466, 10273, 7602, 7390, 14440, 20254, 16317, 8981, 16417, 14440, 13139, 2004)
g	878757	(666, 235)	[(90, 540, 882), (108, 522, 918), (108, 522, 936), (90, 504, 918), (108, 504, 918), (108, 504, 900), (90, 522, 900), (90, 540, 900), (108, 504, 900), (108, 522, 882), (108, 522, 918), (90, 540, 900), (90, 540, 918), (90, 540, 918), (90, 522, 900), (108, 522, 900), (108, 522, 918), (108, 540, 954), (108, 522, 882), (90, 522, 882), (90, 558, 900), (72, 522, 936), (126, 522, 918), (90, 540, 900), (108, 540, 900)]	(9442, 11244, 9231, 10355, 11579, 9632, 5349, 8931, 8431, 7043, 6640, 8346, 5503, 10436, 7627, 7415, 14453, 20216, 15792, 8965, 16298, 14351, 13079, 2006)
v	879990	(739, 248)	[(108, 522, 918), (108, 522, 882), (108, 522, 882), (108, 522, 900), (108, 522, 918), (126, 504, 882), (108, 504, 882), (108, 522, 882), (72, 522, 900), (90, 486, 936), (126, 486, 882), (108, 486, 882), (108, 504, 990), (72, 522, 972), (108, 522, 882), (108, 522, 936), (126, 504, 972), (126, 486, 936), (108, 540, 900), (90, 504, 864), (126, 504, 882), (126, 504, 936), (90, 504, 900), (108, 522, 882), (126, 504, 918)]	(9446, 11241, 9227, 10366, 11586, 9640, 5391, 8912, 8362, 7060, 6668, 8347, 5441, 10410, 7633, 7413, 14452, 20215, 15618, 8971, 16294, 14340, 13069, 2009)
u	881155	(583, 166)	[(126, 486, 900), (108, 504, 900), (108, 522, 918), (126, 504, 918), (126, 504, 918), (126, 522, 936), (108, 504, 918), (126, 486, 918), (108, 504, 900), (108, 522, 900), (108, 504, 900), (108, 486, 954), (162, 450, 1008), (126, 522, 792), (54, 594, 882), (108, 540, 882), (198, 486, 936), (180, 522, 972), (126, 558, 918), (108, 558, 810), (126, 558, 846), (126, 540, 918), (126, 540, 864), (72, 558, 828), (126, 540, 882)]	(9441, 11238, 9241, 10377, 11603, 9663, 5541, 9262, 8587, 7088, 6769, 8606, 5482, 10437, 7625, 7439, 14458, 20237, 15943, 8982, 16376, 14398, 13076, 2004)
e	882491	(595, 344)	[(90, 540, 918), (108, 486, 882), (108, 504, 900), (108, 522, 918), (72, 540, 882), (90, 540, 900), (108, 522, 936), (126, 504, 918), (108, 504, 918), (108, 522, 936), (108, 522, 900), (162, 504, 918), (126, 504, 918), (108, 522, 918), (108, 504, 882), (126, 540, 900), (108, 522, 918), (108, 522, 918), (108, 540, 936), (144, 522, 882), (126, 540, 882), (108, 558, 882), (108, 522, 918), (144, 522, 900), (126, 522, 918)]	(9435, 11064, 9234, 10330, 11604, 9680, 5448, 9121, 8481, 7091, 6857, 8749, 5471, 10538, 7638, 7440, 14439, 20196, 15423, 8967, 16246, 14283, 13016, 2005)
h	883725	(650, 190)	[(126, 504, 936), (108, 504, 936), (126, 504, 936), (126, 522, 864), (108, 522, 954), (108, 522, 900), (108, 522, 900), (126, 522, 936), (126, 522, 900), (126, 540, 936), (90, 540, 918), (108, 504, 882), (144, 504, 936), (126, 504, 900), (108, 504, 900), (126, 522, 900), (108, 504, 900), (108, 540, 936), (108, 540, 882), (144, 522, 882), (162, 540, 918), (144, 522, 918), (108, 540, 900), (108, 540, 936), (126, 522, 936)]	(9412, 11065, 9204, 10312, 11577, 9623, 5410, 8877, 8455, 7046, 6724, 8564, 5511, 10460, 7645, 7432, 14431, 20209, 15526, 8955, 16242, 14298, 13050, 2004)
d	884991	(669, 319)	[(126, 522, 900), (126, 522, 918), (108, 522, 918), (108, 522, 900), (108, 540, 918), (144, 504, 918), (144, 522, 936), (126, 522, 918), (108, 540, 918), (90, 504, 882), (126, 486, 882), (126, 504, 900), (108, 522, 900), (90, 540, 864), (108, 522, 864), (108, 522, 882), (108, 522, 918), (126, 540, 954), (144, 504, 990), (144, 504, 936), (144, 522, 846), (126, 522, 936), (126, 504, 882), (126, 504, 882), (108, 540, 882)]	(9436, 11080, 9234, 10348, 11586, 9666, 5475, 9110, 8564, 7086, 6746, 8775, 5505, 10525, 7637, 7451, 14471, 20212, 15413, 8971, 16251, 14284, 13053, 2010)
t	886278	(597, 251)	[(162, 522, 900), (108, 540, 900), (108, 522, 936), (162, 522, 936), (108, 540, 936), (108, 540, 918), (108, 522, 936), (144, 522, 864), (126, 522, 936), (126, 522, 900), (126, 522, 882), (126, 522, 864), (126, 522, 900), (126, 522, 918), (126, 522, 918), (126, 522, 882), (108, 522, 900), (126, 522, 900), (126, 540, 882), (90, 540, 936), (144, 522, 900), (144, 522, 936), (144, 540, 972), (126, 540, 918), (126, 522, 900)]	(9435, 11073, 9214, 10321, 11584, 9632, 5437, 8945, 8335, 7069, 6741, 8644, 5476, 10507, 7634, 7434, 14434, 20200, 15540, 8949, 16250, 14280, 13037, 2008)
p	887394	(569, 21)	[(108, 522, 882), (108, 522, 918), (126, 540, 918), (90, 522, 918), (126, 504, 918), (108, 522, 918), (108, 522, 900), (90, 522, 900), (108, 504, 882), (126, 504, 900), (126, 504, 918), (108, 450, 954), (108, 486, 936), (54, 558, 810), (90, 540, 846), (126, 558, 972), (144, 504, 972), (126, 486, 972), (72, 558, 936), (72, 612, 864), (180, 630, 792), (216, 594, 864), (162, 540, 864), (108, 576, 846), (126, 558, 846)]	(9453, 11510, 9217, 10450, 11566, 9571, 5092, 8953, 8190, 6990, 6478, 8343, 5425, 9927, 7562, 7379, 14386, 20282, 16774, 8987, 16541, 14511, 13180, 1999)
f	888724	(662, 292)	[(126, 486, 972), (126, 486, 936), (90, 540, 918), (90, 504, 954), (126, 486, 936), (126, 486, 900), (126, 504, 900), (90, 486, 882), (108, 504, 918), (108, 486, 846), (108, 504, 864), (90, 504, 954), (108, 486, 954), (108, 522, 900), (90, 504, 882), (108, 504, 936), (90, 504, 846), (108, 504, 882), (108, 504, 900), (90, 504, 918), (72, 522, 936), (90, 522, 918), (144, 504, 972), (126, 504, 954), (90, 522, 936)]	(9436, 11288, 9242, 10375, 11599, 9659, 5504, 8965, 8497, 7074, 6826, 8199, 5468, 10477, 7617, 7440, 14436, 20194, 15830, 8969, 16386, 14386, 13038, 1996)
x	890058	(752, 321)	[(126, 504, 936), (162, 486, 882), (162, 486, 918), (90, 504, 972), (72, 522, 936), (108, 486, 900), (126, 468, 936), (90, 486, 900), (90, 504, 882), (90, 504, 918), (108, 504, 864), (90, 504, 846), (144, 522, 882), (126, 522, 936), (108, 486, 954), (90, 504, 900), (90, 540, 882), (126, 504, 954), (126, 486, 954), (72, 540, 882), (54, 540, 900), (126, 522, 882), (144, 504, 936), (126, 504, 936), (108, 504, 936)]	(9435, 11091, 9220, 10336, 11588, 9631, 5456, 8888, 8305, 7097, 6779, 8438, 5443, 10445, 7620, 7433, 14363, 20159, 15323, 8959, 16215, 14225, 12980, 1999)
f	891325	(651, 274)	[(144, 504, 936), (126, 504, 918), (126, 504, 900), (126, 504, 918), (126, 504, 918), (108, 504, 900), (126, 504, 918), (144, 504, 918), (90, 522, 936), (108, 522, 900), (108, 504, 918), (108, 504, 900), (108, 522, 900), (108, 522, 882), (108, 522, 900), (126, 504, 954), (126, 486, 936), (144, 504, 954), (126, 504, 954), (126, 504, 864), (108, 540, 864), (126, 522, 918), (108, 486, 954), (108, 522, 900), (90, 540, 900)]	(9440, 11144, 9240, 10365, 11585, 9635, 5454, 9027, 8447, 7075, 6812, 8650, 5491, 10513, 7631, 7455, 14445, 20196, 15505, 8960, 16272, 14294, 13031, 2015)
x	892507	(743, 337)	[(126, 540, 954), (144, 504, 918), (144, 504, 936), (144, 504, 936), (144, 486, 900), (144, 504, 882), (126, 522, 918), (144, 522, 882), (162, 486, 900), (144, 522, 918), (108, 522, 900), (108, 522, 846), (108, 558, 882), (108, 522, 918), (126, 522, 900), (126, 522, 918), (108, 540, 936), (144, 522, 936), (144, 504, 882), (126, 522, 900), (126, 522, 900), (108, 540, 918), (144, 504, 900), (162, 522, 918), (126, 522, 954)]	(9434, 11090, 9224, 10340, 11588, 9649, 5454, 8994, 8263, 7064, 6754, 8535, 5405, 10449, 7622, 7419, 14360, 20156, 15331, 8958, 16207, 14237, 12972, 2007)
t	893774	(586, 259)	[(126, 504, 900), (126, 522, 900), (126, 504, 900), (126, 522, 900), (126, 522, 864), (144, 522, 900), (126, 504, 936), (126, 522, 900), (108, 522, 864), (126, 504, 900), (126, 486, 864), (72, 504, 900), (90, 522, 936), (108, 540, 918), (126, 522, 882), (144, 522, 900), (126, 522, 972), (144, 522, 972), (126, 504, 864), (108, 594, 810), (108, 576, 864), (162, 486, 918), (144, 522, 936), (126, 540, 936), (108, 540, 900)]	(9429, 11097, 9225, 10340, 11607, 9670, 5483, 9156, 8460, 7093, 6886, 8784, 5470, 10579, 7633, 7452, 14449, 20204, 15627, 8973, 16316, 14336, 13009, 2015)
